1 0.20859375 0.2578125 0.1375 0.2359375
1 0.32578125 0.25546875 0.1375 0.2359375
1 0.44453125 0.25859375 0.1296875 0.2375
1 0.50625 0.37734375 0.0015625 0.0015625
1 0.68671875 0.2671875 0.1375 0.240625
1 0.8078125 0.26640625 0.1296875 0.2375
0 0.09375 0.25625 0.1234375 0.2390625
0 0.56484375 0.2609375 0.1328125 0.23125
0 0.91953125 0.26875 0.125 0.2390625
0 0.07109375 0.70546875 0.1421875 0.2359375
0 0.19921875 0.71484375 0.13125 0.221875
0 0.31875 0.71640625 0.1328125 0.2296875
0 0.43671875 0.7171875 0.1296875 0.2234375
0 0.5578125 0.72421875 0.134375 0.225
0 0.67734375 0.71953125 0.134375 0.2265625
0 0.8 0.721875 0.1296875 0.2171875
0 0.91484375 0.7296875 0.1265625 0.2234375