1 0.14765625 0.3453125 0.1921875 0.259375
1 0.25859375 0.3078125 0.1921875 0.259375
1 0.371875 0.27578125 0.184375 0.259375
1 0.46484375 0.371875 0.0015625 0.0015625
1 0.6046875 0.21484375 0.1921875 0.2640625
1 0.71953125 0.178125 0.184375 0.259375
0 0.06328125 0.37578125 0.1265625 0.2578125
0 0.4875 0.24453125 0.1859375 0.2546875
0 0.8265625 0.1484375 0.18125 0.259375
0 0.14609375 0.81015625 0.196875 0.2609375
0 0.27109375 0.78203125 0.18125 0.2453125
0 0.3859375 0.7484375 0.1859375 0.253125
0 0.496875 0.7140625 0.18125 0.246875
0 0.61484375 0.68671875 0.1859375 0.2484375
0 0.7265625 0.64609375 0.1859375 0.25
0 0.84453125 0.6125 0.1796875 0.240625
0 0.9328125 0.58828125 0.134375 0.2453125