1 0.25859375 0.2265625 0.1625 0.2421875
1 0.37109375 0.23984375 0.1625 0.2421875
1 0.48359375 0.25859375 0.1546875 0.2421875
1 0.52578125 0.38046875 0.0015625 0.0015625
1 0.7125 0.29921875 0.1625 0.246875
1 0.82890625 0.31484375 0.1546875 0.2421875
0 0.14921875 0.209375 0.1484375 0.24375
0 0.59765625 0.27734375 0.1578125 0.2390625
0 0.9296875 0.3328125 0.140625 0.24375
0 0.075 0.6359375 0.15 0.24375
0 0.18828125 0.66171875 0.1546875 0.2296875
0 0.30234375 0.67890625 0.1578125 0.2375
0 0.41484375 0.6953125 0.153125 0.2296875
0 0.5296875 0.71875 0.1578125 0.2328125
0 0.64296875 0.7296875 0.1578125 0.234375
0 0.76015625 0.7484375 0.1515625 0.2234375
0 0.86796875 0.771875 0.15 0.2296875