1 0.26015625 0.2109375 0.184375 0.259375
1 0.3765625 0.2328125 0.184375 0.259375
1 0.4921875 0.26015625 0.1765625 0.2578125
1 0.528125 0.38984375 0.0015625 0.0015625
1 0.728125 0.31953125 0.184375 0.2625
1 0.84765625 0.34375 0.1765625 0.2578125
0 0.14765625 0.184375 0.1703125 0.2578125
0 0.6109375 0.28828125 0.178125 0.2546875
0 0.93515625 0.36875 0.1296875 0.259375
0 0.0625 0.621875 0.125 0.259375
0 0.15546875 0.6578125 0.175 0.24375
0 0.2734375 0.684375 0.178125 0.253125
0 0.38828125 0.709375 0.1734375 0.2453125
0 0.50703125 0.7421875 0.178125 0.2484375
0 0.625 0.7625 0.178125 0.25
0 0.7453125 0.78984375 0.171875 0.2390625
0 0.85546875 0.821875 0.1703125 0.2453125