0 0.08359375 0.1484375 0.1140625 0.06875
1 0.815625 0.20234375 0.140625 0.1359375
1 0.59296875 0.19765625 0.1765625 0.1578125
1 0.69296875 0.00546875 0.0890625 0.0109375
0 0.10625 0.23203125 0.121875 0.0796875
0 0.5859375 0.328125 0.10625 0.115625
0 0.10859375 0.32578125 0.1390625 0.1046875
0 0.640625 0.3921875 0.128125 0.103125
0 0.5109375 0.009375 0.153125 0.01875
1 0.18515625 0.44375 0.2078125 0.175
1 0.6453125 0.4828125 0.15625 0.103125
0 0.01328125 0.47578125 0.0265625 0.0234375
1 0.70703125 0.56875 0.1609375 0.096875
1 0.2140625 0.5734375 0.1875 0.121875
0 0.01328125 0.57265625 0.0234375 0.0546875
0 0.03203125 0.6375 0.0546875 0.05625
0 0.73515625 0.69140625 0.1828125 0.1203125
0 0.21796875 0.71640625 0.1578125 0.0921875
1 0.753125 0.7796875 0.153125 0.140625
1 0.74375 0.0390625 0.140625 0.078125
1 0.0515625 0.73984375 0.084375 0.1234375
0 0.2453125 0.8125 0.159375 0.10625
1 0.76484375 0.89375 0.1546875 0.10625
0 0.26484375 0.89140625 0.1671875 0.1140625
0 0.0609375 0.871875 0.090625 0.13125
1 0.84375 0.9453125 0.1625 0.084375
1 0.346875 0.93984375 0.184375 0.1203125
0 0.52578125 0.0453125 0.1765625 0.090625
0 0.07265625 0.959375 0.1015625 0.0625
0 0.0828125 0.0625 0.13125 0.084375
1 0.77890625 0.1296875 0.1546875 0.10625
0 0.55625 0.12109375 0.16875 0.1046875