0 0.06875 0.11796875 0.121875 0.075
1 0.83984375 0.18984375 0.1515625 0.1453125
1 0.60546875 0.1796875 0.1890625 0.1703125
0 0.090625 0.20703125 0.1296875 0.0859375
0 0.5953125 0.3171875 0.1140625 0.1234375
0 0.09140625 0.30703125 0.1484375 0.1125
0 0.65234375 0.38515625 0.1375 0.1109375
1 0.1703125 0.43203125 0.221875 0.1875
1 0.6546875 0.48125 0.1671875 0.1109375
1 0.71875 0.57421875 0.171875 0.1046875
1 0.1984375 0.56875 0.2 0.13125
0 0.0171875 0.6328125 0.034375 0.059375
0 0.74609375 0.70390625 0.1953125 0.1296875
0 0.2 0.71953125 0.16875 0.1
1 0.76328125 0.79609375 0.1640625 0.1515625
1 0.7671875 0.03125 0.15 0.0546875
1 0.034375 0.73984375 0.06875 0.1328125
0 0.2265625 0.821875 0.1703125 0.1140625
1 0.77421875 0.91640625 0.165625 0.1140625
0 0.24609375 0.9046875 0.178125 0.1234375
0 0.03984375 0.8796875 0.0796875 0.140625
1 0.85625 0.96328125 0.171875 0.0734375
1 0.33125 0.9453125 0.1953125 0.10625
0 0.5359375 0.03359375 0.1875 0.0671875
0 0.0484375 0.965625 0.096875 0.053125
0 0.07265625 0.0359375 0.1328125 0.071875
1 0.8015625 0.11171875 0.165625 0.1140625
0 0.56796875 0.09765625 0.1796875 0.1125