1 0.15 0.275 0.3 0.284375
0 0.38828125 0.14765625 0.3671875 0.2953125
1 0.484375 0.26015625 0.39375 0.321875
1 0.2140625 0.43203125 0.3578125 0.3015625
1 0.2875 0.571875 0.3890625 0.3125
1 0.5625 0.41484375 0.353125 0.296875
1 0.64375 0.55859375 0.3671875 0.303125
0 0.37578125 0.71953125 0.36875 0.3046875
0 0.7171875 0.70859375 0.34375 0.2875
1 0.45703125 0.8625 0.3640625 0.275
0 0.11015625 0.17890625 0.2203125 0.1984375
0 0.33671875 0.07109375 0.3046875 0.1421875
0 0.53203125 0.925 0.3203125 0.15
1 0.81484375 0.82890625 0.359375 0.26875