1 0.23046875 0.19453125 0.2703125 0.1890625
0 0.49765625 0.15546875 0.2953125 0.1984375
1 0.5484375 0.2875 0.31875 0.209375
1 0.25546875 0.35703125 0.2859375 0.2015625
1 0.278125 0.50390625 0.315625 0.2015625
1 0.56953125 0.4484375 0.2828125 0.196875
1 0.59921875 0.60078125 0.2953125 0.1984375
0 0.3109375 0.6625 0.296875 0.2
0 0.6171875 0.75625 0.275 0.190625
1 0.33671875 0.82578125 0.2921875 0.1984375
0 0.203125 0.08515625 0.265625 0.1140625
0 0.478125 0.04921875 0.28125 0.0984375
0 0.37734375 0.93125 0.2796875 0.1375
1 0.6671875 0.90546875 0.3 0.1890625