1 0.14921875 0.30546875 0.2984375 0.2765625
0 0.3828125 0.178125 0.35625 0.29375
1 0.4765625 0.290625 0.3828125 0.3125
1 0.2125 0.4578125 0.3484375 0.2953125
1 0.284375 0.59375 0.378125 0.3046875
1 0.5515625 0.440625 0.34375 0.2875
1 0.6328125 0.5796875 0.35625 0.29375
0 0.3703125 0.73828125 0.359375 0.296875
0 0.70234375 0.72734375 0.334375 0.2796875
1 0.45 0.871875 0.353125 0.25625
0 0.109375 0.20859375 0.21875 0.2015625
0 0.32734375 0.08828125 0.3078125 0.1765625
0 0.5203125 0.93203125 0.309375 0.1359375
1 0.796875 0.840625 0.346875 0.2546875