1 0.36484375 0.18984375 0.2703125 0.2015625
0 0.6203125 0.21953125 0.296875 0.2140625
1 0.63515625 0.35390625 0.3203125 0.2234375
1 0.35 0.34609375 0.2875 0.2171875
1 0.3359375 0.4875 0.3125 0.215625
1 0.615625 0.5078125 0.284375 0.209375
1 0.6046875 0.65546875 0.296875 0.2140625
0 0.32578125 0.640625 0.2984375 0.2125
0 0.584375 0.80390625 0.275 0.2015625
1 0.3078125 0.79609375 0.29375 0.2140625
0 0.37109375 0.0734375 0.2890625 0.146875
0 0.634375 0.0875 0.29375 0.175
0 0.31796875 0.91171875 0.2703125 0.1703125
1 0.59453125 0.9265625 0.2984375 0.146875