1 0.50390625 0.01953125 0.0546875 0.0390625
0 0.96171875 0.26953125 0.0453125 0.121875
0 0.109375 0.25 0.121875 0.0953125
1 0.72734375 0.3015625 0.1453125 0.0765625
1 0.253125 0.3234375 0.1125 0.0890625
0 0.9796875 0.3671875 0.0265625 0.0796875
1 0.5640625 0.36171875 0.1234375 0.1265625
1 0.1046875 0.34375 0.1546875 0.13125
1 0.7515625 0.4390625 0.125 0.1234375
0 0.25234375 0.428125 0.109375 0.1125
0 0.5828125 0.490625 0.1125 0.128125
1 0.0859375 0.47734375 0.1125 0.096875
1 0.92265625 0.059375 0.0734375 0.075
0 0.24140625 0.04453125 0.08125 0.0484375
0 0.79296875 0.56484375 0.1015625 0.090625
1 0.27109375 0.55390625 0.146875 0.1375
0 0.6828125 0.0484375 0.1 0.0921875
0 0.61796875 0.6234375 0.109375 0.1109375
1 0.11328125 0.6203125 0.1125 0.10625
0 0.78359375 0.66484375 0.0828125 0.0625
1 0.2609375 0.69453125 0.1359375 0.1078125
0 0.63671875 0.72734375 0.103125 0.1109375
1 0.6921875 0.003125 0.009375 0.00625
1 0.08984375 0.0578125 0.1359375 0.0484375
0 0.55078125 0.06328125 0.096875 0.09375
1 0.83046875 0.78359375 0.146875 0.1375
1 0.09375 0.75625 0.115625 0.1140625
1 0.2734375 0.85390625 0.1515625 0.1375
0 0.6546875 0.8875 0.146875 0.1375
1 0.84765625 0.93203125 0.1453125 0.08125
1 0.09140625 0.93125 0.10625 0.1
0 0.23515625 0.959375 0.0859375 0.08125
1 0.69609375 0.971875 0.1171875 0.03125
1 0.24140625 0.096875 0.109375 0.109375
0 0.703125 0.12890625 0.1171875 0.1
0 0.928125 0.16640625 0.084375 0.075
1 0.1078125 0.12890625 0.1484375 0.121875
0 0.54609375 0.1546875 0.0984375 0.1078125
0 0.69921875 0.1984375 0.1328125 0.0671875
1 0.575 0.23046875 0.071875 0.06875
1 0.27421875 0.215625 0.0953125 0.0953125