1 0.5703125 0.02890625 0.0484375 0.0515625
0 0.98125 0.31953125 0.0375 0.1140625
0 0.171875 0.215625 0.1078125 0.0796875
1 0.75234375 0.3265625 0.1328125 0.059375
1 0.30078125 0.3 0.1 0.075
0 0.98828125 0.4140625 0.0234375 0.075
1 0.59140625 0.36796875 0.10625 0.109375
1 0.15859375 0.3046875 0.1359375 0.1109375
1 0.76171875 0.459375 0.1078125 0.10625
0 0.2890625 0.39921875 0.09375 0.0984375
0 0.596875 0.49140625 0.0953125 0.1125
1 0.12734375 0.4296875 0.1 0.0828125
1 0.96484375 0.1171875 0.0703125 0.065625
0 0.31796875 0.02734375 0.0734375 0.0546875
0 0.78828125 0.5828125 0.0890625 0.078125
1 0.29453125 0.5203125 0.128125 0.11875
0 0.73515625 0.0828125 0.0875 0.0796875
0 0.6171875 0.62109375 0.0953125 0.096875
1 0.1390625 0.5671875 0.0984375 0.090625
0 0.76953125 0.6765625 0.0734375 0.053125
1 0.27109375 0.653125 0.1203125 0.090625
0 0.62421875 0.721875 0.0890625 0.096875
1 0.7484375 0.03828125 0.0078125 0.0109375
1 0.17265625 0.02421875 0.1265625 0.0484375
0 0.60859375 0.08359375 0.084375 0.08125
1 0.80234375 0.79375 0.128125 0.11875
1 0.10703125 0.69453125 0.1 0.0984375
1 0.2671875 0.8046875 0.1328125 0.11875
0 0.625 0.875 0.128125 0.11875
1 0.80390625 0.95234375 0.1328125 0.0953125
1 0.08125 0.86015625 0.103125 0.0859375
0 0.21953125 0.915625 0.071875 0.0984375
1 0.65546875 0.975 0.1109375 0.05
1 0.3125 0.084375 0.0953125 0.0953125
0 0.746875 0.1609375 0.103125 0.0859375
0 0.96015625 0.21953125 0.0796875 0.0640625
1 0.18203125 0.1015625 0.13125 0.103125
0 0.5953125 0.16953125 0.084375 0.09375
0 0.7359375 0.2265625 0.121875 0.0515625
1 0.615625 0.24453125 0.0625 0.059375
1 0.33203125 0.2 0.0828125 0.0828125