0 0.365625 0.146875 0.15 0.29375
0 0.12890625 0.10859375 0.1390625 0.2171875
0 0.68359375 0.23359375 0.1515625 0.296875
0 0.2078125 0.12421875 0.146875 0.2484375
1 0.2875 0.14453125 0.15 0.2890625
0 0.60390625 0.225 0.1375 0.2484375
0 0.89921875 0.30546875 0.1890625 0.328125
1 0.44375 0.1859375 0.153125 0.3
0 0.52421875 0.21328125 0.146875 0.265625
0 0.78125 0.28203125 0.1828125 0.3046875
0 0.8125 0.084375 0.0859375 0.0859375
0 0.65 0.0484375 0.09375 0.075
0 0.41328125 0.0109375 0.0859375 0.021875
0 0.565625 0.03671875 0.1 0.0734375
0 0.48984375 0.0265625 0.0921875 0.053125
0 0.8921875 0.11171875 0.1046875 0.10625
1 0.73203125 0.0734375 0.0953125 0.096875
0 0.96171875 0.13125 0.0765625 0.109375
0 0.29609375 0.7265625 0.146875 0.2578125
0 0.3734375 0.75390625 0.15 0.2625
0 0.5421875 0.8046875 0.14375 0.2578125
0 0.2140625 0.71953125 0.1484375 0.2734375
1 0.0640625 0.675 0.128125 0.2875
0 0.01875 0.6546875 0.0375 0.25
0 0.1359375 0.7 0.15625 0.271875
0 0.75078125 0.85625 0.1828125 0.2875
1 0.45625 0.790625 0.15 0.3125
0 0.63515625 0.846875 0.1703125 0.278125
1 0.646875 0.98671875 0.090625 0.0265625
0 0.32734375 0.940625 0.1078125 0.0921875
0 0.48203125 0.96796875 0.0921875 0.0640625
0 0.0828125 0.88828125 0.1046875 0.090625
0 0.1640625 0.90859375 0.0953125 0.0859375
0 0.2421875 0.9265625 0.09375 0.0828125
0 0.403125 0.96328125 0.090625 0.0671875
0 0.5609375 0.9890625 0.078125 0.021875
0 0.0265625 0.87578125 0.053125 0.0828125