1 0.18125 0.3546875 0.053125 0.0734375
1 0.20703125 0.35078125 0.053125 0.0765625
1 0.234375 0.34375 0.0515625 0.0765625
1 0.25859375 0.3359375 0.0546875 0.078125
1 0.28515625 0.33203125 0.05 0.071875
1 0.32578125 0.31796875 0.05 0.0734375
1 0.35390625 0.31171875 0.04375 0.06875
1 0.38125 0.30703125 0.0421875 0.071875
1 0.40546875 0.2984375 0.04375 0.071875
1 0.4328125 0.29296875 0.04375 0.0703125
1 0.45859375 0.284375 0.0390625 0.0625
1 0.4859375 0.27734375 0.0421875 0.065625
1 0.51328125 0.265625 0.0390625 0.0609375
1 0.54140625 0.259375 0.0453125 0.06875
1 0.571875 0.2515625 0.040625 0.0671875
1 0.59765625 0.24375 0.0421875 0.0625
1 0.62734375 0.2359375 0.0421875 0.0625
1 0.65546875 0.22578125 0.040625 0.059375
1 0.6875 0.2203125 0.0453125 0.0640625
1 0.715625 0.209375 0.0453125 0.0703125
1 0.7421875 0.203125 0.0453125 0.0625
1 0.771875 0.19296875 0.053125 0.0734375
1 0.17109375 0.4796875 0.0578125 0.071875
1 0.19765625 0.471875 0.0578125 0.075
1 0.22421875 0.4671875 0.05625 0.075
1 0.2578125 0.45859375 0.05625 0.0703125
1 0.28984375 0.45234375 0.053125 0.071875
1 0.328125 0.4421875 0.05 0.0671875
1 0.353125 0.43515625 0.0515625 0.071875
1 0.3875 0.42109375 0.0484375 0.06875
1 0.41484375 0.41640625 0.0484375 0.0671875
1 0.44375 0.4078125 0.0515625 0.071875
1 0.47578125 0.39921875 0.0484375 0.0703125
1 0.50234375 0.39296875 0.046875 0.06875
1 0.53359375 0.38359375 0.0484375 0.0765625
1 0.565625 0.37734375 0.0453125 0.06875
1 0.59453125 0.36640625 0.0515625 0.0734375
1 0.628125 0.353125 0.05 0.0828125
1 0.6625 0.35 0.05 0.0828125
1 0.6921875 0.3375 0.05625 0.084375
1 0.72578125 0.33203125 0.05 0.0796875
1 0.7578125 0.3234375 0.0578125 0.0859375
1 0.7921875 0.31484375 0.0515625 0.08125
1 0.82578125 0.30703125 0.0546875 0.078125
1 0.16484375 0.5484375 0.0578125 0.090625
1 0.1953125 0.54296875 0.065625 0.09375
1 0.221875 0.53125 0.0625 0.0953125
1 0.25234375 0.53203125 0.0625 0.0921875
1 0.28359375 0.52265625 0.0578125 0.0921875
1 0.3296875 0.5140625 0.053125 0.09375
1 0.36171875 0.50390625 0.0640625 0.096875
1 0.38984375 0.4984375 0.0578125 0.0890625
1 0.42265625 0.4859375 0.059375 0.0953125
1 0.45390625 0.4828125 0.05 0.084375
1 0.4875 0.47421875 0.053125 0.084375
1 0.51796875 0.4671875 0.0515625 0.08125
1 0.5515625 0.45703125 0.0453125 0.0796875
1 0.5828125 0.45 0.05 0.08125
1 0.6140625 0.440625 0.0484375 0.08125
1 0.64765625 0.43046875 0.05 0.0828125
1 0.6828125 0.425 0.05 0.08125
1 0.7140625 0.415625 0.0546875 0.078125
1 0.74921875 0.40703125 0.0515625 0.0828125
1 0.78203125 0.39609375 0.059375 0.084375
1 0.8171875 0.390625 0.053125 0.078125
1 0.85234375 0.37421875 0.0625 0.0875
1 0.1484375 0.71875 0.0671875 0.096875
1 0.1796875 0.7140625 0.065625 0.090625
1 0.21640625 0.70625 0.065625 0.0921875
1 0.2484375 0.6953125 0.0625 0.090625
1 0.28359375 0.69296875 0.0625 0.0875
1 0.334375 0.6765625 0.0578125 0.0828125
1 0.36875 0.665625 0.0609375 0.090625
1 0.40625 0.66015625 0.0703125 0.0984375
1 0.43984375 0.6515625 0.0625 0.0921875
1 0.47578125 0.646875 0.0625 0.09375
1 0.5078125 0.6375 0.0578125 0.0921875
1 0.54453125 0.6296875 0.0609375 0.0984375
1 0.5796875 0.61796875 0.0578125 0.0890625
1 0.61796875 0.61015625 0.059375 0.096875
1 0.653125 0.5984375 0.0578125 0.09375
1 0.69375 0.59453125 0.059375 0.09375
1 0.7328125 0.58671875 0.0640625 0.096875
1 0.7703125 0.575 0.0640625 0.0953125
1 0.80859375 0.56484375 0.0640625 0.1015625
1 0.846875 0.55859375 0.06875 0.1046875
1 0.8828125 0.5453125 0.065625 0.1015625
1 0.9203125 0.53359375 0.071875 0.1015625
0 0.115625 0.85625 0.0734375 0.090625
1 0.153125 0.85078125 0.078125 0.1
1 0.19609375 0.84140625 0.078125 0.1015625
0 0.23671875 0.83125 0.0828125 0.10625
0 0.27890625 0.81875 0.0796875 0.109375
1 0.31796875 0.809375 0.0765625 0.103125
1 0.3625 0.796875 0.0734375 0.09375
0 0.40859375 0.7890625 0.0734375 0.09375
0 0.45234375 0.7859375 0.075 0.0984375
0 0.4953125 0.76953125 0.0703125 0.096875
0 0.5390625 0.7625 0.0640625 0.0984375
1 0.58046875 0.75625 0.06875 0.1015625