1 0.2671875 0.21796875 0.046875 0.0703125
0 0.29375 0.22421875 0.046875 0.075
1 0.32109375 0.228125 0.0453125 0.075
1 0.34765625 0.23046875 0.0484375 0.075
1 0.37421875 0.2359375 0.0453125 0.0703125
1 0.41796875 0.23828125 0.04375 0.071875
1 0.44609375 0.24296875 0.0375 0.0671875
0 0.4734375 0.24921875 0.0359375 0.071875
1 0.5 0.25 0.0375 0.071875
0 0.52734375 0.25546875 0.0390625 0.06875
1 0.5546875 0.25703125 0.034375 0.0609375
1 0.5828125 0.2609375 0.0359375 0.0640625
1 0.6125 0.259375 0.034375 0.059375
0 0.6421875 0.2640625 0.0390625 0.0671875
1 0.67265625 0.26875 0.0359375 0.0671875
0 0.70078125 0.27109375 0.0359375 0.0609375
1 0.73125 0.275 0.0359375 0.0609375
1 0.76171875 0.27734375 0.0359375 0.0578125
1 0.79296875 0.28359375 0.040625 0.0640625
1 0.82421875 0.284375 0.0390625 0.0703125
0 0.85234375 0.28828125 0.040625 0.0625
1 0.88359375 0.28984375 0.046875 0.0703125
1 0.2109375 0.33125 0.053125 0.0703125
0 0.23828125 0.33359375 0.053125 0.071875
1 0.26640625 0.33984375 0.05 0.0734375
0 0.3 0.34453125 0.05 0.0671875
1 0.33359375 0.35 0.0484375 0.0703125
1 0.37265625 0.35625 0.0453125 0.065625
1 0.39921875 0.35859375 0.046875 0.0703125
1 0.43671875 0.3578125 0.04375 0.0671875
1 0.4640625 0.3640625 0.04375 0.065625
1 0.4953125 0.36640625 0.046875 0.0703125
1 0.5265625 0.3703125 0.04375 0.0703125
1 0.5546875 0.375 0.0421875 0.06875
1 0.58828125 0.378125 0.0421875 0.0765625
1 0.61953125 0.384375 0.040625 0.0671875
0 0.6515625 0.38515625 0.0453125 0.071875
1 0.68828125 0.38515625 0.04375 0.08125
0 0.7203125 0.3953125 0.04375 0.0828125
1 0.75390625 0.3953125 0.0484375 0.0828125
1 0.78671875 0.40234375 0.04375 0.078125
0 0.82109375 0.40703125 0.05 0.0859375
0 0.85625 0.4109375 0.046875 0.0796875
1 0.89140625 0.4171875 0.0484375 0.0765625
1 0.1796875 0.39296875 0.05 0.0890625
1 0.209375 0.39921875 0.059375 0.0921875
1 0.23984375 0.3984375 0.0546875 0.09375
1 0.26796875 0.41171875 0.0546875 0.0890625
1 0.30078125 0.41328125 0.05 0.090625
1 0.34765625 0.42421875 0.0453125 0.09375
1 0.38125 0.4265625 0.0578125 0.09375
0 0.409375 0.43203125 0.0515625 0.0875
1 0.44453125 0.43203125 0.0515625 0.09375
1 0.475 0.44140625 0.04375 0.084375
1 0.51015625 0.44609375 0.0453125 0.084375
0 0.540625 0.4515625 0.0453125 0.0796875
0 0.5765625 0.453125 0.0390625 0.0796875
1 0.60859375 0.459375 0.0453125 0.0796875
0 0.640625 0.46328125 0.040625 0.08125
1 0.6765625 0.46484375 0.04375 0.08125
0 0.7109375 0.4734375 0.04375 0.0796875
1 0.74453125 0.47578125 0.0484375 0.075
1 0.78125 0.48203125 0.0453125 0.0828125
1 0.81640625 0.48359375 0.0515625 0.084375
1 0.85078125 0.49140625 0.046875 0.0765625
1 0.890625 0.48984375 0.05625 0.0859375
1 0.1 0.546875 0.0609375 0.0953125
1 0.13046875 0.5546875 0.059375 0.0890625
1 0.16796875 0.5609375 0.059375 0.090625
1 0.20234375 0.56328125 0.05625 0.0875
0 0.2359375 0.57421875 0.05625 0.0859375
1 0.28984375 0.57734375 0.0515625 0.08125
1 0.32578125 0.58046875 0.0546875 0.0875
1 0.36328125 0.58984375 0.0640625 0.096875
1 0.39765625 0.59453125 0.05625 0.0890625
1 0.4328125 0.60234375 0.05625 0.090625
1 0.46796875 0.60703125 0.05 0.090625
1 0.5046875 0.61328125 0.0515625 0.0984375
1 0.5421875 0.615625 0.0515625 0.0875
1 0.58125 0.62265625 0.05 0.096875
1 0.61875 0.62578125 0.05 0.0921875
1 0.65859375 0.63671875 0.0515625 0.0921875
1 0.69765625 0.64453125 0.05625 0.09375
1 0.73671875 0.64765625 0.0578125 0.0921875
1 0.7765625 0.65234375 0.05625 0.1
1 0.81484375 0.6609375 0.0609375 0.103125
1 0.85390625 0.66171875 0.0578125 0.1
1 0.89375 0.665625 0.0640625 0.1
0 0.02421875 0.6625 0.0484375 0.0875
0 0.05390625 0.671875 0.071875 0.0984375
1 0.09765625 0.68046875 0.0703125 0.1
0 0.13828125 0.6859375 0.0765625 0.103125
0 0.184375 0.68984375 0.0703125 0.10625
1 0.22421875 0.6953125 0.06875 0.1
0 0.2703125 0.70078125 0.0671875 0.090625
0 0.31640625 0.71171875 0.0671875 0.090625
0 0.35859375 0.725 0.0671875 0.0953125
0 0.40625 0.72578125 0.0640625 0.09375
1 0.4484375 0.7359375 0.05625 0.096875
1 0.48984375 0.74453125 0.0625 0.1