1 0.2546875 0.215625 0.0546875 0.075
0 0.2796875 0.225 0.0546875 0.0796875
1 0.30703125 0.23203125 0.053125 0.078125
1 0.33359375 0.2375 0.05625 0.0796875
1 0.359375 0.24609375 0.0515625 0.0734375
1 0.4015625 0.2546875 0.0515625 0.075
1 0.43046875 0.2625 0.0453125 0.0703125
0 0.45703125 0.27265625 0.04375 0.0734375
1 0.48203125 0.27578125 0.0453125 0.0734375
0 0.51015625 0.28515625 0.046875 0.071875
1 0.5359375 0.28984375 0.040625 0.0640625
1 0.5640625 0.296875 0.04375 0.065625
1 0.59453125 0.29921875 0.040625 0.0625
0 0.6234375 0.30859375 0.046875 0.0703125
1 0.65390625 0.31640625 0.0421875 0.06875
0 0.68125 0.321875 0.04375 0.0640625
1 0.7109375 0.33046875 0.04375 0.0640625
1 0.740625 0.33515625 0.04375 0.0609375
1 0.771875 0.3453125 0.046875 0.065625
1 0.803125 0.35 0.046875 0.0734375
0 0.83046875 0.35703125 0.046875 0.065625
1 0.86171875 0.36328125 0.0546875 0.075
1 0.184375 0.321875 0.0609375 0.0734375
0 0.2109375 0.328125 0.0609375 0.0765625
1 0.2390625 0.33671875 0.0578125 0.0765625
0 0.271875 0.34609375 0.0578125 0.071875
1 0.30390625 0.35625 0.0546875 0.0734375
1 0.34296875 0.365625 0.0515625 0.06875
1 0.36875 0.371875 0.053125 0.0734375
1 0.40625 0.3765625 0.0515625 0.0703125
1 0.4328125 0.3859375 0.05 0.06875
1 0.46328125 0.3921875 0.053125 0.075
1 0.4953125 0.4 0.05 0.071875
1 0.521875 0.4078125 0.0484375 0.0703125
1 0.5546875 0.415625 0.05 0.0796875
1 0.58671875 0.425 0.046875 0.0703125
0 0.6171875 0.4296875 0.053125 0.0765625
1 0.65390625 0.434375 0.0515625 0.0828125
0 0.6859375 0.4484375 0.053125 0.084375
1 0.71796875 0.45234375 0.0578125 0.0859375
1 0.75078125 0.46328125 0.053125 0.08125
0 0.784375 0.47265625 0.059375 0.0875
0 0.81875 0.48125 0.0546875 0.0828125
1 0.85234375 0.490625 0.05625 0.0796875
1 0.14609375 0.37890625 0.059375 0.0921875
1 0.17421875 0.3890625 0.06875 0.096875
1 0.20390625 0.39296875 0.0640625 0.0984375
1 0.23125 0.40859375 0.0640625 0.09375
1 0.26328125 0.41484375 0.0609375 0.09375
1 0.309375 0.43125 0.0546875 0.096875
1 0.3421875 0.4375 0.0671875 0.0984375
0 0.3703125 0.446875 0.0609375 0.090625
1 0.40546875 0.4515625 0.0625 0.096875
1 0.434375 0.4640625 0.053125 0.0859375
1 0.46953125 0.4734375 0.0546875 0.0875
0 0.4984375 0.48203125 0.053125 0.0828125
0 0.534375 0.48828125 0.046875 0.08125
1 0.56484375 0.4984375 0.053125 0.0828125
0 0.59765625 0.50625 0.05 0.0828125
1 0.63359375 0.5125 0.053125 0.0828125
0 0.6671875 0.525 0.0515625 0.08125
1 0.7 0.53203125 0.05625 0.0796875
1 0.73515625 0.5421875 0.0546875 0.0859375
1 0.7703125 0.5484375 0.0609375 0.0875
1 0.80390625 0.56015625 0.0546875 0.08125
1 0.84375 0.56484375 0.0640625 0.0890625
1 0.04609375 0.52421875 0.0703125 0.1
1 0.0765625 0.534375 0.06875 0.09375
1 0.11328125 0.5453125 0.06875 0.0953125
1 0.146875 0.5515625 0.0640625 0.0921875
0 0.17890625 0.5671875 0.0640625 0.0890625
1 0.2328125 0.57734375 0.0609375 0.084375
1 0.26875 0.584375 0.0640625 0.0921875
1 0.30546875 0.5984375 0.0734375 0.1015625
1 0.33828125 0.60703125 0.065625 0.09375
1 0.37265625 0.6203125 0.065625 0.0953125
1 0.40703125 0.628125 0.059375 0.09375
1 0.44296875 0.63984375 0.0625 0.1
1 0.48046875 0.64609375 0.0609375 0.090625
1 0.51875 0.6578125 0.0609375 0.0984375
1 0.55546875 0.66484375 0.059375 0.0953125
1 0.59375 0.68203125 0.0609375 0.0953125
1 0.63125 0.69453125 0.065625 0.0984375
1 0.6703125 0.70234375 0.0671875 0.096875
1 0.71015625 0.7125 0.0671875 0.103125
1 0.74765625 0.72578125 0.071875 0.1078125
1 0.7859375 0.73125 0.0671875 0.103125
1 0.82578125 0.7390625 0.075 0.1046875
0 0.0125 0.6421875 0.025 0.103125
1 0.03359375 0.65546875 0.0671875 0.1046875
0 0.06875 0.6671875 0.0859375 0.109375
0 0.11328125 0.67734375 0.08125 0.1109375
1 0.153125 0.6875 0.0796875 0.1046875
0 0.19765625 0.6984375 0.0765625 0.096875
0 0.24375 0.71484375 0.0765625 0.096875
0 0.284375 0.7328125 0.0765625 0.1015625
0 0.33046875 0.7390625 0.0734375 0.0984375
1 0.371875 0.7546875 0.0671875 0.1
1 0.4125 0.76953125 0.071875 0.103125