1 0.1625 0.36171875 0.053125 0.075
1 0.1890625 0.3578125 0.053125 0.078125
1 0.21640625 0.35078125 0.0515625 0.078125
1 0.2421875 0.34296875 0.0546875 0.0796875
1 0.26875 0.33828125 0.0515625 0.0734375
1 0.31015625 0.32421875 0.05 0.075
1 0.3390625 0.31796875 0.04375 0.06875
1 0.36640625 0.31328125 0.04375 0.0734375
1 0.39140625 0.30390625 0.0453125 0.0734375
1 0.41953125 0.2984375 0.0453125 0.0703125
1 0.4453125 0.28984375 0.040625 0.0625
1 0.47265625 0.2828125 0.0421875 0.065625
1 0.50078125 0.2703125 0.0390625 0.0625
1 0.5296875 0.2640625 0.0453125 0.0703125
1 0.56015625 0.25625 0.040625 0.06875
1 0.58671875 0.24765625 0.04375 0.0640625
1 0.6171875 0.240625 0.04375 0.0640625
1 0.64609375 0.23046875 0.0421875 0.0609375
1 0.678125 0.22421875 0.046875 0.065625
1 0.7078125 0.2140625 0.0453125 0.071875
1 0.734375 0.20703125 0.046875 0.065625
1 0.76484375 0.19609375 0.053125 0.075
1 0.153125 0.4890625 0.059375 0.0734375
1 0.1796875 0.48046875 0.059375 0.0765625
1 0.2078125 0.4765625 0.05625 0.0765625
1 0.240625 0.46796875 0.05625 0.0703125
1 0.2734375 0.46171875 0.053125 0.0734375
1 0.31328125 0.45078125 0.0515625 0.06875
1 0.33828125 0.44375 0.0515625 0.0734375
1 0.37265625 0.42890625 0.05 0.06875
1 0.4015625 0.42421875 0.05 0.0671875
1 0.43046875 0.41484375 0.053125 0.075
1 0.4625 0.40625 0.05 0.071875
1 0.48984375 0.4 0.0484375 0.0703125
1 0.521875 0.390625 0.0484375 0.0796875
1 0.55390625 0.384375 0.046875 0.0703125
1 0.584375 0.37265625 0.0515625 0.075
1 0.61875 0.359375 0.05 0.0828125
1 0.65234375 0.35625 0.0515625 0.084375
1 0.68359375 0.34375 0.05625 0.0859375
1 0.71640625 0.33828125 0.0515625 0.08125
1 0.75078125 0.3296875 0.059375 0.0875
1 0.78515625 0.3203125 0.053125 0.0828125
1 0.81953125 0.3125 0.0546875 0.0796875
1 0.146875 0.55859375 0.0578125 0.0921875
1 0.17734375 0.553125 0.0671875 0.0953125
1 0.2046875 0.54140625 0.0640625 0.096875
1 0.2359375 0.54140625 0.0625 0.09375
1 0.2671875 0.53203125 0.059375 0.09375
1 0.3140625 0.5234375 0.0546875 0.096875
1 0.346875 0.51328125 0.065625 0.0984375
1 0.37578125 0.5078125 0.059375 0.090625
1 0.40859375 0.4953125 0.0609375 0.096875
1 0.440625 0.49140625 0.0515625 0.0859375
1 0.475 0.4828125 0.053125 0.0859375
1 0.50546875 0.47578125 0.053125 0.0828125
1 0.5390625 0.4640625 0.046875 0.08125
1 0.57109375 0.4578125 0.0515625 0.08125
1 0.603125 0.44921875 0.0484375 0.0828125
1 0.6375 0.43828125 0.0515625 0.0828125
1 0.6734375 0.4328125 0.0515625 0.08125
1 0.70546875 0.42265625 0.0546875 0.0796875
1 0.74140625 0.4140625 0.053125 0.084375
1 0.775 0.403125 0.059375 0.0875
1 0.81015625 0.396875 0.0546875 0.0796875
1 0.84609375 0.38125 0.0640625 0.0890625
1 0.1296875 0.7328125 0.06875 0.0984375
1 0.16171875 0.72734375 0.0671875 0.0921875
1 0.1984375 0.71953125 0.0671875 0.09375
1 0.23125 0.70859375 0.0640625 0.0921875
1 0.2671875 0.70546875 0.0640625 0.0890625
1 0.31953125 0.6890625 0.059375 0.084375
1 0.3546875 0.678125 0.0625 0.0921875
1 0.3921875 0.67265625 0.0734375 0.1015625
1 0.4265625 0.6640625 0.0640625 0.09375
1 0.4625 0.65859375 0.0640625 0.0953125
1 0.4953125 0.6484375 0.0578125 0.09375
1 0.5328125 0.64140625 0.0609375 0.1
1 0.56796875 0.62890625 0.059375 0.090625
1 0.6078125 0.6203125 0.059375 0.0984375
1 0.64375 0.61015625 0.0578125 0.0953125
1 0.68515625 0.60546875 0.059375 0.0953125
1 0.725 0.59765625 0.065625 0.0984375
1 0.76328125 0.5859375 0.065625 0.096875
1 0.8015625 0.57578125 0.065625 0.103125
1 0.840625 0.56875 0.0703125 0.1078125
1 0.87734375 0.5546875 0.065625 0.103125
1 0.91640625 0.54296875 0.0734375 0.103125
0 0.10078125 0.8703125 0.0640625 0.0890625
1 0.13359375 0.865625 0.0796875 0.103125
1 0.178125 0.85703125 0.0796875 0.103125
0 0.21953125 0.846875 0.0859375 0.1078125
0 0.2625 0.83359375 0.0796875 0.1109375
1 0.30234375 0.82421875 0.078125 0.1046875
1 0.34765625 0.8109375 0.075 0.096875
0 0.39453125 0.80390625 0.075 0.096875
0 0.43828125 0.79921875 0.075 0.1
0 0.4828125 0.78359375 0.0734375 0.0984375
0 0.52734375 0.7765625 0.065625 0.1
1 0.56953125 0.76953125 0.0703125 0.103125