1 0.6203125 0.8796875 0.1640625 0.2296875
1 0.6421875 0.72421875 0.1515625 0.2171875
1 0.65859375 0.61640625 0.13125 0.1625
0 0.6625 0.50625 0.1296875 0.1734375
1 0.675 0.42734375 0.1078125 0.1390625
1 0.68125 0.34375 0.1046875 0.128125
0 0.68828125 0.28125 0.1015625 0.1171875
1 0.7 0.22890625 0.0984375 0.1015625
1 0.70390625 0.17890625 0.08125 0.0859375
1 0.48359375 0.9015625 0.1734375 0.196875
1 0.56796875 0.4265625 0.1125 0.1125
1 0.58515625 0.3578125 0.1078125 0.0984375
1 0.59765625 0.2890625 0.109375 0.096875
1 0.60546875 0.234375 0.0984375 0.0796875
1 0.62265625 0.18671875 0.0796875 0.065625
1 0.28125 0.42734375 0.0796875 0.1234375
0 0.3125 0.36015625 0.078125 0.1078125
1 0.34609375 0.30390625 0.078125 0.1078125
1 0.36875 0.246875 0.071875 0.0875
1 0.3921875 0.2 0.075 0.0921875
1 0.4140625 0.16171875 0.0703125 0.0828125
1 0.14765625 0.49296875 0.0875 0.140625
1 0.19140625 0.4234375 0.0828125 0.1171875
1 0.2328125 0.3578125 0.0765625 0.1109375
1 0.2640625 0.2953125 0.06875 0.09375
1 0.2953125 0.24765625 0.0703125 0.0984375
1 0.32421875 0.2078125 0.071875 0.0921875
1 0.34921875 0.16875 0.0625 0.08125