1 0.6578125 0.85859375 0.20625 0.253125
1 0.646875 0.696875 0.1921875 0.2390625
1 0.640625 0.58515625 0.1609375 0.184375
1 0.62109375 0.4734375 0.1609375 0.19375
1 0.6171875 0.38984375 0.1328125 0.15625
1 0.6046875 0.30390625 0.128125 0.1453125
0 0.59921875 0.23984375 0.1234375 0.134375
1 0.6 0.184375 0.1171875 0.11875
1 0.59296875 0.1328125 0.096875 0.1
1 0.525 0.9 0.209375 0.2
0 0.5078125 0.4125 0.1328125 0.1328125
1 0.51015625 0.3390625 0.125 0.1171875
1 0.50859375 0.26640625 0.125 0.115625
1 0.5046875 0.209375 0.1125 0.096875
1 0.51171875 0.1578125 0.090625 0.0796875
1 0.21875 0.475 0.103125 0.134375
1 0.2359375 0.4 0.0984375 0.1203125
1 0.2578125 0.33671875 0.096875 0.11875
0 0.26796875 0.27421875 0.0890625 0.1
1 0.28203125 0.22109375 0.090625 0.1046875
1 0.29453125 0.178125 0.0859375 0.0953125
1 0.09765625 0.5703125 0.1140625 0.153125
1 0.12578125 0.490625 0.1046875 0.1296875
1 0.1546875 0.41484375 0.096875 0.121875
1 0.17265625 0.34453125 0.0875 0.1046875
1 0.19375 0.290625 0.0890625 0.109375
1 0.2140625 0.24296875 0.0890625 0.1046875
1 0.23125 0.1984375 0.078125 0.090625