0 0.19296875 0.35859375 0.05 0.0703125
0 0.21796875 0.3546875 0.05 0.075
0 0.2453125 0.34921875 0.0484375 0.075
0 0.26953125 0.3421875 0.05 0.075
0 0.2953125 0.3390625 0.046875 0.0703125
0 0.33515625 0.32734375 0.046875 0.071875
0 0.3640625 0.321875 0.040625 0.065625
0 0.390625 0.31796875 0.0390625 0.0703125
0 0.4140625 0.3109375 0.040625 0.0703125
0 0.44140625 0.30546875 0.0421875 0.0671875
0 0.465625 0.2984375 0.0375 0.0609375
0 0.49296875 0.29296875 0.0390625 0.0625
0 0.5203125 0.28125 0.0359375 0.059375
0 0.5484375 0.2765625 0.0421875 0.0671875
0 0.578125 0.2703125 0.0375 0.065625
0 0.6046875 0.26328125 0.0390625 0.0609375
0 0.63359375 0.25703125 0.0390625 0.0609375
0 0.66171875 0.2484375 0.0390625 0.0578125
0 0.6921875 0.24375 0.0421875 0.0625
0 0.72109375 0.234375 0.0421875 0.06875
0 0.74765625 0.22890625 0.04375 0.0609375
0 0.7765625 0.21953125 0.05 0.0703125
0 0.1796875 0.4796875 0.05625 0.06875
0 0.20390625 0.47265625 0.05625 0.071875
0 0.23125 0.46953125 0.053125 0.071875
0 0.2640625 0.4625 0.053125 0.0671875
0 0.29609375 0.45703125 0.05 0.0703125
0 0.33359375 0.4484375 0.046875 0.0640625
0 0.35859375 0.4421875 0.0484375 0.06875
0 0.3921875 0.4296875 0.046875 0.065625
0 0.41953125 0.425 0.0453125 0.0640625
0 0.4484375 0.41796875 0.0484375 0.0703125
0 0.47890625 0.4109375 0.0453125 0.06875
0 0.50546875 0.40625 0.04375 0.0671875
0 0.53671875 0.39765625 0.04375 0.075
0 0.56796875 0.39296875 0.0421875 0.0671875
0 0.596875 0.3828125 0.0484375 0.071875
0 0.63046875 0.37109375 0.0453125 0.0796875
0 0.66328125 0.36953125 0.046875 0.08125
0 0.69375 0.35859375 0.0515625 0.08125
0 0.72578125 0.35390625 0.046875 0.0765625
0 0.7578125 0.346875 0.0546875 0.084375
0 0.79140625 0.3390625 0.0484375 0.0796875
0 0.82578125 0.3328125 0.0515625 0.075
0 0.1703125 0.54609375 0.0546875 0.0875
0 0.2 0.54140625 0.0625 0.090625
0 0.22734375 0.53125 0.0578125 0.0921875
0 0.25625 0.53359375 0.0578125 0.0890625
0 0.2875 0.52421875 0.0546875 0.0890625
0 0.3328125 0.51875 0.0484375 0.0921875
0 0.36484375 0.509375 0.0609375 0.09375
1 0.3921875 0.50546875 0.0546875 0.0875
0 0.42421875 0.49375 0.05625 0.0921875
0 0.45546875 0.4921875 0.046875 0.0828125
0 0.4890625 0.48515625 0.0484375 0.0828125
0 0.51796875 0.4796875 0.0484375 0.078125
0 0.55078125 0.46953125 0.0421875 0.078125
0 0.58203125 0.4640625 0.046875 0.078125
0 0.61328125 0.45703125 0.04375 0.078125
0 0.64609375 0.446875 0.046875 0.0796875
0 0.68125 0.44296875 0.046875 0.078125
0 0.71171875 0.434375 0.05 0.075
0 0.746875 0.42734375 0.0484375 0.08125
0 0.7796875 0.41796875 0.05625 0.0828125
0 0.81328125 0.41328125 0.05 0.0765625
0 0.8484375 0.39921875 0.059375 0.084375
0 0.1484375 0.7125 0.0640625 0.09375
0 0.1796875 0.70859375 0.0625 0.0890625
0 0.215625 0.7015625 0.0625 0.0890625
0 0.246875 0.69296875 0.059375 0.0875
0 0.28125 0.6921875 0.059375 0.084375
1 0.33125 0.67734375 0.0546875 0.0796875
0 0.365625 0.6671875 0.0578125 0.0875
0 0.403125 0.66328125 0.0671875 0.0953125
0 0.4359375 0.65625 0.059375 0.0890625
0 0.4703125 0.65234375 0.059375 0.090625
0 0.503125 0.64453125 0.053125 0.0890625
0 0.5390625 0.63828125 0.05625 0.096875
0 0.5734375 0.628125 0.0546875 0.0875
0 0.61171875 0.621875 0.0546875 0.0953125
0 0.646875 0.61171875 0.053125 0.090625
0 0.6859375 0.609375 0.0546875 0.090625
0 0.72421875 0.603125 0.059375 0.09375
0 0.7609375 0.59296875 0.0609375 0.0921875
0 0.79921875 0.584375 0.0609375 0.0984375
0 0.8375 0.57890625 0.0640625 0.1015625
0 0.87265625 0.5671875 0.0609375 0.0984375
0 0.9109375 0.55703125 0.0671875 0.0984375
0 0.1109375 0.84453125 0.0703125 0.0875
0 0.1484375 0.840625 0.0734375 0.096875
0 0.190625 0.834375 0.0734375 0.0984375
0 0.23046875 0.82578125 0.078125 0.1015625
0 0.27265625 0.8140625 0.075 0.10625
0 0.3109375 0.80625 0.071875 0.1
0 0.3546875 0.7953125 0.0703125 0.0921875
0 0.4 0.790625 0.0703125 0.0921875
0 0.44296875 0.7875 0.0703125 0.0953125
0 0.4859375 0.77265625 0.0671875 0.09375
0 0.528125 0.76796875 0.0609375 0.0953125
0 0.56953125 0.76328125 0.065625 0.0984375