1 0.48515625 0.878125 0.165625 0.2328125
1 0.55390625 0.73984375 0.1515625 0.2109375
1 0.6015625 0.6484375 0.13125 0.159375
1 0.6390625 0.55078125 0.1296875 0.16875
1 0.675 0.4828125 0.1078125 0.1359375
1 0.70703125 0.409375 0.1046875 0.125
0 0.73203125 0.35625 0.1015625 0.115625
1 0.759375 0.31328125 0.096875 0.1
1 0.778125 0.26875 0.08125 0.0859375
1 0.35546875 0.85390625 0.1734375 0.196875
0 0.57890625 0.44921875 0.1109375 0.1109375
1 0.615625 0.39296875 0.10625 0.096875
1 0.64765625 0.334375 0.10625 0.0953125
1 0.67265625 0.28828125 0.096875 0.0796875
1 0.70234375 0.25 0.078125 0.0640625
1 0.321875 0.36171875 0.08125 0.11875
1 0.3703125 0.3109375 0.0796875 0.10625
1 0.41796875 0.27109375 0.078125 0.1046875
0 0.45625 0.2265625 0.0734375 0.0859375
1 0.49140625 0.1921875 0.075 0.090625
1 0.52265625 0.1640625 0.0703125 0.0828125
1 0.18125 0.37890625 0.0890625 0.1375
1 0.24140625 0.33046875 0.084375 0.1140625
1 0.29921875 0.28359375 0.078125 0.1078125
1 0.346875 0.23671875 0.06875 0.090625
1 0.38984375 0.20390625 0.0703125 0.0953125
1 0.428125 0.17734375 0.071875 0.090625
1 0.46328125 0.15 0.0625 0.0796875