1 0.2765625 0.246875 0.046875 0.06875
1 0.30078125 0.25390625 0.046875 0.071875
1 0.32734375 0.25859375 0.0453125 0.071875
1 0.3515625 0.2609375 0.0484375 0.071875
1 0.3765625 0.26796875 0.04375 0.06875
1 0.4171875 0.27109375 0.04375 0.0703125
1 0.4453125 0.2765625 0.0375 0.0640625
1 0.4703125 0.28359375 0.0359375 0.06875
1 0.4953125 0.28515625 0.0375 0.06875
1 0.521875 0.29140625 0.0390625 0.065625
1 0.546875 0.29296875 0.034375 0.0578125
1 0.5734375 0.29765625 0.0359375 0.0609375
1 0.60234375 0.2984375 0.034375 0.05625
1 0.6296875 0.30390625 0.0390625 0.0640625
1 0.659375 0.309375 0.034375 0.0640625
1 0.68515625 0.3125 0.0359375 0.059375
1 0.7140625 0.3171875 0.0359375 0.059375
1 0.7421875 0.31953125 0.0359375 0.05625
1 0.77265625 0.3265625 0.0390625 0.0609375
1 0.80234375 0.32890625 0.0390625 0.0671875
1 0.82734375 0.33359375 0.040625 0.059375
1 0.85859375 0.33515625 0.046875 0.06875
1 0.21953125 0.353125 0.053125 0.0671875
1 0.2453125 0.35625 0.053125 0.0703125
1 0.27109375 0.3625 0.05 0.0703125
1 0.30234375 0.36875 0.05 0.065625
1 0.33359375 0.37578125 0.046875 0.0671875
1 0.37109375 0.38125 0.0453125 0.0625
1 0.396875 0.38515625 0.0453125 0.0671875
1 0.43125 0.3859375 0.04375 0.0640625
1 0.4578125 0.3921875 0.04375 0.0625
1 0.48671875 0.3953125 0.0453125 0.06875
1 0.51640625 0.40078125 0.0421875 0.065625
1 0.54296875 0.40546875 0.040625 0.0640625
1 0.57421875 0.41015625 0.040625 0.0734375
1 0.6046875 0.41640625 0.0390625 0.0640625
1 0.63515625 0.41796875 0.0453125 0.0703125
1 0.66953125 0.4203125 0.0421875 0.0765625
1 0.7 0.43046875 0.04375 0.078125
1 0.73125 0.43125 0.0484375 0.0796875
1 0.7625 0.4390625 0.04375 0.075
1 0.79453125 0.44453125 0.0515625 0.08125
1 0.828125 0.45 0.0453125 0.0765625
1 0.86015625 0.45625 0.0484375 0.0734375
1 0.1875 0.41015625 0.05 0.084375
1 0.215625 0.4171875 0.059375 0.0875
1 0.24375 0.41796875 0.0546875 0.090625
1 0.2703125 0.43046875 0.0546875 0.0859375
1 0.3015625 0.43359375 0.0515625 0.0859375
1 0.34453125 0.44453125 0.0453125 0.090625
1 0.3765625 0.4484375 0.05625 0.090625
1 0.40390625 0.4546875 0.0515625 0.084375
1 0.43671875 0.45625 0.053125 0.0890625
1 0.465625 0.465625 0.04375 0.0796875
1 0.4984375 0.47109375 0.0453125 0.0796875
1 0.52734375 0.47734375 0.0453125 0.0765625
1 0.56171875 0.4796875 0.0390625 0.075
1 0.59140625 0.48671875 0.04375 0.0765625
1 0.621875 0.49140625 0.040625 0.0765625
1 0.65546875 0.49453125 0.04375 0.0765625
1 0.6890625 0.50390625 0.04375 0.0765625
1 0.7203125 0.50703125 0.0484375 0.071875
1 0.7546875 0.5140625 0.0453125 0.078125
1 0.7875 0.5171875 0.0515625 0.0796875
1 0.8203125 0.52578125 0.046875 0.0734375
1 0.85703125 0.52578125 0.05625 0.0828125
1 0.10625 0.55390625 0.059375 0.090625
1 0.13515625 0.5609375 0.059375 0.0859375
1 0.1703125 0.56796875 0.0578125 0.0859375
1 0.203125 0.57109375 0.0546875 0.084375
1 0.234375 0.58359375 0.05625 0.0828125
1 0.28515625 0.58828125 0.0515625 0.078125
1 0.3203125 0.5921875 0.0546875 0.084375
1 0.3546875 0.60234375 0.0640625 0.09375
1 0.3875 0.6078125 0.0546875 0.0859375
1 0.4203125 0.6171875 0.05625 0.0875
1 0.453125 0.621875 0.05 0.0859375
1 0.48828125 0.6296875 0.0515625 0.09375
1 0.5234375 0.6328125 0.0515625 0.084375
1 0.56015625 0.640625 0.0515625 0.0921875
1 0.59609375 0.64453125 0.05 0.0875
1 0.6328125 0.65703125 0.0515625 0.0875
1 0.66953125 0.665625 0.05625 0.090625
1 0.70625 0.66953125 0.05625 0.0890625
1 0.74453125 0.67578125 0.05625 0.0953125
1 0.78046875 0.68515625 0.0609375 0.1
1 0.8171875 0.68671875 0.0578125 0.0953125
1 0.8546875 0.6921875 0.0640625 0.0953125
0 0.028125 0.659375 0.05625 0.084375
1 0.059375 0.66953125 0.0703125 0.09375
1 0.1 0.6796875 0.0703125 0.0953125
1 0.1390625 0.6859375 0.075 0.0984375
0 0.18203125 0.69140625 0.0703125 0.1015625
0 0.2203125 0.6984375 0.06875 0.096875
0 0.26328125 0.70390625 0.065625 0.0875
0 0.30625 0.71640625 0.065625 0.0875
0 0.34609375 0.7296875 0.065625 0.0921875
0 0.390625 0.73203125 0.0640625 0.090625
0 0.43125 0.74296875 0.05625 0.0921875
0 0.4703125 0.753125 0.0609375 0.0953125