1 0.22265625 0.2484375 0.0421875 0.06875
1 0.24921875 0.25234375 0.0421875 0.0734375
1 0.27734375 0.25390625 0.0390625 0.0734375
1 0.30390625 0.253125 0.0421875 0.0734375
1 0.33125 0.25703125 0.0390625 0.06875
1 0.375 0.25546875 0.0390625 0.0703125
1 0.4046875 0.2578125 0.0328125 0.065625
1 0.4328125 0.26171875 0.03125 0.0703125
1 0.459375 0.26015625 0.0328125 0.0703125
1 0.48828125 0.26328125 0.034375 0.0671875
1 0.51484375 0.2625 0.0296875 0.059375
1 0.54375 0.2640625 0.0328125 0.0625
1 0.57421875 0.2609375 0.0296875 0.0578125
0 0.60390625 0.26328125 0.034375 0.065625
1 0.6359375 0.26484375 0.03125 0.065625
0 0.6640625 0.26484375 0.0328125 0.059375
1 0.6953125 0.26640625 0.0328125 0.059375
0 0.72578125 0.26484375 0.0328125 0.05625
0 0.75859375 0.26875 0.0359375 0.0625
0 0.78984375 0.26640625 0.034375 0.06875
0 0.81796875 0.26796875 0.0359375 0.0609375
0 0.85 0.26640625 0.0421875 0.06875
1 0.17578125 0.36796875 0.0484375 0.0671875
1 0.203125 0.36796875 0.0484375 0.06875
1 0.23203125 0.371875 0.0453125 0.0703125
1 0.26640625 0.3734375 0.046875 0.065625
1 0.3 0.3765625 0.04375 0.06875
1 0.340625 0.378125 0.0421875 0.0640625
1 0.3671875 0.37890625 0.0421875 0.06875
1 0.4046875 0.37421875 0.0390625 0.065625
1 0.43359375 0.378125 0.0390625 0.0640625
1 0.46484375 0.378125 0.0421875 0.06875
1 0.49765625 0.3796875 0.0375 0.06875
1 0.52578125 0.38203125 0.0375 0.0671875
1 0.559375 0.38203125 0.0359375 0.075
1 0.5921875 0.38515625 0.0359375 0.0671875
0 0.62421875 0.3828125 0.040625 0.0703125
0 0.6609375 0.38125 0.0375 0.0796875
0 0.6953125 0.3875 0.0375 0.08125
0 0.728125 0.38515625 0.04375 0.08125
0 0.7625 0.38828125 0.0375 0.0765625
0 0.796875 0.390625 0.0453125 0.0828125
0 0.8328125 0.3921875 0.040625 0.078125
0 0.86875 0.39453125 0.04375 0.0734375
1 0.14921875 0.4328125 0.04375 0.0875
1 0.18046875 0.4359375 0.053125 0.0890625
1 0.21015625 0.43359375 0.046875 0.0921875
1 0.2390625 0.44296875 0.0484375 0.0875
1 0.27265625 0.44296875 0.04375 0.0890625
1 0.3203125 0.44921875 0.0375 0.09375
1 0.3546875 0.4484375 0.05 0.0921875
1 0.384375 0.4515625 0.0453125 0.0859375
1 0.41953125 0.44921875 0.0453125 0.0921875
1 0.4515625 0.45546875 0.0375 0.0828125
1 0.4875 0.45703125 0.0390625 0.0828125
1 0.51875 0.459375 0.0390625 0.078125
1 0.5546875 0.45859375 0.0328125 0.078125
1 0.58671875 0.46171875 0.0390625 0.078125
1 0.62109375 0.4625 0.0359375 0.0796875
1 0.65703125 0.4609375 0.0375 0.0796875
0 0.69296875 0.4671875 0.0375 0.078125
1 0.7265625 0.46640625 0.0421875 0.0734375
0 0.7640625 0.46953125 0.0390625 0.08125
1 0.79921875 0.46796875 0.046875 0.08125
0 0.834375 0.47265625 0.0421875 0.075
1 0.87421875 0.46875 0.05 0.0828125
1 0.08203125 0.5953125 0.053125 0.0921875
1 0.1140625 0.6 0.053125 0.0875
1 0.1515625 0.603125 0.053125 0.0890625
1 0.1875 0.60234375 0.0484375 0.0859375
1 0.22109375 0.6109375 0.05 0.0828125
1 0.2765625 0.609375 0.046875 0.078125
1 0.31328125 0.609375 0.0484375 0.0859375
1 0.35234375 0.61484375 0.0578125 0.09375
1 0.38671875 0.6171875 0.0484375 0.0875
1 0.4234375 0.621875 0.0484375 0.0890625
1 0.45859375 0.62265625 0.04375 0.0890625
1 0.496875 0.6265625 0.0453125 0.096875
1 0.534375 0.62578125 0.0453125 0.0859375
1 0.57421875 0.62890625 0.04375 0.0953125
1 0.6125 0.62890625 0.04375 0.090625
1 0.653125 0.63671875 0.04375 0.090625
1 0.69296875 0.640625 0.0484375 0.0921875
1 0.73359375 0.640625 0.05 0.090625
1 0.7734375 0.6421875 0.0484375 0.0984375
0 0.8140625 0.646875 0.053125 0.1015625
0 0.85234375 0.64453125 0.05 0.0984375
0 0.89375 0.6453125 0.0578125 0.096875
0 0.01953125 0.71875 0.0390625 0.084375
0 0.046875 0.725 0.065625 0.09375
0 0.0921875 0.7296875 0.0640625 0.0953125
0 0.134375 0.73203125 0.06875 0.1
0 0.18046875 0.73203125 0.0625 0.103125
1 0.22109375 0.734375 0.0625 0.096875
1 0.26796875 0.73515625 0.0609375 0.0890625
0 0.31484375 0.7421875 0.0609375 0.0890625
0 0.359375 0.7515625 0.059375 0.0921875
0 0.40625 0.7484375 0.0578125 0.090625
0 0.45078125 0.7546875 0.05 0.0953125
1 0.49375 0.76015625 0.0546875 0.096875