0 0.2328125 0.29609375 0.0375 0.065625
0 0.25859375 0.29765625 0.0375 0.06875
0 0.2859375 0.29765625 0.0359375 0.06875
0 0.31171875 0.2953125 0.0375 0.06875
0 0.3375 0.29765625 0.0359375 0.065625
0 0.37890625 0.29296875 0.034375 0.065625
0 0.4078125 0.29296875 0.0296875 0.0625
0 0.434375 0.29453125 0.028125 0.065625
0 0.46015625 0.29140625 0.028125 0.065625
0 0.4875 0.2921875 0.0296875 0.0640625
0 0.51328125 0.28984375 0.0265625 0.05625
0 0.540625 0.2890625 0.028125 0.059375
0 0.56953125 0.28359375 0.0265625 0.0546875
0 0.5984375 0.284375 0.03125 0.0625
0 0.628125 0.28359375 0.0265625 0.0625
0 0.65546875 0.28125 0.0296875 0.05625
0 0.68515625 0.28125 0.0296875 0.05625
0 0.7140625 0.27734375 0.0296875 0.053125
0 0.7453125 0.27890625 0.0328125 0.0578125
0 0.77578125 0.27578125 0.0296875 0.065625
0 0.80234375 0.275 0.0328125 0.05625
0 0.8328125 0.271875 0.0375 0.065625
0 0.196875 0.41328125 0.0453125 0.0625
0 0.22265625 0.4109375 0.04375 0.065625
0 0.25078125 0.41328125 0.040625 0.065625
0 0.28359375 0.4125 0.0421875 0.0609375
0 0.315625 0.4125 0.0390625 0.0640625
0 0.3546875 0.41171875 0.0375 0.059375
0 0.38046875 0.4109375 0.0375 0.0640625
0 0.415625 0.40390625 0.0359375 0.0609375
0 0.44296875 0.40546875 0.0359375 0.059375
0 0.47265625 0.40390625 0.0375 0.065625
0 0.5046875 0.40234375 0.034375 0.0640625
0 0.53125 0.40234375 0.0328125 0.0625
0 0.5640625 0.40078125 0.03125 0.0703125
0 0.5953125 0.4015625 0.03125 0.0625
0 0.62578125 0.39765625 0.0359375 0.065625
0 0.6609375 0.3921875 0.0328125 0.075
0 0.69375 0.39765625 0.0328125 0.0765625
0 0.725 0.3921875 0.0375 0.0765625
0 0.7578125 0.39375 0.034375 0.071875
0 0.79140625 0.39296875 0.040625 0.078125
0 0.82578125 0.3921875 0.0359375 0.0734375
0 0.859375 0.3921875 0.0390625 0.06875
0 0.17578125 0.47578125 0.0390625 0.0828125
0 0.20546875 0.478125 0.046875 0.084375
0 0.23359375 0.4734375 0.0421875 0.0859375
0 0.26328125 0.48046875 0.04375 0.0828125
0 0.29375 0.478125 0.0390625 0.0828125
0 0.340625 0.48125 0.0328125 0.0875
0 0.37265625 0.478125 0.0453125 0.0859375
0 0.4015625 0.47890625 0.040625 0.08125
0 0.434375 0.4734375 0.040625 0.0859375
0 0.465625 0.478125 0.0328125 0.078125
0 0.49921875 0.47734375 0.034375 0.078125
0 0.5296875 0.47734375 0.034375 0.0734375
0 0.5640625 0.47421875 0.028125 0.0734375
0 0.59453125 0.475 0.034375 0.0734375
0 0.62734375 0.4734375 0.03125 0.075
0 0.6609375 0.46953125 0.0328125 0.075
0 0.69609375 0.4734375 0.0328125 0.0734375
0 0.728125 0.4703125 0.0375 0.06875
0 0.7640625 0.4703125 0.034375 0.0765625
0 0.79765625 0.46640625 0.0421875 0.0765625
0 0.83203125 0.46953125 0.0375 0.0703125
0 0.86953125 0.4625 0.0453125 0.078125
0 0.12265625 0.63515625 0.0484375 0.0875
0 0.153125 0.63828125 0.0484375 0.08125
0 0.18984375 0.63828125 0.046875 0.0828125
0 0.22265625 0.63515625 0.04375 0.08125
0 0.25625 0.63984375 0.0453125 0.078125
0 0.30859375 0.6359375 0.0421875 0.0734375
0 0.34453125 0.6328125 0.04375 0.08125
0 0.38125 0.6359375 0.0515625 0.0890625
0 0.41484375 0.63515625 0.04375 0.0828125
0 0.44921875 0.63828125 0.04375 0.0828125
0 0.4828125 0.6359375 0.0375 0.0828125
0 0.51953125 0.63828125 0.040625 0.090625
0 0.55546875 0.63359375 0.040625 0.08125
0 0.59453125 0.634375 0.0375 0.0890625
0 0.63046875 0.63125 0.0375 0.084375
0 0.66953125 0.63671875 0.0390625 0.084375
0 0.70859375 0.63828125 0.04375 0.0859375
0 0.746875 0.6359375 0.0453125 0.084375
0 0.78515625 0.634375 0.04375 0.0921875
0 0.8234375 0.63671875 0.0484375 0.0953125
0 0.8609375 0.63125 0.0453125 0.0921875
0 0.9 0.628125 0.0515625 0.0921875
0 0.06015625 0.75859375 0.05625 0.078125
0 0.09765625 0.76171875 0.0578125 0.0890625
1 0.140625 0.7625 0.0578125 0.090625
0 0.18125 0.76171875 0.0625 0.0921875
0 0.225 0.759375 0.0578125 0.096875
0 0.2640625 0.75859375 0.05625 0.0921875
0 0.309375 0.75625 0.0546875 0.0828125
0 0.35546875 0.759375 0.0546875 0.0828125
0 0.39765625 0.76484375 0.0546875 0.0875
0 0.4421875 0.759375 0.0515625 0.0859375
0 0.48515625 0.7625 0.04375 0.0890625
0 0.52578125 0.76484375 0.05 0.0921875