1 0.20859375 0.32421875 0.0421875 0.06875
1 0.2359375 0.325 0.0421875 0.0734375
1 0.26328125 0.3234375 0.040625 0.0734375
0 0.2890625 0.31953125 0.04375 0.0734375
1 0.31640625 0.3203125 0.040625 0.06875
1 0.359375 0.31328125 0.0390625 0.0703125
0 0.38828125 0.31171875 0.0328125 0.065625
0 0.415625 0.3125 0.03125 0.0703125
0 0.4421875 0.3078125 0.0328125 0.0703125
0 0.4703125 0.30703125 0.034375 0.0671875
0 0.49609375 0.303125 0.03125 0.059375
1 0.52421875 0.30078125 0.0328125 0.0625
1 0.55390625 0.29375 0.0296875 0.0578125
0 0.58359375 0.2921875 0.034375 0.065625
0 0.61484375 0.28984375 0.03125 0.065625
1 0.64140625 0.28671875 0.0328125 0.059375
0 0.671875 0.284375 0.0328125 0.059375
1 0.70234375 0.2796875 0.0328125 0.05625
0 0.734375 0.27890625 0.0359375 0.0609375
1 0.765625 0.27421875 0.034375 0.06875
0 0.79296875 0.271875 0.0375 0.059375
1 0.8234375 0.26640625 0.0421875 0.06875
1 0.17734375 0.446875 0.0484375 0.065625
1 0.2046875 0.44296875 0.0484375 0.06875
1 0.2328125 0.44375 0.0453125 0.0703125
1 0.2671875 0.44140625 0.046875 0.0640625
1 0.3 0.440625 0.04375 0.0671875
1 0.33984375 0.43671875 0.0421875 0.0625
0 0.36640625 0.434375 0.0421875 0.0671875
0 0.40234375 0.425 0.040625 0.0640625
1 0.43046875 0.42578125 0.040625 0.0625
0 0.4609375 0.421875 0.0421875 0.06875
0 0.49296875 0.41875 0.0390625 0.0671875
0 0.52109375 0.41796875 0.0375 0.065625
1 0.553125 0.4140625 0.0359375 0.075
0 0.58671875 0.41328125 0.0359375 0.065625
1 0.6171875 0.40703125 0.040625 0.0703125
1 0.653125 0.40078125 0.0375 0.078125
1 0.68671875 0.403125 0.0375 0.0796875
1 0.71875 0.396875 0.04375 0.08125
1 0.753125 0.396875 0.0390625 0.075
0 0.78671875 0.39453125 0.0453125 0.0828125
1 0.821875 0.39140625 0.040625 0.0765625
1 0.85625 0.38984375 0.04375 0.0734375
1 0.159375 0.5125 0.0453125 0.0875
0 0.190625 0.51328125 0.053125 0.0875
0 0.21953125 0.50625 0.0484375 0.090625
1 0.2484375 0.51171875 0.0484375 0.0875
1 0.28125 0.50859375 0.0453125 0.0875
0 0.32890625 0.5078125 0.0375 0.0921875
1 0.3625 0.503125 0.05 0.090625
1 0.39140625 0.503125 0.0453125 0.0859375
1 0.42578125 0.496875 0.0453125 0.090625
1 0.45703125 0.4984375 0.0375 0.08125
0 0.4921875 0.49609375 0.040625 0.08125
0 0.5234375 0.49453125 0.040625 0.0765625
0 0.5578125 0.48984375 0.0328125 0.0765625
1 0.58984375 0.48828125 0.0390625 0.0765625
1 0.6234375 0.48515625 0.0359375 0.078125
1 0.65859375 0.48046875 0.0375 0.078125
1 0.69375 0.48125 0.0375 0.0765625
1 0.72734375 0.47734375 0.04375 0.0734375
1 0.7640625 0.475 0.040625 0.0796875
0 0.79765625 0.46953125 0.046875 0.08125
1 0.8328125 0.4703125 0.0421875 0.075
1 0.871875 0.4609375 0.05 0.0828125
0 0.1140625 0.67890625 0.0546875 0.0921875
1 0.1453125 0.6796875 0.0546875 0.0859375
0 0.1828125 0.678125 0.053125 0.0875
1 0.2171875 0.6734375 0.05 0.0859375
1 0.2515625 0.67734375 0.05 0.0828125
1 0.30546875 0.66953125 0.046875 0.078125
1 0.340625 0.66484375 0.0484375 0.0859375
1 0.37890625 0.665625 0.0578125 0.09375
1 0.41328125 0.66328125 0.05 0.0875
1 0.45 0.66484375 0.05 0.0875
1 0.48359375 0.6609375 0.04375 0.0875
0 0.52109375 0.6609375 0.0453125 0.0953125
1 0.5578125 0.65390625 0.0453125 0.0859375
0 0.59765625 0.653125 0.0453125 0.09375
1 0.63515625 0.64765625 0.04375 0.0890625
1 0.67578125 0.6515625 0.0453125 0.0890625
1 0.715625 0.65 0.05 0.090625
1 0.7546875 0.64609375 0.05 0.0890625
1 0.79453125 0.6421875 0.05 0.096875
1 0.83359375 0.6421875 0.053125 0.1
1 0.87109375 0.63515625 0.05 0.096875
1 0.91171875 0.63046875 0.0578125 0.096875
0 0.05625 0.809375 0.0609375 0.0828125
0 0.09453125 0.81015625 0.0640625 0.09375
1 0.1390625 0.80859375 0.0640625 0.0953125
1 0.18046875 0.80546875 0.0703125 0.0984375
0 0.22578125 0.80078125 0.0640625 0.1015625
0 0.265625 0.7984375 0.0625 0.096875
0 0.31171875 0.79375 0.0609375 0.0875
0 0.359375 0.79375 0.0609375 0.0875
0 0.40234375 0.7984375 0.0609375 0.0921875
1 0.4484375 0.78984375 0.0578125 0.090625
0 0.4921875 0.790625 0.05 0.09375
1 0.53515625 0.79140625 0.05625 0.096875