1 0.18046875 0.33203125 0.0484375 0.0703125
1 0.20625 0.3296875 0.05 0.075
1 0.23359375 0.32421875 0.0484375 0.075
1 0.25859375 0.31796875 0.05 0.075
1 0.284375 0.31484375 0.046875 0.0703125
1 0.325 0.303125 0.046875 0.071875
1 0.353125 0.2984375 0.0390625 0.065625
1 0.3796875 0.29609375 0.0390625 0.0703125
1 0.4046875 0.2875 0.0390625 0.0703125
1 0.43203125 0.284375 0.040625 0.0671875
1 0.45703125 0.27734375 0.0359375 0.059375
1 0.48359375 0.27265625 0.0375 0.0640625
1 0.51171875 0.26171875 0.0359375 0.059375
0 0.53984375 0.25703125 0.040625 0.065625
1 0.56953125 0.25078125 0.0375 0.065625
0 0.59609375 0.24453125 0.0390625 0.0609375
1 0.625 0.23828125 0.0390625 0.0609375
0 0.65390625 0.2296875 0.0375 0.0578125
0 0.684375 0.22578125 0.0421875 0.0625
0 0.7140625 0.2171875 0.040625 0.06875
0 0.73984375 0.2125 0.0421875 0.0609375
0 0.7703125 0.203125 0.0484375 0.0703125
1 0.16484375 0.4546875 0.0546875 0.06875
1 0.190625 0.44765625 0.0546875 0.071875
1 0.21796875 0.4453125 0.0515625 0.0734375
1 0.25078125 0.43828125 0.0515625 0.0671875
1 0.2828125 0.434375 0.05 0.06875
1 0.32109375 0.42578125 0.046875 0.065625
1 0.34609375 0.4203125 0.0484375 0.06875
1 0.3796875 0.40703125 0.0453125 0.065625
1 0.40703125 0.40390625 0.0453125 0.065625
1 0.43671875 0.396875 0.0484375 0.0703125
1 0.4671875 0.38984375 0.0453125 0.06875
1 0.49453125 0.3859375 0.04375 0.0671875
1 0.52578125 0.378125 0.04375 0.075
1 0.55703125 0.3734375 0.0421875 0.065625
0 0.58671875 0.36484375 0.0484375 0.071875
0 0.6203125 0.353125 0.0453125 0.0796875
0 0.65390625 0.35234375 0.0453125 0.08125
0 0.684375 0.34140625 0.0515625 0.0828125
0 0.71640625 0.3375 0.046875 0.0765625
0 0.75 0.33125 0.053125 0.084375
0 0.78359375 0.32421875 0.0484375 0.078125
0 0.81640625 0.31796875 0.0515625 0.075
1 0.15546875 0.52109375 0.053125 0.0875
1 0.18515625 0.5171875 0.0609375 0.090625
1 0.21171875 0.5078125 0.0578125 0.09375
1 0.24140625 0.509375 0.0578125 0.0890625
1 0.27265625 0.50234375 0.053125 0.0890625
1 0.31875 0.49609375 0.046875 0.0921875
1 0.35 0.4875 0.059375 0.09375
1 0.37890625 0.48359375 0.053125 0.0859375
1 0.4109375 0.4734375 0.0546875 0.0921875
1 0.4421875 0.471875 0.0453125 0.0828125
1 0.47578125 0.46484375 0.0484375 0.0828125
1 0.50546875 0.46015625 0.0484375 0.078125
1 0.5390625 0.45 0.040625 0.0765625
1 0.56953125 0.44609375 0.046875 0.078125
1 0.6015625 0.4390625 0.04375 0.0796875
1 0.63515625 0.4296875 0.0453125 0.0796875
0 0.66953125 0.4265625 0.0453125 0.078125
1 0.7015625 0.41875 0.05 0.075
0 0.7359375 0.41171875 0.0484375 0.08125
1 0.76953125 0.403125 0.0546875 0.0828125
0 0.803125 0.39921875 0.05 0.0765625
1 0.8390625 0.38515625 0.0578125 0.084375
1 0.13046875 0.68828125 0.0625 0.09375
1 0.1609375 0.684375 0.0609375 0.0875
1 0.196875 0.678125 0.0609375 0.0890625
1 0.2296875 0.6703125 0.0578125 0.0875
1 0.2640625 0.66953125 0.0578125 0.084375
1 0.31484375 0.65546875 0.053125 0.0796875
1 0.34921875 0.646875 0.05625 0.0875
1 0.38671875 0.64296875 0.065625 0.096875
1 0.41953125 0.63671875 0.0578125 0.0890625
1 0.4546875 0.63359375 0.0578125 0.090625
1 0.48671875 0.62578125 0.053125 0.0890625
1 0.52421875 0.62109375 0.0546875 0.096875
1 0.55859375 0.61015625 0.053125 0.0859375
1 0.596875 0.6046875 0.053125 0.0953125
1 0.63203125 0.5953125 0.053125 0.090625
1 0.671875 0.59375 0.053125 0.090625
1 0.71015625 0.58828125 0.059375 0.09375
1 0.7484375 0.57890625 0.059375 0.0921875
1 0.7859375 0.57109375 0.059375 0.0984375
0 0.825 0.565625 0.0640625 0.103125
0 0.86015625 0.5546875 0.059375 0.0984375
0 0.8984375 0.5453125 0.065625 0.0984375
0 0.090625 0.8203125 0.06875 0.0875
0 0.128125 0.81640625 0.0734375 0.0984375
0 0.1703125 0.8109375 0.0734375 0.0984375
0 0.21015625 0.803125 0.078125 0.1015625
0 0.25390625 0.7921875 0.0734375 0.10625
1 0.2921875 0.78515625 0.071875 0.1
1 0.3359375 0.77421875 0.06875 0.090625
0 0.38203125 0.7703125 0.06875 0.090625
0 0.425 0.76875 0.06875 0.0953125
0 0.46875 0.75546875 0.065625 0.09375
0 0.5109375 0.75 0.059375 0.0953125
1 0.55234375 0.74609375 0.0640625 0.0984375