1 0.5375 0.8953125 0.1375 0.209375
0 0.58203125 0.746875 0.1265625 0.2015625
1 0.615625 0.6453125 0.1125 0.15
1 0.6359375 0.53828125 0.109375 0.159375
0 0.6609375 0.46328125 0.0921875 0.128125
0 0.6796875 0.38203125 0.090625 0.115625
0 0.69609375 0.32265625 0.0890625 0.10625
0 0.715625 0.2734375 0.0875 0.0890625
1 0.72734375 0.225 0.071875 0.078125
0 0.4 0.9 0.15 0.1828125
0 0.55625 0.4453125 0.1 0.1
0 0.58359375 0.38125 0.096875 0.0859375
0 0.60546875 0.315625 0.0984375 0.084375
0 0.62265625 0.2640625 0.090625 0.0671875
0 0.64609375 0.21953125 0.0734375 0.05625
0 0.2765625 0.40234375 0.065625 0.1140625
0 0.3171875 0.34140625 0.0671875 0.1
0 0.35859375 0.2921875 0.065625 0.1
0 0.3890625 0.23984375 0.0625 0.08125
0 0.4203125 0.19765625 0.0640625 0.084375
0 0.44609375 0.1640625 0.0609375 0.0765625
0 0.13515625 0.44609375 0.0703125 0.1328125
0 0.1890625 0.384375 0.0703125 0.109375
0 0.23984375 0.3265625 0.0640625 0.103125
1 0.2796875 0.2703125 0.0578125 0.0859375
0 0.3171875 0.22890625 0.059375 0.090625
0 0.35234375 0.19453125 0.0609375 0.0859375
0 0.3828125 0.16015625 0.053125 0.075