1 0.2296875 0.159375 0.053125 0.0765625
1 0.25625 0.1671875 0.053125 0.08125
1 0.28515625 0.1734375 0.0515625 0.0796875
1 0.31171875 0.17734375 0.0546875 0.08125
1 0.33828125 0.184375 0.0515625 0.0765625
1 0.3828125 0.190625 0.05 0.0765625
1 0.4125 0.19765625 0.04375 0.071875
1 0.440625 0.20625 0.0421875 0.075
1 0.46796875 0.20859375 0.04375 0.075
1 0.4953125 0.21640625 0.0453125 0.0734375
1 0.5234375 0.21953125 0.0390625 0.0640625
1 0.5515625 0.22578125 0.0421875 0.06875
1 0.58359375 0.22734375 0.0390625 0.0625
0 0.61328125 0.234375 0.0453125 0.071875
1 0.6453125 0.240625 0.040625 0.0703125
0 0.67421875 0.2453125 0.0421875 0.065625
1 0.70546875 0.25234375 0.0421875 0.065625
0 0.7359375 0.25546875 0.0421875 0.0625
0 0.76875 0.26484375 0.0453125 0.0671875
0 0.80078125 0.26796875 0.0453125 0.075
0 0.82890625 0.2734375 0.046875 0.065625
0 0.86171875 0.27734375 0.053125 0.0765625
1 0.16328125 0.271875 0.059375 0.075
1 0.19140625 0.2765625 0.059375 0.078125
1 0.21953125 0.284375 0.05625 0.078125
1 0.25390625 0.2921875 0.05625 0.071875
1 0.2875 0.30078125 0.053125 0.075
1 0.328125 0.30859375 0.0515625 0.0703125
1 0.35625 0.31328125 0.0515625 0.075
1 0.39375 0.315625 0.05 0.071875
1 0.42265625 0.3234375 0.05 0.0703125
1 0.45390625 0.32890625 0.053125 0.0765625
1 0.4875 0.33515625 0.0484375 0.0734375
1 0.515625 0.3421875 0.046875 0.071875
1 0.54921875 0.34765625 0.0484375 0.0796875
1 0.58203125 0.35625 0.0453125 0.071875
0 0.61484375 0.359375 0.0515625 0.078125
0 0.65234375 0.3625 0.05 0.084375
0 0.68515625 0.375 0.05 0.0859375
0 0.71953125 0.37734375 0.05625 0.0875
0 0.753125 0.38671875 0.05 0.0828125
0 0.78828125 0.39453125 0.0578125 0.0890625
0 0.82421875 0.4015625 0.053125 0.084375
0 0.859375 0.409375 0.0546875 0.08125
1 0.1265625 0.33359375 0.0578125 0.09375
1 0.15703125 0.3421875 0.0671875 0.096875
1 0.1875 0.34375 0.0625 0.1
1 0.215625 0.35859375 0.0625 0.0953125
1 0.24921875 0.3640625 0.0578125 0.0953125
1 0.296875 0.37734375 0.053125 0.0984375
1 0.33125 0.3828125 0.065625 0.1
1 0.3609375 0.390625 0.0578125 0.0921875
1 0.396875 0.39375 0.059375 0.0984375
1 0.42734375 0.4046875 0.05 0.0875
1 0.46328125 0.4125 0.053125 0.0890625
1 0.49453125 0.41953125 0.0515625 0.084375
1 0.53203125 0.42421875 0.0453125 0.0828125
1 0.5640625 0.4328125 0.05 0.084375
1 0.5984375 0.4390625 0.0484375 0.084375
1 0.63515625 0.44375 0.05 0.084375
0 0.6703125 0.45546875 0.05 0.0828125
1 0.70390625 0.46015625 0.0546875 0.08125
0 0.74140625 0.46875 0.0515625 0.0875
1 0.77734375 0.4734375 0.059375 0.0890625
0 0.8125 0.484375 0.053125 0.08125
1 0.85390625 0.4859375 0.0625 0.090625
1 0.0328125 0.4859375 0.065625 0.1
1 0.0640625 0.496875 0.0671875 0.09375
1 0.1015625 0.50546875 0.065625 0.0953125
1 0.13671875 0.5109375 0.0625 0.09375
1 0.1703125 0.52421875 0.0625 0.090625
1 0.2265625 0.53203125 0.0578125 0.0859375
1 0.2640625 0.5375 0.0609375 0.09375
1 0.30234375 0.55 0.071875 0.103125
1 0.3375 0.55703125 0.0625 0.0953125
1 0.37265625 0.56875 0.0640625 0.096875
1 0.40859375 0.575 0.0578125 0.0953125
1 0.44609375 0.58515625 0.059375 0.103125
1 0.484375 0.5890625 0.0578125 0.0921875
1 0.52421875 0.59921875 0.059375 0.1015625
1 0.56328125 0.60546875 0.0578125 0.096875
1 0.603125 0.6203125 0.0578125 0.096875
1 0.64296875 0.63125 0.0640625 0.1
1 0.68359375 0.6375 0.0640625 0.0984375
1 0.72421875 0.6453125 0.0640625 0.10625
0 0.7640625 0.65703125 0.06875 0.109375
0 0.80390625 0.66015625 0.065625 0.10625
0 0.84453125 0.66640625 0.0734375 0.10625
0 0.0078125 0.6140625 0.015625 0.1
0 0.0296875 0.625 0.059375 0.10625
0 0.0625 0.63359375 0.084375 0.109375
0 0.10859375 0.64140625 0.0796875 0.1125
1 0.15 0.65 0.078125 0.10625
1 0.196875 0.65859375 0.075 0.096875
0 0.24453125 0.6734375 0.075 0.096875
0 0.2875 0.6890625 0.075 0.1015625
0 0.3359375 0.69453125 0.071875 0.1
0 0.3796875 0.70703125 0.065625 0.103125
1 0.421875 0.71953125 0.0703125 0.1046875