1 0.69453125 0.84765625 0.1953125 0.246875
1 0.684375 0.68984375 0.1796875 0.2265625
1 0.68125 0.5828125 0.15 0.175
1 0.6640625 0.4765625 0.1515625 0.1828125
1 0.66171875 0.3984375 0.125 0.1484375
1 0.6515625 0.315625 0.1203125 0.1359375
1 0.646875 0.2546875 0.115625 0.1265625
1 0.6484375 0.20234375 0.109375 0.1109375
1 0.64296875 0.153125 0.0921875 0.0953125
1 0.5671875 0.89296875 0.196875 0.2140625
1 0.55859375 0.4171875 0.125 0.125
0 0.56171875 0.34765625 0.1171875 0.109375
1 0.56015625 0.27890625 0.1171875 0.109375
1 0.55859375 0.22421875 0.10625 0.090625
1 0.565625 0.17578125 0.0859375 0.075
1 0.2828125 0.471875 0.096875 0.128125
1 0.3 0.40078125 0.0921875 0.1140625
0 0.32109375 0.340625 0.090625 0.1140625
1 0.33203125 0.28203125 0.0828125 0.09375
1 0.34609375 0.23125 0.0859375 0.0984375
1 0.359375 0.190625 0.08125 0.090625
1 0.165625 0.56015625 0.1078125 0.1453125
1 0.19453125 0.48515625 0.0984375 0.1234375
1 0.221875 0.41328125 0.0921875 0.115625
1 0.240625 0.346875 0.08125 0.0984375
1 0.26171875 0.29609375 0.084375 0.103125
1 0.28203125 0.2515625 0.0828125 0.0984375
1 0.29921875 0.209375 0.0734375 0.0859375