1 0.17578125 0.38671875 0.05625 0.071875
1 0.20078125 0.38046875 0.05625 0.075
1 0.22578125 0.37109375 0.0546875 0.075
1 0.2484375 0.3609375 0.0578125 0.075
1 0.2734375 0.3546875 0.053125 0.0703125
1 0.31015625 0.3375 0.053125 0.071875
1 0.33671875 0.328125 0.046875 0.065625
1 0.3625 0.32109375 0.046875 0.0703125
1 0.384375 0.31015625 0.046875 0.0703125
1 0.4109375 0.30234375 0.046875 0.0671875
1 0.43359375 0.29140625 0.0421875 0.059375
1 0.45859375 0.28203125 0.0453125 0.0640625
1 0.48359375 0.26796875 0.0421875 0.0578125
1 0.51015625 0.259375 0.0484375 0.0671875
1 0.53828125 0.24921875 0.04375 0.065625
1 0.5625 0.23828125 0.04375 0.0609375
1 0.58984375 0.22890625 0.04375 0.0609375
1 0.615625 0.2171875 0.04375 0.0578125
1 0.6453125 0.2078125 0.0484375 0.0625
1 0.67265625 0.19453125 0.0484375 0.06875
1 0.696875 0.1859375 0.0484375 0.0625
1 0.72421875 0.17265625 0.05625 0.071875
1 0.1796875 0.50703125 0.0609375 0.071875
1 0.20390625 0.49609375 0.0609375 0.0734375
1 0.2296875 0.48984375 0.059375 0.075
1 0.259375 0.47890625 0.0578125 0.0703125
1 0.28984375 0.46953125 0.05625 0.0703125
1 0.325 0.45546875 0.053125 0.065625
1 0.34921875 0.44609375 0.0546875 0.0703125
1 0.3796875 0.42890625 0.0515625 0.0671875
1 0.40546875 0.42109375 0.0515625 0.065625
1 0.43203125 0.41015625 0.0546875 0.071875
1 0.4609375 0.39921875 0.0515625 0.06875
1 0.4859375 0.390625 0.05 0.0671875
1 0.515625 0.37890625 0.0515625 0.075
1 0.54453125 0.36875 0.0484375 0.0671875
1 0.571875 0.35546875 0.0546875 0.0734375
1 0.603125 0.340625 0.053125 0.078125
1 0.63515625 0.33359375 0.0546875 0.0796875
1 0.66171875 0.31875 0.059375 0.0828125
1 0.69296875 0.31015625 0.0546875 0.0765625
1 0.7234375 0.29921875 0.0625 0.084375
1 0.7546875 0.28671875 0.05625 0.0796875
1 0.7859375 0.2765625 0.0578125 0.0765625
1 0.18046875 0.571875 0.0625 0.0875
1 0.20859375 0.56484375 0.0703125 0.0921875
1 0.23359375 0.55078125 0.0671875 0.09375
1 0.2625 0.5484375 0.065625 0.0890625
1 0.290625 0.53515625 0.0625 0.0890625
1 0.334375 0.5234375 0.0578125 0.090625
1 0.36328125 0.5109375 0.06875 0.09375
1 0.390625 0.50234375 0.0625 0.0875
1 0.41953125 0.4875 0.0640625 0.0921875
1 0.44921875 0.48125 0.0546875 0.08125
1 0.48046875 0.46953125 0.05625 0.0828125
1 0.5078125 0.46015625 0.0546875 0.078125
1 0.5390625 0.44609375 0.05 0.0765625
1 0.56875 0.43671875 0.0546875 0.078125
1 0.59765625 0.42578125 0.0515625 0.078125
1 0.628125 0.41171875 0.0546875 0.0796875
1 0.66171875 0.403125 0.0546875 0.078125
1 0.690625 0.38984375 0.0578125 0.075
1 0.7234375 0.37890625 0.05625 0.08125
1 0.75390625 0.365625 0.0625 0.0828125
1 0.7859375 0.35625 0.05625 0.0765625
1 0.81796875 0.3375 0.065625 0.0859375
1 0.18203125 0.73671875 0.071875 0.0953125
1 0.2109375 0.72890625 0.0703125 0.090625
1 0.2453125 0.7171875 0.0703125 0.090625
1 0.275 0.70390625 0.0671875 0.0890625
1 0.3078125 0.6984375 0.065625 0.0859375
1 0.3546875 0.67734375 0.0625 0.08125
1 0.38671875 0.66328125 0.065625 0.0890625
1 0.421875 0.6546875 0.075 0.096875
1 0.45234375 0.64375 0.0671875 0.0890625
1 0.4859375 0.63515625 0.0671875 0.090625
1 0.51640625 0.62265625 0.0625 0.0890625
1 0.55078125 0.61171875 0.065625 0.0953125
1 0.5828125 0.596875 0.0625 0.0875
1 0.61875 0.5859375 0.0640625 0.09375
1 0.6515625 0.57109375 0.0625 0.090625
1 0.6890625 0.56328125 0.0640625 0.090625
1 0.725 0.55234375 0.06875 0.09375
1 0.76015625 0.5375 0.06875 0.0921875
1 0.7953125 0.5234375 0.0703125 0.0984375
1 0.83203125 0.5140625 0.075 0.103125
1 0.8640625 0.496875 0.0703125 0.0984375
1 0.89921875 0.4828125 0.0765625 0.1
1 0.16328125 0.8703125 0.0765625 0.0890625
0 0.19921875 0.86171875 0.0828125 0.1
0 0.23984375 0.84921875 0.08125 0.1
0 0.2765625 0.8359375 0.0875 0.1046875
0 0.31640625 0.81875 0.0828125 0.10625
1 0.35234375 0.80546875 0.08125 0.1015625
1 0.39296875 0.7890625 0.0765625 0.09375
0 0.43671875 0.778125 0.0765625 0.09375
0 0.47734375 0.7703125 0.078125 0.096875
0 0.51796875 0.75 0.075 0.0953125
0 0.5578125 0.7390625 0.06875 0.0953125
0 0.596875 0.728125 0.075 0.0984375