0 0.2109375 0.3015625 0.046875 0.0703125
0 0.23671875 0.3 0.046875 0.075
0 0.26484375 0.29609375 0.0453125 0.075
0 0.28984375 0.29140625 0.0484375 0.075
0 0.31640625 0.28984375 0.04375 0.0703125
0 0.35859375 0.2796875 0.04375 0.071875
0 0.3875 0.2765625 0.0375 0.0671875
0 0.41484375 0.275 0.0359375 0.0703125
0 0.43984375 0.26875 0.0375 0.0703125
0 0.46796875 0.26640625 0.0390625 0.06875
0 0.49375 0.26015625 0.034375 0.0609375
0 0.521875 0.25625 0.0359375 0.0640625
0 0.55078125 0.246875 0.034375 0.059375
0 0.57890625 0.24375 0.0390625 0.0671875
0 0.61015625 0.2390625 0.034375 0.065625
0 0.63671875 0.234375 0.0359375 0.0609375
0 0.6671875 0.23046875 0.0359375 0.0609375
0 0.69609375 0.2234375 0.0359375 0.0578125
0 0.728125 0.22109375 0.040625 0.0625
0 0.75859375 0.2125 0.0390625 0.06875
0 0.78515625 0.209375 0.040625 0.0609375
0 0.815625 0.2015625 0.046875 0.0703125
0 0.18828125 0.425 0.053125 0.06875
0 0.21484375 0.41953125 0.053125 0.0703125
0 0.2421875 0.41796875 0.05 0.071875
0 0.2765625 0.41328125 0.05 0.0671875
0 0.309375 0.41015625 0.0484375 0.0703125
0 0.34765625 0.40390625 0.0453125 0.0640625
0 0.37421875 0.39921875 0.0453125 0.06875
0 0.409375 0.38828125 0.04375 0.065625
0 0.43671875 0.38671875 0.04375 0.0640625
0 0.46640625 0.38046875 0.0453125 0.0703125
0 0.49921875 0.37578125 0.0421875 0.06875
0 0.5265625 0.37265625 0.040625 0.0671875
0 0.55859375 0.36640625 0.040625 0.075
0 0.590625 0.36328125 0.0390625 0.0671875
0 0.62109375 0.35625 0.0453125 0.071875
0 0.65625 0.34609375 0.0421875 0.0796875
0 0.68984375 0.346875 0.04375 0.08125
0 0.72109375 0.33828125 0.0484375 0.08125
0 0.7546875 0.3359375 0.04375 0.078125
0 0.7875 0.33125 0.05 0.084375
0 0.82265625 0.325 0.0453125 0.0796875
0 0.85703125 0.32109375 0.0484375 0.075
0 0.17421875 0.49140625 0.05 0.0875
0 0.2046875 0.4890625 0.0578125 0.090625
0 0.2328125 0.48125 0.0546875 0.09375
0 0.26328125 0.48515625 0.0546875 0.0890625
0 0.2953125 0.478125 0.05 0.0890625
0 0.3421875 0.47578125 0.04375 0.0921875
0 0.375 0.46875 0.05625 0.09375
0 0.40390625 0.46640625 0.0515625 0.0875
0 0.4375 0.45703125 0.0515625 0.0921875
0 0.46875 0.45703125 0.0421875 0.0828125
0 0.50390625 0.45234375 0.0453125 0.0828125
0 0.53359375 0.4484375 0.04375 0.0796875
0 0.56796875 0.440625 0.0390625 0.078125
0 0.6 0.4375 0.04375 0.0796875
0 0.6328125 0.4328125 0.040625 0.0796875
0 0.6671875 0.42421875 0.04375 0.0796875
0 0.70234375 0.4234375 0.0421875 0.078125
0 0.734375 0.41640625 0.0484375 0.075
0 0.7703125 0.4125 0.0453125 0.08125
0 0.8046875 0.4046875 0.0515625 0.0828125
0 0.83984375 0.40234375 0.046875 0.0765625
0 0.8765625 0.39140625 0.0546875 0.084375
0 0.140625 0.66015625 0.059375 0.09375
0 0.171875 0.65859375 0.059375 0.0875
0 0.209375 0.6546875 0.0578125 0.0890625
0 0.2421875 0.64765625 0.0546875 0.0875
0 0.27734375 0.6484375 0.0546875 0.084375
0 0.3296875 0.6375 0.0515625 0.0796875
0 0.365625 0.63046875 0.0546875 0.0875
0 0.403125 0.628125 0.0625 0.0953125
0 0.43671875 0.6234375 0.0546875 0.0890625
0 0.47265625 0.621875 0.0546875 0.090625
0 0.50625 0.615625 0.05 0.0890625
0 0.54375 0.61328125 0.0515625 0.096875
0 0.5796875 0.60390625 0.0515625 0.0875
0 0.61875 0.6 0.05 0.0953125
0 0.6546875 0.59296875 0.05 0.090625
0 0.6953125 0.59296875 0.05 0.090625
0 0.73515625 0.58984375 0.05625 0.09375
0 0.7734375 0.58203125 0.05625 0.0921875
0 0.8125 0.57578125 0.05625 0.0984375
0 0.8515625 0.5734375 0.059375 0.103125
0 0.88828125 0.5640625 0.05625 0.0984375
0 0.92734375 0.55625 0.0625 0.0984375
0 0.09296875 0.7921875 0.0671875 0.0859375
0 0.13125 0.790625 0.0703125 0.096875
1 0.175 0.78671875 0.0703125 0.0984375
1 0.21640625 0.78125 0.075 0.1015625
0 0.26015625 0.77265625 0.0703125 0.1046875
1 0.29921875 0.7671875 0.06875 0.0984375
0 0.34453125 0.759375 0.0671875 0.090625
0 0.3921875 0.75703125 0.0671875 0.090625
0 0.43515625 0.7578125 0.0671875 0.0953125
0 0.48046875 0.746875 0.0625 0.09375
0 0.52421875 0.74375 0.05625 0.0953125
0 0.56640625 0.74140625 0.0609375 0.0984375