0 0.540625 0.9171875 0.15625 0.165625
0 0.571875 0.83359375 0.165625 0.2125
0 0.5703125 0.70390625 0.1453125 0.1921875
0 0.575 0.59140625 0.13125 0.1578125
0 0.5671875 0.49765625 0.1234375 0.1359375
0 0.5765625 0.4140625 0.115625 0.121875
0 0.5765625 0.34609375 0.103125 0.1046875
0 0.58359375 0.29375 0.096875 0.0921875
0 0.5921875 0.25234375 0.0921875 0.0875
0 0.390625 0.94609375 0.18125 0.1078125
0 0.45859375 0.52265625 0.1265625 0.1234375
0 0.478125 0.43125 0.109375 0.103125
0 0.47265625 0.37578125 0.1109375 0.096875
0 0.49609375 0.31640625 0.1 0.0859375
0 0.490625 0.265625 0.09375 0.0796875
0 0.165625 0.5453125 0.1015625 0.140625
0 0.19921875 0.46796875 0.0890625 0.125
0 0.2234375 0.40234375 0.090625 0.11875
0 0.2546875 0.34765625 0.0828125 0.0984375
0 0.27109375 0.29140625 0.08125 0.0984375
0 0.290625 0.2546875 0.071875 0.09375
0 0.0390625 0.6140625 0.078125 0.153125
0 0.0671875 0.52578125 0.109375 0.1484375
0 0.10859375 0.46171875 0.0984375 0.1375
0 0.146875 0.40703125 0.090625 0.1140625
0 0.17421875 0.34921875 0.0796875 0.1046875
0 0.2015625 0.3046875 0.0765625 0.096875
0 0.225 0.2609375 0.078125 0.1