0 0.6140625 0.875 0.1890625 0.240625
0 0.621875 0.75546875 0.1859375 0.221875
0 0.60234375 0.62734375 0.1640625 0.2
0 0.59140625 0.51640625 0.1453125 0.165625
0 0.56953125 0.425 0.1359375 0.1453125
0 0.56796875 0.34296875 0.125 0.1296875
0 0.55859375 0.27421875 0.1109375 0.1125
0 0.5578125 0.221875 0.103125 0.1015625
0 0.56015625 0.18046875 0.0984375 0.0953125
0 0.47109375 0.9140625 0.2109375 0.171875
0 0.46640625 0.46484375 0.134375 0.1328125
0 0.4734375 0.37265625 0.1171875 0.1125
0 0.46015625 0.31796875 0.1171875 0.10625
0 0.47578125 0.25625 0.1046875 0.0953125
0 0.46171875 0.20703125 0.0984375 0.0875
0 0.18203125 0.52734375 0.115625 0.1453125
0 0.2046875 0.44609375 0.1015625 0.1296875
0 0.21875 0.3796875 0.1015625 0.1234375
0 0.2421875 0.32109375 0.0921875 0.1046875
0 0.25 0.2640625 0.090625 0.1046875
0 0.26484375 0.22421875 0.0796875 0.0984375
0 0.05625 0.6171875 0.1125 0.1625
0 0.08203125 0.52265625 0.1234375 0.1546875
0 0.11484375 0.453125 0.1125 0.14375
0 0.14453125 0.39453125 0.1 0.11875
0 0.1625 0.33359375 0.0890625 0.1078125
0 0.184375 0.28671875 0.0859375 0.103125
0 0.20078125 0.23984375 0.0875 0.1046875