0 0.6234375 0.87265625 0.16875 0.21875
0 0.634375 0.7640625 0.165625 0.2015625
0 0.6203125 0.64609375 0.146875 0.18125
0 0.6140625 0.54453125 0.1296875 0.15
0 0.59765625 0.46015625 0.121875 0.13125
0 0.5984375 0.38515625 0.1125 0.1171875
0 0.59296875 0.32265625 0.1 0.1015625
0 0.59375 0.275 0.09375 0.090625
0 0.596875 0.23671875 0.0890625 0.0859375
0 0.49140625 0.91328125 0.1890625 0.1734375
0 0.50234375 0.49375 0.121875 0.1203125
0 0.51171875 0.41015625 0.10625 0.1015625
0 0.50078125 0.359375 0.10625 0.0953125
0 0.51640625 0.30390625 0.0953125 0.084375
0 0.50625 0.25859375 0.090625 0.078125
0 0.2390625 0.5421875 0.103125 0.13125
0 0.2625 0.46875 0.0890625 0.1171875
0 0.27734375 0.4078125 0.090625 0.1109375
0 0.3015625 0.35546875 0.08125 0.09375
0 0.3109375 0.303125 0.08125 0.09375
0 0.32578125 0.26796875 0.0703125 0.0875
0 0.11875 0.6203125 0.1078125 0.1484375
0 0.14765625 0.53515625 0.109375 0.140625
0 0.1796875 0.471875 0.1015625 0.1296875
0 0.209375 0.41953125 0.0890625 0.1078125
0 0.228125 0.36484375 0.0796875 0.0984375
0 0.24921875 0.321875 0.0765625 0.0921875
0 0.265625 0.27890625 0.078125 0.09375