1 0.45 0.8828125 0.146875 0.215625
1 0.50546875 0.78203125 0.146875 0.1953125
1 0.54296875 0.6625 0.128125 0.178125
1 0.5796875 0.5625 0.1171875 0.1453125
1 0.6 0.47421875 0.1109375 0.125
1 0.63359375 0.40234375 0.103125 0.1109375
1 0.653125 0.33984375 0.0921875 0.0953125
1 0.675 0.29453125 0.0875 0.084375
1 0.6953125 0.26171875 0.084375 0.0796875
1 0.30078125 0.88203125 0.1734375 0.1953125
1 0.49375 0.465625 0.1140625 0.1125
1 0.5390625 0.3890625 0.1 0.09375
1 0.55 0.3359375 0.1015625 0.0875
1 0.58984375 0.2890625 0.090625 0.0765625
1 0.5984375 0.2421875 0.0859375 0.0703125
1 0.22421875 0.40234375 0.0890625 0.1296875
1 0.275 0.3390625 0.078125 0.115625
1 0.315625 0.2875 0.08125 0.109375
1 0.3609375 0.24765625 0.0734375 0.090625
1 0.39453125 0.2015625 0.0734375 0.090625
1 0.42109375 0.1734375 0.0640625 0.0859375
1 0.075 0.4234375 0.0921875 0.146875
1 0.1375 0.353125 0.0953125 0.1375
1 0.19453125 0.3078125 0.0875 0.128125
1 0.24609375 0.26953125 0.0796875 0.1046875
1 0.28671875 0.225 0.0703125 0.0953125
1 0.32578125 0.19296875 0.06875 0.090625
1 0.359375 0.159375 0.06875 0.0921875