0 0.46328125 0.89140625 0.1375 0.20625
0 0.51640625 0.79375 0.1390625 0.1859375
0 0.55 0.67890625 0.121875 0.16875
0 0.584375 0.58203125 0.1109375 0.1390625
0 0.60234375 0.49765625 0.1046875 0.1171875
0 0.6328125 0.42734375 0.0984375 0.1046875
0 0.6515625 0.36640625 0.0890625 0.090625
0 0.671875 0.32265625 0.084375 0.0796875
0 0.68984375 0.28828125 0.0796875 0.075
0 0.31796875 0.89140625 0.1640625 0.1859375
0 0.49921875 0.48984375 0.109375 0.10625
0 0.5421875 0.415625 0.0953125 0.0890625
0 0.5515625 0.36484375 0.096875 0.0828125
0 0.5890625 0.31953125 0.0875 0.0734375
0 0.596875 0.27265625 0.0828125 0.0671875
0 0.23671875 0.43125 0.084375 0.1234375
0 0.2875 0.37265625 0.0734375 0.1109375
0 0.32578125 0.321875 0.075 0.1046875
0 0.36796875 0.2828125 0.0703125 0.0859375
0 0.396875 0.23671875 0.06875 0.0859375
0 0.42421875 0.21015625 0.059375 0.0828125
0 0.09375 0.45625 0.0859375 0.140625
0 0.15546875 0.38828125 0.090625 0.13125
0 0.20859375 0.34296875 0.08125 0.121875
0 0.25703125 0.30546875 0.075 0.1
0 0.29609375 0.26171875 0.0671875 0.0921875
0 0.33359375 0.23046875 0.0640625 0.0859375
0 0.365625 0.19765625 0.065625 0.0875