1 0.4953125 0.89921875 0.15625 0.2015625
0 0.440625 0.74140625 0.1421875 0.1625
0 0.39453125 0.61796875 0.125 0.1453125
1 0.35703125 0.5125 0.1171875 0.1328125
0 0.32421875 0.415625 0.10625 0.1046875
1 0.30625 0.33203125 0.103125 0.10625
0 0.271875 0.25625 0.0984375 0.090625
0 0.246875 0.1890625 0.0890625 0.0921875
1 0.234375 0.13515625 0.084375 0.0765625
1 0.2140625 0.0828125 0.078125 0.075
1 0.59375 0.8046875 0.125 0.1484375
1 0.5203125 0.67109375 0.13125 0.14375
0 0.48984375 0.54765625 0.1109375 0.1265625
0 0.446875 0.4453125 0.11875 0.115625
0 0.4171875 0.3625 0.1125 0.1015625
0 0.3875 0.28203125 0.10625 0.0953125
0 0.359375 0.21875 0.090625 0.08125
0 0.33203125 0.153125 0.1015625 0.090625
0 0.30625 0.1046875 0.08125 0.0671875
0 0.27890625 0.05703125 0.08125 0.06875
1 0.89765625 0.59765625 0.0921875 0.1296875
1 0.82734375 0.484375 0.0765625 0.128125
0 0.76953125 0.409375 0.075 0.134375
0 0.7125 0.33359375 0.078125 0.1125
0 0.6625 0.25703125 0.078125 0.109375
0 0.62421875 0.20390625 0.06875 0.109375
0 0.58359375 0.14296875 0.0703125 0.0953125
0 0.55234375 0.103125 0.0703125 0.0984375
0 0.51796875 0.05234375 0.0703125 0.1046875
1 0.95234375 0.51484375 0.0953125 0.1140625
1 0.89375 0.41328125 0.0953125 0.10625
1 0.83828125 0.33125 0.103125 0.090625
1 0.78046875 0.2546875 0.0921875 0.084375
0 0.725 0.19296875 0.0796875 0.075
0 0.690625 0.13515625 0.0890625 0.0796875
0 0.64921875 0.0890625 0.071875 0.0671875
0 0.615625 0.0390625 0.08125 0.06875
0 0.9375 0.18984375 0.0578125 0.1109375
0 0.8828125 0.134375 0.0578125 0.0921875
0 0.83671875 0.09453125 0.0609375 0.0890625