0 0.46953125 0.83671875 0.1921875 0.225
0 0.4578125 0.67421875 0.1671875 0.18125
0 0.44609375 0.5484375 0.15 0.1625
1 0.4375 0.4421875 0.1390625 0.15
0 0.43046875 0.34453125 0.121875 0.1203125
0 0.43515625 0.26171875 0.1203125 0.121875
0 0.42109375 0.18359375 0.1109375 0.10625
0 0.415625 0.11484375 0.103125 0.1046875
0 0.4171875 0.06171875 0.0953125 0.0890625
1 0.41171875 0.02578125 0.0890625 0.0515625
0 0.584375 0.7703125 0.15 0.165625
0 0.54921875 0.6296875 0.153125 0.1609375
0 0.5515625 0.5078125 0.1328125 0.1421875
0 0.53671875 0.4015625 0.1359375 0.1328125
0 0.53046875 0.31796875 0.125 0.11875
0 0.5234375 0.2359375 0.1203125 0.1125
0 0.5125 0.1703125 0.1015625 0.0953125
0 0.503125 0.103125 0.1140625 0.10625
0 0.4921875 0.0515625 0.0890625 0.0796875
0 0.478125 0.0203125 0.090625 0.040625
0 0.9171875 0.6546875 0.115625 0.1390625
0 0.88046875 0.5328125 0.1015625 0.134375
0 0.84453125 0.4484375 0.1015625 0.1390625
0 0.8109375 0.36484375 0.0984375 0.1203125
0 0.7828125 0.28125 0.096875 0.11875
0 0.7609375 0.22265625 0.0890625 0.115625
0 0.7390625 0.15625 0.0875 0.103125
0 0.71953125 0.11015625 0.0890625 0.10625
0 0.69609375 0.071875 0.078125 0.0796875
1 0.965625 0.58671875 0.06875 0.1140625
1 0.9515625 0.4828125 0.096875 0.11875
0 0.928125 0.39375 0.115625 0.1078125
0 0.89296875 0.30859375 0.103125 0.0984375
0 0.8578125 0.2375 0.090625 0.0859375
0 0.83984375 0.17578125 0.1 0.09375
0 0.8125 0.121875 0.08125 0.078125
0 0.7890625 0.0828125 0.0796875 0.05
0 0.990625 0.221875 0.01875 0.096875
0 0.9734375 0.175 0.053125 0.09375