1 0.48359375 0.88828125 0.128125 0.2
0 0.53125 0.7890625 0.1296875 0.18125
1 0.559375 0.671875 0.1140625 0.1640625
1 0.5875 0.5734375 0.1046875 0.134375
1 0.6015625 0.4875 0.1 0.1140625
1 0.628125 0.415625 0.09375 0.1
1 0.64375 0.3546875 0.084375 0.0859375
0 0.66171875 0.31015625 0.08125 0.0765625
1 0.67734375 0.275 0.0765625 0.071875
1 0.33828125 0.896875 0.15625 0.178125
0 0.4984375 0.4859375 0.1046875 0.1015625
1 0.53671875 0.409375 0.090625 0.084375
1 0.54453125 0.35859375 0.09375 0.078125
1 0.57890625 0.31015625 0.084375 0.06875
0 0.584375 0.2640625 0.0796875 0.0640625
1 0.2328125 0.44140625 0.078125 0.1203125
1 0.28046875 0.3796875 0.0671875 0.1078125
1 0.315625 0.3265625 0.0703125 0.1015625
0 0.35625 0.28515625 0.065625 0.0828125
1 0.3828125 0.2390625 0.065625 0.0828125
1 0.40859375 0.21015625 0.05625 0.0796875
1 0.09140625 0.47421875 0.0796875 0.1375
1 0.14921875 0.40234375 0.084375 0.128125
1 0.2 0.3546875 0.0765625 0.11875
1 0.246875 0.3140625 0.0703125 0.096875
1 0.28359375 0.26875 0.0625 0.0890625
1 0.31875 0.23515625 0.0609375 0.0828125
1 0.34921875 0.20078125 0.0609375 0.084375