1 0.653125 0.778125 0.184375 0.221875
0 0.55546875 0.64453125 0.1625 0.178125
0 0.47734375 0.54296875 0.14375 0.159375
1 0.41328125 0.45625 0.134375 0.146875
0 0.35546875 0.37578125 0.11875 0.1171875
0 0.31484375 0.30234375 0.1171875 0.11875
0 0.26171875 0.24296875 0.1078125 0.1015625
0 0.21953125 0.18671875 0.1 0.1015625
1 0.19296875 0.140625 0.0921875 0.0859375
1 0.1609375 0.1015625 0.0859375 0.078125
1 0.71640625 0.659375 0.14375 0.1625
0 0.609375 0.55625 0.1484375 0.1578125
0 0.546875 0.4515625 0.128125 0.1390625
0 0.47734375 0.36875 0.1328125 0.1296875
0 0.4265625 0.29921875 0.121875 0.1140625
0 0.3765625 0.23359375 0.1171875 0.109375
0 0.33203125 0.1828125 0.0984375 0.0921875
0 0.28828125 0.1296875 0.1109375 0.103125
0 0.25078125 0.0921875 0.0875 0.0765625
0 0.21484375 0.07109375 0.08125 0.046875
1 0.93828125 0.38125 0.109375 0.1375
0 0.84140625 0.296875 0.0953125 0.134375
0 0.76640625 0.24375 0.0953125 0.1390625
0 0.6921875 0.1890625 0.09375 0.11875
0 0.6234375 0.1328125 0.09375 0.115625
0 0.5734375 0.09453125 0.084375 0.1140625
0 0.51796875 0.05 0.0828125 0.1
0 0.478125 0.0359375 0.078125 0.071875
0 0.440625 0.01875 0.06875 0.0375
1 0.94296875 0.2953125 0.0640625 0.1109375
1 0.8828125 0.21171875 0.109375 0.1171875
1 0.80859375 0.1515625 0.1125 0.103125
1 0.7328125 0.09765625 0.1015625 0.0953125
0 0.6640625 0.0546875 0.0890625 0.084375
0 0.615625 0.02890625 0.096875 0.0578125
0 0.565625 0.009375 0.075 0.01875
0 0.86015625 0.02421875 0.0734375 0.0484375