1 0.61796875 0.89140625 0.178125 0.2125
0 0.6296875 0.78671875 0.18125 0.2171875
1 0.6109375 0.66171875 0.1609375 0.1953125
1 0.6 0.553125 0.1421875 0.1625
1 0.57890625 0.46328125 0.13125 0.140625
1 0.578125 0.3828125 0.121875 0.1265625
1 0.56875 0.3171875 0.1078125 0.109375
0 0.56796875 0.265625 0.1015625 0.0984375
1 0.5703125 0.22421875 0.096875 0.09375
1 0.478125 0.92890625 0.196875 0.1421875
0 0.47890625 0.50234375 0.1328125 0.1296875
1 0.4859375 0.4125 0.1140625 0.1109375
1 0.47265625 0.36015625 0.1140625 0.1046875
1 0.4875 0.29921875 0.1015625 0.0921875
0 0.47421875 0.25234375 0.096875 0.0859375
1 0.20078125 0.5640625 0.1125 0.1421875
1 0.221875 0.48515625 0.0984375 0.125
1 0.2359375 0.41953125 0.1 0.1203125
0 0.259375 0.3625 0.0890625 0.1015625
1 0.2671875 0.30625 0.0890625 0.1015625
1 0.28125 0.26796875 0.078125 0.0953125
1 0.07421875 0.65234375 0.11875 0.159375
1 0.10234375 0.559375 0.1203125 0.1515625
1 0.13359375 0.4921875 0.1109375 0.140625
1 0.16328125 0.434375 0.0984375 0.115625
1 0.18203125 0.375 0.0875 0.10625
1 0.203125 0.32890625 0.084375 0.1
1 0.21875 0.2828125 0.084375 0.1015625