1 0.4984375 0.89609375 0.125 0.2
1 0.5453125 0.7953125 0.128125 0.1796875
0 0.57109375 0.678125 0.1125 0.1640625
0 0.5984375 0.57734375 0.103125 0.1328125
0 0.609375 0.4921875 0.0984375 0.1125
0 0.6359375 0.41953125 0.0921875 0.1
0 0.65 0.3578125 0.0828125 0.084375
0 0.66796875 0.31171875 0.0796875 0.075
0 0.68359375 0.27578125 0.075 0.0703125
1 0.35390625 0.9078125 0.1546875 0.1765625
1 0.50703125 0.49140625 0.103125 0.1
0 0.54453125 0.4140625 0.0890625 0.084375
0 0.55078125 0.3625 0.0921875 0.0765625
0 0.584375 0.3140625 0.0828125 0.06875
0 0.5890625 0.2671875 0.0796875 0.0625
0 0.23984375 0.4515625 0.0765625 0.1203125
1 0.2859375 0.38828125 0.0671875 0.1078125
0 0.3203125 0.33515625 0.0703125 0.1
1 0.36015625 0.29296875 0.065625 0.0828125
1 0.3859375 0.2453125 0.0640625 0.0828125
1 0.4125 0.21640625 0.0546875 0.0796875
1 0.09765625 0.48671875 0.078125 0.1375
1 0.1546875 0.41328125 0.0828125 0.128125
1 0.20546875 0.36484375 0.075 0.11875
1 0.2515625 0.3234375 0.0703125 0.0953125
1 0.2875 0.27734375 0.0609375 0.0890625
0 0.321875 0.24296875 0.059375 0.0828125
0 0.3515625 0.2078125 0.059375 0.084375