1 0.50859375 0.928125 0.1359375 0.14375
1 0.553125 0.85234375 0.140625 0.196875
1 0.571875 0.72109375 0.121875 0.1796875
1 0.59453125 0.61015625 0.1125 0.1453125
1 0.60078125 0.51484375 0.1078125 0.1234375
1 0.6234375 0.4328125 0.1015625 0.109375
1 0.634375 0.36484375 0.090625 0.09375
0 0.65 0.31328125 0.0875 0.0828125
1 0.6640625 0.27265625 0.0828125 0.078125
1 0.35 0.9453125 0.165625 0.109375
1 0.48828125 0.52265625 0.1125 0.109375
1 0.52265625 0.434375 0.0984375 0.0921875
1 0.5265625 0.37734375 0.1015625 0.084375
1 0.55859375 0.321875 0.090625 0.075
0 0.5609375 0.2703125 0.0875 0.06875
1 0.19296875 0.49921875 0.084375 0.13125
1 0.23828125 0.4265625 0.0734375 0.1171875
1 0.271875 0.365625 0.0765625 0.1109375
1 0.3125 0.315625 0.0703125 0.090625
1 0.3375 0.26171875 0.0703125 0.090625
1 0.36328125 0.228125 0.059375 0.0875
1 0.040625 0.546875 0.08125 0.15
1 0.09609375 0.4640625 0.090625 0.1390625
1 0.1484375 0.40625 0.0828125 0.1296875
1 0.1953125 0.3578125 0.0765625 0.10625
1 0.23125 0.3046875 0.0671875 0.096875
1 0.26640625 0.2640625 0.0640625 0.090625
1 0.29609375 0.2234375 0.065625 0.0921875