1 0.3984375 0.890625 0.1703125 0.21875
1 0.46875 0.80703125 0.1671875 0.203125
1 0.525 0.69921875 0.1484375 0.184375
1 0.5765625 0.61015625 0.13125 0.1515625
1 0.61015625 0.5296875 0.121875 0.1328125
1 0.6546875 0.4671875 0.1140625 0.11875
1 0.684375 0.4109375 0.1015625 0.1015625
1 0.7125 0.37109375 0.0953125 0.0921875
1 0.7375 0.340625 0.090625 0.0859375
1 0.25625 0.86171875 0.190625 0.2015625
1 0.5109375 0.503125 0.1234375 0.121875
1 0.5671875 0.43828125 0.10625 0.103125
1 0.58671875 0.38984375 0.1078125 0.096875
1 0.63203125 0.3515625 0.096875 0.0859375
1 0.6484375 0.3078125 0.090625 0.0796875
1 0.26328125 0.39609375 0.1046875 0.134375
1 0.32421875 0.346875 0.090625 0.11875
1 0.37109375 0.30390625 0.0921875 0.1125
1 0.4203125 0.2734375 0.0828125 0.0953125
1 0.4578125 0.23359375 0.0828125 0.0953125
1 0.490625 0.2125 0.071875 0.0890625
1 0.1171875 0.39296875 0.109375 0.15
1 0.190625 0.33671875 0.1109375 0.1421875
1 0.25234375 0.30234375 0.1015625 0.1328125
1 0.3078125 0.27421875 0.090625 0.109375
1 0.3546875 0.2390625 0.08125 0.1
1 0.396875 0.21484375 0.078125 0.09375
1 0.434375 0.1890625 0.078125 0.0953125