1 0.48203125 0.8953125 0.13125 0.2015625
1 0.53046875 0.7953125 0.1328125 0.1828125
1 0.56015625 0.6796875 0.115625 0.165625
1 0.590625 0.58125 0.10625 0.134375
1 0.60546875 0.496875 0.1015625 0.1140625
1 0.63359375 0.4265625 0.0953125 0.1015625
1 0.64921875 0.365625 0.0859375 0.0859375
1 0.66875 0.3203125 0.08125 0.0765625
1 0.6859375 0.28828125 0.0765625 0.071875
1 0.3390625 0.9015625 0.1578125 0.1796875
1 0.50390625 0.49296875 0.1046875 0.1015625
1 0.5421875 0.41796875 0.090625 0.0859375
1 0.55078125 0.3671875 0.09375 0.078125
1 0.5859375 0.3203125 0.084375 0.0703125
1 0.5921875 0.27421875 0.08125 0.0640625
1 0.2421875 0.446875 0.0796875 0.121875
1 0.2875 0.384375 0.0703125 0.1078125
1 0.3234375 0.33203125 0.071875 0.1015625
1 0.36484375 0.29140625 0.0671875 0.084375
1 0.39453125 0.2453125 0.065625 0.084375
1 0.41875 0.21796875 0.05625 0.08125
1 0.1 0.47421875 0.08125 0.1390625
1 0.15703125 0.40390625 0.0859375 0.128125
1 0.20859375 0.3578125 0.078125 0.11875
1 0.25546875 0.31875 0.071875 0.096875
1 0.29296875 0.2734375 0.0640625 0.0890625
1 0.32890625 0.240625 0.0609375 0.0828125
1 0.359375 0.2078125 0.0625 0.084375