1 0.56953125 0.8859375 0.1453125 0.209375
1 0.59609375 0.78046875 0.1453125 0.190625
1 0.5984375 0.66171875 0.128125 0.171875
1 0.60625 0.56015625 0.115625 0.140625
1 0.60078125 0.47421875 0.109375 0.121875
1 0.61328125 0.4 0.1015625 0.1078125
1 0.615625 0.3375 0.0921875 0.0921875
1 0.6234375 0.290625 0.0875 0.0828125
1 0.63203125 0.253125 0.0828125 0.078125
1 0.43046875 0.91484375 0.1703125 0.1703125
1 0.50234375 0.49375 0.1125 0.109375
1 0.5234375 0.4125 0.096875 0.0921875
1 0.51953125 0.3609375 0.1 0.0859375
1 0.54296875 0.3078125 0.0890625 0.075
1 0.5390625 0.26171875 0.084375 0.0703125
1 0.23515625 0.50546875 0.0890625 0.125
1 0.26875 0.4359375 0.0765625 0.1109375
1 0.29140625 0.378125 0.0796875 0.1046875
1 0.32265625 0.3296875 0.071875 0.0875
1 0.3390625 0.27890625 0.071875 0.0875
1 0.35859375 0.24609375 0.0625 0.0828125
1 0.1046875 0.565625 0.0921875 0.1421875
1 0.14609375 0.4859375 0.0953125 0.1328125
1 0.1859375 0.428125 0.0875 0.125
1 0.22265625 0.38046875 0.0796875 0.1015625
1 0.24921875 0.32890625 0.0703125 0.09375
1 0.27578125 0.2890625 0.0671875 0.0875
1 0.2984375 0.2484375 0.06875 0.0890625