0 0.409375 0.88203125 0.1625 0.2171875
0 0.47578125 0.79609375 0.1609375 0.1984375
0 0.5265625 0.68828125 0.1421875 0.1796875
0 0.575 0.5984375 0.1265625 0.1484375
0 0.6046875 0.51875 0.11875 0.128125
0 0.64609375 0.45546875 0.109375 0.115625
0 0.67421875 0.39921875 0.0984375 0.0984375
0 0.7 0.359375 0.0921875 0.0890625
0 0.7234375 0.328125 0.0875 0.084375
0 0.26640625 0.86015625 0.184375 0.2015625
0 0.50703125 0.49609375 0.1203125 0.1171875
0 0.559375 0.43046875 0.103125 0.0984375
0 0.57734375 0.38125 0.1046875 0.09375
0 0.61953125 0.34296875 0.09375 0.0828125
0 0.634375 0.29921875 0.0890625 0.0765625
0 0.2578125 0.39765625 0.1 0.1296875
0 0.31640625 0.3484375 0.0859375 0.115625
0 0.36171875 0.3046875 0.0875 0.109375
0 0.409375 0.27265625 0.0796875 0.0921875
0 0.4453125 0.2328125 0.078125 0.0921875
0 0.4765625 0.21171875 0.06875 0.0875
0 0.1140625 0.4 0.1046875 0.146875
0 0.184375 0.34375 0.10625 0.1390625
0 0.24453125 0.30703125 0.096875 0.1296875
0 0.29765625 0.278125 0.0875 0.10625
0 0.34296875 0.2421875 0.0765625 0.096875
0 0.38359375 0.21640625 0.0734375 0.090625
0 0.4203125 0.1890625 0.075 0.09375