1 0.11171875 0.78671875 0.128125 0.1859375
1 0.25859375 0.76796875 0.1390625 0.1703125
1 0.4765625 0.73984375 0.14375 0.1546875
1 0.6109375 0.72890625 0.140625 0.1703125
1 0.4015625 0.89140625 0.08125 0.0984375
1 0.47734375 0.8875 0.08125 0.096875
0 0.55390625 0.86640625 0.08125 0.0609375
0 0.63046875 0.8625 0.084375 0.06875
0 0.7078125 0.86015625 0.0859375 0.071875
0 0.7921875 0.85546875 0.090625 0.0671875
0 0.87578125 0.853125 0.0875 0.0734375
0 0.746875 0.69609375 0.15 0.1234375
0 0.89609375 0.68203125 0.1625 0.1296875
0 0.571875 0.53984375 0.440625 0.1546875