1 0.82265625 0.0328125 0.1421875 0.065625
1 0.26484375 0.68671875 0.4046875 0.55625
1 0.19921875 0.203125 0.15 0.1515625
1 0.90625 0.47421875 0.1875 0.4734375
0 0.7921875 0.58125 0.34375 0.4765625
0 0.54765625 0.65234375 0.38125 0.4796875
0 0.43671875 0.25234375 0.3046875 0.1546875
0 0.31484375 0.19453125 0.121875 0.0921875
0 0.4140625 0.165625 0.1203125 0.0921875
0 0.51328125 0.1296875 0.128125 0.09375
0 0.61640625 0.08984375 0.1125 0.0875
0 0.7140625 0.05859375 0.1171875 0.0921875
0 0.721875 0.16171875 0.3171875 0.1671875
0 0.31328125 0.07109375 0.0875 0.0859375
0 0.37734375 0.0484375 0.0828125 0.0796875
0 0.44375 0.03203125 0.084375 0.0640625
0 0.5703125 0.009375 0.075 0.01875
0 0.25 0.0984375 0.0796875 0.0640625