1 0.26953125 0.71640625 0.328125 0.428125
0 0.51875 0.6828125 0.29375 0.4140625
0 0.74296875 0.6484375 0.2796875 0.40625
1 0.90546875 0.59375 0.1890625 0.44375
1 0.25859375 0.275 0.11875 0.1140625
0 0.365625 0.271875 0.115625 0.0796875
0 0.47265625 0.34375 0.271875 0.1
0 0.45859375 0.259375 0.1015625 0.0703125
0 0.54921875 0.240625 0.103125 0.06875
0 0.646875 0.215625 0.1109375 0.075
0 0.74296875 0.203125 0.1015625 0.06875
1 0.85078125 0.1453125 0.1421875 0.1421875
1 0.68515625 0.09453125 0.0765625 0.0765625
0 0.625 0.11875 0.071875 0.0578125
0 0.44296875 0.15703125 0.06875 0.0515625
0 0.38359375 0.171875 0.06875 0.05
0 0.3234375 0.1859375 0.071875 0.05
0 0.73515625 0.28125 0.28125 0.1140625
0 0.50234375 0.14453125 0.0671875 0.05