1 0.7625 0.3515625 0.3359375 0.45
0 0.49609375 0.31328125 0.3 0.4359375
0 0.26015625 0.27734375 0.2859375 0.428125
1 0.0890625 0.2625 0.178125 0.446875
1 0.6265625 0.80625 0.1234375 0.11875
0 0.51875 0.77421875 0.121875 0.08125
0 0.43359375 0.6734375 0.2890625 0.096875
0 0.41875 0.7609375 0.1078125 0.071875
0 0.31953125 0.75078125 0.1078125 0.06875
0 0.215625 0.7453125 0.115625 0.0765625
0 0.11015625 0.73671875 0.1078125 0.071875
1 0.0234375 0.76171875 0.046875 0.1421875
1 0.13125 0.8640625 0.0796875 0.078125
0 0.20078125 0.8546875 0.075 0.0609375
0 0.40234375 0.8640625 0.071875 0.053125
0 0.4671875 0.86875 0.071875 0.05
0 0.53359375 0.871875 0.075 0.0515625
0 0.14921875 0.64375 0.2984375 0.1125
0 0.3375 0.86015625 0.0703125 0.0515625