1 0.28046875 0.35390625 0.26796875 0.46015625
0 0.5375 0.33359375 0.24453125 0.40625
0 0.77265625 0.3390625 0.23125 0.415625
0 0.53359375 0.703125 0.2828125 0.09609375
0 0.82109375 0.73828125 0.31015625 0.09296875
0 0.828125 0.82421875 0.1046875 0.065625
0 0.7265625 0.81640625 0.0984375 0.06328125
0 0.628125 0.8046875 0.11015625 0.06484375
0 0.5328125 0.79453125 0.0984375 0.059375
0 0.43515625 0.78671875 0.103125 0.0609375
1 0.33046875 0.7984375 0.10625 0.09921875
1 0.79140625 0.94453125 0.0765625 0.07890625
0 0.71875 0.91953125 0.06953125 0.053125
0 0.59375 0.90625 0.0703125 0.04453125
0 0.46796875 0.89453125 0.06640625 0.05
0 0.4046875 0.8921875 0.0671875 0.04921875
1 0.94765625 0.86328125 0.10390625 0.1203125