0 0.32265625 0.2953125 0.15 0.1140625
1 0.4578125 0.25078125 0.146875 0.1625
0 0.17265625 0.31640625 0.165625 0.125
0 0.1859375 0.13515625 0.0984375 0.0703125
0 0.046875 0.34375 0.09375 0.1125
0 0.27578125 0.13125 0.0921875 0.065625
1 0.6015625 0.21953125 0.146875 0.1609375
1 0.83359375 0.18046875 0.15625 0.165625
0 0.3578125 0.121875 0.0890625 0.0671875
0 0.4359375 0.109375 0.0890625 0.0546875
0 0.51640625 0.0921875 0.084375 0.0734375
1 0.59609375 0.06953125 0.0875 0.0875
1 0.6734375 0.05234375 0.0890625 0.0984375
0 0.490625 0.4125 0.4359375 0.1859375
0 0.54609375 0.89609375 0.4359375 0.2078125
0 0.8625 0.88515625 0.275 0.2046875
0 0.83515625 0.378125 0.325 0.1734375