0 0.1359375 0.63984375 0.1796875 0.153125
0 0.05625 0.80546875 0.1078125 0.090625
1 0.2703125 0.703125 0.1796875 0.190625
0 0.03984375 0.6 0.0796875 0.14375
0 0.14375 0.8234375 0.1 0.078125
1 0.409375 0.74453125 0.1765625 0.19375
0 0.225 0.84296875 0.1015625 0.0796875
0 0.30546875 0.86328125 0.09375 0.075
1 0.38125 0.90234375 0.10625 0.1125
1 0.4546875 0.92421875 0.0984375 0.1125
1 0.63046875 0.8296875 0.1765625 0.2078125
0 0.73046875 0.65546875 0.40625 0.2421875
0 0.3453125 0.52421875 0.4625 0.253125