1 0.0296875 0.16015625 0.059375 0.1515625
1 0.79453125 0.5765625 0.3625 0.540625
1 0.65546875 0.1046875 0.140625 0.14375
1 0.09609375 0.6578125 0.1921875 0.471875
0 0.26640625 0.69453125 0.3078125 0.4640625
0 0.51953125 0.6609375 0.346875 0.4625
1 0.14453125 0.06796875 0.096875 0.05
0 0.45859375 0.246875 0.3046875 0.1265625
0 0.546875 0.14453125 0.11875 0.0828125
0 0.44296875 0.15859375 0.1171875 0.0828125
0 0.3375 0.16640625 0.1234375 0.0828125
0 0.2265625 0.171875 0.109375 0.0796875
0 0.1234375 0.18203125 0.1125 0.0828125
0 0.159375 0.28046875 0.3171875 0.1390625
0 0.49765625 0.03515625 0.0828125 0.0703125
0 0.42890625 0.03671875 0.078125 0.071875
0 0.35859375 0.0453125 0.08125 0.0671875
0 0.22578125 0.06015625 0.071875 0.0546875
0 0.56640625 0.0296875 0.0765625 0.059375