1 0.11796875 0.20859375 0.128125 0.1875
1 0.27109375 0.2234375 0.1375 0.1703125
1 0.49765625 0.24375 0.14375 0.15625
1 0.63671875 0.25 0.1390625 0.171875
1 0.4140625 0.08984375 0.08125 0.1
1 0.49296875 0.09140625 0.0796875 0.0984375
0 0.5734375 0.1109375 0.08125 0.0609375
0 0.6515625 0.1109375 0.084375 0.0671875
0 0.73359375 0.1109375 0.0859375 0.0703125
0 0.8203125 0.11171875 0.090625 0.065625
0 0.91015625 0.11015625 0.0875 0.0734375
0 0.77890625 0.27890625 0.1515625 0.1234375
0 0.928125 0.2859375 0.14375 0.128125
0 0.60234375 0.44609375 0.45 0.14375
0 0.21875 0.41484375 0.384375 0.128125
0 0.209375 0.9046875 0.4171875 0.1875
0 0.59765625 0.93984375 0.3953125 0.1203125