1 0.115625 0.1921875 0.1578125 0.159375
1 0.20234375 0.73125 0.4046875 0.5375
0 0.47265625 0.6515625 0.3671875 0.4875
1 0.88125 0.44296875 0.2375 0.4984375
0 0.715625 0.5734375 0.3328125 0.4828125
1 0.775 0.01171875 0.146875 0.0234375
0 0.64453125 0.034375 0.1171875 0.06875
0 0.54296875 0.06328125 0.1296875 0.1015625
0 0.44453125 0.10234375 0.1171875 0.0953125
0 0.3421875 0.1390625 0.1296875 0.1
0 0.23828125 0.17109375 0.1375 0.1140625
0 0.36875 0.23984375 0.3359375 0.175
0 0.66484375 0.13046875 0.3453125 0.1828125