0 0.7046875 0.31328125 0.1484375 0.115625
1 0.57578125 0.26484375 0.146875 0.1609375
0 0.84921875 0.33828125 0.1640625 0.125
0 0.8421875 0.1640625 0.096875 0.0703125
0 0.9609375 0.36953125 0.078125 0.1109375
0 0.75625 0.15625 0.0921875 0.0671875
1 0.4375 0.23046875 0.1453125 0.159375
1 0.21484375 0.18515625 0.15625 0.165625
0 0.6765625 0.14453125 0.0875 0.0671875
0 0.60234375 0.13046875 0.0890625 0.05625
0 0.52421875 0.1109375 0.0828125 0.0734375
1 0.44765625 0.0859375 0.0875 0.0859375
1 0.37421875 0.06640625 0.0890625 0.0984375
0 0.53828125 0.42109375 0.4265625 0.1921875
0 0 0.9581655874999999 0.27474666718749996 0.9822028062499999 0.3123074921875 0.86167168125 0 0.7781511421875 0 0.9581655874999999