1 0.05546875 0.10703125 0.1109375 0.128125
1 0.73828125 0.609375 0.26875 0.4703125
1 0.67890625 0.15234375 0.1140625 0.11796875
1 0.06875 0.58125 0.1375 0.4265625
0 0.23203125 0.64140625 0.22734375 0.4046875
0 0.471875 0.646875 0.26640625 0.39609375
1 0.21171875 0.03046875 0.08671875 0.0609375
0 0.47578125 0.25546875 0.2765625 0.0765625
0 0.57265625 0.1734375 0.10234375 0.06171875
0 0.47421875 0.17109375 0.10078125 0.06171875
0 0.37578125 0.16328125 0.1078125 0.06171875
0 0.271875 0.1515625 0.09375 0.06015625
0 0.17578125 0.14609375 0.09765625 0.0640625
0 0.19375 0.2421875 0.28671875 0.0859375
0 0.54375 0.06015625 0.06875 0.06484375
0 0.47890625 0.05546875 0.06484375 0.06015625
0 0.4125 0.05234375 0.06796875 0.05625
0 0.2875 0.04609375 0.0609375 0.0484375
0 0.6078125 0.06953125 0.065625 0.0453125