0 0.409375 0.7640625 0.33125 0.378125
0 0.2421875 0.3890625 0.115625 0.0828125
0 0.140625 0.4109375 0.1203125 0.084375
0 0.784375 0.271875 0.1 0.0765625
0 0.33671875 0.3703125 0.109375 0.0828125
0 0.5171875 0.33203125 0.11875 0.0859375
0 0.19609375 0.81796875 0.3078125 0.3640625
0 0.4234375 0.34921875 0.109375 0.0796875
1 0.8359375 0.6234375 0.328125 0.4375
1 0.4921875 0.2375 0.078125 0.0796875
1 0.55 0.21796875 0.08125 0.0859375
0 0.6109375 0.3125 0.1109375 0.0828125
0 0.69453125 0.29453125 0.1046875 0.0859375
1 0.6234375 0.696875 0.3234375 0.3859375