0 0.825 0.3359375 0.1703125 0.1390625
0 0.90234375 0.1875 0.0984375 0.084375
0 0.9703125 0.20234375 0.059375 0.0859375
1 0.69765625 0.27890625 0.16875 0.175
0 0.940625 0.371875 0.11875 0.14375
0 0.81953125 0.16328125 0.1 0.0875
1 0.5625 0.24921875 0.1625 0.1765625
0 0.74375 0.1453125 0.09375 0.0875
0 0.66953125 0.1296875 0.090625 0.08125
1 0.59453125 0.10859375 0.0953125 0.1015625
1 0.52578125 0.0890625 0.090625 0.1046875
0 0.27421875 0.3421875 0.371875 0.221875
0 0.63984375 0.45234375 0.4234375 0.2328125
1 0.36328125 0.18828125 0.1640625 0.1875
0 0 0.88150705 0.284031984375 0.9539325359375 0.3345498421875 0.8419517796875 0.06456265624999999 0.72842255 0 0.7928296984375 0 0.88150705
0 0.66724256875 1 0.6695475203125001 0.975708440625 0.34374755625 0.8426731609375 0.28947128437499997 0.9593073499999999 0.44591045625000003 1 0.66724256875 1