1 0.0953125 0.24765625 0.128125 0.1828125
1 0.2421875 0.2515625 0.1375 0.16875
1 0.46015625 0.25546875 0.14375 0.153125
1 0.59296875 0.25234375 0.1390625 0.16875
1 0.36953125 0.11484375 0.08125 0.0984375
1 0.4453125 0.1109375 0.0796875 0.096875
0 0.5234375 0.1234375 0.0796875 0.0609375
0 0.5984375 0.11953125 0.0828125 0.0671875
0 0.67578125 0.1140625 0.084375 0.0703125
0 0.75859375 0.10859375 0.0890625 0.0671875
0 0.84453125 0.1 0.0859375 0.0734375
0 0.73046875 0.2703125 0.1484375 0.1234375
0 0.884375 0.26640625 0.1609375 0.128125
0 0.5734375 0.4421875 0.434375 0.153125
0 0.2046875 0.4375 0.371875 0.1359375