1 0.7234375 0.2703125 0.38125 0.478125
0 0.45859375 0.33125 0.34375 0.4609375
0 0.22265625 0.38515625 0.328125 0.4515625
1 0.08203125 0.446875 0.1640625 0.475
1 0.77265625 0.75390625 0.1390625 0.13125
0 0.65625 0.76171875 0.128125 0.09375
0 0.53828125 0.69609375 0.2953125 0.128125
0 0.5546875 0.78203125 0.1125 0.0828125
0 0.45703125 0.8046875 0.1140625 0.0796875
0 0.3546875 0.8375 0.121875 0.0890625
0 0.253125 0.86875 0.1125 0.08125
1 0.14921875 0.925 0.1421875 0.15
1 0.321875 0.96796875 0.0875 0.0640625
0 0.3890625 0.9515625 0.0796875 0.0671875
0 0.5796875 0.88828125 0.0796875 0.0625
0 0.64453125 0.87109375 0.0765625 0.059375
0 0.71171875 0.85234375 0.0796875 0.0578125
0 0.25546875 0.77265625 0.30625 0.14375
0 0.51640625 0.90703125 0.075 0.059375