0 0.58828125 0.4109375 0.4453125 0.1984375
0 0.728125 0.23359375 0.175 0.13125
0 0.1921875 0.446875 0.3796875 0.1921875
1 0.57734375 0.2296875 0.159375 0.171875
1 0.2078125 0.259375 0.1609375 0.1921875
1 0.43515625 0.24375 0.1671875 0.165625
0 0.8828125 0.2140625 0.1765625 0.140625
0 0.4875 0.09140625 0.0953125 0.08125
1 0.40703125 0.0828125 0.0953125 0.115625
1 0.32734375 0.09296875 0.0953125 0.1203125
1 0.065625 0.271875 0.13125 0.196875
0 0.5671875 0.08203125 0.09375 0.0765625
0 0.64921875 0.065625 0.1015625 0.0828125
0 0.73515625 0.0515625 0.1046875 0.084375
0 0.825 0.03984375 0.10625 0.0796875