1 0.18203125 0.0640625 0.1421875 0.128125
1 0.7953125 0.26796875 0.146875 0.140625
0 0.68046875 0.25234375 0.1296875 0.1015625
0 0.584375 0.21953125 0.1234375 0.1046875
0 0.48828125 0.1859375 0.1234375 0.1015625
0 0.39453125 0.153125 0.1140625 0.09375
0 0.30078125 0.11875 0.115625 0.0921875
1 0.36953125 0.03046875 0.0984375 0.0609375
0 0.434375 0.04609375 0.0859375 0.08125
0 0.5578125 0.09609375 0.08125 0.0671875
0 0.68046875 0.13828125 0.084375 0.071875
0 0.7453125 0.1625 0.0828125 0.06875
0 0.44140625 0.66796875 0.375 0.4640625
0 0.21875 0.5875 0.3359375 0.4515625
1 0.1015625 0.4859375 0.203125 0.490625
1 0.703125 0.73125 0.40625 0.503125
0 0.559375 0.3078125 0.3015625 0.1609375
0 0.28359375 0.20703125 0.321875 0.1734375