0 0.22734375 0.74765625 0.146875 0.10546875
0 0.190625 0.91796875 0.08046875 0.0640625
0 0.1046875 0.91953125 0.0921875 0.065625
1 0.36484375 0.78046875 0.13671875 0.14453125
0 0.07578125 0.7421875 0.1515625 0.109375
0 0.27109375 0.91796875 0.08515625 0.0609375
1 0.5 0.784375 0.128125 0.1484375
0 0.3515625 0.91484375 0.07890625 0.06015625
0 0.428125 0.9140625 0.0765625 0.06484375
1 0.503125 0.93046875 0.07578125 0.08515625
1 0.57734375 0.9265625 0.06953125 0.0890625
0 0.7515625 0.61953125 0.34375 0.13984375
0 0.3796875 0.603125 0.396875 0.13828125
1 0.70859375 0.79609375 0.12421875 0.14609375