0 0.44609375 0.16875 0.1140625 0.0734375
0 0.5515625 0.1796875 0.1109375 0.0703125
0 0.33828125 0.16015625 0.1140625 0.0671875
0 0.22421875 0.14453125 0.1296875 0.0734375
1 0.665625 0.17421875 0.11875 0.103125
1 0.16796875 0.01875 0.0796875 0.0375
0 0.4140625 0.6828125 0.2984375 0.4296875
0 0.11484375 0.13125 0.1171875 0.0734375
0 0.521875 0.059375 0.0796875 0.05625
0 0.5890625 0.06640625 0.078125 0.046875
1 0.0359375 0.07734375 0.046875 0.1390625
0 0.653125 0.06953125 0.0703125 0.04375
0 0.45 0.05078125 0.078125 0.0546875
0 0.24375 0.025 0.078125 0.05
0 0.4375 0.2625 0.3171875 0.0953125
0 0.15078125 0.23046875 0.2859375 0.1046875
0 0.15703125 0.65390625 0.265625 0.4609375
1 0.69609375 0.6828125 0.3125 0.44375