0 0.453125 0.18671875 0.10234375 0.0640625
0 0.55078125 0.19375 0.10078125 0.0609375
0 0.35390625 0.18203125 0.10390625 0.059375
0 0.24765625 0.171875 0.1171875 0.06328125
1 0.65546875 0.18515625 0.10703125 0.090625
1 0.1921875 0.0390625 0.07109375 0.0703125
0 0.43984375 0.6609375 0.26171875 0.38671875
0 0.146875 0.1625 0.10625 0.06328125
0 0.51953125 0.08359375 0.07109375 0.04921875
0 0.58203125 0.08828125 0.0703125 0.040625
1 0.04609375 0.11640625 0.0921875 0.12578125
0 0.64140625 0.08828125 0.06328125 0.03828125
0 0.453125 0.078125 0.07109375 0.046875
0 0.2625 0.05703125 0.06953125 0.05078125
0 0.44765625 0.2734375 0.28984375 0.07890625
0 0.1625 0.25390625 0.30234375 0.08828125
0 0.20234375 0.6421875 0.2296875 0.41640625
1 0.7 0.6515625 0.27421875 0.39921875