0 0.37421875 0.5859375 0.2828125 0.3453125
0 0.37109375 0.2 0.109375 0.0671875
0 0.2703125 0.184375 0.1140625 0.0671875
0 0.92421875 0.259375 0.1046875 0.0640625
0 0.4625 0.2109375 0.103125 0.0671875
0 0.646875 0.23359375 0.1125 0.06875
0 0.1421875 0.55 0.2828125 0.340625
0 0.5546875 0.22265625 0.103125 0.0640625
1 0.84375 0.59765625 0.3125 0.3453125
1 0.66171875 0.12734375 0.071875 0.06875
0 0.98515625 0.26796875 0.0296875 0.0546875
1 0.7265625 0.1328125 0.0734375 0.0765625
0 0.18203125 0.24765625 0.2921875 0.109375
0 0.73984375 0.2375 0.1046875 0.0671875
0 0.83203125 0.24609375 0.096875 0.071875
1 0.60078125 0.584375 0.2734375 0.35625