1 0.3 0.73203125 0.3578125 0.46875
0 0.57421875 0.6921875 0.3171875 0.4546875
0 0.81796875 0.659375 0.3015625 0.4453125
1 0.95078125 0.615625 0.0984375 0.471875
1 0.29296875 0.23671875 0.1328125 0.125
0 0.4125 0.23984375 0.1265625 0.0859375
0 0.5265625 0.3171875 0.3 0.10625
0 0.5171875 0.228125 0.1125 0.0765625
0 0.61875 0.2140625 0.1125 0.0734375
0 0.725 0.1890625 0.1203125 0.08125
0 0.83046875 0.16796875 0.1125 0.075
1 0.9140625 0.11953125 0.0828125 0.1453125
1 0.77109375 0.0484375 0.084375 0.0828125
0 0.7 0.07109375 0.078125 0.0640625
0 0.50078125 0.11875 0.0796875 0.0578125
0 0.434375 0.1296875 0.0765625 0.0546875
0 0.3640625 0.14375 0.078125 0.053125
0 0.8171875 0.26328125 0.3078125 0.1203125
0 0.5671875 0.10390625 0.0734375 0.0546875