1 0.48828125 0.290625 0.13203125 0.14140625
1 0.6203125 0.29609375 0.1328125 0.14609375
0 0.7546875 0.3265625 0.14453125 0.096875
1 0.27890625 0.259375 0.12109375 0.165625
0 0.90234375 0.32734375 0.15390625 0.10625
0 0.59453125 0.4703125 0.39453125 0.13828125
0 0.225 0.43671875 0.34921875 0.1203125
1 0.48046875 0.1453125 0.07890625 0.08671875
1 0.4078125 0.13203125 0.0734375 0.109375
0 0.55390625 0.1625 0.07265625 0.0546875
0 0.63046875 0.165625 0.0796875 0.05
0 0.70625 0.1640625 0.08203125 0.0515625
0 0.78359375 0.16328125 0.07421875 0.053125
0 0.865625 0.16328125 0.08828125 0.05703125