0 0.59140625 0.4296875 0.4203125 0.2
0 0.715625 0.25625 0.1625 0.13125
0 0.2203125 0.48125 0.359375 0.190625
1 0.58046875 0.25859375 0.1546875 0.159375
1 0.23359375 0.29140625 0.1546875 0.1828125
1 0.4484375 0.28046875 0.159375 0.1609375
0 0.8625 0.23828125 0.1703125 0.1390625
0 0.490625 0.1359375 0.090625 0.078125
1 0.41484375 0.12734375 0.0921875 0.109375
1 0.34140625 0.1359375 0.0921875 0.1140625
0 0.56328125 0.12265625 0.0921875 0.075
0 0.6421875 0.10703125 0.096875 0.0796875
0 0.72421875 0.09140625 0.1 0.08125
0 0.8109375 0.07734375 0.1015625 0.0828125