0 0.32109375 0.28203125 0.13359375 0.0984375
1 0.44765625 0.24765625 0.12734375 0.14375
0 0.18203125 0.29375 0.14765625 0.10703125
0 0.20234375 0.12890625 0.0875 0.06015625
0 0.05390625 0.3140625 0.10390625 0.09921875
0 0.28515625 0.12890625 0.0828125 0.05625
1 0.58125 0.22578125 0.12734375 0.14140625
1 0.796875 0.2015625 0.1359375 0.14609375
0 0.36171875 0.12421875 0.07890625 0.05703125
0 0.43359375 0.11640625 0.08046875 0.04609375
0 0.50859375 0.1046875 0.07421875 0.0640625
1 0.58359375 0.0875 0.07734375 0.07578125
1 0.65546875 0.07578125 0.078125 0.08671875
0 0.46953125 0.3984375 0.39453125 0.15
0 0.49765625 0.8796875 0.39296875 0.240625
0 0.83359375 0.88046875 0.3328125 0.23203125
0 0.821875 0.38359375 0.35625 0.1453125