0 0.49765625 0.86328125 0.11875 0.078125
0 0.38828125 0.85 0.1171875 0.075
0 0.6078125 0.875 0.11875 0.071875
0 0.72578125 0.8921875 0.134375 0.0765625
1 0.27109375 0.853125 0.125 0.1078125
0 0.53984375 0.334375 0.3140625 0.4484375
0 0.8375 0.90859375 0.121875 0.0765625
0 0.4171875 0.971875 0.0828125 0.053125
0 0.346875 0.9671875 0.08125 0.05
1 0.9359375 0.9453125 0.0875 0.109375
0 0.28203125 0.9625 0.071875 0.0453125
0 0.490625 0.978125 0.08125 0.04375
0 0.70390625 0.99375 0.0796875 0.0125
0 0.50859375 0.7671875 0.328125 0.1046875
0 0.8203125 0.8046875 0.3328125 0.115625
0 0.80390625 0.36875 0.28125 0.4796875
1 0.2484375 0.3296875 0.3296875 0.4625