0 0.6015625 0.43046875 0.45625 0.2265625
0 0.7234375 0.25625 0.1875 0.1484375
0 0.2015625 0.5109375 0.396875 0.2328125
1 0.56796875 0.2734375 0.1796875 0.1765625
1 0.19375 0.3265625 0.1796875 0.20625
1 0.425 0.3015625 0.1828125 0.178125
0 0.87109375 0.22109375 0.1703125 0.153125
0 0.4625 0.1328125 0.103125 0.090625
1 0.38125 0.13359375 0.1078125 0.125
1 0.30078125 0.15 0.1078125 0.1296875
1 0.06328125 0.359375 0.1265625 0.2125
0 0.54296875 0.11484375 0.1015625 0.0875
0 0.6265625 0.09140625 0.109375 0.0921875
0 0.7140625 0.0671875 0.1171875 0.0953125
0 0.80546875 0.046875 0.1140625 0.09375