1 0.24140625 0.67578125 0.2640625 0.38515625
0 0.490625 0.6796875 0.2296875 0.37734375
0 0.71171875 0.684375 0.21640625 0.371875
1 0.91171875 0.66953125 0.1765625 0.4171875
1 0.3046875 0.23515625 0.10625 0.09765625
0 0.41015625 0.2546875 0.10546875 0.0625
0 0.50078125 0.3390625 0.26484375 0.0546875
0 0.5046875 0.25859375 0.09296875 0.05390625
0 0.596875 0.26015625 0.09453125 0.05234375
0 0.6953125 0.25390625 0.10078125 0.0578125
0 0.7921875 0.24921875 0.09296875 0.05390625
1 0.90625 0.21796875 0.121875 0.12265625
1 0.75546875 0.13515625 0.06640625 0.06484375
0 0.68984375 0.1453125 0.06328125 0.04765625
0 0.50625 0.159375 0.065625 0.0421875
0 0.4453125 0.16015625 0.06328125 0.03984375
0 0.38125 0.1625 0.065625 0.03828125
0 0.76875 0.3328125 0.27265625 0.0671875
0 0.56640625 0.15625 0.0609375 0.03984375