1 0.309375 0.740625 0.4 0.4796875
0 0.56171875 0.65859375 0.3625 0.4609375
0 0.78671875 0.58671875 0.3484375 0.45
1 0.9109375 0.509375 0.178125 0.465625
1 0.2203125 0.27421875 0.140625 0.134375
0 0.3328125 0.2578125 0.128125 0.1
0 0.45390625 0.31171875 0.2859375 0.146875
0 0.4296875 0.22890625 0.1125 0.0875
0 0.5234375 0.1984375 0.1140625 0.0859375
0 0.62109375 0.1578125 0.121875 0.09375
0 0.71640625 0.11875 0.1125 0.0859375
1 0.8140625 0.065625 0.15 0.13125
1 0.63984375 0.03046875 0.0890625 0.0609375
0 0.57734375 0.05 0.08125 0.0703125
0 0.396875 0.128125 0.08125 0.065625
0 0.3359375 0.14921875 0.0765625 0.0625
0 0.271875 0.17421875 0.0796875 0.0625
0 0.72265625 0.2125 0.2984375 0.1625
0 0.45703125 0.103125 0.0765625 0.0609375