1 0.71953125 0.64609375 0.26796875 0.46015625
0 0.4625 0.66640625 0.24453125 0.40625
0 0.22734375 0.6609375 0.23125 0.415625
0 0.46640625 0.296875 0.2828125 0.09609375
0 0.17890625 0.26171875 0.31015625 0.09296875
0 0.171875 0.17578125 0.1046875 0.065625
0 0.2734375 0.18359375 0.0984375 0.06328125
0 0.371875 0.1953125 0.11015625 0.06484375
0 0.4671875 0.20546875 0.0984375 0.059375
0 0.56484375 0.21328125 0.103125 0.0609375
1 0.66953125 0.2015625 0.10625 0.09921875
1 0.20859375 0.05546875 0.0765625 0.07890625
0 0.28125 0.08046875 0.06953125 0.053125
0 0.40625 0.09375 0.0703125 0.04453125
0 0.53203125 0.10546875 0.06640625 0.05
0 0.5953125 0.1078125 0.0671875 0.04921875
1 0.0515625 0.1359375 0.103125 0.121875