1 0.33125 0.70234375 0.3890625 0.5359375
0 0.5984375 0.6578125 0.3515625 0.4765625
0 0.8328125 0.590625 0.334375 0.48125
0 0.50078125 0.2828125 0.3125 0.1703125
0 0.77578125 0.175 0.321875 0.16875
0 0.7703125 0.08515625 0.1234375 0.09375
0 0.66796875 0.11796875 0.115625 0.0890625
0 0.57109375 0.15546875 0.128125 0.09375
0 0.4765625 0.1890625 0.115625 0.0859375
0 0.37890625 0.22265625 0.1203125 0.0875
1 0.26953125 0.23671875 0.1328125 0.128125
1 0.7015625 0.01015625 0.096875 0.0203125
0 0.634375 0.02578125 0.084375 0.0515625
0 0.51015625 0.0609375 0.0828125 0.0625
0 0.38515625 0.10390625 0.0796875 0.0671875
0 0.32109375 0.12265625 0.08125 0.0671875
1 0.86015625 0.04453125 0.0953125 0.0890625