0 0.6546875 0.4296875 0.4390625 0.2109375
0 0.83515625 0.33359375 0.178125 0.140625
0 0.2765625 0.32421875 0.3796875 0.2171875
1 0.69453125 0.28125 0.171875 0.16875
1 0.35 0.16328125 0.1703125 0.196875
1 0.559375 0.24296875 0.1734375 0.16875
0 0.94765625 0.3671875 0.1046875 0.14375
0 0.6640625 0.11484375 0.0984375 0.0859375
1 0.5953125 0.08046875 0.1015625 0.11875
1 0.51875 0.06015625 0.103125 0.1203125
1 0.203125 0.1234375 0.1671875 0.2015625
0 0.7421875 0.13515625 0.0953125 0.08125
0 0.8234375 0.15234375 0.1046875 0.0875
0 0.909375 0.16875 0.1125 0.0890625
0 0.97109375 0.18984375 0.0578125 0.0921875