0 0.58984375 0.53671875 0.4375 0.1953125
0 0.76953125 0.6703125 0.1671875 0.1328125
0 0.20234375 0.60703125 0.3734375 0.1890625
1 0.63359375 0.71171875 0.1578125 0.1625
1 0.2765625 0.7921875 0.1578125 0.1875
1 0.49453125 0.7328125 0.1640625 0.1640625
0 0.91640625 0.63984375 0.1671875 0.1421875
0 0.584375 0.8640625 0.09375 0.0796875
1 0.5109375 0.896875 0.09375 0.1140625
1 0.43515625 0.9125 0.0953125 0.1171875
0 0.6609375 0.85390625 0.0953125 0.0765625
0 0.7453125 0.84453125 0.1 0.08125
0 0.83125 0.83203125 0.103125 0.08125
0 0.921875 0.81953125 0.1046875 0.084375
0 0.50546875 0.07109375 0.4453125 0.1421875
0 0.2 0.1234375 0.4 0.225