0 0.77578125 0.2609375 0.146875 0.10546875
0 0.81484375 0.09921875 0.08515625 0.0640625
0 0.9078125 0.0921875 0.09609375 0.06328125
1 0.640625 0.2359375 0.13671875 0.14453125
0 0.9234375 0.2609375 0.153125 0.109375
0 0.7296875 0.09609375 0.08515625 0.0671875
1 0.503125 0.23984375 0.128125 0.14765625
0 0.65234375 0.09609375 0.07890625 0.06953125
0 0.57734375 0.09921875 0.0765625 0.0640625
1 0.5 0.09765625 0.07578125 0.08515625
1 0.4296875 0.0953125 0.06953125 0.0890625
0 0.24921875 0.39765625 0.34375 0.13984375
0 0.62578125 0.41640625 0.396875 0.13828125
1 0.29765625 0.22890625 0.1265625 0.16015625
0 0.13970786562499998 0.81871651875 0.042065362499999995 0.9806642578125 0.40442729999999993 0.9825921609374999 0.42612556250000005 0.8630593984375 0.13970786562499998 0.81871651875
0 0.4351298015625 0.8615511703125 0.4109367953125 0.9864481062499999 0.7917422484375 0.9903040515624999 0.77980806875 0.9112580843750001 0.4351298015625 0.8615511703125