1 0.25546875 0.321875 0.2625 0.3859375
0 0.50546875 0.321875 0.2296875 0.378125
0 0.72890625 0.31953125 0.21640625 0.371875
1 0.91640625 0.328125 0.1671875 0.4046875
1 0.32109375 0.759375 0.10234375 0.096875
0 0.425 0.74375 0.10546875 0.06171875
0 0.51640625 0.66171875 0.26484375 0.0546875
0 0.51953125 0.74453125 0.09296875 0.0546875
0 0.6125 0.7484375 0.09453125 0.0515625
0 0.709375 0.75703125 0.10078125 0.05859375
0 0.80703125 0.76171875 0.09296875 0.05390625
1 0.93203125 0.80078125 0.12421875 0.1234375
1 0.771875 0.87734375 0.06640625 0.06484375
0 0.70859375 0.859375 0.06328125 0.0484375
0 0.52109375 0.8421875 0.0625 0.040625
0 0.4609375 0.8375 0.06171875 0.0390625
0 0.3984375 0.83203125 0.065625 0.0390625
0 0.784375 0.671875 0.27265625 0.06796875
0 0.58203125 0.846875 0.06171875 0.03984375