1 0.74921875 0.2921875 0.23671875 0.415625
0 0.49921875 0.30546875 0.259375 0.38984375
0 0.28046875 0.29140625 0.20390625 0.37421875
1 0.08984375 0.31875 0.1796875 0.396875
0 0.490625 0.62421875 0.27265625 0.075
0 0.21875 0.64765625 0.28515625 0.071875
1 0.68359375 0.715625 0.10703125 0.1046875
0 0.58125 0.69921875 0.0984375 0.05546875
0 0.48828125 0.70703125 0.09375 0.05078125
0 0.396875 0.71875 0.09765625 0.06015625
0 0.3 0.72734375 0.09921875 0.05625
0 0.2078125 0.7359375 0.0890625 0.05703125
1 0.0828125 0.77265625 0.121875 0.10703125
1 0.23984375 0.84921875 0.06640625 0.06875
0 0.3046875 0.83046875 0.06328125 0.04609375
0 0.42890625 0.815625 0.0625 0.04921875