1 0.0703125 0.32265625 0.140625 0.2078125
1 0.20546875 0.29375 0.171875 0.1953125
1 0.42265625 0.2484375 0.175 0.1828125
1 0.5546875 0.21484375 0.1734375 0.1953125
1 0.30078125 0.128125 0.1015625 0.1140625
1 0.375 0.10703125 0.1 0.1125
0 0.45546875 0.1015625 0.0921875 0.078125
0 0.52890625 0.0796875 0.0953125 0.084375
0 0.60546875 0.05703125 0.0984375 0.0875
0 0.68671875 0.0375 0.1015625 0.075
0 0.7703125 0.025 0.1 0.05
0 0.69609375 0.20078125 0.171875 0.153125
0 0.84296875 0.1609375 0.18125 0.159375
0 0.57890625 0.40703125 0.4578125 0.25
0 0.2109375 0.4875 0.3921875 0.2171875