1 0.26328125 0.7109375 0.25234375 0.4390625
0 0.509375 0.765625 0.24140625 0.36875
0 0.73046875 0.77578125 0.20546875 0.3640625
1 0.91484375 0.76328125 0.1703125 0.3953125
1 0.33203125 0.31171875 0.10625 0.096875
0 0.43203125 0.33046875 0.10234375 0.06171875
0 0.52265625 0.41484375 0.26171875 0.0546875
0 0.5234375 0.334375 0.09296875 0.0546875
0 0.6171875 0.334375 0.09453125 0.0515625
0 0.71171875 0.33359375 0.096875 0.0515625
0 0.80703125 0.334375 0.09296875 0.05390625
1 0.9296875 0.303125 0.11953125 0.11796875
1 0.77109375 0.21953125 0.06640625 0.06484375
0 0.70859375 0.23046875 0.06328125 0.0484375
0 0.584375 0.2359375 0.0625 0.040625
0 0.465625 0.2359375 0.06171875 0.0390625
0 0.40234375 0.2375 0.065625 0.0390625
0 0.7875 0.409375 0.27265625 0.06796875
0 0.525 0.234375 0.0625 0.04296875
1 0.28515625 0.21640625 0.06875 0.0703125
0 0.6453125 0.2359375 0.06875 0.040625