1 0.30234375 0.76484375 0.3515625 0.4703125
0 0.575 0.790625 0.325 0.41875
0 0.81328125 0.7609375 0.284375 0.409375
1 0.93984375 0.71640625 0.1203125 0.4234375
1 0.30234375 0.34921875 0.1328125 0.1234375
0 0.4125 0.3515625 0.1203125 0.0859375
0 0.525 0.42421875 0.2890625 0.1078125
0 0.5109375 0.3375 0.109375 0.0765625
0 0.6109375 0.3203125 0.1109375 0.0734375
0 0.7125 0.3015625 0.1140625 0.0734375
0 0.8140625 0.284375 0.109375 0.075
1 0.9171875 0.23203125 0.10625 0.140625
1 0.75390625 0.16875 0.0828125 0.08125
0 0.6890625 0.1921875 0.0765625 0.0640625
0 0.55703125 0.22109375 0.075 0.05625
0 0.43046875 0.24375 0.0734375 0.053125
0 0.36328125 0.25703125 0.0765625 0.053125
0 0.8078125 0.36875 0.303125 0.1234375
0 0.49375 0.23046875 0.075 0.0578125
1 0.234375 0.25625 0.0859375 0.0890625
0 0.62265625 0.209375 0.08125 0.05625