1 0.8625 0.11796875 0.146875 0.1359375
1 0.2265625 0.253125 0.1375 0.1296875
0 0.34140625 0.25078125 0.125 0.090625
0 0.43984375 0.2296875 0.1171875 0.09375
0 0.5390625 0.209375 0.11875 0.090625
0 0.63515625 0.18828125 0.109375 0.084375
0 0.73203125 0.165625 0.1109375 0.08125
1 0.67734375 0.05390625 0.09375 0.0875
0 0.61015625 0.078125 0.08125 0.0734375
0 0.48125 0.11171875 0.078125 0.0609375
0 0.35546875 0.1390625 0.0796875 0.0640625
0 0.28828125 0.1546875 0.078125 0.0625
0 0.52734375 0.690625 0.3328125 0.4453125
0 0.75625 0.63828125 0.29375 0.4375
1 0.903125 0.55390625 0.19375 0.4890625
1 0.2609375 0.7203125 0.3609375 0.48125
0 0.45390625 0.3203125 0.3015625 0.128125
0 0.73828125 0.2546875 0.321875 0.1390625