0 0.60703125 0.440625 0.4390625 0.1703125
0 0.7796875 0.29296875 0.1640625 0.125
0 0.209375 0.39765625 0.3734375 0.16875
1 0.6390625 0.2609375 0.1515625 0.1578125
1 0.271875 0.2046875 0.15 0.1828125
1 0.49609375 0.24921875 0.15625 0.159375
0 0.925 0.31171875 0.15 0.1328125
0 0.578125 0.11015625 0.090625 0.075
1 0.5015625 0.08125 0.0890625 0.1109375
1 0.4234375 0.07109375 0.0890625 0.1140625
0 0.65703125 0.11484375 0.0921875 0.071875
0 0.74296875 0.11796875 0.096875 0.0765625
0 0.83125 0.1234375 0.1015625 0.078125
0 0.92421875 0.13125 0.1015625 0.0796875