1 0.296875 0.72578125 0.3515625 0.446875
0 0.54765625 0.66796875 0.3171875 0.43125
0 0.771875 0.61875 0.303125 0.421875
1 0.9125 0.5671875 0.175 0.440625
1 0.2625 0.27265625 0.125 0.121875
0 0.3703125 0.2640625 0.1203125 0.0875
0 0.48046875 0.325 0.278125 0.115625
0 0.46484375 0.2421875 0.10625 0.0765625
0 0.55625 0.21640625 0.10625 0.0734375
0 0.65078125 0.18515625 0.1140625 0.08125
0 0.7484375 0.1578125 0.10625 0.075
1 0.85859375 0.090625 0.1421875 0.15
1 0.6859375 0.05078125 0.08125 0.0796875
0 0.6265625 0.0828125 0.075 0.0625
0 0.44296875 0.14375 0.071875 0.05625
0 0.38359375 0.1625 0.0703125 0.053125
0 0.3234375 0.18203125 0.075 0.0546875
0 0.74609375 0.253125 0.2875 0.13125
0 0.503125 0.125 0.0703125 0.053125