1 0.203125 0.63671875 0.3796875 0.503125
0 0.4625 0.70703125 0.39375 0.484375
0 0.68046875 0.784375 0.3328125 0.43125
1 0.85390625 0.796875 0.2546875 0.40625
0 0.57734375 0.38359375 0.303125 0.1671875
0 0.8515625 0.45 0.296875 0.16875
1 0.4109375 0.2265625 0.14375 0.1421875
0 0.51015625 0.27734375 0.11875 0.0890625
0 0.60703125 0.3 0.1125 0.0828125
0 0.7046875 0.31796875 0.1203125 0.09375
0 0.80546875 0.34140625 0.1203125 0.090625
0 0.90234375 0.3640625 0.109375 0.0875
1 0.98125 0.359375 0.0375 0.1375
1 0.9078125 0.2375 0.090625 0.0921875
0 0.83515625 0.234375 0.0796875 0.06875
0 0.703125 0.20859375 0.0796875 0.0703125