0 0.70625 0.296875 0.1453125 0.1125
1 0.58203125 0.24921875 0.14375 0.1578125
0 0.84453125 0.32421875 0.159375 0.1234375
0 0.84140625 0.15546875 0.09375 0.0703125
0 0.95625 0.35625 0.0875 0.109375
0 0.7578125 0.146875 0.0890625 0.065625
1 0.45 0.21328125 0.14375 0.15625
1 0.2359375 0.165625 0.1515625 0.1625
0 0.68125 0.13515625 0.0859375 0.0671875
0 0.6109375 0.11875 0.0859375 0.05625
0 0.5359375 0.09921875 0.08125 0.071875
1 0.4625 0.07421875 0.084375 0.084375
1 0.3921875 0.05390625 0.0875 0.0953125
0 0.54453125 0.3984375 0.4125 0.1921875
0 0 0.941493534375 0.2688984875 0.9714299531249999 0.3190018921875 0.8198679343749999 0.0131230640625 0.7322448687499999 0.01553314375 0.7389634375 0 0.754492225 0 0.941493534375