1 0.9671875 0.7328125 0.065625 0.134375
1 0.36484375 0.86875 0.1390625 0.13125
0 0.47265625 0.82265625 0.1265625 0.0921875
0 0.57265625 0.8015625 0.1203125 0.096875
0 0.671875 0.78046875 0.11875 0.090625
0 0.7703125 0.759375 0.1109375 0.084375
0 0.86875 0.74140625 0.1125 0.0828125
1 0.86484375 0.86640625 0.09375 0.0890625
0 0.79140625 0.87265625 0.08125 0.075
0 0.65859375 0.89453125 0.078125 0.0625
0 0.53125 0.9203125 0.08125 0.065625
0 0.4640625 0.934375 0.0796875 0.0625
0 0.46328125 0.33984375 0.3359375 0.45
0 0.696875 0.29453125 0.296875 0.4421875
1 0.8828125 0.296875 0.234375 0.490625
1 0.20546875 0.421875 0.365625 0.4875
0 0.5484375 0.71171875 0.3046875 0.1296875
0 0.8375 0.65625 0.325 0.140625