0 0.67890625 0.28203125 0.13359375 0.0984375
1 0.55234375 0.24765625 0.12734375 0.14296875
0 0.81796875 0.29375 0.14765625 0.1078125
0 0.79765625 0.12890625 0.0875 0.0609375
0 0.94609375 0.3140625 0.10390625 0.09921875
0 0.71484375 0.12890625 0.0828125 0.05625
1 0.41875 0.22578125 0.12734375 0.14140625
1 0.203125 0.2015625 0.1359375 0.146875
0 0.63828125 0.125 0.07890625 0.0578125
0 0.56640625 0.1171875 0.08046875 0.046875
0 0.49140625 0.1046875 0.07421875 0.06328125
1 0.41640625 0.0875 0.0765625 0.07578125
1 0.34453125 0.075 0.078125 0.08671875
0 0.53046875 0.3984375 0.39453125 0.15
0 0.042253234375 0.7815110484375001 0.045320109375 0.787869446875 0 0.8437798125 0.0051782500000000006 0.9883760078125 0.3187189765625 0.9903040515624999 0.352351340625 0.8360680625000001 0.042253234375 0.7815110484375001