1 0.3109375 0.25859375 0.3515625 0.459375
0 0.57734375 0.28515625 0.3140625 0.4453125
0 0.81640625 0.31015625 0.3 0.4375
1 0.940625 0.39765625 0.11875 0.4484375
1 0.2984375 0.728125 0.128125 0.121875
0 0.4140625 0.72109375 0.1234375 0.0859375
0 0.5265625 0.65078125 0.290625 0.1078125
0 0.51328125 0.740625 0.109375 0.0765625
0 0.61328125 0.75859375 0.109375 0.0734375
0 0.7171875 0.77578125 0.1171875 0.08125
0 0.8203125 0.7953125 0.109375 0.075
1 0.909375 0.84609375 0.0953125 0.14375
1 0.7609375 0.9109375 0.0828125 0.08125
0 0.696875 0.88046875 0.0765625 0.0640625
0 0.496875 0.846875 0.0734375 0.0546875
0 0.43203125 0.8328125 0.0734375 0.053125
0 0.36640625 0.82265625 0.0765625 0.053125
0 0.8140625 0.6953125 0.3015625 0.121875
0 0.56171875 0.85859375 0.0734375 0.053125