1 0.25234375 0.29609375 0.309375 0.4328125
0 0.52109375 0.303125 0.2734375 0.421875
0 0.7625 0.31484375 0.259375 0.4140625
1 0.93203125 0.346875 0.1359375 0.45625
1 0.290625 0.765625 0.1171875 0.1125
0 0.4046875 0.75625 0.1171875 0.0734375
0 0.509375 0.66796875 0.2875 0.078125
0 0.50390625 0.759375 0.103125 0.065625
0 0.603125 0.76953125 0.1046875 0.0625
0 0.70859375 0.78515625 0.1125 0.0703125
0 0.81171875 0.78828125 0.103125 0.0640625
1 0.921875 0.83515625 0.1203125 0.1390625
1 0.76328125 0.909375 0.075 0.075
0 0.69609375 0.890625 0.071875 0.05625
0 0.4984375 0.8703125 0.0703125 0.0484375
0 0.43515625 0.8609375 0.06875 0.0453125
0 0.36875 0.853125 0.0734375 0.046875
0 0.7953125 0.7046875 0.296875 0.0921875
0 0.56328125 0.87734375 0.06875 0.046875