0 0.6125 0.36171875 0.459375 0.228125
0 0.75 0.1640625 0.1875 0.15
0 0.209375 0.44296875 0.4 0.2328125
1 0.5953125 0.17421875 0.18125 0.178125
1 0.21953125 0.234375 0.1796875 0.2046875
1 0.45390625 0.20859375 0.171875 0.1765625
0 0.87421875 0.13515625 0.1234375 0.140625
0 0.4890625 0.04296875 0.103125 0.0859375
1 0.4046875 0.05390625 0.1015625 0.1046875
1 0.3265625 0.06953125 0.1 0.0984375
1 0.07890625 0.26875 0.1578125 0.2125
0 0.571875 0.0296875 0.1 0.059375
0 0.6546875 0.01953125 0.109375 0.0390625
0 0.746875 0.01015625 0.11875 0.0203125