0 0.659375 0.7734375 0.125 0.1
0 0.56015625 0.80234375 0.121875 0.096875
0 0.759375 0.74296875 0.1234375 0.096875
0 0.86796875 0.7140625 0.1390625 0.1046875
1 0.459375 0.8484375 0.1390625 0.128125
1 0.96171875 0.82265625 0.0765625 0.0921875
0 0.50078125 0.29921875 0.3984375 0.478125
0 0.95390625 0.6875 0.0921875 0.1
0 0.63046875 0.90078125 0.0875 0.0734375
0 0.5671875 0.91796875 0.084375 0.065625
0 0.50859375 0.9390625 0.0765625 0.059375
0 0.6984375 0.88125 0.0875 0.071875
0 0.89453125 0.83359375 0.0875 0.075
0 0.63359375 0.6859375 0.315625 0.1828125
0 0.878125 0.60546875 0.24375 0.1890625
0 0.74375 0.2390625 0.378125 0.478125
1 0.246875 0.40234375 0.415625 0.4953125