0 0.259375 0.2765625 0.153125 0.1234375
0 0.2390625 0.10546875 0.0921875 0.0734375
0 0.14765625 0.0953125 0.1046875 0.0734375
1 0.39765625 0.26171875 0.146875 0.1609375
0 0.10703125 0.27109375 0.175 0.128125
0 0.32265625 0.11640625 0.0859375 0.0625
1 0.5328125 0.2671875 0.1453125 0.1640625
0 0.4 0.12421875 0.0875 0.0640625
0 0.4765625 0.13046875 0.08125 0.059375
1 0.55625 0.11875 0.0875 0.0953125
1 0.62734375 0.121875 0.0796875 0.096875
1 0.75390625 0.259375 0.1421875 0.178125
0 0.78984375 0.44296875 0.365625 0.175
0 0.40859375 0.4421875 0.4203125 0.1765625