1 0.6890625 0.72421875 0.40625 0.5515625
0 0.41640625 0.675 0.365625 0.4890625
0 0.17578125 0.60390625 0.3515625 0.4953125
0 0.5234375 0.29296875 0.31875 0.178125
0 0.23828125 0.1765625 0.340625 0.1796875
0 0.2515625 0.0859375 0.1265625 0.096875
0 0.3546875 0.121875 0.11875 0.0921875
0 0.45390625 0.16171875 0.13125 0.0984375
0 0.54921875 0.1984375 0.11875 0.0890625
0 0.6484375 0.23359375 0.1234375 0.0921875
1 0.76015625 0.25078125 0.1375 0.1328125
1 0.32109375 0.0109375 0.0984375 0.021875
0 0.390625 0.02734375 0.0875 0.0546875
0 0.5171875 0.065625 0.0859375 0.065625
0 0.6453125 0.1125 0.0828125 0.0703125
0 0.709375 0.13203125 0.0828125 0.06875
1 0.15234375 0.04453125 0.1109375 0.0890625