1 0.25625 0.30078125 0.2625 0.3859375
0 0.50390625 0.28125 0.2296875 0.378125
0 0.7265625 0.265625 0.21640625 0.371875
1 0.91640625 0.32109375 0.1671875 0.4046875
1 0.3203125 0.7296875 0.10390625 0.096875
0 0.425 0.70546875 0.10546875 0.06171875
0 0.515625 0.62265625 0.26484375 0.0546875
0 0.51875 0.70625 0.09296875 0.0546875
0 0.6125 0.7078125 0.09453125 0.0515625
0 0.71015625 0.70625 0.10078125 0.05859375
0 0.80703125 0.7078125 0.09296875 0.05390625
1 0.925 0.7390625 0.12421875 0.1234375
1 0.771875 0.82265625 0.06640625 0.06484375
0 0.70859375 0.80546875 0.06328125 0.0484375
0 0.52109375 0.80703125 0.0625 0.040625
0 0.459375 0.80390625 0.06171875 0.0390625
0 0.396875 0.80546875 0.065625 0.0390625
0 0.7859375 0.6171875 0.27265625 0.06796875
0 0.58203125 0.80625 0.06171875 0.03984375