0 0.23671875 0.4203125 0.125 0.090625
0 0.434375 0.80234375 0.34375 0.3953125
0 0.14375 0.4703125 0.125 0.0921875
0 0.48984375 0.28984375 0.11875 0.0875
0 0.325 0.3828125 0.1125 0.0859375
0 0.66171875 0.20078125 0.1140625 0.0875
0 0.7421875 0.16015625 0.1125 0.08125
0 0.17578125 0.340625 0.0859375 0.0609375
0 0.5734375 0.25 0.1109375 0.0859375
1 0.5046875 0.15546875 0.0765625 0.0828125
1 0.4515625 0.18515625 0.078125 0.0796875
0 0.11328125 0.371875 0.0890625 0.0625
0 0.403125 0.3328125 0.1046875 0.078125
0 0.86484375 0.0875 0.05625 0.0625
0 0.23515625 0.309375 0.0828125 0.0578125
1 0.828125 0.53671875 0.34375 0.4171875
1 0.62734375 0.66640625 0.3140625 0.3796875
0 0.2921875 0.27890625 0.078125 0.0703125
0 0.3484375 0.24765625 0.08125 0.0734375
0 0.40390625 0.22421875 0.0765625 0.071875
0 0.2421875 0.85078125 0.35 0.2984375