0 0.38046875 0.75078125 0.3546875 0.40625
0 0.20546875 0.33984375 0.125 0.0875
0 0.09609375 0.3609375 0.1296875 0.090625
0 0.79453125 0.2234375 0.1078125 0.08125
0 0.30859375 0.32265625 0.1171875 0.0875
0 0.5046875 0.284375 0.128125 0.0921875
0 0.16875 0.80390625 0.284375 0.3921875
0 0.40234375 0.3015625 0.1171875 0.084375
1 0.834375 0.60703125 0.33125 0.4703125
1 0.47890625 0.18046875 0.0828125 0.0859375
1 0.54296875 0.1609375 0.0859375 0.0921875
0 0.60625 0.2640625 0.1203125 0.0890625
0 0.696875 0.24609375 0.1125 0.0921875
1 0.6125 0.68203125 0.346875 0.4171875