1 0.1828125 0.1078125 0.1453125 0.1875
1 0.32578125 0.1421875 0.1515625 0.1734375
1 0.53046875 0.1953125 0.16875 0.175
1 0.66875 0.22421875 0.1609375 0.1734375
0 0.7984375 0.26484375 0.165625 0.1390625
0 0.9296875 0.3015625 0.140625 0.14375
0 0.61640625 0.3890625 0.421875 0.21875
0 0.24375 0.31328125 0.3703125 0.190625
1 0.4765625 0.0453125 0.09375 0.090625
1 0.55 0.0484375 0.090625 0.096875
0 0.62265625 0.0703125 0.0828125 0.075
0 0.70078125 0.0828125 0.090625 0.071875
0 0.7765625 0.0984375 0.0875 0.06875
0 0.85625 0.1109375 0.090625 0.06875
0 0.94140625 0.1265625 0.0984375 0.0734375