1 0.20390625 0.35859375 0.3421875 0.4421875
0 0.4515625 0.290625 0.30625 0.428125
0 0.6734375 0.2296875 0.2921875 0.4203125
1 0.875 0.25 0.2453125 0.4421875
1 0.35390625 0.78046875 0.1234375 0.11875
0 0.4546875 0.7359375 0.1203125 0.084375
0 0.53046875 0.634375 0.2796875 0.1078125
0 0.55 0.71796875 0.1046875 0.0734375
0 0.6453125 0.70078125 0.10625 0.071875
0 0.74453125 0.68046875 0.1140625 0.078125
0 0.84296875 0.6625 0.1046875 0.0734375
1 0.94609375 0.671875 0.1078125 0.15
1 0.8296875 0.7859375 0.0796875 0.0796875
0 0.76171875 0.78125 0.0734375 0.0609375
0 0.571875 0.81953125 0.071875 0.053125
0 0.50859375 0.82890625 0.0703125 0.0515625
0 0.44609375 0.8421875 0.075 0.0515625
0 0.80234375 0.575 0.2890625 0.121875
0 0.63359375 0.8078125 0.0703125 0.053125