1 0.584375 0.24140625 0.1859375 0.19375
1 0.715625 0.2953125 0.1875 0.2
0 0.84296875 0.375 0.1875 0.1609375
1 0.37109375 0.1375 0.1875 0.2171875
0 0.9453125 0.4296875 0.109375 0.159375
0 0.62109375 0.4765625 0.459375 0.2921875
0 0.2484375 0.303125 0.40625 0.25625
1 0.6265625 0.08984375 0.115625 0.1203125
1 0.55625 0.059375 0.115625 0.11875
0 0.69765625 0.13671875 0.0953125 0.0828125
0 0.775 0.16484375 0.1015625 0.08125
0 0.8546875 0.19296875 0.1046875 0.0859375
0 0.9359375 0.22109375 0.1 0.0859375
0 0.9828125 0.25078125 0.034375 0.0921875
0 0.15703125 0.77421875 0.3140625 0.3296875
0 0.4484375 0.8671875 0.4625 0.265625