1 0.1890625 0.67578125 0.3328125 0.44375
0 0.4515625 0.71328125 0.296875 0.4296875
0 0.6859375 0.7484375 0.2828125 0.4234375
1 0.88046875 0.76640625 0.2296875 0.4484375
1 0.3234375 0.22578125 0.1234375 0.1171875
0 0.4296875 0.2578125 0.1203125 0.08125
0 0.5140625 0.3578125 0.2859375 0.096875
0 0.52890625 0.2703125 0.10625 0.0703125
0 0.62734375 0.28125 0.10625 0.06875
0 0.7296875 0.28515625 0.1140625 0.0765625
0 0.834375 0.2953125 0.10625 0.0703125
1 0.9484375 0.271875 0.103125 0.146875
1 0.8140625 0.16875 0.0796875 0.078125
0 0.74453125 0.178125 0.0734375 0.059375
0 0.54609375 0.16875 0.071875 0.0515625
0 0.48125 0.1640625 0.0703125 0.05
0 0.41484375 0.16171875 0.075 0.05
0 0.796875 0.3859375 0.296875 0.1109375
0 0.61015625 0.17265625 0.0703125 0.0515625