1 0.49375 0.71875 0.12890625 0.140625
1 0.62265625 0.7140625 0.12890625 0.14609375
0 0.75703125 0.6859375 0.14453125 0.10390625
1 0.27890625 0.74140625 0.12109375 0.165625
0 0.9 0.68046875 0.15078125 0.10546875
0 0.5984375 0.5296875 0.39453125 0.13828125
0 0.225 0.56328125 0.34921875 0.1203125
1 0.4828125 0.86171875 0.07890625 0.08671875
1 0.4109375 0.871875 0.0734375 0.103125
0 0.55859375 0.84453125 0.07265625 0.0546875
0 0.6328125 0.84375 0.0796875 0.04921875
0 0.71015625 0.8453125 0.08203125 0.05390625
0 0.78828125 0.84609375 0.0765625 0.05546875
0 0.871875 0.846875 0.08828125 0.05703125