0 0.74921875 0.3046875 0.13984375 0.10859375
0 0.7828125 0.1421875 0.08515625 0.0640625
0 0.871875 0.1390625 0.09609375 0.06328125
1 0.61640625 0.278125 0.13125 0.14453125
0 0.896875 0.3125 0.16015625 0.11015625
0 0.7015625 0.1453125 0.07890625 0.05390625
1 0.4859375 0.27265625 0.128125 0.14765625
0 0.62578125 0.14609375 0.08125 0.0546875
0 0.5515625 0.1453125 0.075 0.0515625
1 0.47578125 0.12734375 0.07734375 0.08515625
1 0.40703125 0.12421875 0.06953125 0.08828125
1 0.2734375 0.24609375 0.1234375 0.1625
0 0.2234375 0.4203125 0.34375 0.13984375
0 0.590625 0.4515625 0.396875 0.13828125
0 0.0973961484375 0.8245003656250001 0.116119384375 0.8360882078125 0.0203670984375 1 0.3881535625 0.9903040515624999 0.406597078125 0.9035463343749999 0.0973961484375 0.8245003656250001
0 0.7570248359375 0.9556009640625 0.4077860515625 0.8985882078125 0.38272895625 0.9999437046875 0.751600309375 0.9980158015624999 0.7570248359375 0.9556009640625