0 0.253766059375 0.8869721921875 0.9041529 0.7128104468750001 0.67768779375 0.5492142109375 0.24845755781249998 0.6228325234375001 0.253766059375 0.8869721921875
0 0.525567496875 0.437089846875 0.24152074687499997 0.46480364375 0.24640569375000002 0.52527508125 0.5711932156249999 0.4742836125 0.525567496875 0.437089846875
0 0.46222668437500003 0.38798915625 0.235332125 0.41141130156249994 0.240519475 0.46357648906250004 0.5240748828124999 0.4359811015625 0.46222668437500003 0.38798915625
1 0.19419799843750002 0.2698491703125 0.173919925 0.23805447968750001 0.107002203125 0.23925430468750003 0.09720111406250001 0.276448059375 0.1026085984375 0.34723621250000003 0.0828192375 0.3653139984375 0.189466459375 0.3640333859375 0.1962258078125 0.3376378125 0.19419799843750002 0.2698491703125
1 0.059010689062499996 0.239854178125 0.00088015 0.23265538437500002 0.00020421875000000003 0.36943248125 0.0836304765625 0.3667545390625 0.1022706390625 0.3484360046875 0.0792887875 0.2854465515625 0.059010689062499996 0.239854178125
1 0.272606659375 0.2404540859375 0.224277184375 0.24165387656249998 0.1962258078125 0.3358381140625 0.189466459375 0.3664329921875 0.29051896250000003 0.359234196875 0.28308364375 0.27944754843749997 0.272606659375 0.2404540859375
0 0.2871677140625 0.33174746875 0.28887388281250004 0.35162886250000003 0.3669282390625 0.344345359375 0.35138170625 0.3293478640625 0.2871677140625 0.33174746875
0 0.449054534375 0.3461450578125 0.4198889421875 0.32930048125 0.351719665625 0.3293478640625 0.3682801046875 0.3455451515625 0.449054534375 0.3461450578125
0 0.49468025468750004 0.3263483734375 0.42110580156250005 0.32930048125 0.4463507796875 0.3461450578125 0.5217177015625001 0.341945753125 0.49468025468750004 0.3263483734375
0 0.7695079140625001 0.41264284062499995 0.9161861375000001 0.46303444687499995 0.9996643234375 0.4306398265625 1 0.41684214375 0.921593646875 0.3964455515625 0.7695079140625001 0.41264284062499995
0 0.71475705 0.36345109062500003 0.64750135625 0.3688501875 0.69854945625 0.38764237968750004 0.699548478125 0.38684717343749997 0.7296276640625 0.3838476609375 0.71475705 0.36345109062500003
1 0.9290266828125 0.30826031875000004 0.8925261078125001 0.2848642359375 0.8617710000000001 0.2446709578125 0.7255697859375 0.23507256875000002 0.70799541875 0.29566242656249997 0.69954621875 0.3868471515625 0.7691926296875 0.4120111859375 0.9202395234375 0.3958456453125 0.9307165078124999 0.359851671875 0.9290266828125 0.30826031875000004