0 0.66814564375 0.5384358765624999 0.44020078749999997 0.5608250031249999 0.1969393859375 0.5800156515625 0.1050406328125 0.8486846546875 0.8960906312500001 0.7783190265625 0.66814564375 0.5384358765624999
0 0.548053803125 0.413310965625 0.250292159375 0.41203653281249997 0.2289702703125 0.4789992234375 0.5743699906249999 0.4571031375 0.548053803125 0.413310965625
0 0.2659773796875 0.3636798203125 0.2495297859375 0.4125810875 0.5472313828125001 0.413310965625 0.49953335 0.3585707640625 0.2659773796875 0.3636798203125
1 0.2622766703125 0.29380538125 0.26268787968749996 0.2500132078125 0.2524081078125 0.214979471875 0.23801644375 0.1887041671875 0.1968974421875 0.183595071875 0.175104371875 0.1879742890625 0.16482461406249999 0.23249634062500002 0.168525325 0.29380538125 0.15560896562499998 0.300561859375 0.251585746875 0.30621315312499997 0.2622766703125 0.29380538125
1 0.33028456875 0.195248034375 0.28461519375 0.1949016125 0.27817464062499997 0.22538718593749998 0.26431768906249997 0.2873976234375 0.25207904062500003 0.3057936375 0.3449221890625 0.3106082390625 0.3425801703125 0.23577999843750003 0.33028456875 0.195248034375
1 0.13580075625000002 0.18318018281249998 0.061441646875 0.1710552375 0.0516832421875 0.17763735625 0.0356794421875 0.30304394375 0.157448065625 0.299970503125 0.168784203125 0.2933439828125 0.157464434375 0.2341049578125 0.13580075625000002 0.18318018281249998
0 0.3444052796875 0.309463721875 0.42972093906250003 0.310260753125 0.40143207500000005 0.2891393109375 0.343507209375 0.2891393109375 0.3444052796875 0.309463721875
0 0.4292919171875 0.309668240625 0.50291279375 0.31344890625 0.479563253125 0.2963126328125 0.424108071875 0.29192894062499997 0.4292919171875 0.309668240625
1 0.75944699375 0.3338714515625 0.7670805125 0.27568785625 0.7792043015625 0.24061827187499998 0.75316058125 0.22268496875000002 0.6478630796875 0.2186997953125 0.631248978125 0.29202707656250004 0.6338090656250001 0.328329003125 0.671437146875 0.35180475625 0.756752815625 0.356188446875 0.75944699375 0.3338714515625
0 0.67234128125 0.352731540625 0.75495670625 0.379700996875 0.7863887843749999 0.378903965625 0.7706727453125 0.353797340625 0.67234128125 0.352731540625
1 1 0.3035840890625 0.94646793125 0.23782865000000003 0.8903391890625001 0.22308348281249998 0.787960384375 0.21830126875000003 0.7679785671875 0.2705071125 0.7603450656249999 0.3259011 0.7526391875 0.3785695203125 0.825956571875 0.413575034375 0.9997311234374999 0.41477058749999995 1 0.3035840890625