1 0.79609375 0.3390625 0.0875 0.2703125
1 0.69296875 0.346875 0.0859375 0.23828125
1 0.59140625 0.33125 0.08828125 0.2421875
1 0.49375 0.3359375 0.09140625 0.23984375
1 0.3890625 0.33515625 0.0875 0.24609375
1 0.3015625 0.3390625 0.0875 0.2421875
1 0.2046875 0.3296875 0.084375 0.23203125
1 0.884375 0.33515625 0.0859375 0.24609375
0 0.10703125 0.6203125 0.0953125 0.27734375
0 0.784375 0.61953125 0.09375 0.25703125
0 0.690625 0.621875 0.0953125 0.26171875
0 0.59140625 0.625 0.0984375 0.2703125
0 0.49375 0.6140625 0.1 0.2671875
0 0.4 0.62265625 0.09765625 0.26875
0 0.29921875 0.6203125 0.09765625 0.275
0 0.19140625 0.60390625 0.09609375 0.265625
0 0.88203125 0.62421875 0.0953125 0.265625
1 0.96171875 0.34453125 0.0765625 0.2484375
1 0.1605073546875 0.22665763125 0.066951884375 0.22042245624999998 0.053379665624999996 0.42839826875 0.1552171296875 0.4432048953125 0.1605073546875 0.22665763125