1 0.434375 0.60546875 0.1828125 0.3671875
1 0.89296875 0.5875 0.2140625 0.334375
1 0.20859375 0.60546875 0.246875 0.353125
1 0.6828125 0.63125 0.1984375 0.3390625
1 0.4671875 0.403125 0.1671875 0.20625
1 0.60234375 0.40625 0.1984375 0.1875
1 0.81328125 0.38828125 0.159375 0.2265625
1 0.9609375 0.36328125 0.0765625 0.240625
1 0.2984375 0.39140625 0.1984375 0.2375
1 0.11640625 0.3765625 0.1546875 0.2265625
1 0.0515625 0.6265625 0.103125 0.2890625
1 0.11328125 0.103125 0.1234375 0.1171875
1 0.23125 0.10234375 0.1390625 0.0890625
1 0.36171875 0.09453125 0.1484375 0.103125
1 0.48828125 0.090625 0.1359375 0.115625
1 0.61484375 0.09296875 0.1234375 0.103125
1 0.7453125 0.0890625 0.13125 0.103125
1 0.86640625 0.0875 0.1484375 0.103125
1 0.96484375 0.08203125 0.0578125 0.10625
1 0.0203125 0.1140625 0.040625 0.096875