1 0.49921875 0.68828125 0.2 0.353125
1 0.6046875 0.41796875 0.1734375 0.25625
1 0.8171875 0.63359375 0.2046875 0.30625
1 0.33359375 0.68515625 0.1984375 0.3046875
1 0.65859375 0.6640625 0.1890625 0.28125
1 0.33671875 0.45703125 0.16875 0.1984375
1 0.728125 0.41875 0.19375 0.2109375
1 0.85859375 0.4 0.1671875 0.18125
1 0.95546875 0.36953125 0.0890625 0.2
1 0.21875 0.50546875 0.1390625 0.2140625
1 0.0984375 0.5171875 0.1375 0.2078125
1 0.18828125 0.76015625 0.1796875 0.3046875
1 0.940625 0.60859375 0.11875 0.2828125
1 0.47734375 0.47421875 0.1515625 0.1890625