1 0.453125 0.12109375 0.2125 0.2421875
1 0.29453125 0.134375 0.2109375 0.240625
1 0.1328125 0.1515625 0.2234375 0.21875
1 0.88125 0.1328125 0.1625 0.265625
1 0.77578125 0.14140625 0.2421875 0.2828125
1 0.61484375 0.1375 0.2421875 0.275
0 0.04375 0.171875 0.0875 0.196875
1 0.53515625 0.39921875 0.375 0.3328125
1 0.92578125 0.659375 0.1484375 0.409375
1 0.1140625 0.65859375 0.228125 0.4140625
1 0.45625 0.66953125 0.296875 0.4296875
1 0.821875 0.6859375 0.2921875 0.4046875
1 0.26328125 0.690625 0.284375 0.39375
0 0.63359375 0.69375 0.2671875 0.3703125