1 0.93359375 0.38203125 0.1328125 0.4453125
1 0.890625 0.3578125 0.21875 0.425
1 0.5421875 0.2515625 0.2578125 0.4109375
1 0.446875 0.22734375 0.2640625 0.440625
1 0.35234375 0.20859375 0.2609375 0.4171875
1 0.25859375 0.19296875 0.2609375 0.3859375
1 0.11328125 0.1734375 0.1703125 0.346875
1 0.09765625 0.63359375 0.1953125 0.4109375
1 0.05234375 0.6015625 0.1046875 0.40625
0 0.828125 0.32890625 0.25625 0.409375
0 0.73046875 0.296875 0.2703125 0.428125
0 0.62890625 0.27109375 0.2671875 0.4203125
0 0.16640625 0.18125 0.2640625 0.3625
0 0.87421875 0.8390625 0.1796875 0.321875
0 0.81796875 0.8140625 0.2734375 0.371875
0 0.71953125 0.7921875 0.2703125 0.415625
0 0.628125 0.784375 0.265625 0.43125
0 0.5375 0.75859375 0.2640625 0.4203125
0 0.44453125 0.73125 0.259375 0.4171875
0 0.35 0.71015625 0.2578125 0.43125
0 0.253125 0.690625 0.2625 0.425
0 0.15703125 0.65546875 0.271875 0.428125