1 0.94453125 0.371875 0.1109375 0.41875
1 0.90234375 0.35546875 0.1953125 0.3984375
1 0.56015625 0.2796875 0.221875 0.3859375
1 0.46875 0.2625 0.2265625 0.4125
1 0.37734375 0.24140625 0.2234375 0.4125
1 0.2875 0.22890625 0.225 0.390625
1 0.11484375 0.19921875 0.2015625 0.3984375
1 0.13671875 0.671875 0.21875 0.384375
1 0.07890625 0.640625 0.1578125 0.396875
0 0.83671875 0.33359375 0.2203125 0.384375
0 0.74140625 0.31015625 0.2328125 0.4
0 0.64375 0.2921875 0.23125 0.39375
0 0.19765625 0.20390625 0.2265625 0.4078125
0 0.90859375 0.83046875 0.1328125 0.3390625
0 0.86015625 0.809375 0.2359375 0.38125
0 0.76640625 0.7921875 0.2328125 0.415625
0 0.67734375 0.7828125 0.228125 0.4125
0 0.58984375 0.759375 0.228125 0.39375
0 0.49921875 0.740625 0.2234375 0.390625
0 0.409375 0.7265625 0.221875 0.4046875
0 0.31640625 0.71328125 0.2265625 0.3984375
0 0.22265625 0.6875 0.234375 0.4
0 0.03359375 0.6453125 0.0671875 0.375