1 0.9453125 0.2953125 0.109375 0.4125
1 0.6375 0.28046875 0.2421875 0.4359375
1 0.5046875 0.27421875 0.234375 0.4078125
1 0.77265625 0.30546875 0.2390625 0.4453125
1 0.2375 0.2546875 0.25 0.4125
1 0.375 0.271875 0.2328125 0.39375
1 0.88828125 0.334375 0.2234375 0.40625
0 0.196875 0.64765625 0.2328125 0.4125
0 0.59453125 0.69609375 0.2328125 0.4078125
0 0.4625 0.68359375 0.23125 0.415625
0 0.3296875 0.675 0.2453125 0.4203125
0 0.73046875 0.728125 0.2390625 0.434375
0 0.921875 0.7515625 0.15625 0.4265625
0 0.85078125 0.75078125 0.24375 0.440625