1 1 0.373542884375 0.9832037265625001 0.28539953906250004 0.9143097921875001 0.274512740625 0.9335780843749999 0.39200651406250003 1 0.40301956875 1 0.373542884375
1 0.8369937453125 0.266358478125 0.8606265671875001 0.38601680312500003 0.9302690390624999 0.394435965625 0.9060367609375 0.27471203593750004 0.8369937453125 0.266358478125
0 0.6602703046875 0.2472549875 0.5866071890625 0.23489794375 0.5817966593749999 0.23422186875 0.60010661875 0.35408781718750004 0.67881713125 0.362602053125 0.6602703046875 0.2472549875
1 0.6654279203125 0.246384315625 0.6835301828125 0.36124764374999996 0.763805309375 0.37800338125 0.7430330046875 0.2573972671875 0.6654279203125 0.246384315625
1 0.7472265921875 0.25676715781250004 0.767589965625 0.3814379296875 0.8499405703124999 0.3925554015625 0.8277209046875 0.267640525 0.7472265921875 0.25676715781250004
1 0.5047251546875 0.22496787187499998 0.5195830453125 0.3461660109375 0.60040188125 0.35497655156249996 0.5820303703125 0.23583241250000003 0.5047251546875 0.22496787187499998
1 0.4186737 0.2152541625 0.43280181406249996 0.3376462046875 0.516695353125 0.34752581875 0.502803590625 0.22455260312499997 0.4186737 0.2152541625
0 0.1693690625 0.178025690625 0.086669890625 0.1656003640625 0.09044822031250001 0.31055105625 0.175352365625 0.32191406875 0.1693690625 0.178025690625
0 0.16970126875 0.178875090625 0.1768119953125 0.3253536875 0.26364594375 0.3382869609375 0.2584894765625 0.1929588859375 0.16970126875 0.178875090625
0 0.3369815734375 0.20318751875 0.3497749390625 0.3525603859375 0.4313845890625 0.363392921875 0.416580596875 0.211966290625 0.3369815734375 0.20318751875
0 0.25904293749999996 0.1922339578125 0.26456338281249997 0.3393107796875 0.34880831093750003 0.349239775 0.33454615 0.20445066875 0.25904293749999996 0.1922339578125
1 0.9344157953125001 0.40532530156249996 0.8543490546875001 0.3957236359375 0.879231228125 0.554923371875 0.96558841875 0.5677130046875 0.9344157953125001 0.40532530156249996
1 1 0.41610929375000005 0.9382659625 0.40490659687499997 0.967556790625 0.5745188406249999 0.993543775 0.580901828125 1 0.534963403125 1 0.41610929375000005
1 0.5989668874999999 0.365499253125 0.5206258046875 0.3556099484375 0.5360377078125 0.5100913671875 0.6229348046875 0.519039359375 0.5989668874999999 0.365499253125
1 0.849500421875 0.4031850265625 0.76503050625 0.39152526249999997 0.795125715625 0.547020634375 0.876349396875 0.551906675 0.849500421875 0.4031850265625
1 0.6806406218750001 0.37958942812499996 0.602382165625 0.3676222140625 0.6226634328125 0.517695378125 0.7082107640624999 0.536247471875 0.6806406218750001 0.37958942812499996
1 0.6840668390625 0.382235196875 0.71028195625 0.5371914796875 0.793217153125 0.548194340625 0.761955059375 0.391670346875 0.6840668390625 0.382235196875
1 0.4508518640625 0.5046484812500001 0.5346871640625 0.5118603203125 0.5171122828125 0.3546482578125 0.43651849218749994 0.3452803015625 0.4372879046875 0.3673946890625 0.4508518640625 0.5046484812500001
1 0.09098548906250001 0.307353240625 0.0237664109375 0.29592979375 0.0030859078125 0.44307922031249997 0.09006305625 0.4542467015625 0.09098548906250001 0.307353240625
0 0.1785450109375 0.3296505890625 0.09307239687499999 0.3142614546875 0.093662875 0.4547526234375 0.1821581625 0.4650147234375 0.1785450109375 0.3296505890625
1 0.349854228125 0.354646796875 0.265491434375 0.341683796875 0.2735959671875 0.47908386875 0.36202409687500003 0.49020579062499997 0.349854228125 0.354646796875
0 0.2644905359375 0.3406418953125 0.1801793265625 0.3282430234375 0.1848582390625 0.467569296875 0.2721540171875 0.48201302031250004 0.2644905359375 0.3406418953125
1 0.43215927499999995 0.36751985625 0.3512818609375 0.3563516453125 0.36247427656250003 0.48961614062500003 0.4476608953125 0.502894178125 0.43215927499999995 0.36751985625
1 0.9549211484375 0.855716103125 0.9240429359375 0.684839371875 0.8507758593749999 0.67109365 0.8730165937500001 0.8642874140625001 0.9523538125 0.8739836484374999 0.9549211484375 0.855716103125
1 0.18649870468750002 0.5802461234375 0.0952172359375 0.5640730406250001 0.096146665625 0.757816278125 0.19320376718750001 0.7724993296875 0.18649870468750002 0.5802461234375
1 0.771010265625 0.6594664453125 0.7897019171874999 0.8562272796875 0.870941909375 0.8645171171875001 0.8464073234375 0.671843265625 0.771010265625 0.6594664453125
1 0.286781546875 0.5947476093749999 0.295533928125 0.7879234625 0.39064984062499997 0.8018124140625 0.3769704859375 0.6028449234375 0.286781546875 0.5947476093749999
0 0 0.7469966671875 0.09541327031249999 0.7554763125 0.092456909375 0.565069025 0 0.5543996921875001 0 0.7469966671875
1 0.660650109375 0.6468745234375 0.6818424234375 0.8416942953125 0.7702722375 0.8551648625 0.7463842328125 0.6578903359375 0.660650109375 0.6468745234375
1 0.4848582765625 0.7865845453125 0.4869452140625 0.8072078859375 0.58278058125 0.8264107796875001 0.55810794375 0.6342388109375 0.4712010390625 0.622847959375 0.4848582765625 0.7865845453125
1 0.37934355625 0.60891255 0.3912247859375 0.7998080859375001 0.48439930000000003 0.8108177765625 0.4682768859375 0.62506029375 0.37934355625 0.60891255
0 0.190568153125 0.5799750453125 0.1958441921875 0.7749555499999999 0.2945547046875 0.7883071234375 0.283536409375 0.599617996875 0.190568153125 0.5799750453125
0 0.5604692828125 0.636963871875 0.5856184671875 0.8307773171875 0.6805902796875001 0.84151831875 0.658068521875 0.6470422218749999 0.5604692828125 0.636963871875
1 0.0833448125 0 0.0838935265625 0.06748699062499999 0.16405371562499999 0.077937596875 0.16099797656249998 0 0.0833448125 0
1 0.1614078890625 0 0.1645597578125 0.0792314765625 0.24471995 0.089682084375 0.2395096328125 0 0.1614078890625 0
1 0.93464336875 1 0.9526334703125 0.8719937734375 0.8709874515625 0.865838021875 0.8902150234375 1 0.93464336875 1
0 0.24046400937499998 0 0.245172296875 0.09100915625 0.3250825640625 0.104792253125 0.31554124843750003 0 0.24046400937499998 0
1 0.31691579999999997 0 0.3253172484375 0.1048252359375 0.40246993125 0.11779537343749999 0.3913120796875 0.0115771265625 0.326418571875 0 0.31691579999999997 0
1 0.472206278125 0.028476357812500002 0.39172880625 0.0111952203125 0.4027494765625 0.1174092546875 0.4818380953125 0.128524434375 0.472206278125 0.028476357812500002
1 0.79483636875 1 0.77178626875 0.8573771421874999 0.6829088640625 0.8443540546875001 0.702820909375 1 0.79483636875 1
1 0.7006782140625 1 0.679614640625 0.8444232640625 0.5869072640625 0.8364292624999999 0.6071794875000001 1 0.7006782140625 1
1 0.8890699671875 1 0.86761449375 0.8646568671875 0.7777162578125 0.85582258125 0.7982520984375 1 0.8890699671875 1
1 0.6042689484375 1 0.5822360609375 0.8346051296875 0.49261106874999994 0.8188466328124999 0.507453965625 1 0.6042689484375 1
1 0.0985319921875 0.7622252421875 0.1004120875 0.9487553671875 0.200699653125 0.9628498656250001 0.18961759843749998 0.775558671875 0.0985319921875 0.7622252421875
1 0.192742609375 0.7779400609375 0.2040865765625 0.9633258671875 0.3039033578125 0.9773542000000001 0.28968370781249997 0.791169059375 0.192742609375 0.7779400609375
1 0.2913903390625 0.7918040953125 0.304878509375 0.9774912484374999 0.40662111718749994 0.9917902406250001 0.3898814453125 0.8075714515625 0.2913903390625 0.7918040953125
1 0.505549646875 1 0.48835724375 0.8183172984375 0.39268355 0.8066585234374999 0.4065961984375 0.9917867375 0.4650365953125 1 0.505549646875 1
1 0 0.93464336875 0.09661089218749999 0.94822114375 0.0965925296875 0.76248485 0 0.7513865281250001 0 0.93464336875
1 0.6986180328125 0.054352453125 0.712757859375 0.1685419609375 0.787085946875 0.17769569062499999 0.7698741140625 0.06219141406249999 0.6986180328125 0.054352453125
1 0.48183982500000005 0.128099271875 0.5568025359375001 0.13747834375 0.5428481609375 0.039680646874999996 0.47332280156250006 0.028633275000000003 0.48183982500000005 0.128099271875
1 0.7719239953125 0.063125709375 0.787532421875 0.178990975 0.8630186234374999 0.1909521375 0.8343100421875 0.074478303125 0.7719239953125 0.063125709375
1 0.6195574374999999 0.049959421875 0.63495341875 0.153083846875 0.7113316421875 0.1657567125 0.6946551828125 0.0567896984375 0.6195574374999999 0.049959421875
1 0.6167150953125 0.050487371875 0.543883434375 0.03870293125 0.5578189171875 0.1392028421875 0.633974234375 0.152458215625 0.6167150953125 0.050487371875
1 1 0.16948256875 0.9809651890625 0.0996127515625 0.9087301953125 0.08581951875 0.9398904874999999 0.2030481765625 1 0.21149601875 1 0.16948256875
1 0.8622405046875 0.19536619375 0.9379052375000001 0.20276916875 0.9122292515625 0.11127720625 0.9045622828125 0.0856440140625 0.83950294375 0.077792925 0.8622405046875 0.19536619375