1 0.7573023875 0.116228121875 0.8302385078125001 0.2156006796875 0.902345175 0.1927511625 0.825834290625 0.093936865625 0.7573023875 0.116228121875
1 0.6823016578125001 0.1449939203125 0.7602722749999999 0.24431521250000002 0.8283338921875 0.21939561875 0.749780653125 0.12029516093749999 0.6823016578125001 0.1449939203125
0 0.5106519109375001 0.2103155703125 0.437039221875 0.2334886953125 0.4322934796875 0.23512278437499998 0.50546191875 0.33713406875 0.5819153781249999 0.3080459078125 0.5106519109375001 0.2103155703125
1 0.514990471875 0.207091315625 0.5856174515625 0.3045839578125 0.667383071875 0.28236619375 0.5916003 0.1808276875 0.514990471875 0.207091315625
1 0.5951644859375 0.1782779 0.6724804453125001 0.2837589859375 0.7535076515625 0.25536438125 0.6743682828125 0.1505293453125 0.5951644859375 0.1782779
1 0.3570011875 0.2627590296875 0.4276178546875 0.3676198921875 0.50615124375 0.337815553125 0.43326525781249997 0.2364992046875 0.3570011875 0.2627590296875
1 0.273226834375 0.2941860265625 0.3437326421875 0.4004910921875 0.4255985703125 0.3702300515625 0.35503728125 0.263277775 0.273226834375 0.2941860265625
0 0 0.5069278453125 0.0158650046875 0.5361808703125 0.0993581109375 0.5068142734375 0.026250481250000002 0.37685065 0 0.3856106 0 0.5069278453125
0 0.026955334375 0.3774785 0.102317671875 0.5093030484375001 0.18832489531250002 0.4804795984375 0.1153019859375 0.3487994109375 0.026955334375 0.3774785
0 0.19235983125 0.32139571718750004 0.27431281875 0.45322365312499996 0.3545241046875 0.424913909375 0.26975545156249997 0.2921346125 0.19235983125 0.32139571718750004
0 0.1154708734375 0.34787070781249996 0.1896504 0.48099369843749995 0.27186298125 0.4506132921875 0.1907114515625 0.323704403125 0.1154708734375 0.34787070781249996
1 0.8372669015625 0.2274973046875 0.75905414375 0.256218621875 0.8567516812499999 0.3914400703125 0.9422525640625 0.3627078578125 0.8372669015625 0.2274973046875
1 0.9472618984375 0.3680639953125 0.9806845546874999 0.36023256875 0.9254551796875001 0.19983481875 0.8406142890625 0.22530378125 0.9472618984375 0.3680639953125
1 0.5097739781249999 0.348198853125 0.433014559375 0.3758447796875 0.5197779625 0.511157525 0.603970996875 0.47862704375 0.5097739781249999 0.348198853125
1 0.7580963796875 0.265379390625 0.6748635640625 0.294268346875 0.7756193859375 0.42362475625 0.8526816734375 0.390009090625 0.7580963796875 0.265379390625
1 0.5915747203125 0.3228649953125 0.5139151421875 0.3485547625 0.603089784375 0.47751426874999997 0.6905524375 0.4544794546875 0.5915747203125 0.3228649953125
1 0.595971575 0.3236981859375 0.692902484375 0.4543783671875 0.7744139609375 0.42560361718750006 0.6721007640625001 0.2958457546875 0.595971575 0.3236981859375
1 0.43880687656250006 0.546119096875 0.5193658515624999 0.5134237234375 0.4293285375 0.376606540625 0.3507404265625 0.4057908921875 0.3618382 0.42583565468750006 0.43880687656250006 0.546119096875
1 0 0.5836713062500001 0.0352503375 0.68604571875 0.0830198875 0.6689558375 0.0148572046875 0.5329779265625 0 0.5376200765625 0 0.5836713062500001
0 0.105931640625 0.512454553125 0.02002375 0.538372896875 0.086571221875 0.667733015625 0.17285277500000001 0.635664971875 0.105931640625 0.512454553125
1 0.27536601875 0.455111659375 0.1916195390625 0.48274778124999995 0.2636315125 0.6057287140625001 0.3502551984375 0.5744855906249999 0.27536601875 0.455111659375
0 0.1902087140625 0.4822561703125 0.1067747515625 0.5103886265625001 0.17653836875 0.6367548421875 0.26368033125 0.6091083828125 0.1902087140625 0.4822561703125
1 0.35717607500000004 0.42835839375000007 0.2774811140625 0.45601470156249996 0.35039256875 0.5737301890625 0.43504538750000005 0.5459980859375 0.35717607500000004 0.42835839375000007
1 1 0.544242053125 0.959036703125 0.49028575781250006 0.88513615625 0.5119915984375 0.9963729171875 0.679820625 1 0.6784980078125 1 0.544242053125
1 0.2309849484375 0.7399566281250001 0.13936167500000002 0.7678781140625001 0.23123942187500002 0.946217121875 0.32747916875 0.9142097937500001 0.2309849484375 0.7399566281250001
1 0.8062489875000001 0.5387025140625 0.9158946406249999 0.7114888781250001 0.994571078125 0.6810063828125 0.881467075 0.5147337750000001 0.8062489875000001 0.5387025140625
1 0.3301087 0.7062676890625 0.4289209546875 0.8804112609375 0.5230007484375 0.848582325 0.41693223437500004 0.6714071484375 0.3301087 0.7062676890625
0 0.1372887015625 0.770092775 0.0724960890625 0.7942152359375 0.1370231890625 0.9816155421874999 0.22946499375 0.944402171875 0.1372887015625 0.770092775
1 0.6987461500000001 0.5788835171875 0.8097817484375 0.748705034375 0.897510396875 0.7196283125 0.7828401406250001 0.5488069734375001 0.6987461500000001 0.5788835171875
1 0.421967278125 0.6758921531250001 0.5225883375 0.84646298125 0.613528365625 0.81288846875 0.5114171765625 0.6490494421874999 0.421967278125 0.6758921531250001
0 0.23460354218749999 0.737796403125 0.3310636453125 0.915236909375 0.4281998234375 0.8812249015625 0.32940968593750003 0.7122849875 0.23460354218749999 0.737796403125
1 0.601873115625 0.6167607375 0.71607825 0.7837964234375 0.80854646875 0.749130375 0.696448571875 0.5802499890624999 0.601873115625 0.6167607375
0 0.603368396875 0.7926426609375 0.61497845 0.8106931546875 0.7122170437500001 0.7834299296875 0.5992217515625 0.617685228125 0.513872015625 0.647966178125 0.603368396875 0.7926426609375
1 0 0.27920276093749996 0.054106759375 0.259964490625 0.000346521875 0.1679675015625 0 0.1680867 0 0.27920276093749996
0 0.0762538515625 0.1425214875 0.001037128125 0.16702151875 0.05514661875 0.26097671875 0.1351798125 0.23618723125000002 0.0762538515625 0.1425214875
1 0.15235114375 0.1190872390625 0.07749506874999999 0.14180182187499998 0.13541133593750002 0.23610751093750001 0.21252422656249997 0.2118622078125 0.15235114375 0.1190872390625
1 0.23475403906249998 0.096711309375 0.15255532031250002 0.118539234375 0.21260014843750003 0.2113747046875 0.2906236015625 0.184509075 0.23475403906249998 0.096711309375
1 0.812012990625 0.7506587484375 0.906197978125 0.8889451609375 0.99924205625 0.8569075140625 0.8999434171875 0.7209590312499999 0.812012990625 0.7506587484375
1 0.7199199265625 0.7884067906250001 0.8101534171875 0.9220159546875 0.9040780140625 0.889675121875 0.8090131546875 0.7522688328125 0.7199199265625 0.7884067906250001
1 1 0.6943064203125 0.9915738296875001 0.6826971375 0.9046716546875 0.7167411953125 1 0.8525170031249999 1 0.6943064203125
1 0.6248593625 0.8164426562499999 0.7110035203125 0.9561560015625 0.8071430359375 0.9230525125 0.7147630687500001 0.7889161234375 0.6248593625 0.8164426562499999
1 0.3732316515625 1 0.32561538749999996 0.91871603125 0.23550649531249998 0.9491658546874999 0.2620355015625 1 0.3732316515625 1
1 0.4943929140625 1 0.42506060625000003 0.88615205 0.3296107703125 0.9194466484375001 0.377016721875 1 0.4943929140625 1
1 0.5836713046875001 1 0.6107806515624999 0.990665503125 0.5249990828125 0.854257103125 0.426929915625 0.8859369796875001 0.49581494531250003 1 0.5836713046875001 1
1 0.52714953125 0.8520994703125 0.6112140546875 0.9905162703125001 0.7088056359375 0.9569127953125 0.6206950109375 0.8179508468750001 0.52714953125 0.8520994703125
1 0.2591457546875 1 0.23384317812500002 0.9503157375000001 0.13848821875 0.9858702953125 0.143353465625 1 0.2591457546875 1
1 0.4931602234375 0 0.45532394062500003 0.014316667187500002 0.5219869125 0.11304740312499999 0.5947067671874999 0.086606321875 0.533065025 0 0.4931602234375 0
1 0.2904254484375 0.1841159484375 0.363835346875 0.157584928125 0.3050440953125 0.073892578125 0.235855525 0.0963320375 0.2904254484375 0.1841159484375
1 0.5352116625 0 0.5957262859375 0.087591975 0.670831146875 0.06319784843750001 0.6162749796875 0 0.5352116625 0
1 0.380484403125 0.047371959375 0.4431052015625 0.1353028609375 0.5193655406250001 0.1111467625 0.45282115625 0.0184256734375 0.380484403125 0.047371959375
1 0.3781160515625 0.0491932421875 0.30553773125 0.0725044671875 0.365581115625 0.158699134375 0.44190993125 0.13518516875 0.3781160515625 0.0491932421875
1 0.7130021875 0 0.7472748859375 0.038277784375 0.81831606875 0.013816343750000001 0.80579096875 0 0.7130021875 0
1 0.6195228687500001 0 0.6721886453125 0.067636115625 0.745316371875 0.038952154687500004 0.7094608234375 0 0.6195228687500001 0