1 1 0.4051468921875 0.981239309375 0.29647407187499997 0.9140579265625 0.2846530375 0.9308997281250001 0.3998343703125 1 0.41253381093749997 1 0.4051468921875
1 0.838594640625 0.2753589515625 0.859667384375 0.39273085625 0.9276227 0.4021525578125 0.9059649078125 0.284706265625 0.838594640625 0.2753589515625
1 0.666114021875 0.25366059375 0.594294203125 0.240320759375 0.589601821875 0.23957755937499997 0.6054661703125 0.35706132031250004 0.68228688125 0.3667311484375 0.666114021875 0.25366059375
1 0.671172115625 0.2528977703125 0.6869184984375 0.3654878578125 0.7651288968750001 0.383240628125 0.7468693859375 0.26499120625 0.671172115625 0.2528977703125
1 0.7509807296875 0.2644470359375 0.7687712062500001 0.3866627125 0.8491070171875 0.3989395328125 0.8295055546875 0.27645347343750004 0.7509807296875 0.2644470359375
1 0.5143963703125001 0.22921265468750002 0.5268625078125 0.3479395703125 0.6057397625000001 0.357935121875 0.5898029453125 0.2411558828125 0.5143963703125001 0.22921265468750002
1 0.43041786562500006 0.21824469375 0.44215009062500005 0.338126171875 0.52401569375 0.3492193765625 0.512524471875 0.2287738375 0.43041786562500006 0.21824469375
0 0.1872735125 0.1775867859375 0.10661911718749999 0.16402555624999998 0.107847128125 0.305781259375 0.1906756921875 0.3183417984375 0.1872735125 0.1775867859375
1 0.1875839 0.17842276875000002 0.19204443437500002 0.3217290515625 0.2767332984375 0.335857565625 0.27416412343749996 0.1937093796875 0.1875839 0.17842276875000002
0 0.3507420875 0.205051315625 0.3607100328125 0.35128403124999996 0.4403261625 0.3632696421875 0.4284271140625 0.2149949359375 0.3507420875 0.205051315625
0 0.27471765000000004 0.1930102265625 0.27761297812499997 0.3368740625 0.35982133906249997 0.3480215515625 0.348339159375 0.206244378125 0.27471765000000004 0.1930102265625
1 0.931492228125 0.4128679828125 0.8533638578125 0.40211196562499996 0.8749853968749999 0.558157453125 0.95921051875 0.5721374015625 0.931492228125 0.4128679828125
1 1 0.4254419796875 0.9352641671875 0.412524584375 0.9610194421875 0.578823875 0.992433684375 0.5871226890625 1 0.5393508515625001 1 0.4254419796875
1 0.6041575203125 0.3681966296875 0.5277214453125 0.3571889765625 0.54016295 0.5084601796875 0.6249813796875 0.5186941140625 0.6041575203125 0.3681966296875
1 0.8484957468750001 0.4093225859375 0.7660968359375 0.3964793984375 0.79287888125 0.5489930421875 0.8722187874999999 0.555159278125 0.8484957468750001 0.4093225859375
1 0.6837808812499999 0.38336771875000003 0.6074609609375 0.3703303 0.62473889375 0.5173757125 0.70807405 0.536974675 0.6837808812499999 0.38336771875000003
0 0.6870861203125 0.3860126265625 0.7100832640625 0.5379329 0.7909926546875 0.5501076921875 0.7630871 0.3965685875 0.6870861203125 0.3860126265625
1 0.45695819374999996 0.5016818109375001 0.53881224375 0.5101662390625 0.52430218125 0.3561887828125 0.44565446875000003 0.3456522 0.4460305125 0.3672824484375 0.45695819374999996 0.5016818109375001
1 0.025575146875 0.2991740203125 0.0176607171875 0.43346772187499993 0.105025303125 0.44623888593750005 0.108426903125 0.3026645515625 0.027433296875000002 0.28744212812500003 0.025575146875 0.2991740203125
0 0.1936659125 0.3259589828125 0.11034999375000001 0.3094531296875 0.1085367078125 0.4467950375 0.1948955359375 0.45834088125 0.1936659125 0.3259589828125
0 0.36075206249999997 0.35332488125 0.278480075 0.3392095984375 0.28406686875 0.47365851875000003 0.3703453953125 0.4860437015625 0.36075206249999997 0.35332488125
0 0.27751909375 0.338173996875 0.1952879484375 0.324611040625 0.197492284375 0.46088421718749994 0.2826070390625 0.4764971203125 0.27751909375 0.338173996875
0 0.4410134484375 0.3673170296875 0.362119034375 0.355015821875 0.3707956296875 0.4854750140625 0.45386781562499995 0.49991234999999995 0.4410134484375 0.3673170296875
1 0.8451840359375 0.67122830625 0.8636442328125 0.860458159375 0.9469130265624999 0.8721137421874999 0.9165929671875 0.685918815625 0.8451840359375 0.67122830625
1 0.1971790171875 0.571055240625 0.1081963578125 0.5536836609375 0.10580834531250001 0.743085903125 0.2004639546875 0.7590998109375 0.1971790171875 0.571055240625
1 0.7673846015625 0.65849745625 0.782313696875 0.8511534234375 0.8616116343750001 0.8606471906250001 0.8408995906250001 0.6718863015625 0.7673846015625 0.65849745625
1 0.29499194375000004 0.586946871875 0.3002631140625 0.775928375 0.393034078125 0.7911328171875 0.3830437125 0.596405596875 0.29499194375000004 0.586946871875
0 0.014160965624999999 0.5424526937499999 0.008536825000000001 0.730497696875 0.1051310265625 0.7407860109375 0.10548027499999998 0.55461000625 0.014160965624999999 0.5424526937499999
0 0.6596852703125 0.6442999859375 0.6770926203125 0.8351013390625001 0.7633328296874999 0.8497823765625 0.7433313218750001 0.6565353390625 0.6596852703125 0.6442999859375
1 0.3852609265625 0.6023773890624999 0.39363038437500003 0.7891834 0.484551984375 0.80154010625 0.47194793125 0.6196840171875 0.3852609265625 0.6023773890624999
0 0.2011628640625 0.5708599046875 0.20300404843750003 0.761545984375 0.29929907031249997 0.7762866500000001 0.29173587031250003 0.5916521968749999 0.2011628640625 0.5708599046875
1 0.5618939765625 0.6328976984375 0.5831876015625 0.8227830734375001 0.6758712296875 0.8349078890625 0.657158059375 0.64441973125 0.5618939765625 0.6328976984375
0 0.4850490890625 0.78015829375 0.4867388234375 0.8003535718749999 0.58012286875 0.8207647703125 0.55926729375 0.6324921140625 0.47448084375 0.619870084375 0.4850490890625 0.78015829375
1 0.10620509687499999 0 0.10557384843749999 0.0680710421875 0.18377915312499998 0.07965850625000001 0.18204280781249998 0 0.10620509687499999 0
1 0.182441515625 0 0.184251959375 0.08093195 0.2624572625 0.0925194140625 0.2586947546875 0 0.182441515625 0
1 0.9270403437500001 1 0.947640240625 0.8699373625 0.8616336890625 0.8619391703125 0.8789796031250001 1 0.9270403437500001 1
0 0.25965769375000003 0 0.26287699999999997 0.093824384375 0.3407812125 0.1086651203125 0.33311613125 0.00445531875 0.30773426875 0 0.25965769375000003 0
1 0.4071286953125 0.0186796765625 0.3344731703125 0.004406084375 0.34101013125 0.108701378125 0.416231725 0.12270024531249998 0.4071286953125 0.0186796765625
1 0.4859420015625 0.036583309375 0.4075426828125 0.0183134890625 0.4165116453125 0.1223275921875 0.49365782031250005 0.1345463453125 0.4859420015625 0.036583309375
1 0.7860701671875 1 0.7647756515624999 0.8519708187499999 0.6780901609375001 0.8377195359374999 0.6959926734375 1 0.7860701671875 1
1 0.6939745546875 1 0.6748677859375001 0.8377308109375001 0.5843516515625 0.8283299734374999 0.602606571875 1 0.6939745546875 1
1 0.8779624140625 1 0.8583556046874999 0.860726853125 0.7706006328125 0.8505527031250001 0.7892459625 1 0.8779624140625 1
1 0.5998719609375 1 0.57981504375 0.8264669187499999 0.49244508593749997 0.8095289453125 0.5045472859375 0.9972710765624999 0.519556046875 1 0.5998719609375 1
1 0.1179792921875 0.9457264265624999 0.205092325 0.95818223125 0.196905228125 0.7620289796875 0.10806576718750001 0.7474365421875 0.1066266421875 0.94392834375 0.1179792921875 0.9457264265624999
1 0.29448735625 0.7790008625 0.1999204359375 0.7644102984375001 0.20842224531250003 0.9587096390625 0.3059395796875 0.9733966734375 0.29448735625 0.7790008625
1 0.30688729062500003 0.9743049703125 0.4063686796875 0.9900612734375001 0.3921847203125 0.7967491953125 0.29614534843749996 0.7796508265625001 0.30688729062500003 0.9743049703125
1 0.5030299546875 1 0.4882945703125 0.8089387140625 0.394940240625 0.7959047499999999 0.40621754374999997 0.99137888125 0.4606491453125 1 0.5030299546875 1
1 0.1027781609375 0.9433188046875 0.1061648828125 0.7476571203125 0.008708757812499999 0.7347316937499999 0.0006012828125000001 0.92655223125 0.0136947640625 0.9292093796875 0.1027781609375 0.9433188046875
1 0.706894159375 0.065752340625 0.7187774140625 0.17761594687499999 0.7913019718750001 0.187835884375 0.7764371859375 0.0746345046875 0.706894159375 0.065752340625
1 0.49366674843749997 0.134130771875 0.566808025 0.14458184999999998 0.5548271796875001 0.0487446109375 0.487031103125 0.03675580625 0.49366674843749997 0.134130771875
1 0.7784257265625001 0.0755828703125 0.7917165078124999 0.189109684375 0.8653257328124999 0.20209374375000003 0.839235565625 0.08774785 0.7784257265625001 0.0755828703125
1 0.6296609953125001 0.060105046875 0.642960846875 0.1611739 0.717430209375 0.1748689234375 0.7029776859375 0.0680669578125 0.6296609953125001 0.060105046875
1 0.6268726796874999 0.060572482812499995 0.5558561390625 0.0478065984375 0.5677725328125 0.1462849625 0.6420140156249999 0.1605455796875 0.6268726796874999 0.060572482812499995
1 1 0.1848859625 0.9822118453125 0.11482695000000001 0.911812928125 0.10010765937499999 0.9402876062500001 0.215233359375 1 0.2246908734375 1 0.1848859625
0 0.8644897515625001 0.2063952171875 0.938351115625 0.21492665 0.9148012109374999 0.1250527375 0.9077403984375 0.09986477187500001 0.8442569453125 0.0910768046875 0.8644897515625001 0.2063952171875