1 1 0.3808126609375 0.9923018296875 0.27984904843749997 0.9201499140625 0.2620016984375 0.9294879578125 0.392553090625 1 0.40998743906249996 1 0.3808126609375
0 0.7351692890625 0.21874686875 0.6586421859375 0.1960353359375 0.6536274140625 0.19469163125 0.6572909218749999 0.32477445625 0.739678328125 0.3440457859375 0.7351692890625 0.21874686875
1 0.7407556953125 0.2184875828125 0.7448566890625 0.34321349843750004 0.8278203062499999 0.37146841406250003 0.8216417328125001 0.24027789843749997 0.7407556953125 0.2184875828125
1 0.8261737296874999 0.24014999218750002 0.8313839546875 0.37561816875 0.9172909546874999 0.39813480625 0.9101434156250001 0.262165996875 0.8261737296874999 0.24014999218750002
0 0.5730761703125 0.1748445234375 0.5729020671875 0.3058993734375 0.6574873109375 0.3257596125 0.65366358125 0.19643785625000001 0.5730761703125 0.1748445234375
1 0.48305820625000007 0.153343928125 0.48195285625000006 0.28557624062500003 0.5696595890625 0.30697395781250003 0.5710921171875001 0.17415306875 0.48305820625000007 0.153343928125
0 0.223456803125 0.081372371875 0.137351978125 0.057417123437499995 0.12229970625 0.2123431390625 0.21088356406250003 0.235452290625 0.223456803125 0.081372371875
0 0.2236975578125 0.08232040625 0.2119798375 0.23930615312499998 0.3024046125 0.26433840468750003 0.3160443890625 0.10883172031249999 0.2236975578125 0.08232040625
0 0.3979746296875 0.1299013359375 0.3919052453125 0.2907071546875 0.47706360468750003 0.3128241890625 0.481269903125 0.1495696546875 0.3979746296875 0.1299013359375
0 0.3167269046875 0.10813107343749999 0.303243328125 0.2655481109375 0.3913163671875 0.287043978125 0.395224690625 0.130931546875 0.3167269046875 0.10813107343749999
0 1 0.4213983578125 0.9215514640625001 0.40208165625000003 0.9270153421874999 0.57492398125 0.9927052968750001 0.593050453125 1 0.56582625 1 0.4213983578125
1 0.6545811453125 0.3367849703125 0.5727665015625 0.3160964578125 0.5688034578125001 0.4826844671875 0.6598192890625 0.5034788203125 0.6545811453125 0.3367849703125
1 0.9154262 0.4094030046875 0.8273420515625001 0.38603394999999996 0.8388237609375 0.5556050406249999 0.9243545890625 0.5713364234375 0.9154262 0.4094030046875
1 0.73937911875 0.36238113125 0.6579253796875 0.3394894390625 0.6597081124999999 0.5020117203125001 0.7480289953125 0.5328637640625 0.73937911875 0.36238113125
1 0.742666209375 0.36564403749999996 0.75010226875 0.5341379500000001 0.8366445515625 0.55660823125 0.8240601156249999 0.385789990625 0.742666209375 0.36564403749999996
1 0.47914224531249994 0.465846353125 0.5671379984375 0.48439416875 0.5691653328124999 0.3146165265625 0.48489215 0.29419155468749997 0.4828004328125 0.3178528328125 0.47914224531249994 0.465846353125
1 0.1232902265625 0.20900567812499998 0.06500494375 0.1915719984375 0.023841332812499998 0.3451966875 0.1029952609375 0.3653924375 0.1232902265625 0.20900567812499998
0 0.2132534234375 0.2441088234375 0.124595884375 0.216636409375 0.10674791875 0.3663979578125 0.199286528125 0.388799521875 0.2132534234375 0.2441088234375
1 0.39171500625 0.2929403765625 0.303915884375 0.26819668281250003 0.2944463453125 0.41563858124999997 0.38680063750000004 0.438947534375 0.39171500625 0.2929403765625
0 0.30299100156250003 0.2669568953125 0.215172425 0.2428209328125 0.20181521875000002 0.3918711640625 0.29253134531249997 0.418572559375 0.30299100156250003 0.2669568953125
1 0.4773428109375 0.317321584375 0.3930054515625 0.29494179531250003 0.387355790625 0.43837763281250003 0.47598751093749997 0.4635637375 0.4773428109375 0.317321584375
1 0.957720940625 0.723613846875 0.9574740109375 0.7191488453125 0.8815496875 0.6950090765625 0.8797409859374999 0.90372773125 0.9076032671875 0.9106555500000001 0.957720940625 0.723613846875
1 0.1887387828125 0.51213424375 0.09402149374999999 0.48307382656250003 0.06953055 0.689616225 0.17057136875 0.717837559375 0.1887387828125 0.51213424375
1 0.7984522562499999 0.6722843359375 0.7924091296875 0.8843435765625 0.8775096687499999 0.9037036140625 0.8768163671875 0.695241640625 0.7984522562499999 0.6722843359375
1 0.2932257875 0.540580146875 0.277109128125 0.74753179375 0.376194884375 0.774655503125 0.387845921875 0.5608947343749999 0.2932257875 0.540580146875
0 0 0.6722665578125 0.069060165625 0.68702809375 0.090961984375 0.48377728124999997 0 0.461811234375 0 0.6722665578125
1 0.6830227359375 0.6445670671875 0.6798879046875 0.8548822765624999 0.771935140625 0.8806937859374999 0.7725328078125 0.6674138546874999 0.6830227359375 0.6445670671875
1 0.47814669531250004 0.77063936875 0.4776488609375 0.7928827578125001 0.5767991421875001 0.8257613953125 0.575893378125 0.6178162578124999 0.48518837656249997 0.5944179078125 0.47814669531250004 0.77063936875
1 0.38956571875 0.5676669515625 0.37706843437500004 0.7725945171874999 0.47447310624999994 0.7963989640625 0.481795109375 0.5963960859374999 0.38956571875 0.5676669515625
0 0.1930918640625 0.512372778125 0.1730497078125 0.7207966828125 0.27601978125 0.7478136656250001 0.289142446875 0.545348728125 0.1930918640625 0.512372778125
0 0.578040271875 0.6210256484375 0.57923576875 0.8307814375 0.6785825984375 0.8545325203124999 0.6802617765625001 0.6444111984374999 0.578040271875 0.6210256484375
1 0.39955295625 0 0.39853402187500003 0.0235905875 0.47868271875 0.047407543749999996 0.47956364687499997 0 0.39955295625 0
1 0.47996370937500005 0 0.4790300765625 0.04703238125 0.5614766078125 0.0691238625 0.563359403125 0 0.47996370937500005 0
1 0.7775455921875001 1 0.773250521875 0.8832470390625 0.6806695781250001 0.8578542890625 0.68122511875 1 0.7775455921875001 1
1 0.678763134375 1 0.6771655078125 0.8575011375000001 0.579859878125 0.8369702625000001 0.5798582390625 1 0.678763134375 1
1 0.877223846875 1 0.87396110625 0.9034213171875001 0.7797463 0.8823592015624999 0.781875259375 1 0.877223846875 1
1 0.5766476375 1 0.5751438890625 0.8344214265625001 0.4821295046875 0.8060173796875001 0.47409475937499995 1 0.5766476375 1
1 0.07148146093749999 0.6946228249999999 0.0485985890625 0.8966854468750001 0.1532932265625 0.9247382906249999 0.1663643640625 0.7206323828125 0.07148146093749999 0.6946228249999999
1 0.1693666578125 0.723574575 0.1568301328125 0.9256860015624999 0.26093145624999997 0.9535798671875 0.2704756109375 0.7502316671875 0.1693666578125 0.723574575
1 0.2722027359375 0.7511294187499999 0.261936540625 0.953849178125 0.3680550046875 0.9822835359375001 0.374622359375 0.7806918453125 0.2722027359375 0.7511294187499999
1 0.4720553515625 1 0.4776860640625 0.8049021609375 0.3777152703125 0.7800822890625 0.36798063281250004 0.9822636078125001 0.43417374999999997 1 0.4720553515625 1
1 0 0.88366349375 0.04460594375 0.8956156203125 0.0693896734375 0.6946480921875 0 0.6779278203125 0 0.88366349375
1 0.8788598625 0.161069303125 0.8769547 0.0833666171875 0.801215134375 0.0630722625 0.8012060328124999 0.1416845390625 0.8788598625 0.161069303125
1 0.56412758125 0 0.56153435 0.0686711015625 0.63983184375 0.08837819531249999 0.6385682609375001 0.0194911640625 0.565826246875 0 0.56412758125 0
1 0.9576765578125 0.1850332078125 0.9478840328125001 0.102372075 0.8783323515625 0.0837357578125 0.879163215625 0.1625072109375 0.9576765578125 0.1850332078125
1 0.8000591609375001 0.13853220156249998 0.7978874765625 0.06218061875000001 0.718855225 0.041003990625 0.7206930234375 0.11513233125 0.8000591609375001 0.13853220156249998
1 0.7197364390625001 0.11433886874999999 0.7164661265625 0.0403638328125 0.6396665515625 0.01978545 0.64068339375 0.09034725625 0.7197364390625001 0.11433886874999999
1 1 0.11633650625 0.9504208109375 0.103051803125 0.9562705781249999 0.1896352875 1 0.19939151093750002 1 0.11633650625