1 1 0.3277381046875 0.9439710296875001 0.3137876859375 0.9529664171875 0.43387174687499996 1 0.44596262031249995 1 0.3277381046875
1 0.86691549375 0.2987859203125 0.8801100343750001 0.42143412343750003 0.9494228781249999 0.43602939999999996 0.9356311140625 0.3132624828125 0.86691549375 0.2987859203125
0 0.6908286296874999 0.2640273421875 0.617819346875 0.24511120156250002 0.6130399421875 0.2440077890625 0.6208615656250001 0.366398084375 0.6992880453125 0.3818849515625 0.6908286296874999 0.2640273421875
1 0.696093934375 0.2636026265625 0.7041489046875 0.3809337828125 0.783420684375 0.4048625421875 0.7731874921874999 0.2815103296875 0.696093934375 0.2636026265625
1 0.7774617609375001 0.281243415625 0.7869242265625 0.4086555140625 0.868782325 0.42708499218749996 0.8574740921874999 0.2992640171875 0.7774617609375001 0.281243415625
1 0.5363276328125 0.2279193328125 0.5405588531250001 0.35134906875 0.6210800140625 0.36731953125 0.6131326578125 0.2456511703125 0.5363276328125 0.2279193328125
1 0.45062254375000005 0.21057958437500002 0.4540140859375 0.3351483171875 0.53753374375 0.35246586562500004 0.5344313406250001 0.227332253125 0.45062254375000005 0.21057958437500002
0 0.203124703125 0.1511877234375 0.1210315921875 0.13140979218749999 0.1120173015625 0.2778015734375 0.1964224359375 0.29670256250000004 0.203124703125 0.1511877234375
0 0.203383790625 0.152072778125 0.1975866609375 0.30029660625 0.2837942640625 0.3209492328125 0.291455571875 0.1740562359375 0.203383790625 0.152072778125
0 0.3695107640625 0.19125145625 0.36917423125000004 0.342890403125 0.45031214999999997 0.3609677375 0.4488076578125 0.20708285937499998 0.3695107640625 0.19125145625
0 0.29207641875 0.1733743296875 0.2846266484375 0.3220613984375 0.36849542031250004 0.33945954375 0.3669491625 0.192310546875 0.29207641875 0.1733743296875
1 0.9526315984375 0.44736599843749997 0.8729369546875001 0.4306643546875 0.8838924203125 0.5932662750000001 0.9696331265625 0.6137323234375 0.9526315984375 0.44736599843749997
1 1 0.45916224375 0.9565417109375 0.44728196875000004 0.9710115140625 0.62076299375 0.9842320515624999 0.6252662921875001 1 0.5569678031249999 1 0.45916224375
1 0.6187061593750001 0.37779684687500004 0.5407728796875 0.360956803125 0.542618828125 0.5179731999999999 0.62924229375 0.5346155828125 0.6187061593750001 0.37779684687500004
1 0.8673997859375 0.437757353125 0.7834577031250001 0.41859544687500005 0.7999847531250001 0.5779221328124999 0.8812601359375 0.5899735875000001 0.8673997859375 0.437757353125
1 0.6996205375 0.3991623796875 0.621954084375 0.380235775 0.629088128125 0.5332374984375 0.7135046890625001 0.5594390437500001 0.6996205375 0.3991623796875
1 0.70283324375 0.40212907812500004 0.71550475625 0.560572040625 0.7979610562499999 0.5789373328125 0.7803511171874999 0.418471746875 0.70283324375 0.40212907812500004
1 0.4574069203125 0.5050129296875 0.5411038484375 0.5196371734375 0.5373234578125 0.35967941406250004 0.457077965625 0.3431670140625 0.45589682187499997 0.3655181984375 0.4574069203125 0.5050129296875
1 0.01069435 0.39670987968750004 0.009863585937499999 0.4031197921875 0.0989256875 0.42256332343749997 0.11284049062499998 0.2746264296875 0.0430885515625 0.25639517500000003 0.01069435 0.39670987968750004
0 0.19895010625 0.30477848281250003 0.11432907031249999 0.28177066562499997 0.1025022125 0.423389028125 0.1906172046875 0.44149583124999997 0.19895010625 0.30477848281250003
1 0.36906953124999997 0.3449997421875 0.285350428125 0.3245340234375 0.2813556578125 0.46369704843750004 0.3693270734375 0.4826643609375 0.36906953124999997 0.3449997421875
0 0.284435684375 0.3233963109375 0.2007185984375 0.3035035671875 0.193107509375 0.444306909375 0.27964615312499996 0.466522078125 0.284435684375 0.3233963109375
1 0.450726584375 0.365194246875 0.3703549390625 0.34684292656250004 0.3698320671875 0.482109703125 0.45435204531249995 0.5029651671875001 0.450726584375 0.365194246875
1 0.929664903125 0.8616225796875 0.9174850812500001 0.7281092828125 0.84499696875 0.7078285890625 0.8502898468750001 0.9044529328124999 0.9165353796875 0.9184927937499999 0.929664903125 0.8616225796875
1 0.1847959671875 0.557990175 0.0944007921875 0.5336826375 0.0782068796875 0.728990428125 0.17454381562500002 0.7523033890625 0.1847959671875 0.557990175
1 0.7657843421874999 0.6891123296874999 0.7671916390625 0.889019590625 0.8481825015625001 0.9045023249999999 0.840536146875 0.7082005687499999 0.7657843421874999 0.6891123296874999
1 0.2843939015625 0.5814032625000001 0.27611969062499997 0.776825853125 0.3705740796875 0.7991682796874999 0.3744040203125 0.597477340625 0.2843939015625 0.5814032625000001
0 0 0.7127691406250001 0.07767599375 0.726568190625 0.091535971875 0.53444400625 0 0.515687428125 0 0.7127691406250001
1 0.6558802578125 0.6667390609375 0.6599747171875 0.8649098546875 0.7477401859375 0.8862439359375 0.741151009375 0.68536303125 0.6558802578125 0.6667390609375
1 0.37625478125 0.603799665625 0.371329653125 0.7971990640625 0.46408564218750004 0.8164698187500001 0.46429007499999997 0.6278756046875 0.37625478125 0.603799665625
0 0.188913615625 0.5580741484375 0.176982809375 0.755010128125 0.2751007171875 0.7771265171875 0.28069884843750004 0.5860261453125 0.188913615625 0.5580741484375
1 0.5559790687499999 0.6479609 0.5641429312499999 0.8454649109375 0.6587306765625 0.8646226453124999 0.6532684703125 0.6666814875 0.5559790687499999 0.6479609
0 0.4661481421875 0.794437634375 0.4664241921875 0.8154019781249999 0.5611325171875 0.8431621609375 0.553302915625 0.6473540125 0.466885559375 0.6282492109375 0.4661481421875 0.794437634375
1 0.129483015625 0 0.126912915625 0.032301771875 0.2066265109375 0.0498670515625 0.2090416640625 0 0.129483015625 0
1 0.20947230156250002 0 0.207021171875 0.051215245312500005 0.2867347703125 0.06878052812499999 0.288769934375 0 0.20947230156250002 0
1 0.8977179578125 1 0.91685669375 0.9171010265625 0.8481115328125 0.9058373375000001 0.8532578624999999 1 0.8977179578125 1
0 0.289593225 0 0.287072484375 0.0701574546875 0.3662400421875 0.0910588015625 0.3659547703125 0 0.289593225 0
1 0.3671723140625 0 0.36647320625 0.09111263124999999 0.4429386328125 0.1109528 0.44110511093750004 0.0029423265625 0.43021477656249996 0 0.3671723140625 0
1 0.5209869640625 0.0270700078125 0.4415580859375 0.0025940671875 0.44325398125 0.11058825624999999 0.5218308671874999 0.1287291609375 0.5209869640625 0.0270700078125
1 0.7571529499999999 1 0.7490676453125 0.8886060171875 0.6608123609375001 0.8676835609375001 0.6660437265625 1 0.7571529499999999 1
1 0.6637044375000001 1 0.6574924 0.86746420625 0.5649397125 0.8512732203125 0.5702349203125 1 0.6637044375000001 1
1 0.8514762656249999 1 0.8448229140624999 0.9043511390625 0.7551703859375001 0.8875599609375 0.7612183625 1 0.8514762656249999 1
1 0.5671553109375 1 0.560401965625 0.8490251890625 0.4716364796875 0.8252807796875 0.47060578125 1 0.5671553109375 1
1 0.0802166140625 0.733642471875 0.06629518906250001 0.9130234093749999 0.16550755156250002 0.9359283875 0.1706658140625 0.7550714328125 0.0802166140625 0.733642471875
1 0.17359889374999998 0.75774529375 0.16885488125 0.9367011796875 0.2678926875 0.959565859375 0.26994768750000003 0.7795828890625 0.17359889374999998 0.75774529375
1 0.271608340625 0.7803725578125 0.2688943265625 0.9597971046874999 0.3698181921875 0.9830972156250001 0.36929195312499996 0.8049039671875 0.271608340625 0.7803725578125
1 0.46857651562499997 1 0.467404121875 0.824374084375 0.37219145781249996 0.80422995625 0.3699318078125 0.9831234453125001 0.44303219687500006 1 0.46857651562499997 1
1 0 0.8977179578125 0.06260453906249999 0.9121713546875 0.0782426515625 0.7337338640625 0 0.717741475 0 0.8977179578125
1 0.7464592640625 0.07301356875000001 0.7505877765625 0.18931800781250002 0.8245491953125 0.20506467343749998 0.8174466218750001 0.0871658078125 0.7464592640625 0.07301356875000001
1 0.5218701953125 0.1283008953125 0.5964500968750001 0.14433032031249998 0.5910589359375 0.044559434375 0.5220962625000001 0.027326109375 0.5218701953125 0.1283008953125
1 0.819426109375 0.088287146875 0.8248838125000001 0.2064090546875 0.8997620375000001 0.225086275 0.8811799718750001 0.10520149999999999 0.819426109375 0.088287146875
1 0.6673162593749999 0.061648725 0.673686671875 0.1669136234375 0.7493993109375 0.1863862796875 0.7422573375 0.0751216984375 0.6673162593749999 0.061648725
1 0.6644103140625 0.06193127968749999 0.5921868140625001 0.0436650890625 0.5973200671875001 0.146157215625 0.6727569703125 0.166197275 0.6644103140625 0.06193127968749999
1 1 0.13589585625 0.9550406109375 0.123160475 0.9760222515624999 0.24402100937500001 1 0.2495567078125 1 0.13589585625
1 0.8985890375000001 0.22946583281250002 0.9740498453124999 0.24356564375 0.956309784375 0.14912009531249998 0.9508633953125001 0.1226178625 0.88611075 0.1089972109375 0.8985890375000001 0.22946583281250002