1 0.99600423125 0.26671913593749996 0.9800554625 0.22213612968750002 0.9065235375 0.22215449375000001 0.94597639375 0.34204192031249997 0.997325609375 0.3424208421875 0.99600423125 0.26671913593749996
1 0.8246730984375 0.2264317921875 0.8690277046875 0.347863065625 0.9429318062500001 0.345135584375 0.8979421953125 0.22373498125000002 0.8246730984375 0.2264317921875
1 0.6375085265625 0.2357213453125 0.5587680953125 0.23499029062500001 0.5536475953125 0.23507966875 0.5924940734375 0.3576109984375 0.67585589375 0.353479584375 0.6375085265625 0.2357213453125
1 0.6427351703124999 0.23395410156250002 0.6805398046875 0.3512793078125 0.7668908562500001 0.35552196875000003 0.7253583328125 0.2326235390625 0.6427351703124999 0.23395410156250002
1 0.7296208875 0.23126814062499998 0.7713984 0.3584923625 0.8589800500000001 0.35648445781250004 0.8152294015624999 0.229312303125 0.7296208875 0.23126814062499998
1 0.471870296875 0.23816437812500002 0.5073421859375 0.362663634375 0.5929481812499999 0.3584930484375 0.55415673125 0.23672806406250002 0.471870296875 0.23816437812500002
1 0.38066682812499997 0.242256434375 0.4155758703125 0.3681273796875 0.5045598046875 0.364566915625 0.4698009515625 0.238047965625 0.38066682812499997 0.242256434375
0 0.11493648593750001 0.24459326093749997 0.026776060937500002 0.24528889999999998 0.05463130000000001 0.39650751875 0.144912325 0.394333440625 0.11493648593750001 0.24459326093749997
1 0.11542256875000001 0.24542798124999998 0.14699979375 0.3976946484375 0.23954935000000002 0.39684555 0.21019685156249998 0.24546010156250003 0.11542256875000001 0.24542798124999998
0 0.2936141734375 0.243160840625 0.331586040625 0.3975172296875 0.418349153125 0.3953336890625 0.37794480625000004 0.2391592265625 0.2936141734375 0.243160840625
0 0.2106535046875 0.244608925 0.2406735859375 0.3977659484375 0.3300315484375 0.39419895 0.291286765625 0.24488787812499999 0.2106535046875 0.244608925
1 1 0.4976849546875 0.949046640625 0.35585530468750004 0.8640932015624999 0.3590724328125 0.9162741656250001 0.521718703125 1 0.5208812390625 1 0.4976849546875
1 0.9529865 0.3547783046875 0.9999642062499999 0.493585909375 0.9975589546875 0.35578914687499996 0.9529865 0.3547783046875
1 0.5931905546875 0.3697541796875 0.5099864734375 0.372383865625 0.5515279328125 0.5316576203125 0.6434855546875 0.5266232125 0.5931905546875 0.3697541796875
1 0.860275946875 0.3676926453125 0.7703980859375 0.36948385781250004 0.827395759375 0.5273852203125 0.912775640625 0.5190363453125 0.860275946875 0.3676926453125
1 0.680558 0.37097259843749997 0.5970970375 0.37141184531250004 0.6429811953125 0.5252603031249999 0.7351183390625 0.5305106046875 0.680558 0.37097259843749997
0 0.6845621515625 0.3731761234375 0.73743074375 0.5311560984375 0.8256021765625 0.528931203125 0.7672197453125 0.37014576875 0.6845621515625 0.3731761234375
1 0.4619305859375 0.5400801109375 0.5504136171875 0.5337346375 0.5061693390625 0.371958996875 0.42070568281250004 0.3755083375 0.42515634375 0.3985469953125 0.4619305859375 0.5400801109375
1 0 0.5043634171875 0.00078568125 0.5493750687500001 0.07794421875 0.5471017234375 0.054662996875 0.39306851875 0 0.392443753125 0 0.5043634171875
0 0.14951339375 0.4019085828125 0.0579760296875 0.39995929375 0.08177599218750001 0.5470348406250001 0.1756145828125 0.54311205625 0.14951339375 0.4019085828125
0 0.3320129203125 0.39968973124999996 0.242031528125 0.4000979578125 0.273145325 0.5426895140625 0.3670558828125 0.5396785859375 0.3320129203125 0.39968973124999996
0 0.24081740625 0.3991724546875 0.150982825 0.400163090625 0.1788475984375 0.5453404484375 0.2721272984375 0.54599706875 0.24081740625 0.3991724546875
0 0.41983685312499996 0.3995284703125 0.33378078125 0.4012389578125 0.36742732031249997 0.538986246875 0.45831850156250004 0.538771446875 0.41983685312499996 0.3995284703125
1 1 0.69540583125 0.984373940625 0.650383975 0.905816709375 0.648132521875 0.9608573015624999 0.8468276671874999 1 0.8454345343749999 1 0.69540583125
1 0.199150678125 0.6631046046875 0.1014355140625 0.6612972203124999 0.134376546875 0.8641015 0.23785965 0.863390353125 0.199150678125 0.6631046046875
1 0.8208425609375001 0.6491778390625 0.8727763671875 0.8521981750000001 0.9587349609375 0.8474122906250001 0.9013917125 0.64964211875 0.8208425609375001 0.6491778390625
1 0.3059625921875 0.6616684125 0.34695558437499996 0.8625812343750001 0.4482863859375 0.8613600765625 0.40120743281250004 0.6551970625 0.3059625921875 0.6616684125
0 0.003295471875 0.693160925 0.028758121874999997 0.868965096875 0.13322674375000002 0.8617718390625001 0.0987257078125 0.6627982546875 0.0028363984375 0.6668605671875001 0.003295471875 0.693160925
1 0.703852853125 0.654285296875 0.7580701249999999 0.8548576234375 0.8523700328125001 0.8543067703125 0.794940790625 0.651609890625 0.703852853125 0.654285296875
1 0.40467970937500003 0.6611598203125 0.44855427187499997 0.8591650843749999 0.5473884453125 0.8552496125 0.49994571250000003 0.663329996875 0.40467970937500003 0.6611598203125
0 0.20334322500000002 0.662145896875 0.2410143203125 0.8655256046875 0.345999290625 0.8631455046875001 0.3033873734375 0.667308515625 0.20334322500000002 0.662145896875
1 0.59790478125 0.6605137671875 0.656076040625 0.8593758328125001 0.7567373 0.8548808875 0.70119246875 0.6548890125 0.59790478125 0.6605137671875
0 0.5439112265625 0.8323119984374999 0.5494876859375 0.8535702359374999 0.652444571875 0.85779648125 0.5950404046875 0.660574953125 0.502669428125 0.6630519328125 0.5439112265625 0.8323119984374999
1 0 0.09657486875 0.007693628125 0.1429692265625 0.092884471875 0.1406259203125 0.07187680937499999 0.0343839390625 0 0.035916525 0 0.09657486875
1 0.15564654687499999 0.0329217328125 0.0722957234375 0.0343509609375 0.0936249125 0.1418974375 0.1788157578125 0.13955413125 0.15564654687499999 0.0329217328125
1 1 0.8454101046875 0.9590003671874999 0.8487884703124999 1 0.9823594515625 1 0.8454101046875
0 0.23733024687499998 0.0321652109375 0.1566149359375 0.0322188890625 0.1795057671875 0.1408693234375 0.2649863390625 0.14205845 0.23733024687499998 0.0321652109375
1 0.3185641078125 0.0334284640625 0.2387616171875 0.031857128125 0.26523614375000004 0.1420540890625 0.3477112390625 0.14284881562500001 0.3185641078125 0.0334284640625
1 0.40558344375 0.0377188015625 0.31893499687500004 0.032959296875 0.34793859375 0.1423979796875 0.4321233453125 0.140928528125 0.40558344375 0.0377188015625
1 0.7596194859375001 0.8574670687499999 0.799539496875 0.9948476828124999 0.8989608953125 0.993112275 0.8543115968749999 0.8563732390625001 0.7596194859375001 0.8574670687499999
1 0.6583507281250001 0.865082915625 0.69602503125 0.996654534375 0.7970381234375 0.99489134375 0.756200821875 0.85808576875 0.6583507281250001 0.865082915625
1 1 0.9864285515625 0.9552933749999999 0.8481103890625 0.8602296062500001 0.853761515625 0.90285153125 0.9930443640625001 1 0.99134863125 1 0.9864285515625
1 0.557263884375 0.862298796875 0.5902407703125 0.99850100625 0.6925109484374999 0.9967158734374999 0.6531858359375 0.8639465296875001 0.557263884375 0.862298796875
1 0.263635484375 1 0.234630459375 0.8671898140625001 0.1375878578125 0.8683246703125 0.159685921875 1 0.263635484375 1
1 0.3728398640625 1 0.3413997046875 0.8669511999999999 0.2382773515625 0.8691663281249999 0.2671253265625 1 0.3728398640625 1
1 0.48175174062500004 1 0.448436709375 0.8675204390625 0.343281521875 0.8673334734375 0.374114421875 1 0.48175174062500004 1
1 0.5043634015625 1 0.587509609375 0.9985486781249999 0.552747265625 0.862449590625 0.4512037203125 0.8660994843750001 0.4826743140625 1 0.5043634015625 1
1 0.156274571875 1 0.1356112515625 0.8689182000000001 0.0297336921875 0.8734562703125001 0.0464797796875 1 0.156274571875 1
1 0.6456032734375 0.027285396875 0.6791708546875 0.144561725 0.7580750421875 0.141826846875 0.7210917828125 0.0236825734375 0.6456032734375 0.027285396875
1 0.43205498125 0.1404828578125 0.5116571546875 0.1378788203125 0.4809878 0.0377432109375 0.4067719109375 0.03769805625 0.43205498125 0.1404828578125
1 0.7233803921875 0.0243214265625 0.7587536921875 0.1431097140625 0.8393270656249999 0.143123784375 0.7902128984375001 0.025870056250000002 0.7233803921875 0.0243214265625
1 0.56255705 0.0357920796875 0.59560653125 0.14126875156250002 0.6772261703125 0.141880471875 0.641879203125 0.030495629687499998 0.56255705 0.0357920796875
1 0.559684609375 0.0368164171875 0.4819044203125 0.0365473375 0.5130000484374999 0.13951682031249998 0.5944837171875 0.14077571718749998 0.559684609375 0.0368164171875
1 0.9936520171875 0.131960896875 0.9470643734375 0.027883796875 0.86957395 0.025411446875 0.9213655093750001 0.1430493953125 0.9938234921875001 0.1417846375 0.9936520171875 0.131960896875
0 0.839245303125 0.1478768046875 0.9192523375 0.14308628125 0.8774185734375 0.051499834375 0.8652051796875 0.025918659375000003 0.7961669765625 0.0284813234375 0.839245303125 0.1478768046875
1 0.95044051875 0.0268501328125 0.9936012078124999 0.1290499890625 0.99180700625 0.026260256250000003 0.95044051875 0.0268501328125