1 0.9605995281249999 0.249157621875 0.89645676875 0.1370786359375 0.8222865390624999 0.1501833796875 0.8832754828124999 0.2634168234375 0.9608256171875 0.250320746875 0.9605995281249999 0.249157621875
1 0.7404780484375 0.1690405375 0.8066844062499999 0.2829502046875 0.88075118125 0.26706180625 0.8139097 0.1532959140625 0.7404780484375 0.1690405375
1 0.5533225703125 0.21166785 0.473765921875 0.2249478265625 0.468616546875 0.2259487625 0.5294611703125 0.341942128125 0.6128200171875 0.322962321875 0.5533225703125 0.21166785
1 0.558282428125 0.20896501562499997 0.6171558625 0.3199217171875 0.7050102609375 0.3088096609375 0.6413912640625 0.1929261015625 0.558282428125 0.20896501562499997
1 0.645451421875 0.19080795156250002 0.7100821921875 0.3109869578125 0.798073046875 0.293386175 0.7314611296875 0.1736105515625 0.645451421875 0.19080795156250002
1 0.3866710265625 0.24359666249999998 0.44445947812500003 0.3621645515625 0.53007515625 0.3427460625 0.46942150156249995 0.2275116 0.3866710265625 0.24359666249999998
1 0.295395159375 0.26393255 0.352858321875 0.3839765 0.44198925625 0.3645688375 0.38456305 0.24384816874999998 0.295395159375 0.26393255
0 0 0.4754287875 0.0844656015625 0.45843229531249996 0.027759446875 0.31356801875 0 0.318690471875 0 0.4754287875
1 0.02839731875 0.31431878750000003 0.08716542499999999 0.4614322984375 0.180372365625 0.44410974375 0.1240041640625 0.29748422343750003 0.02839731875 0.31431878750000003
0 0.20774285781250001 0.2803323109375 0.2733307875 0.428403903125 0.360464915625 0.4107726203125 0.2921019109375 0.26131028437500003 0.20774285781250001 0.2803323109375
0 0.1243143453125 0.2965491703125 0.1816691046875 0.4448328859375 0.271176178125 0.4253521046875 0.2057004203125 0.28247884375 0.1243143453125 0.2965491703125
1 0.8888142359375 0.2767261296875 0.803688271875 0.2950721046875 0.8850746296875001 0.4489302171875 0.977744284375 0.4316285875 0.8888142359375 0.2767261296875
1 0.982147240625 0.4378879734375 0.9970219609375001 0.436534790625 0.9634996984375 0.2640777015625 0.8925980953125 0.27494466093750003 0.982147240625 0.4378879734375
1 0.5323102140625 0.35399856406249997 0.44884503281250004 0.37144396875 0.518902915625 0.5238127234375 0.61077294375 0.50239738125 0.5323102140625 0.35399856406249997
1 0.8013614609375 0.304398078125 0.711016059375 0.32219015781250004 0.79642241875 0.4704316046875 0.881071434375 0.4468622671875 0.8013614609375 0.304398078125
1 0.6206552953125 0.3396721140625 0.536543796875 0.35496608125 0.6100232671875 0.5011200546875 0.70389235625 0.48998898750000003 0.6206552953125 0.3396721140625
1 0.6250838890625 0.34116978124999997 0.706339034375 0.490224925 0.7948864640625 0.47230152500000006 0.7079269906250001 0.32341973749999997 0.6250838890625 0.34116978124999997
1 0.43001265 0.548206475 0.5181460234374999 0.5260944171874999 0.4449194921875 0.37169712499999996 0.35933758125000004 0.3904671328125 0.367899496875 0.412784309375 0.43001265 0.548206475
0 0 0.48595091406249996 0.047770642187500004 0.62283784375 0.14173454531250002 0.60220278125 0.0904458328125 0.46521180468749995 0 0.479201596875 0 0.48595091406249996
0 0.2741454125 0.43050709062500003 0.18345111249999999 0.4469303703125 0.24004152968749998 0.5844215968750001 0.3342392109375 0.5646883765624999 0.2741454125 0.43050709062500003
0 0.18206280156250002 0.44621810625 0.0916195421875 0.46319945156250003 0.1453896671875 0.603862628125 0.23959928125 0.5879204625 0.18206280156250002 0.44621810625
1 0.362707084375 0.4147154921875 0.276202546875 0.4317464421875 0.33449150781250003 0.5639278109375 0.4261377265625 0.5475366390625 0.362707084375 0.4147154921875
1 1 0.6078332796875 0.9765120453125 0.5658701671874999 0.8968714406249999 0.5775924859375 0.98751454375 0.7671010125 1 0.7644397453125 1 0.6078332796875
1 0.1866864390625 0.7183743390624999 0.0877992484375 0.733951584375 0.1568763328125 0.9315148484375 0.261136596875 0.9123848499999999 0.1866864390625 0.7183743390624999
1 0.8113406875000001 0.593763678125 0.8996144421875 0.7881635578124999 0.9854770281249999 0.7680651359375 0.8926746812499999 0.5798942140625 0.8113406875000001 0.593763678125
1 0.2941763953125 0.69792465 0.3710413453125 0.8921576734375 0.473040378125 0.8728991390624999 0.3891083203125 0.67448294375 0.2941763953125 0.69792465
0 0.08533113125 0.7359394765625 0.0385077125 0.7462495312499999 0.07783790625 0.9485858390624999 0.15530469375 0.9293826781250001 0.08533113125 0.7359394765625
1 0.6942330875 0.619707203125 0.7843775078124999 0.8112451890625 0.8794027906249999 0.7939102890624999 0.7856428296875 0.6008128687500001 0.6942330875 0.619707203125
1 0.39366489531250004 0.67984601875 0.47292260312499995 0.870649746875 0.5719269671875 0.8491329625 0.490145684375 0.66506855 0.39366489531250004 0.67984601875
0 0.19074609843749998 0.7166665562500001 0.2646962296875 0.9139652125 0.37017645312499997 0.8928938609375001 0.29257568125 0.7040403421875 0.19074609843749998 0.7166665562500001
1 0.588461615625 0.6448101187499999 0.6822922078125 0.8339289187500001 0.7830371656249999 0.811505725 0.6916562078124999 0.6207862328125 0.588461615625 0.6448101187499999
0 0.5643648484375 0.8267438968749999 0.57374766875 0.8470748406249999 0.6783498812500001 0.832991015625 0.5855830640625 0.6453812609375 0.4928440140625 0.6643049015625 0.5643648484375 0.8267438968749999
1 0 0.2119153828125 0.0736288359375 0.1968385640625 0.0314086296875 0.0940028 0 0.1000980421875 0 0.2119153828125
0 0.113671275 0.0787068796875 0.0322612296875 0.093125459375 0.0745573453125 0.1980349859375 0.16099391093749998 0.18401495625 0.113671275 0.0787068796875
1 0.195837184375 0.0655169828125 0.11506067812500001 0.07814311562500001 0.161245125 0.183966125 0.244580278125 0.17008536406250002 0.195837184375 0.0655169828125
1 0.284374125 0.0543338125 0.19612837656249998 0.06498036874999999 0.2447299234375 0.169592684375 0.32938942187500003 0.1531365453125 0.284374125 0.0543338125
1 0.7864016453125 0.8135868937499999 0.8495370890625 0.9414152203124999 0.9494107609375 0.9220017453124999 0.8817265734375 0.795637553125 0.7864016453125 0.8135868937499999
1 0.6855955515625001 0.83924866875 0.7454516625000001 0.9616473781250001 0.846997696875 0.941908828125 0.7830625171875 0.8148159015625 0.6855955515625001 0.83924866875
1 1 0.802985540625 0.9821288156250001 0.7693778671875 0.8872345546875 0.7919646109375 0.95338519375 0.92122919375 1 0.91216819375 1 0.802985540625
1 0.5831346140625 0.8544462359375 0.6392044 0.982299753125 0.7418880421875 0.962340075 0.6801847265625 0.8390279859374999 0.5831346140625 0.8544462359375
1 0.292825421875 1 0.25855084375000004 0.91677064375 0.16086216874999998 0.93517945 0.18391118125 1 0.292825421875 1
1 0.41047400156249997 1 0.366209446875 0.897529796875 0.26257892968749996 0.918104184375 0.2964973171875 1 0.41047400156249997 1
1 0.5286057703125 1 0.4742809484375 0.879051625 0.3681752546875 0.8975783390625001 0.41196834843749996 1 0.5286057703125 1
1 0.5481445234375 1 0.6364176453125 0.9828414437499999 0.57860524375 0.8554013062499999 0.47682092656249997 0.8771338765625 0.5297189703125 1 0.5481445234375 1
1 0.1809701609375 1 0.15897323125 0.9361265703124999 0.0788533078125 0.9538096234375001 0.0878318078125 1 0.1809701609375 1
1 0.5297489015625 0 0.5246438171875 0.0011526046874999999 0.5792345859375 0.1128143375 0.6583437671875 0.0960286671875 0.6084183390625 0 0.5297489015625 0
1 0.3292416828125 0.152701675 0.409078065625 0.1359230234375 0.3604406828125 0.0409387390625 0.28556929375 0.054101495312500004 0.3292416828125 0.152701675
1 0.6104415765625 0 0.659255103125 0.0971946859375 0.7405339484375 0.082869321875 0.6870479281249999 0 0.6104415765625 0
1 0.4423767140625 0.024464918750000002 0.49435910156249996 0.12438304375 0.576798984375 0.11047096249999999 0.521454709375 0.0050354375 0.4423767140625 0.024464918750000002
1 0.43966028125 0.026003598437499997 0.3611539125 0.0395760734375 0.41072221718749996 0.1373270515625 0.493139340625 0.124088325 0.43966028125 0.026003598437499997
1 0.7774879828125 0 0.8232750093750001 0.06819449375 0.9003583828125 0.053211003125 0.8641527890624999 0 0.7774879828125 0
1 0.6908102671874999 0 0.7412916390625 0.0876514578125 0.8211499218749999 0.06860756875 0.7736995140625 0 0.6908102671874999 0
1 0.8668401749999999 0 0.9004761875 0.0517797 0.9216805703125001 0.0489369375 0.91216819375 0 0.8668401749999999 0