1 0.981655828125 0.268494684375 0.953764815625 0.20498459375000003 0.8794051859375 0.21020485937500002 0.9277652968749999 0.328477009375 0.986581725 0.3247979515625 0.981655828125 0.268494684375
1 0.7969338828125 0.22031428281249998 0.8503599812499999 0.33979866406250003 0.9249047546875 0.3318163890625 0.8708386593749999 0.212407896875 0.7969338828125 0.22031428281249998
1 0.6083149328124999 0.2429351390625 0.5286351765624999 0.24776708906249997 0.5234632578125 0.24821957343749998 0.5713967765625 0.36920445 0.655406796875 0.359135425 0.6083149328124999 0.2429351390625
1 0.61347575625 0.2407808265625 0.6599882046875 0.3565822265625 0.7476122546874999 0.354757934375 0.6969364953125 0.233592371875 0.61347575625 0.2407808265625
1 0.7011514328125 0.23192214375 0.7523802875000001 0.3574385875 0.8408076046874999 0.34921538281250003 0.7875870453125 0.223891096875 0.7011514328125 0.23192214375
1 0.4409817375 0.25711954062500003 0.4856415328125 0.38033036249999996 0.5719182640625 0.370063025 0.5240944890625 0.2498481171875 0.4409817375 0.25711954062500003
1 0.3490388859375 0.26770354687500003 0.3932263109375 0.39233932656250003 0.48296212968749996 0.382449134375 0.43888084687499995 0.257148371875 0.3490388859375 0.26770354687500003
0 0 0.32927965625 0.030215703125 0.4465313421875 0.121361096875 0.437949378125 0.080477640625 0.2888613140625 0 0.2951284609375 0 0.32927965625
1 0.081028121875 0.289669834375 0.1237093546875 0.441195878125 0.2172423828125 0.43379140468750005 0.1768731609375 0.28299784375 0.081028121875 0.289669834375
0 0.2610686375 0.2747750125 0.3103641109375 0.42795890625000005 0.3979512625 0.41961624531249997 0.34606755312500004 0.264768525 0.2610686375 0.2747750125
0 0.17727488125 0.2821060171875 0.2184442609375 0.4346413 0.3085578671875 0.424718053125 0.2588368921875 0.27668362968750004 0.17727488125 0.2821060171875
1 1 0.49683393750000004 0.9318451968750001 0.342208659375 0.8461610765625001 0.3514670265625 0.9104110000000001 0.5120169296875 1 0.5048501578125 1 0.49683393750000004
1 1 0.47816952968750004 0.9877704843749999 0.338385528125 0.935753453125 0.3408423890625 1 0.494263675 1 0.47816952968750004
1 0.57295825625 0.381417440625 0.489001753125 0.3899588546875 0.5422541625 0.5478558171875 0.63489315625 0.5362668703125 0.57295825625 0.381417440625
1 0.8429092593749999 0.3604418078125 0.7521445484375 0.3686086328125 0.8209305562500001 0.5240263609375 0.9066836921875 0.5095557578125 0.8429092593749999 0.3604418078125
1 0.6613966890625 0.37646734843749996 0.5770257921875 0.3828150140625 0.6342869078125 0.5349262718750001 0.7278334078124999 0.5337101890625 0.6613966890625 0.37646734843749996
1 0.6656015234375 0.3784092265625 0.7302174453125 0.5341984296875 0.8192258796875 0.525714384375 0.7489770984375 0.3695018734375 0.6656015234375 0.3784092265625
1 0.452241209375 0.56269910625 0.541273896875 0.55003203125 0.48511159375 0.3897998453125 0.398934953125 0.399429775 0.405062015625 0.422379515625 0.452241209375 0.56269910625
1 0 0.521830465625 0.00707200625 0.60266386875 0.06442140156250001 0.59695315 0.030005009375000002 0.443056378125 0 0.44481145624999996 0 0.521830465625
0 0.12654874375 0.4452733203125 0.0338417890625 0.44978035937499994 0.06829165468750001 0.5966145468749999 0.16291128906250002 0.5860150609375 0.12654874375 0.4452733203125
0 0.31094915156249997 0.4301225140625 0.219982121875 0.43690011562500003 0.2615117671875 0.578688953125 0.35626854531249996 0.569005175 0.31094915156249997 0.4301225140625
0 0.218688984375 0.43605142499999994 0.12791153125000002 0.4434067609375 0.16633804531250002 0.5880365984375 0.260715734375 0.5821009593750001 0.218688984375 0.43605142499999994
1 0.39975183125 0.42374692031250005 0.3128463 0.431561875 0.3565953 0.5682797703125 0.448496028125 0.5616331328124999 0.39975183125 0.42374692031250005
1 1 0.6643285750000001 0.9883605937500001 0.6371264921875001 0.9087587812500001 0.6404101765625 0.9784451421875 0.83716016875 1 0.8348806468750001 1 0.6643285750000001
1 0.195182609375 0.7055193296875 0.0962382234375 0.7106066906249999 0.1438659265625 0.91306945625 0.2484655015625 0.9050308390625 0.195182609375 0.7055193296875
1 0.82290041875 0.6474769 0.88975026875 0.8488142734374999 0.9763401406250001 0.8379006609375 0.90439045625 0.6422476046875001 0.82290041875 0.6474769
1 0.3030973484375 0.696513075 0.358734275 0.8964962328125001 0.461121284375 0.888094859375 0.3989591890625 0.6832405500000001 0.3030973484375 0.696513075
0 0.0339036484375 0.9093509484375 0.0374000609375 0.9254522984375001 0.142538715625 0.9107982890624999 0.093603821875 0.7123141375 0.01741563125 0.720892040625 0.0339036484375 0.9093509484375
1 0.7049522859375 0.660910409375 0.773938546875 0.859614234375 0.8692627125 0.8523871109375 0.7968783015625001 0.6517651171875001 0.7049522859375 0.660910409375
1 0.4028915046875 0.6890161484374999 0.461237253125 0.8858593921875 0.56090930625 0.8749138953125 0.499384725 0.6844683953125 0.4028915046875 0.6890161484374999
0 0.1993547515625 0.7042546375 0.251806459375 0.9069638640625 0.3578070296875 0.8971336843750001 0.3008912140625 0.702390659375 0.1993547515625 0.7042546375
1 0.5982494 0.674694828125 0.6711135046875001 0.8713919125 0.7725923359375 0.8597320125 0.702304521875 0.6617082437499999 0.5982494 0.674694828125
0 0.55577379375 0.8519973296875 0.5629136703125 0.8730695484375 0.6673296140625 0.8700539671874999 0.5953570484374999 0.6749592437499999 0.5021195203125 0.683994928125 0.55577379375 0.8519973296875
1 0 0.1903965578125 0.050838296875 0.18543441562500002 0.022094520312499998 0.07963669375 0 0.08165568437500001 0 0.1903965578125
1 0.10670546562500001 0.07223419375 0.0225158296875 0.07957375625 0.0516768359375 0.186666021875 0.137662721875 0.178273253125 0.10670546562500001 0.07223419375
0 0.18925667031249999 0.0656918671875 0.1076351640625 0.071455953125 0.1384533453125 0.179552528125 0.22498156093750002 0.1747063375 0.18925667031249999 0.0656918671875
1 0.27149553437499996 0.0612209453125 0.1906824328125 0.0652795078125 0.2252338765625 0.1746842625 0.3086948953125 0.16965241250000002 0.27149553437499996 0.0612209453125
1 0.35979877031249996 0.05939752031249999 0.2718374875 0.060720940625 0.30889299062500003 0.1691810734375 0.39392311874999997 0.16174190156249998 0.35979877031249996 0.05939752031249999
1 0.7756895671875 0.8621396640625001 0.8169651640625 0.9741790609375001 0.9165139609375 0.96546966875 0.8713720296874999 0.8543364953125 0.7756895671875 0.8621396640625001
1 0.673816678125 0.876994046875 0.7125139890625001 0.9833173531250001 0.8142465359375001 0.9744169093749999 0.7722760328125 0.863006271875 0.673816678125 0.876994046875
1 1 0.9061215296875 0.9729090312500001 0.8388490671875 0.8771724046875 0.851280515625 0.9209406765624999 0.96508238125 1 0.9581655859374999 1 0.9061215296875
1 0.5713936578125 0.8813336078124999 0.6067405453125 0.99257133125 0.708725815625 0.9836487765624999 0.6685133453125001 0.8762118875 0.5713936578125 0.8813336078124999
1 0.27211183125 1 0.24546809687499999 0.9090959937499999 0.147411540625 0.91710686875 0.16737208125 1 0.27211183125 1
1 0.384189375 1 0.35342421874999996 0.9013020796875001 0.24929561875 0.91083390625 0.27562424375 1 0.384189375 1
1 0.4963242484375 1 0.46170814375 0.8943049984375 0.355354234375 0.9015549796875 0.38564154375 1 0.4963242484375 1
1 0.5218304671875 1 0.603659003125 0.99284093125 0.5668367640625 0.8818053906250001 0.4644060484375 0.8926743671875 0.49771808906250004 1 0.5218304671875 1
1 0.1643754671875 1 0.1454545453125 0.917846046875 0.038703646875 0.9299185 0.053022849999999996 1 0.1643754671875 1
1 0.6017881296875001 0.0318825640625 0.644012303125 0.1479343390625 0.7236130140625 0.1395908859375 0.6778733859375 0.0229042796875 0.6017881296875001 0.0318825640625
1 0.3938225265625 0.16129669375 0.474138325 0.153035984375 0.4360549609375 0.054087990625000006 0.3609991703125 0.059292498437499994 0.3938225265625 0.16129669375
1 0.6802328921874999 0.0233874984375 0.7243898671875 0.1408383234375 0.8058726203125 0.13515269218749998 0.7479281828125 0.0202235171875 0.6802328921874999 0.0233874984375
1 0.5184060984375 0.0463474375 0.5592734328125 0.150520496875 0.641856434375 0.1453643640625 0.598248671875 0.035387720312499996 0.5184060984375 0.0463474375
1 0.5155735796875 0.0475850203125 0.4368975 0.052815548437500005 0.47561198125 0.1545950515625 0.5581031578125 0.1501020578125 0.5155735796875 0.0475850203125
1 0.82815158125 0.014146334375 0.888830715625 0.12927409375 0.9662515515625 0.122500646875 0.9066901484375001 0.011161178125 0.82815158125 0.014146334375
1 0.8061254359375001 0.13995810625 0.886696325 0.12946082812499998 0.8379261390625 0.039935615625 0.8237693578125 0.014967570312500001 0.754133709375 0.02243919375 0.8061254359375001 0.13995810625
1 0.96651506875 0.1210982984375 0.9687547671875001 0.12103489062499999 0.9586712203125 0.005779409375 0.91003139375 0.0098785453125 0.96651506875 0.1210982984375