1 1 0.3316254046875 0.99999309375 0.3315569859375 0.9331700078124999 0.314919453125 0.9419752406249999 0.43229277968749996 1 0.4472085578125 1 0.3316254046875
1 0.857827046875 0.3002500640625 0.8707382499999999 0.42012998437500004 0.938510690625 0.4344014234375 0.9250155390625 0.3144054234375 0.857827046875 0.3002500640625
1 0.6856537109375 0.2662617921875 0.6142666875 0.2477667453125 0.6095934921875 0.24668785468749999 0.61725125625 0.3663152453125 0.6939347078125 0.3814588953125 0.6856537109375 0.2662617921875
1 0.690801875 0.2658471015625 0.698687378125 0.38052960625 0.7761980265624999 0.403924603125 0.7661822500000001 0.2833568140625 0.690801875 0.2658471015625
1 0.77036143125 0.28309628125 0.7796239593750001 0.40763222031249996 0.8596629484375 0.4256523203125 0.8485956734375 0.3007165859375 0.77036143125 0.28309628125
1 0.534586034375 0.23095633906250002 0.538733334375 0.351599403125 0.617464921875 0.3672159046875 0.6096842796875 0.24829413437499998 0.534586034375 0.23095633906250002
1 0.4507857046875 0.21400104375 0.45411209843749994 0.3357573171875 0.5357756 0.3526907359375 0.53273186875 0.23038235937499998 0.4507857046875 0.21400104375
0 0.20878762812499999 0.15592980625 0.128518740625 0.1365916796875 0.11971702656250001 0.27967721874999996 0.20224644375 0.2981583953125 0.20878762812499999 0.15592980625
1 0.2090410265625 0.15679490000000001 0.20338507031250003 0.3016713828125 0.28767700937499996 0.3218647921875 0.29515579375 0.1782892453125 0.2090410265625 0.15679490000000001
0 0.371476359375 0.19510264375 0.37115982812500004 0.343317584375 0.4504946296875 0.360993434375 0.44901089531249994 0.21058312343750002 0.371476359375 0.19510264375
0 0.29576277812499996 0.1776227859375 0.288490975 0.322951915625 0.3704958328125 0.3399641390625 0.36897181875 0.196137609375 0.29576277812499996 0.1776227859375
1 0.94164898125 0.4454823078125 0.863725471875 0.4291512046875 0.8744506968750001 0.5880825093750001 0.9582861078124999 0.6080935171874999 0.94164898125 0.4454823078125
1 1 0.46030598749999996 0.9454721234375001 0.44540050000000003 0.9596344203125 0.6149655484375 0.9846436781250001 0.62348334375 1 0.5569678062500001 1 0.46030598749999996
1 0.6151447296875 0.377456446875 0.5389433953125 0.360990215625 0.54076125 0.5144613640625 0.625459475 0.530735115625 0.6151447296875 0.377456446875
1 0.8583120421875 0.4360835890625 0.7762353562500001 0.417347425 0.7924079765625 0.5730779078125 0.871876684375 0.5848639515625 0.8583120421875 0.4360835890625
1 0.6942612312499999 0.39834623125 0.6183206171875 0.3798405734375 0.6253086234375 0.5293881359375 0.7078498140625 0.5550050234375 0.6942612312499999 0.39834623125
1 0.6974027281249999 0.40124620625 0.7098054921875 0.5561126046875 0.7904293734375 0.5740700171875 0.7731978546875 0.41722626093750004 0.6974027281249999 0.40124620625
1 0.45744349375000004 0.5017867 0.5392801046875 0.516087640625 0.5355705890625 0.35974138437500003 0.45710849531250003 0.3435952078125 0.4559554671875 0.3654416078125 0.45744349375000004 0.5017867
1 0.0331592921875 0.2994035203125 0.019845684375 0.4021573421875 0.1069285375 0.42116919375000006 0.12052164531250001 0.27657383593749996 0.0431014671875 0.2563392296875 0.0331592921875 0.2994035203125
0 0.20471856093750002 0.3060521703125 0.12197770625 0.283556878125 0.11042558437500001 0.4219765515625 0.1965822796875 0.4396817796875 0.20471856093750002 0.3060521703125
0 0.37105763281250004 0.3453792859375 0.28919886093749997 0.32536876718749996 0.2853044265625 0.46138918906250004 0.3713208109375 0.47993548593749996 0.37105763281250004 0.3453792859375
0 0.28830436718749997 0.3242566703125 0.2064476140625 0.3048061890625 0.19901743125 0.44242959062500004 0.2836331765625 0.46415028906250005 0.28830436718749997 0.3242566703125
1 0.4509001953125 0.3651245453125 0.3723146046875 0.34718095781249997 0.3718145265625 0.47939339375 0.45445639531250004 0.4997849234375 0.4509001953125 0.3651245453125
1 0.922921771875 0.8908302890625001 0.9073073453125 0.7198835609375 0.8364297875 0.7000548171875 0.841621178125 0.8922398578124999 0.9188189734375 0.9086014640625001 0.922921771875 0.8908302890625001
1 0.19090013125 0.553545221875 0.10251345468749999 0.5297790828125 0.08669584062499999 0.7206755234375 0.1808920421875 0.743470034375 0.19090013125 0.553545221875
1 0.75897740625 0.681754628125 0.7603699046875 0.8771481375000001 0.83956070625 0.8922879625 0.8320682093749999 0.7004180296875 0.75897740625 0.681754628125
1 0.28828481250000004 0.576437871875 0.2802107640625 0.767447171875 0.3725662140625 0.7892929078125 0.37629431874999997 0.5921564296875 0.28828481250000004 0.576437871875
0 0 0.7029970234375 0.08617656093750001 0.7183079375 0.0997124140625 0.530523021875 0.0086031828125 0.5118529828125 0 0.5976551625 0 0.7029970234375
1 0.65151588125 0.6598774703125 0.6555356375 0.8535739437500001 0.74135085 0.87443355 0.7348916421875 0.678087953125 0.65151588125 0.6598774703125
1 0.3781044390625 0.59833615 0.37330481875 0.7873682203125 0.4639993859375 0.806211503125 0.4641837015625 0.621875728125 0.3781044390625 0.59833615
0 0.1949262046875 0.553627640625 0.18327701406250002 0.7461158578125 0.2792144796875 0.7677409625 0.284672325 0.5809560640625 0.1949262046875 0.553627640625
1 0.553835071875 0.64151506875 0.561833665625 0.8345601500000001 0.654319240625 0.8532931171874999 0.6489621796875 0.6598209828125 0.553835071875 0.64151506875
0 0.46601419218749995 0.7846769703125 0.4662858359375 0.805167965625 0.55889001875 0.8323091484375 0.551218390625 0.6409216640625 0.466721490625 0.6222411109375 0.46601419218749995 0.7846769703125
1 0.1374193265625 0 0.1342610734375 0.039721984375000005 0.21220318749999997 0.0568972265625 0.2149549859375 0 0.1374193265625 0
1 0.2153713765625 0 0.2125891828125 0.058215009375 0.29053129843750003 0.075390253125 0.29275645 0 0.2153713765625 0
1 0.8977179578125 1 0.9192658890625 0.9066656578125001 0.839491425 0.8935928234375 0.8453179390625 1 0.8977179578125 1
0 0.2936132078125 0 0.290861615625 0.076736115625 0.3682701109375 0.0971720515625 0.367957375 0 0.2936132078125 0
1 0.369236146875 0 0.36849809375000003 0.09722468437500001 0.44326446875 0.116623178125 0.4414628109375 0.011051409375 0.40055628906249996 0 0.369236146875 0
1 0.5195699796875 0.0346408875 0.44190568125 0.0107110515625 0.443572771875 0.1162668921875 0.5204035046875 0.1340046640625 0.5195699796875 0.0346408875
1 0.7516088328125 1 0.7426489796875 0.8767424046875 0.6563548781249999 0.8562850890625 0.662050990625 1 0.7516088328125 1
1 0.659869278125 1 0.653108740625 0.8560704125 0.56261320625 0.8402373750000001 0.5683167765625 1 0.659869278125 1
1 0.843790259375 1 0.8362758296875 0.8921399109375001 0.7486159 0.8757204734374999 0.7553134874999999 1 0.843790259375 1
1 0.5654371031250001 1 0.5581761968750001 0.8380397296875 0.47138300937500005 0.8148241359374999 0.4703058890625 1 0.5654371031250001 1
1 0.0886612578125 0.725222690625 0.07395988125 0.9147929421875001 0.1716622484375 0.9373493109375 0.177100521875 0.74617525625 0.0886612578125 0.725222690625
1 0.1799685859375 0.7487889859375 0.174964 0.9381115812499999 0.2720179140625 0.9605182421875 0.2741762640625 0.7701414453125001 0.1799685859375 0.7487889859375
1 0.27580004375 0.7709134203125 0.27294384531250004 0.9607320109374999 0.37188640156249997 0.9835746984375 0.371313075 0.7948989796875 0.27580004375 0.7709134203125
1 0.46850291874999994 1 0.4672447109375 0.813937565625 0.374148034375 0.7942404265625 0.371771996875 0.9835482859375 0.44303219531250004 1 0.46850291874999994 1
1 0 0.8977179578125 0.0702111765625 0.9139274859375 0.08673120625 0.72531185625 0 0.7075835703125 0 0.8977179578125
1 0.740031278125 0.0795656640625 0.7440775703125 0.19324431250000002 0.81639529375 0.20864152656249998 0.8094409562499999 0.093404209375 0.740031278125 0.0795656640625
1 0.520441925 0.133586071875 0.5933643953125001 0.1492597140625 0.5880849046875001 0.051741190625 0.520654628125 0.0348912984375 0.520441925 0.133586071875
1 0.811376509375 0.0945003921875 0.816722578125 0.20995557968749998 0.88993695625 0.2282172546875 0.871758284375 0.11103792187499999 0.811376509375 0.0945003921875
1 0.6626475796875 0.06845090312499999 0.6688849968749999 0.17133946718749998 0.742915296875 0.190378684375 0.7359229843749999 0.08162584687499999 0.6626475796875 0.06845090312499999
1 0.6598062890625 0.0687268390625 0.589187625 0.050867131249999996 0.5942151671875 0.1510454296875 0.6679759109375001 0.170639215625 0.6598062890625 0.0687268390625
1 1 0.14446546093749998 0.9439776500000001 0.12859748437500002 0.964502609375 0.24673074062499997 1 0.254925959375 1 0.14446546093749998
1 0.88879040625 0.232497825 0.962574034375 0.2462854953125 0.9452207375 0.1539710453125 0.939893296875 0.1280667765625 0.8765797093750001 0.11474833124999999 0.88879040625 0.232497825