1 0.9707538031249999 0.3083971875 0.985068484375 0.30750151875 0.9744141421875 0.18572183281250002 0.9220669718750001 0.1893974296875 0.9707538031249999 0.3083971875
1 0.839024746875 0.1995746671875 0.892812515625 0.31979381875 0.9678732640625001 0.311757384375 0.9134410671875001 0.1916146359375 0.839024746875 0.1995746671875
1 0.6491000765625 0.2223475296875 0.5688690421875 0.22721450625 0.56366133125 0.227670121875 0.6119184468750001 0.349399396875 0.6965100265624999 0.33926270468749997 0.6491000765625 0.2223475296875
1 0.6542967265625 0.220179571875 0.7011232796875 0.336693434375 0.789353346875 0.3348521828125 0.738335040625 0.2129412859375 0.6542967265625 0.220179571875
1 0.7425792312499999 0.21126046562499998 0.7941541734374999 0.337549090625 0.8831934765625 0.3292693375 0.82961304375 0.2031741890625 0.7425792312499999 0.21126046562499998
1 0.480608896875 0.23663043125 0.5255695046875 0.360599615625 0.6124434828124999 0.350263240625 0.5642968203125001 0.22930868593749998 0.480608896875 0.23663043125
1 0.388029596875 0.2472857984375 0.43251447499999995 0.37268877499999997 0.5228714375 0.3627316515625 0.47849347656249996 0.2366595765625 0.388029596875 0.2472857984375
0 0.117609946875 0.26859172343750004 0.0278881109375 0.27557939375 0.066990228125 0.42723917968749997 0.158766425 0.418598275 0.117609946875 0.26859172343750004
1 0.11816418437500001 0.26940520156250003 0.16113070937500001 0.42186468125000004 0.255310975 0.4144083890625 0.2146723984375 0.262685765625 0.11816418437500001 0.26940520156250003
0 0.299450596875 0.25440666562500003 0.3490769953125 0.408533809375 0.43727032968749996 0.4001339171875 0.385037909375 0.24433283593750002 0.299450596875 0.25440666562500003
0 0.2150769546875 0.261788403125 0.256521109375 0.41526345625000005 0.3472584703125 0.40527305 0.29720329843750004 0.25632721875 0.2150769546875 0.261788403125
1 1 0.4781695359375 0.9891999828125 0.354724775 0.974861025 0.322213415625 0.8885838203124999 0.331534546875 0.95326759375 0.49307223906250003 1 0.48933356874999995 1 0.4781695359375
1 0.61348993125 0.3616877421875 0.5289523328125 0.370287378125 0.582562721875 0.5291564546874999 0.6758430421875 0.5174898906250001 0.61348993125 0.3616877421875
1 0.885308934375 0.3405649890625 0.79391608125 0.348788165625 0.8631676374999999 0.5051616796875 0.9495146734375 0.490596103125 0.885308934375 0.3405649890625
1 0.7025402140625 0.3567013265625 0.6175855 0.3630936859375 0.6752326890625 0.51614105 0.76942611875 0.5149113828125 0.7025402140625 0.3567013265625
0 0.706773996875 0.358654928125 0.7718266078125 0.515402484375 0.8614510640624999 0.5068602421875 0.7907266703125 0.34968712968750004 0.706773996875 0.358654928125
1 0.4919263890625 0.5440972953125 0.5815755359375 0.531346178125 0.5250352875 0.370127640625 0.43826213281250004 0.37982266249999996 0.444430071875 0.4029138 0.4919263890625 0.5440972953125
1 0 0.521830475 0.005798646875 0.588109309375 0.10142268750000001 0.5785881500000001 0.06677830312500001 0.42374275937499994 0 0.42765024374999994 0 0.521830475
0 0.16398946875 0.42596713125 0.07064117812500001 0.430508034375 0.1053197234375 0.578247203125 0.200594315625 0.5675760875 0.16398946875 0.42596713125
0 0.349665940625 0.4107107484375 0.2580694578125 0.4175361296875 0.299877065625 0.560198315625 0.3952896890625 0.5504485546875 0.349665940625 0.4107107484375
0 0.256767434375 0.41668227812499997 0.1653618015625 0.42408895312499995 0.20404463750000001 0.56960989375 0.29907530625 0.5636314546875 0.256767434375 0.41668227812499997
0 0.4390830796875 0.4042899984375 0.3515761125 0.41215887812499996 0.395618753125 0.5497186484375 0.48815538125 0.5430249796875 0.4390830796875 0.4042899984375
1 1 0.6202604703125 0.9515956171875001 0.6222588734375 1 0.7588439015625 1 0.6202604703125
1 0.23308102812499998 0.6878166218749999 0.1334521375 0.6929418359375 0.18139603124999998 0.89665243125 0.2867194078125 0.8885573578124999 0.23308102812499998 0.6878166218749999
1 1 0.7676121984375001 0.9471969671875 0.6241079375 0.8651431078125 0.62937483125 0.9324421390625 0.8319518328125 1 0.8234389171875 1 0.7676121984375001
1 0.341742553125 0.6787477156249999 0.3977512125 0.8799628625 0.5008467484375 0.871502934375 0.438268115625 0.665386965625 0.341742553125 0.6787477156249999
0 0.030066 0.705999534375 0.07419318124999999 0.909118690625 0.18005979218749998 0.894367315625 0.130799409375 0.6946600046875 0.030066 0.705999534375
0 0.746378521875 0.6428989953124999 0.8158289078125 0.8428260375000001 0.9118126828124999 0.835548075 0.8389407765625 0.6336912328125 0.746378521875 0.6428989953124999
1 0.4422272453125 0.67119799375 0.5009636640624999 0.8692536484375 0.6013256328125001 0.85823405625 0.5393879874999999 0.666615878125 0.4422272453125 0.67119799375
0 0.23728210156250001 0.68654384375 0.29008334062499996 0.8905021078124999 0.396817515625 0.8806043140625001 0.33952078281250003 0.684661759375 0.23728210156250001 0.68654384375
1 0.63893691875 0.6567755078124999 0.7122920921875 0.8546831578124999 0.8144733828125 0.84294463125 0.7437123984375 0.6437019312500001 0.63893691875 0.6567755078124999
0 0.5961560968749999 0.8351762328125 0.6033439781250001 0.8563781828125 0.7084821234375 0.8533371937500001 0.63602455 0.6570417453124999 0.5421417234375 0.6661393078125 0.5961560968749999 0.8351762328125
1 0 0.167990196875 0.0011913734375000001 0.17297792812499999 0.0877723703125 0.164527721875 0.0588367046875 0.0580781921875 0 0.0634545046875 0 0.167990196875
1 0.14403319375 0.050624465625000004 0.05926093125 0.058014837500000006 0.088616628125 0.16576688281250002 0.1751976265625 0.157316678125 0.14403319375 0.050624465625000004
0 0.2271556421875 0.044036357812499996 0.14496936875 0.0498413546875 0.1759936328125 0.1586038078125 0.2631204859375 0.15372205625 0.2271556421875 0.044036357812499996
1 0.3099634546875 0.039532475 0.228591290625 0.04362135625 0.263374546875 0.1536998296875 0.3474130015625 0.1486314734375 0.3099634546875 0.039532475
1 0.39887740312500003 0.0376920515625 0.31030780625 0.03902935625 0.34761249843750003 0.1481572078125 0.43323106874999995 0.140666553125 0.39887740312500003 0.0376920515625
1 0.8175918734375 0.8453669578125 0.8635710890625001 0.9701015703125 0.9642473109375 0.9612935421875 0.9139364593750001 0.8375093671875 0.8175918734375 0.8453669578125
1 0.7150135953125 0.86031973125 0.758345325 0.97930763125 0.8609303796875001 0.9703326015625 0.814154678125 0.8462391406249999 0.7150135953125 0.86031973125
1 1 0.8240196859375001 0.919777140625 0.834434128125 0.9684544374999999 0.960925465625 1 0.9581655874999999 1 0.8240196859375001
1 0.6118820656249999 0.864692753125 0.6512996234374999 0.9886729171875 0.7546511640625 0.9796308281250001 0.7096736421875 0.8595330828125001 0.6118820656249999 0.864692753125
1 0.31518235625 1 0.2837010125 0.8926478234375 0.18496590156249998 0.9007145578125 0.20888514531250002 1 0.31518235625 1
1 0.428333109375 1 0.39240412812500003 0.884798746875 0.28755488749999997 0.894396225 0.31875376875 1 0.428333109375 1
1 0.5218304703125 1 0.540948965625 0.9983273484374999 0.5014372609375 0.8777514046875 0.3943474734375 0.8850530843750001 0.4297308703125 1 0.5218304703125 1
1 0.504153928125 0.8761105234375 0.5420778984375 0.9982285796875001 0.6483593515625 0.9889301578125 0.6072936296875 0.865167746875 0.504153928125 0.8761105234375
1 0.2057010734375 1 0.182995325 0.9014584296875 0.075505490625 0.913612403125 0.093163965625 1 0.2057010734375 1
1 0.6425418406250001 0.0099913875 0.6850504515625 0.1267574484375 0.765202121875 0.11835727968750001 0.719153790625 0.000952690625 0.6425418406250001 0.0099913875
1 0.4331298109375 0.140218603125 0.514001509375 0.1319016421875 0.475661228125 0.0323447671875 0.40008611250000004 0.037586303125 0.4331298109375 0.140218603125
1 0.7522925015624999 0 0.72152958125 0.0014387421875000001 0.765984265625 0.11961237499999999 0.8480308187500001 0.1138863234375 0.7905756265624999 0 0.7522925015624999 0
1 0.5585823078125001 0.0245510453125 0.5997254671875 0.1293650859375 0.6828798421875 0.1241717359375 0.6389776828125 0.0135184296875 0.5585823078125001 0.0245510453125
1 0.555730121875 0.0257964578125 0.4765096796875 0.031064409375 0.515485253125 0.1334702453125 0.5985471265625 0.1289441359375 0.555730121875 0.0257964578125
1 0.8746218499999999 0 0.9315629296875001 0.1079660203125 0.9673375609375 0.1048361453125 0.9587105093750001 0.0062284984375 0.9553764031249999 0 0.8746218499999999 0
1 0.8004136453124999 0 0.7959414625 0.00047978125 0.8482850703124999 0.11872141249999998 0.9294137671874999 0.108154046875 0.880312159375 0.0180788671875 0.87005480625 0 0.8004136453124999 0