1 0.9460094703124999 0.268133134375 0.981430371875 0.2659177171875 0.9711421484375 0.148322771875 0.8990976312500001 0.1533802015625 0.9460094703124999 0.268133134375
1 0.819100528125 0.1631870265625 0.8709264078125001 0.2791162140625 0.943234809375 0.27137306250000004 0.8907881296875001 0.15551749374999999 0.819100528125 0.1631870265625
1 0.6361402703125 0.185130703125 0.5588508640625001 0.189817190625 0.5538341015625 0.19025609999999998 0.600332203125 0.3076410078125 0.6818218671875 0.2978734125 0.6361402703125 0.185130703125
1 0.6411462343750001 0.18304061875 0.6862657890625 0.2953963 0.7712612375 0.29362811718750004 0.7221031531250001 0.17606784375 0.6411462343750001 0.18304061875
1 0.7261916171875 0.174447415625 0.77588629375 0.296229084375 0.86166078125 0.2882524578125 0.8100341500000001 0.166657190625 0.7261916171875 0.174447415625
1 0.4738270640625 0.198889465625 0.5171496921875 0.318434 0.6008380640625 0.3084740390625 0.5544464312499999 0.19183618593750001 0.4738270640625 0.198889465625
1 0.3846425484375 0.20915655156250001 0.4275070078125 0.3300836203125 0.5145507109375 0.320489653125 0.4717891953125 0.1989173953125 0.3846425484375 0.20915655156250001
0 0.12413809218750001 0.229679034375 0.037705987499999996 0.23640967812499997 0.07538718125 0.382655178125 0.1637982015625 0.3743305296875 0.12413809218750001 0.229679034375
1 0.124672078125 0.23046350000000002 0.1660760828125 0.3774804484375 0.2568031359375 0.37029829375 0.2176418 0.223992075 0.124672078125 0.23046350000000002
0 0.29931139375 0.2160157265625 0.347131259375 0.3646413171875 0.432090784375 0.3565487765625 0.381760290625 0.2063088265625 0.29931139375 0.2160157265625
0 0.2180314515625 0.22312680000000001 0.2579689765625 0.3711229171875 0.3453791328125 0.36149688593749996 0.2971466375 0.2178674890625 0.2180314515625 0.22312680000000001
1 0.9909201421875 0.374386284375 0.949967265625 0.2814561640625 0.86685370625 0.290437196875 0.929179565625 0.44620986562500004 0.9967311265625 0.44080612812500003 0.9909201421875 0.374386284375
1 0.6018470953125 0.319490528125 0.520409309375 0.32777598124999996 0.5720675078124999 0.4809744453125 0.661927259375 0.4697323421875 0.6018470953125 0.319490528125
1 0.8636996218749999 0.2991447875 0.7756578578125 0.3070666625 0.842383621875 0.45786000156249995 0.9255640203125 0.4438218703125 0.8636996218749999 0.2991447875
1 0.6876324328125001 0.314689596875 0.6057926390625 0.3208465875 0.6613391703125 0.4684316328125 0.75207941875 0.4672536796875 0.6876324328125001 0.314689596875
1 0.69171116875 0.3165737625 0.75439195 0.46772743749999995 0.8407301171875 0.45949774843749996 0.7725854437499999 0.30793325 0.69171116875 0.3165737625
1 0.48475508749999996 0.49537408125000004 0.5711166921874999 0.483085865625 0.5166358453125001 0.3276216234375 0.43304454843749995 0.3369631515625 0.438988284375 0.359229946875 0.48475508749999996 0.49537408125000004
1 0 0.4553611984375 0.0154397296875 0.5378745390625 0.10856988125 0.5286005796875 0.0751827359375 0.3792836359375 0 0.383680753125 0 0.4553611984375
0 0.16883037812499999 0.3814365890625 0.078904559375 0.385807565625 0.1123240265625 0.528272134375 0.2041050234375 0.5179900859375001 0.16883037812499999 0.3814365890625
0 0.34769879531250003 0.366740540625 0.259460753125 0.373314534375 0.2997475140625 0.51088406875 0.391661559375 0.5014904734375001 0.34769879531250003 0.366740540625
0 0.25820638906250004 0.37249107812500004 0.170152246875 0.379625615625 0.207429025 0.519951525 0.29897543125000003 0.5141945046874999 0.25820638906250004 0.37249107812500004
1 0.43383742343750004 0.36055654375 0.3495390625 0.3681370984375 0.3919784984375 0.5007866671875 0.481122234375 0.49433975781250006 0.43383742343750004 0.36055654375
1 1 0.56779499375 0.9275795656250001 0.5707816203125 0.995179528125 0.761677040625 1 0.7611672328125 1 0.56779499375
1 0.23541073437499999 0.63393813125 0.13943460624999998 0.638872028125 0.1856377484375 0.8353097328124999 0.2870993609375 0.8275125375 0.23541073437499999 0.63393813125
1 0.8442969437500001 0.5776362359375 0.90914558125 0.7729824437499999 0.9931376875 0.76239545 0.92334231875 0.57256426875 0.8442969437500001 0.5776362359375
1 0.34008804062500003 0.625202165625 0.39406009062499997 0.8192342328125 0.4933755046875 0.81108503125 0.43307392343749995 0.6123266625 0.34008804062500003 0.625202165625
0 0.0398396265625 0.6514547359375 0.0823659234375 0.8473218156250001 0.1843503046875 0.8331061375000001 0.13687926718750001 0.6405286 0.0398396265625 0.6514547359375
1 0.7298873171875 0.5906674749999999 0.796808225 0.7834585625 0.8892726859375 0.7764485156250001 0.8190555328125001 0.5817962828125001 0.7298873171875 0.5906674749999999
1 0.436888396875 0.617930440625 0.493487946875 0.8089161015625 0.5901697921875 0.7982984453124999 0.5304869015625 0.613520040625 0.436888396875 0.617930440625
0 0.23945769375 0.632711165625 0.2903401359375 0.8293880984375 0.39316067656250003 0.8198526921875 0.33794820625 0.6309047671875 0.23945769375 0.632711165625
1 0.6263856109375 0.6040394140625 0.6970679921875 0.7948835671875 0.7955024015625 0.78357280625 0.7273189999999999 0.591441509375 0.6263856109375 0.6040394140625
0 0.5851878625 0.77606385625 0.5921139906249999 0.796509034375 0.6933975828125 0.793585365625 0.6235800296875 0.6042959015625 0.533139646875 0.6130607203125 0.5851878625 0.77606385625
1 0 0.087286825 0.0119794515625 0.1374710828125 0.0953857390625 0.1293298921875 0.0699559140625 0.0357140640625 0 0.0418344125 0 0.087286825
1 0.17960543906249998 0.122383665625 0.1522069109375 0.028518034375 0.0703767078125 0.035677248437499996 0.09619915 0.1305248578125 0.17960543906249998 0.122383665625
0 0.2643047984375 0.118924721875 0.2323849234375 0.0215033671875 0.1532365546875 0.028427951562499998 0.1803723703125 0.12362488281249999 0.2643047984375 0.118924721875
1 0.3455067796875 0.11402295 0.311401015625 0.014590354687500001 0.23375703906249998 0.021383321875 0.26454954375 0.118903309375 0.3455067796875 0.11402295
1 0.428178146875 0.10634964531249999 0.3951463171875 0.007263589062500001 0.3118760390625 0.014548795312500001 0.3456989203125 0.11356564375 0.428178146875 0.10634964531249999
1 0.798506771875 0.7859088640625 0.8662640421875001 0.9698659671875 0.9655721546875 0.9611776328125 0.8913187703125001 0.7783399234374999 0.798506771875 0.7859088640625
1 0.6996901906249999 0.8003190171875 0.764622409375 0.9787584578124999 0.8642326796875001 0.9700436890624999 0.795195653125 0.78674960625 0.6996901906249999 0.8003190171875
1 1 0.7886256015625001 0.9898095265625001 0.763315559375 0.8969450828125 0.7753750203124999 0.9682992468749999 0.96093904375 1 0.9581655874999999 1 0.7886256015625001
1 0.6003397671874999 0.8045273015625 0.658639234375 0.988030784375 0.761700703125 0.9790140734375001 0.6945459328125 0.7995600281249999 0.6003397671874999 0.8045273015625
1 0.333582934375 1 0.28419195625000004 0.8314566375 0.18907708437499998 0.839227053125 0.2277848375 1 0.333582934375 1
1 0.44379268437499997 1 0.3889094265625 0.8238969296875001 0.2879046953125 0.8331429015625 0.337164965625 1 0.44379268437499997 1
1 0.5218304687499999 1 0.5529407156249999 0.9972782062500001 0.4939448875 0.817110346875 0.39078155312499996 0.82414234375 0.44487572656249996 1 0.5218304687499999 1
1 0.496561825 0.8155283046875 0.55296314375 0.99727624375 0.6566682578124999 0.988203221875 0.595919578125 0.8049849468750001 0.496561825 0.8155283046875
1 0.22403567343750003 1 0.1871788109375 0.8399441875000001 0.083630496875 0.8516551140624999 0.11393634687500001 1 0.22403567343750003 1
1 0.6369494437500001 0 0.670764821875 0.09295821875 0.7479774828125 0.0848647421875 0.71471811875 0 0.6369494437500001 0
1 0.3963082953125 0.0071619296875000005 0.4280805609375 0.10591768906250001 0.5059868609375 0.0979045078125 0.46904388125 0.0019007890625 0.40830995625 0.0061119203125 0.3963082953125 0.0071619296875000005
1 0.7163764015625 0 0.7487310578125 0.08607506718749999 0.8277693578124999 0.0805603453125 0.7871613671875 0 0.7163764015625 0
1 0.55112395 0 0.5885680171875001 0.0954656515625 0.668673571875 0.090464690625 0.632809703125 0 0.55112395 0
1 0.4798832015625 0 0.4727478734375 0.00047433281249999995 0.46988344687500005 0.0007249375 0.5074163406250001 0.0994172015625 0.587432840625 0.0950596421875 0.54800484375 0 0.4798832015625 0
1 0.8687923046874999 0 0.9082387390625 0.0748584328125 0.9642858515625001 0.0699549453125 0.9603856734375 0.025375703125 0.9468137546875001 0 0.8687923046874999 0
1 0.7903188125 0 0.8280146890625 0.0852227375 0.9061683796875 0.075039565625 0.8652982203124999 0 0.7903188125 0