1 0.9834379625 0.2456914515625 0.9480292703125001 0.161148734375 0.8770068296875 0.1648915625 0.921163209375 0.278415528125 0.9855234140625001 0.27551479843750004 0.9834379625 0.2456914515625
1 0.798164565625 0.1731596875 0.8471333734375 0.2879229671875 0.9183785921875 0.2815508 0.8687979921875 0.1668492421875 0.798164565625 0.1731596875
0 0.6178539 0.19159280625 0.541762828125 0.1948773625 0.536821525 0.1952228921875 0.5805256234375 0.3113252234375 0.66083506875 0.30312110468750003 0.6178539 0.19159280625
1 0.6228130625 0.1896251203125 0.6652481625 0.3007636453125 0.7488674093750001 0.30047729218749997 0.7025503765625001 0.184157303125 0.6228130625 0.1896251203125
1 0.706599121875 0.182635309375 0.7533710625000001 0.303111190625 0.837863528125 0.2967394953125 0.7891883921875 0.176413746875 0.706599121875 0.182635309375
0 0.4579897296875 0.202338140625 0.49853366406250005 0.32050770625 0.5810087453125 0.312152153125 0.53739646875 0.19678548125 0.4579897296875 0.202338140625
1 0.370104171875 0.21090159062499997 0.4101736765625 0.3304214203125 0.49594224374999996 0.32248264843749996 0.45598510625 0.20233079843750001 0.370104171875 0.21090159062499997
0 0.1135571921875 0.2266152609375 0.02843948125 0.2317517875 0.06297485625 0.3760537953125 0.15006622187500002 0.3693852265625 0.1135571921875 0.2266152609375
0 0.1140688125 0.227394965625 0.152252078125 0.3725183109375 0.24160144374999998 0.36701155625 0.2056114703125 0.2226246421875 0.1140688125 0.227394965625
0 0.2860669734375 0.216183165625 0.3305321765625 0.362996196875 0.414225165625 0.3564967265625 0.367318728125 0.20805504218749998 0.2860669734375 0.216183165625
0 0.2060095953125 0.22178132343749998 0.24273376875000002 0.3678414921875 0.32886327656250003 0.359877478125 0.283906109375 0.21796523125 0.2060095953125 0.22178132343749998
0 0.92482573125 0.291570465625 0.8429328296874999 0.2989742171875 0.9015406875 0.4530554828125 0.9903840671875 0.4475062578125 0.92482573125 0.291570465625
1 0.9937918281250001 0.453901021875 0.998006765625 0.45403502656250005 0.986439078125 0.28860940625 0.9285768359375 0.29033308281250003 0.9937918281250001 0.453901021875
1 0.5818110843750001 0.32299101874999997 0.5015782203125 0.329740090625 0.549739365625 0.481110625 0.6383058 0.47160092656249997 0.5818110843750001 0.32299101874999997
1 0.8396807734375 0.30747397187500003 0.7529595015625 0.3137531921875 0.81598031875 0.4630182859375 0.8980261640625 0.4506480203125 0.8396807734375 0.30747397187500003
1 0.66625945 0.31973903593749997 0.5856679406249999 0.3243904296875 0.637749875 0.47031318593749993 0.7270086671875 0.470704665625 0.66625945 0.31973903593749997
1 0.6702381875000001 0.3216594875 0.729274753125 0.47120950937500006 0.8143259328125 0.46459884687499997 0.749922990625 0.3145520171875 0.6702381875000001 0.3216594875
1 0.463623646875 0.4937654828125 0.5487678734375 0.4831684765625 0.49786987031249996 0.3295240640625 0.4155009234375 0.3372737796875 0.42096227031250005 0.35924819375 0.463623646875 0.4937654828125
1 0 0.5174603875 0.00025153125 0.5210574515624999 0.0013425984375 0.527504790625 0.0930913640625 0.5199842390625 0.062831940625 0.372738396875 0 0.375315925 0 0.5174603875
0 0.1548925625 0.3764514875 0.06637965625 0.3792104578125 0.09678904375 0.5197256718750001 0.18722836874999998 0.5111918375 0.1548925625 0.3764514875
1 0.331054115625 0.365067978125 0.24416305781249997 0.37001980625 0.2814105046875 0.5058437609374999 0.3719653546875 0.49818493750000004 0.331054115625 0.365067978125
0 0.24294365468749998 0.36918950625 0.1562237859375 0.3746951015625 0.1904635296875 0.5131753140625 0.2805941078125 0.509082471875 0.24294365468749998 0.36918950625
1 0.4158737796875 0.3604634203125 0.3328398390625 0.36647124375 0.37228918437499997 0.49749898750000004 0.46006875625 0.4926874546875 0.4158737796875 0.3604634203125
1 1 0.6378244890625 0.973809615625 0.573586459375 0.8978187734375 0.57539669375 0.9610077109375 0.764069521875 1 0.7606335265624999 1 0.6378244890625
1 0.21601629218750001 0.6256234390625 0.121543503125 0.6288321156250001 0.163594159375 0.8225840453125001 0.263511028125 0.816656325 0.21601629218750001 0.6256234390625
1 0.815796284375 0.58070875 0.876202671875 0.77370669375 0.9589872734375 0.7647403796875001 0.8936209125 0.5770754984375001 0.815796284375 0.58070875
1 0.31911182656250003 0.618828434375 0.368844303125 0.81034985625 0.46665656406249995 0.8040397296874999 0.4107808265625 0.607767578125 0.31911182656250003 0.618828434375
0 0.023379839062499998 0.639492565625 0.061824345312499994 0.832621209375 0.162366028125 0.82039745 0.11900188593750001 0.63041578125 0.023379839062499998 0.639492565625
1 0.703055425 0.5915569671875 0.7655438515624999 0.7820803453125 0.856598903125 0.77677230625 0.790900878125 0.5843644421875 0.703055425 0.5915569671875
1 0.557383453125 0.76877465 0.5638423515625 0.7889764265625 0.6635000953125 0.787833003125 0.5981025734375 0.6006998796875 0.509007840625 0.6077661984375 0.557383453125 0.76877465
1 0.4144355234375 0.6133373421874999 0.46680455312499997 0.8019110812499999 0.5620694046875 0.7931312125 0.5065610125 0.610602325 0.4144355234375 0.6133373421874999
0 0.22001743437500001 0.6244872406249999 0.266665821875 0.818554021875 0.3679491078125 0.8109420281249999 0.316909059375 0.6243936578125 0.22001743437500001 0.6244872406249999
0 0.60103608125 0.6029260125 0.6672573046875 0.7916010859375 0.76425766875 0.7821702828125 0.7005162640625 0.5922734765625 0.60103608125 0.6029260125
1 0 0.11215243125 0.0048450453125 0.13412401406250002 0.0870113421875 0.127550246875 0.0621583984375 0.02939591875 0 0.0337424578125 0 0.11215243125
1 0.16995698125 0.1221641921875 0.1430587125 0.0237388171875 0.0625694296875 0.029367176562500003 0.08779068281249999 0.12873795937500002 0.16995698125 0.1221641921875
1 1 0.760550675 0.95931306875 0.7660530109375 1 0.8772340875 1 0.760550675
0 0.2533142015625 0.12021192812499999 0.2218312578125 0.0182305046875 0.1441111765625 0.023665221875 0.17068981562500002 0.1233965453125 0.2533142015625 0.12021192812499999
1 0.2232489390625 0.0181313703125 0.2535552640625 0.12019507031250001 0.33325680625 0.11678266718750001 0.2995827328125 0.0128226125 0.2988016484375 0.012848210937499998 0.2232489390625 0.0181313703125
1 0.30004927656249997 0.0127609671875 0.33345365625 0.1163367265625 0.41469227656249996 0.11065596875000001 0.383849875 0.0125483421875 0.3057075984375 0.0123652984375 0.30004927656249997 0.0127609671875
1 0.858578503125 0.7786651796874999 0.7671720296875 0.784516296875 0.8318696375 0.9699132234375 0.9301081765625 0.9638295250000001 0.858578503125 0.7786651796874999
1 0.7639012109375 0.7852856609375001 0.669742365625 0.7969851546875 0.7325348625 0.9792168203125 0.8301710359375001 0.9708178109375 0.7639012109375 0.7852856609375001
1 1 0.8813009218750001 0.9556983265625 0.765587415625 0.8641628296875 0.7758487359374999 0.935308434375 0.97078121875 1 0.96625754375 1 0.8813009218750001
1 0.6646963359375 0.7961517953125 0.5719636375 0.799423465625 0.6283444140625 0.988074146875 0.731075525 0.9832479187500001 0.6646963359375 0.7961517953125
1 0.30984930781250003 1 0.260583721875 0.8204810484375 0.1669090140625 0.8264907750000001 0.205523696875 1 0.30984930781250003 1
1 0.41792603437500003 1 0.36369846875 0.8148421828125001 0.26420593281250004 0.8222008531249999 0.3133834640625 1 0.41792603437500003 1
1 0.5174603828125 1 0.525565621875 0.9994332265624999 0.467112609375 0.8099681953125 0.36553537812500003 0.8151152078124999 0.4189407171875 1 0.5174603828125 1
1 0.469713521875 0.808458796875 0.52539696875 0.9994450203125 0.6277787203125 0.992285790625 0.5676087140625 0.7997975828125 0.469713521875 0.808458796875
1 0.20169476875 1 0.16502978906250002 0.8271628296875001 0.0629932546875 0.8368994484375 0.0933807578125 1 0.20169476875 1
1 0.6184839578125 0 0.6534950375 0.1016414421875 0.729569390625 0.09500884375 0.6942002515625 0 0.6184839578125 0
1 0.41460375781250003 0.11022998749999999 0.4913588875 0.10368810312500001 0.4566830265625 0.0087518734375 0.38499675 0.0124681453125 0.41460375781250003 0.11022998749999999
1 0.695996390625 0 0.7302896203125 0.0962106234375 0.8081149249999999 0.09214232812499999 0.7636224515625 0 0.695996390625 0
1 0.558299525 0 0.5353710703125001 0.0027394718750000002 0.572615365625 0.10270173281249999 0.6514814 0.0991563265625 0.6141245078125 0 0.558299525 0
1 0.5326483125 0.0038720359374999997 0.45750803281249997 0.0075531015625 0.4927386203125 0.1051984359375 0.571505978125 0.10228353125 0.5326483125 0.0038720359374999997
1 0.842921184375 0 0.8873508546875 0.087914575 0.9613194843749999 0.082742184375 0.9188617453125 0 0.842921184375 0
1 0.767453990625 0 0.8082757875000001 0.09672644687500001 0.8853116359375001 0.0880571703125 0.8402836296875 0.0019244406249999998 0.8392355625000001 0 0.767453990625 0
1 0.9219892609375 0 0.9615943015624999 0.08141000468750001 0.97194239375 0.08129715781249999 0.9662575421874999 0 0.9219892609375 0