1 0.9457884921874999 0.20821635781249997 0.8817553874999999 0.10481990156250001 0.8124208859375001 0.1195816453125 0.873525503125 0.224167934375 0.9460395390624999 0.2093037609375 0.9457884921874999 0.20821635781249997
1 0.736091403125 0.1400078125 0.8021260031249999 0.24505988906249998 0.8712713390625 0.22768139375000002 0.804644065625 0.1227854265625 0.736091403125 0.1400078125
1 0.5614534812499999 0.1862547 0.4870581203125 0.201357621875 0.482247478125 0.20246824531250002 0.5433074125 0.30965705312499997 0.6210911640625 0.28906471875 0.5614534812499999 0.1862547
1 0.566029696875 0.183548353125 0.62506926875 0.2860608609375 0.7073412984375 0.272727009375 0.6436753203125 0.1657323359375 0.566029696875 0.183548353125
1 0.6474245437499999 0.163605765625 0.7121839671875 0.27461045624999997 0.794370240625 0.25516458124999997 0.7277605953124999 0.1446043984375 0.6474245437499999 0.163605765625
1 0.4057491984375 0.22176067187499998 0.464019353125 0.3314727625 0.543911475 0.310393671875 0.483056215625 0.20391294062499998 0.4057491984375 0.22176067187499998
1 0.3205631890625 0.24388846874999998 0.37857606875 0.3550005578125 0.46177511562499995 0.33381663906250003 0.40377466562500003 0.22206637499999998 0.3205631890625 0.24388846874999998
0 0 0.347993959375 0.043875459374999995 0.454007353125 0.1285740234375 0.4338642734375 0.0704541921875 0.29936510156249996 0 0.3149261015625 0 0.347993959375
1 0.0710789703125 0.3000508984375 0.13121255625 0.4365997140625 0.2183144296875 0.41724505624999997 0.16045437499999998 0.281077040625 0.0710789703125 0.3000508984375
0 0.23865573750000002 0.2621927953125 0.3052358859375 0.3994202703125 0.3866152875 0.37997371874999997 0.317378921875 0.24152799374999998 0.23865573750000002 0.2621927953125
0 0.1607152859375 0.280186765625 0.21955804687499997 0.41788328750000003 0.3031084890625 0.3966182421875 0.23680538593749997 0.2642800609375 0.1607152859375 0.280186765625
1 0.8791746093749999 0.23651419218749997 0.799707734375 0.256567746875 0.8813393406250001 0.3987249125 0.967936515625 0.3794075296875 0.8791746093749999 0.23651419218749997
1 0.9722846234375 0.385155159375 0.9862316171875 0.3833947765625 0.9490088125 0.2221651 0.8826750453125 0.2347135640625 0.9722846234375 0.385155159375
1 0.54638515 0.32091204375000004 0.46845074531249997 0.34006359062499997 0.5393772718750001 0.4811895453125 0.6250865515624999 0.45802626562500004 0.54638515 0.32091204375000004
1 0.797826796875 0.26542202187499997 0.713432071875 0.2851249953125 0.798659684375 0.42186389999999996 0.8775055671875001 0.396909421875 0.797826796875 0.26542202187499997
1 0.629012665625 0.3045365671875 0.550399321875 0.32168420468750003 0.6243392328125 0.4568485015625 0.7122682484375 0.4432999609375 0.629012665625 0.3045365671875
1 0.6332277625 0.30580135625 0.7145774609375 0.443441984375 0.79727661875 0.42367423281249994 0.7105669671875 0.28638341875 0.6332277625 0.30580135625
1 0.4565691390625 0.5070587843750001 0.53874060625 0.4833619734375 0.4647666078125 0.34043031562500004 0.3848848484375 0.3608979140625 0.393674878125 0.38162398125 0.4565691390625 0.5070587843750001
1 0 0.5569678062500001 0.0124639125 0.61095494375 0.0958826421875 0.590643946875 0.0432197171875 0.45077398593750007 0 0.4594519703125 0 0.5569678062500001
0 0.1344229296875 0.44004986874999996 0.0477176078125 0.456575675 0.09948254375 0.58981284375 0.187187134375 0.56731549375 0.1344229296875 0.44004986874999996
0 0.30607155 0.40137325781250005 0.22130347343749998 0.41979925625 0.2790711421875 0.5473622781249999 0.3670253921875 0.5257061453125 0.30607155 0.40137325781250005
0 0.2199740796875 0.41917425625 0.13546055625 0.4381173234375 0.1906800328125 0.56875824375 0.278770603125 0.5506700828125 0.2199740796875 0.41917425625
1 0.38885445 0.38361161250000003 0.30804745312500004 0.4024725 0.3672376140625 0.5249820015625 0.45290215624999997 0.5065550796875 0.38885445 0.38361161250000003
1 1 0.5533004046875 0.971207084375 0.505803721875 0.8966813515625001 0.519443234375 0.9881965312500001 0.6948537375 1 0.6919035265625 1 0.5533004046875
1 0.23330373125 0.675192028125 0.140801240625 0.69308975625 0.212296509375 0.8767874687500001 0.30973585625 0.85536988125 0.23330373125 0.675192028125
1 0.8167619578125 0.5374630046875 0.9062098531249999 0.7175550562499999 0.9863117906250001 0.6958278921875001 0.89280969375 0.52174706875 0.8167619578125 0.5374630046875
1 0.3337374859375 0.6524266 0.4124483828125 0.8327348828125001 0.5077565015625 0.8112702984375 0.42226001875 0.627255803125 0.3337374859375 0.6524266
0 0.0458230234375 0.7188811515625 0.11367149375 0.9025297140624999 0.21074781874999998 0.8748319718750001 0.1385452453125 0.695041628125 0.0458230234375 0.7188811515625
1 0.70746281875 0.5657142312500001 0.7985758875 0.74305129375 0.8873877453125001 0.72362551875 0.792822325 0.5449389250000001 0.70746281875 0.5657142312500001
1 0.4267230515625 0.63215475 0.507571496875 0.80915689375 0.599988215625 0.7856646984375 0.5169883937499999 0.615088553125 0.4267230515625 0.63215475
0 0.23706602812500002 0.6734517359375001 0.31313630937500003 0.8567409406250001 0.41165912968749996 0.833456125 0.33243360625 0.6582354140625 0.23706602812500002 0.6734517359375001
1 0.6087990734375001 0.592803315625 0.7032996484375 0.76774269375 0.7973237156249999 0.7433403796875 0.705074528125 0.5668141890625 0.6087990734375001 0.592803315625
0 0.5921362546875 0.764838253125 0.6016329109375 0.7836679046875 0.6995604203125 0.766988875 0.6061102593750001 0.593435090625 0.5195013312500001 0.6142814750000001 0.5921362546875 0.764838253125
1 0 0.13777426875 0.02988368125 0.20727302656250002 0.1097486375 0.187991825 0.066641603125 0.092578328125 0 0.1079422515625 0 0.13777426875
0 0.1435157921875 0.0754893453125 0.0674146359375 0.091724628125 0.11066150156250001 0.1890875859375 0.191503915625 0.1730629765625 0.1435157921875 0.0754893453125
1 0.220368478125 0.0603858359375 0.1448041046875 0.0749132359375 0.19173860625 0.17300879375 0.269668325 0.157216746875 0.220368478125 0.0603858359375
1 0.30328018437500004 0.0469627171875 0.2206246765625 0.059871217187500006 0.26979282968749996 0.1567481125 0.3488832890625 0.138488640625 0.30328018437500004 0.0469627171875
1 0.8896305671875 0.7251752875 0.8005571281250001 0.7451892124999999 0.8930485593749999 0.9171473265625 0.9888114921875 0.8958385484375 0.8896305671875 0.7251752875
1 0.797456790625 0.7464552796875 0.7065824187499999 0.7726418640625 0.7967066875000001 0.9417891171875 0.89151695 0.9183007625 0.797456790625 0.7464552796875
1 1 0.7262727390625 0.983205671875 0.6971730625 0.8946903546874999 0.7215378859375 0.9935397578125 0.899209421875 1 0.8977179578125 1 0.7262727390625
1 0.7953465828125 0.944965921875 0.7014855390625 0.7726111828125 0.610705815625 0.790299146875 0.6955154609374999 0.9667506296875 0.748356703125 0.9558143906250001 0.7953465828125 0.944965921875
1 0.37106837187499997 1 0.3074483328125 0.859582646875 0.21616663749999998 0.8801063875 0.2635592375 1 0.37106837187499997 1
1 0.48486994218749996 1 0.4080806109375 0.8379495312499999 0.3112812859375 0.86070605625 0.3747303734375 1 0.48486994218749996 1
1 0.5569678031249999 1 0.5947854046875001 0.99126911875 0.509126440625 0.8170207812499999 0.409931315625 0.8379309015624999 0.4859944328125 1 0.5569678031249999 1
1 0.5114523453125 0.8151325796875 0.594667634375 0.9912963078124999 0.69428458125 0.9682979234375001 0.6064768578125 0.7913463125 0.5114523453125 0.8151325796875
1 0.2600711140625 1 0.2144210953125 0.8810596765625001 0.1154868265625 0.9065484218750001 0.148709215625 1 0.2600711140625 1
1 0.5333668281249999 0 0.5825652328125 0.0923602796875 0.6564240125 0.07397223593749999 0.61464295 0 0.5333668281249999 0
1 0.348729971875 0.1380841484375 0.4232730125 0.119678921875 0.3743888546875 0.031865653125 0.304396734375 0.046704940625000003 0.348729971875 0.1380841484375
1 0.6163112609375 0 0.65731971875 0.0750399421875 0.7333005390625 0.0588966921875 0.6923283265625 0 0.6163112609375 0
1 0.49923638906249995 0 0.450916953125 0.0136786484375 0.503110334375 0.1060264859375 0.5801969031249999 0.0902342515625 0.528761525 0 0.49923638906249995 0
1 0.4484125578125 0.015215821874999999 0.375014775 0.030559696874999997 0.42486588437500006 0.1209466765625 0.5019532625 0.1057889890625 0.4484125578125 0.015215821874999999
1 0.780011078125 0 0.8106452359375 0.0423766609375 0.8826579406249999 0.025751217187499998 0.863799234375 0 0.780011078125 0
1 0.6946844 0 0.734171046875 0.06337312187500001 0.8086599390625 0.042835003125 0.7767860671875 0 0.6946844 0