1 0.9185308578125 0.33242810624999997 0.9232115562500001 0.4600987671875 0.9936244984375 0.4801412296875 0.9883365828124999 0.35230515625000003 0.9185308578125 0.33242810624999997
0 0.739480390625 0.2839082796875 0.6655701406250001 0.2591366703125 0.660721940625 0.2576544265625 0.6598808796875 0.3846739703125 0.7396268765625 0.40629009062500004 0.739480390625 0.2839082796875
1 0.7449408562500001 0.28384637343749997 0.7447085906249999 0.405655271875 0.8247119140624999 0.436054478125 0.8231361765624999 0.3078683953125 0.7449408562500001 0.28384637343749997
1 0.8275632046875 0.30789859218750004 0.8280487265625001 0.440224371875 0.911119246875 0.46512659999999995 0.9087601359375 0.3322462140625 0.8275632046875 0.30789859218750004
1 0.58278736875 0.23553942656250001 0.5781682578125 0.363375946875 0.6600390859374999 0.3856416921875 0.660697953125 0.2593590828125 0.58278736875 0.23553942656250001
1 0.4956705453125 0.211487765625 0.49010267656249995 0.34044104062499997 0.5749675078125 0.36431331875 0.58087464375 0.2347970796875 0.4956705453125 0.211487765625
0 0.24477404374999998 0.13240351875 0.16155930937500002 0.10609117812499999 0.14161048125 0.2567049921875 0.22727318125 0.2822767453125 0.24477404374999998 0.13240351875
0 0.24497680625 0.1333365484375 0.22821217656249998 0.2860736296875 0.3156061015625 0.31358429062500004 0.334196215625 0.162355740625 0.24497680625 0.1333365484375
0 0.4134350203125 0.1857104359375 0.40205280156249995 0.3423670921875 0.4844063046875 0.3668539125 0.49405350937500003 0.20774485625 0.4134350203125 0.1857104359375
0 0.3348860546875 0.16169560624999998 0.31638351875000004 0.3147930234375 0.40160249062500003 0.33877356875000003 0.4107164359375 0.1866213625 0.3348860546875 0.16169560624999998
1 0.9988191093750001 0.578588021875 0.9961083187499999 0.492084459375 0.9151430015625 0.46912238906250003 0.9146072343749999 0.6379148875 0.974895603125 0.6568382796875001 0.9988191093750001 0.578588021875
1 0.656828715625 0.396297428125 0.5776897796875 0.3733184484375 0.5681667953125 0.5356875875 0.6562813953125 0.559084440625 0.656828715625 0.396297428125
1 0.9089169234375 0.47605483125000003 0.82375070625 0.45024663593750003 0.8291986796874999 0.6160538578125 0.912132453125 0.634324284375 0.9089169234375 0.47605483125000003
1 0.7387124125 0.4241657734375 0.660000471875 0.39904995625 0.65622270625 0.5576495 0.7413659078125 0.5907653609375 0.7387124125 0.4241657734375
0 0.741809446875 0.4274610984375 0.7433459171875 0.5920792078125 0.8270379734375 0.6169579390625 0.8205562109375 0.44989643125 0.741809446875 0.4274610984375
1 0.4812398328125 0.5161963187499999 0.5664834640625 0.5372984328125 0.5742257125 0.3717516515625 0.4926785921875 0.3489456859375 0.4898340421875 0.3719554625 0.4812398328125 0.5161963187499999
1 0.0522474703125 0.2543807234375 0.02715029375 0.37887698125 0.11757575468749999 0.40534269375000004 0.1426904140625 0.253483209375 0.060956528125 0.22589467968750002 0.0522474703125 0.2543807234375
0 0.22929199531250002 0.290802128125 0.1437055234375 0.2609715453125 0.1212037625 0.4064518875 0.21074984687499998 0.43146862343750003 0.22929199531250002 0.290802128125
1 0.40179133437500003 0.34453907031250003 0.3169499359375 0.31739967343750003 0.30270326875000003 0.4609037171875 0.3920386765625 0.48679930000000005 0.40179133437500003 0.34453907031250003
0 0.31608945 0.31615865 0.231208434375 0.2896114234375 0.2131132671875 0.43455144375000004 0.30073485 0.46370029687500003 0.31608945 0.31615865
1 0.48452609375 0.371250615625 0.40298270937499997 0.34653555625 0.3925997859375 0.4862623515625 0.47823868125 0.5138617828125 0.48452609375 0.371250615625
1 0.8573105062499999 0.9570425921875 0.8810387359374999 0.9638302624999999 0.9375546124999999 0.7789751578125 0.8661614109375 0.7535018359375 0.8573105062499999 0.9570425921875
1 0.196269396875 0.55141953125 0.10482324531250001 0.5198326609375 0.07391107031250001 0.720474909375 0.1715567171875 0.7514594890625 0.196269396875 0.55141953125
1 0.78583975625 0.7284926734375 0.7727431484375 0.9351473406249999 0.855133825 0.95694276875 0.8615343609374999 0.753566846875 0.78583975625 0.7284926734375
1 0.297270484375 0.5827410140625 0.2745167140625 0.784068828125 0.3702917171875 0.8139158390624999 0.3889187390625 0.6057931078125 0.297270484375 0.5827410140625
0 0 0.6995075703125 0.073539896875 0.71793413125 0.1018136484375 0.5204142578125001 0.0071162515625 0.4940154453125 0 0.5354511937499999 0 0.6995075703125
1 0.674135346875 0.6975077953125 0.663936096875 0.9025606265624999 0.7528868953125001 0.930886925 0.760710828125 0.722855284375 0.674135346875 0.6975077953125
1 0.39036714375 0.612458134375 0.371214165625 0.8119352390625 0.46546131874999996 0.838486865625 0.4793966515625 0.6436367703125 0.39036714375 0.612458134375
0 0.2005093859375 0.5518010671875 0.17387481875 0.754430825 0.2734440734375 0.78430654375 0.29312374218750004 0.587253084375 0.2005093859375 0.5518010671875
0 0.5724842484375 0.6709536359375 0.566529871875 0.8756088312499999 0.6626741484374999 0.9021748109375001 0.6714462734375 0.6972613375 0.5724842484375 0.6709536359375
0 0.4691915 0.8158697874999999 0.4679505296875 0.83755093125 0.5635931249999999 0.8730140109375 0.5697687765625 0.670134990625 0.4820459140625 0.6442086 0.4691915 0.8158697874999999
1 0.2595521828125 0 0.2560673390625 0.0293860203125 0.336989353125 0.05324179999999999 0.342322415625 0 0.2595521828125 0
0 0.34306473125000003 0 0.3372374 0.054688684375 0.4173535640625 0.08195235937499999 0.4228681234375 0 0.34306473125000003 0
1 0.4239987 0 0.417590084375 0.082024671875 0.49499705 0.107998446875 0.5007670328125 0 0.4239987 0
1 0.50123681875 0 0.4953487640625 0.1076443578125 0.5750567140625 0.1320135234375 0.581584503125 0.026913921875000003 0.5119659765625 0 0.50123681875 0
1 0.7542168671875 1 0.7540838703125 0.9334225703125 0.6645980203125 0.9054865187500001 0.66167866875 1 0.7542168671875 1
1 0.658951165625 1 0.6611904546875 0.9050222031249999 0.5669288234375001 0.8816672984375 0.5628093875 1 0.658951165625 1
1 0.8516367984375 1 0.8516804375 0.9565460515625 0.7604531125 0.9327786124999999 0.7593313703125 1 0.8516367984375 1
1 0.5593028734375001 1 0.5624131140624999 0.8790196796874999 0.4726065078125 0.8481313234375 0.461011384375 1 0.5593028734375001 1
1 0.07564495624999999 0.725425496875 0.051797304687500004 0.8858165625 0.151284578125 0.9162328750000001 0.1673563015625 0.7540419515625 0.07564495624999999 0.725425496875
1 0.1701862953125 0.7570146875 0.1546322734375 0.9172563671875 0.254735553125 0.9478610125 0.2679515375 0.786475696875 0.1701862953125 0.7570146875
1 0.2696065265625 0.7874105015625 0.255840334375 0.9481987765625 0.3577829640625 0.9793657671875 0.368552190625 0.8197504468749999 0.2696065265625 0.7874105015625
1 0.4585490765625 1 0.46830810312500004 0.8468915000000001 0.3715911953125 0.8192615953125 0.3582725109375 0.9795154359374999 0.4252745015625 1 0.4585490765625 1
1 0 0.8699805375 0.048286032812500004 0.884743059375 0.0736027640625 0.72537861875 0 0.7048996234375 0 0.8699805375
1 0.8107470390625 0.0905259828125 0.8065405453125001 0.21099294687499998 0.8816632859375 0.232557859375 0.8829189718749999 0.110230553125 0.8107470390625 0.0905259828125
1 0.5751284375 0.131573834375 0.6508683734375 0.1534751875 0.6525696390625 0.050001109375 0.58270976875 0.027257949999999996 0.5751284375 0.131573834375
1 0.88487860625 0.11153088124999999 0.8819105078125 0.23397089375000002 0.9577653859374999 0.2586294328125 0.9473279968749999 0.1334284046875 0.88487860625 0.11153088124999999
1 0.7299621968750001 0.07311764531250001 0.7288709171875001 0.182338509375 0.80552835625 0.2078786609375 0.80626061875 0.0924034 0.7299621968750001 0.07311764531250001
1 0.7269450390625 0.07320156718750001 0.6537977859375 0.0491577671875 0.651632534375 0.1554251015625 0.72796434375 0.1815317875 0.7269450390625 0.07320156718750001
1 1 0.15131625937499998 0.95213636875 0.137703296875 0.95623708125 0.2630706328125 1 0.2744521640625 1 0.15131625937499998