1 0.7918104375 0.13263849375 0.85473103125 0.23614242968750002 0.9273480078125 0.21993162187499998 0.8608767515625001 0.11666894531250001 0.7918104375 0.13263849375
1 0.7158490671875 0.15439368125 0.78370701875 0.2582772953125 0.852538528125 0.239694696875 0.7840907171875 0.1359775109375 0.7158490671875 0.15439368125
1 0.5420448625 0.20368137968750002 0.4679244140625 0.2200803796875 0.4631338875 0.22127479062500002 0.526055225 0.3273816296875 0.60346774375 0.30543491875 0.5420448625 0.20368137968750002
1 0.5465731484374999 0.2008955796875 0.6073928171875 0.3023620890625 0.689419609375 0.287594425 0.6238960140625001 0.18172717031250002 0.5465731484374999 0.2008955796875
1 0.6276075515625 0.1795354921875 0.6942944125 0.28939306875000004 0.776128790625 0.26851580625000004 0.7075997484375 0.1591349609375 0.6276075515625 0.1795354921875
1 0.3869839578125 0.24189935624999997 0.447159978125 0.350577784375 0.5266720515625 0.3281075953125 0.46396771562500005 0.22270515 0.3869839578125 0.24189935624999997
1 0.30219710625 0.265510484375 0.36214032343749997 0.375593184375 0.4449569890625 0.352960471875 0.3850150609375 0.24223947343750002 0.30219710625 0.265510484375
0 0 0.4131736765625 0.0292185984375 0.48042623281249996 0.1135527171875 0.458808028125 0.0530944046875 0.325343671875 0 0.3380462078125 0 0.4131736765625
1 0.0537310546875 0.3260184609375 0.1162385875 0.461497003125 0.20298940937499999 0.44062515468749996 0.1427617078125 0.3054876765625 0.0537310546875 0.3260184609375
0 0.22062158437499998 0.2852415046875 0.2895865421875 0.421286096875 0.370614159375 0.40042224062500004 0.298972128125 0.26320594375 0.22062158437499998 0.2852415046875
0 0.143007040625 0.30459298281249997 0.2042439765625 0.44124158593749996 0.287410565625 0.4185216234375 0.2188079421875 0.2873607484375 0.143007040625 0.30459298281249997
1 0.8605947468749999 0.248388215625 0.781489959375 0.2698256078125 0.8655901171875 0.41053645312500003 0.95183696875 0.3897106828125 0.8605947468749999 0.248388215625
0 0.9562847234375 0.395381553125 0.9880809828125001 0.39080315 0.9477815671875 0.229171025 0.8640632265624999 0.24652677500000003 0.9562847234375 0.395381553125
1 0.5293289203125 0.3385811921875 0.45174062499999995 0.3590899640625 0.5251193390625 0.49895658750000005 0.6104113078125 0.4743010015625 0.5293289203125 0.3385811921875
1 0.7797638359375 0.278711359375 0.69572583125 0.2998842234375 0.7833268859375 0.43511487656250003 0.8617252421874999 0.408788146875 0.7797638359375 0.278711359375
1 0.6116580593750001 0.320766159375 0.5333559578125 0.3392831796875 0.6096435484375 0.4731364578125 0.69732271875 0.458055409375 0.6116580593750001 0.320766159375
0 0.6158945874999999 0.32195719375 0.6996340562500001 0.458157109375 0.7819756250000001 0.43694907031249997 0.692883125 0.301192459375 0.6158945874999999 0.32195719375
1 0.442775296875 0.5262670859374999 0.5245206828125 0.501139796875 0.44806345 0.35952093125 0.368551065625 0.381379540625 0.377701475 0.40194904375 0.442775296875 0.5262670859374999
1 0 0.5613922812500001 0.0179389734375 0.6333415734375001 0.083602496875 0.6161343671874999 0.028506526562500002 0.47720480312499997 0 0.48344802343750004 0 0.5613922812500001
0 0.1195086859375 0.4648906046875 0.0331049828125 0.48292710781250003 0.0871873453125 0.6152405640625 0.17448594687500002 0.591215984375 0.1195086859375 0.4648906046875
0 0.2904561625 0.42322420312500003 0.20602257499999999 0.44312680000000004 0.266007728125 0.569662209375 0.35357062968749997 0.5464743624999999 0.2904561625 0.42322420312500003
0 0.2046824765625 0.44252509843750004 0.12051242656250001 0.46294024375 0.178003490625 0.5925975546875 0.2657649640625 0.5729747546875 0.2046824765625 0.44252509843750004
0 0.372916471875 0.40402050312500004 0.29245095 0.4242887921875 0.35377018125 0.5457466265625001 0.43910008125 0.5258274562499999 0.372916471875 0.40402050312500004
1 1 0.5837518671875 0.95731295625 0.51603054375 0.8830366171874999 0.5309686328125001 0.9775991953125001 0.7047552609375 1 0.6987390515625 1 0.5837518671875
1 0.2224782234375 0.6982712421875 0.1303021796875 0.7177806343750001 0.20499252656250003 0.90020260625 0.30204324374999997 0.877087728125 0.2224782234375 0.6982712421875
1 0.8034438843749999 0.550380446875 0.896021196875 0.7288839859375 0.9757317421874999 0.7057621609375 0.8792057578125 0.5333396859375 0.8034438843749999 0.550380446875
1 0.3224993703125 0.6737564703125 0.40434509218750003 0.8526635984375 0.4992640875 0.8295389249999999 0.41056912968750003 0.6470445765624999 0.3224993703125 0.6737564703125
0 0.0637154296875 0.816940909375 0.1068317953125 0.9276621734375 0.20340994375000002 0.8982744328125 0.12808059375 0.7197715828125 0.045188440625 0.7426332140625 0.0637154296875 0.816940909375
0 0.69465444375 0.580534903125 0.7888485937499999 0.7562548140625001 0.8773078984374999 0.735282015625 0.7796383687499999 0.5582730328125 0.69465444375 0.580534903125
1 0.4151169796875 0.651864884375 0.49904222656249997 0.8274290734375 0.5910348734374999 0.8023275609375 0.505070728125 0.633225940625 0.4151169796875 0.651864884375
0 0.226209575 0.696465553125 0.3054671078125 0.8783992328125001 0.403568546875 0.853398503125 0.321297065625 0.6795871546875001 0.226209575 0.696465553125
1 0.5964784937500001 0.6093417796875 0.694017790625 0.7826052531250001 0.7876016578125 0.756565709375 0.6922857140625001 0.5816763734375 0.5964784937500001 0.6093417796875
0 0.5828206375 0.781641321875 0.5926444703125 0.8003023656250001 0.690265975 0.7819168046875 0.593801115625 0.6100203859375 0.5075691984375 0.632375128125 0.5828206375 0.781641321875
1 0 0.20974524374999998 0.01092284375 0.233973678125 0.09043913125 0.2133015765625 0.04567346875 0.11865493125 0 0.1300277453125 0 0.20974524374999998
0 0.122237703125 0.1002269109375 0.046431484375 0.11778787187499999 0.09137097968749999 0.2143812390625 0.1719214140625 0.196948175 0.122237703125 0.1002269109375
1 0.19881509375 0.0837844375 0.12351576718749999 0.09962840625 0.1721551234375 0.1968899046875 0.24979736406250003 0.17974020156249998 0.19881509375 0.0837844375
1 0.28147990625 0.06891635625 0.199062271875 0.083265428125 0.2499136703125 0.17926946562499999 0.32867341250000004 0.15963245625 0.28147990625 0.06891635625
1 0.79086684375 0.7583578281250001 0.8815766234375 0.9201690765625001 0.97620465 0.8965756609375 0.8795774249999999 0.73679240625 0.79086684375 0.7583578281250001
1 0.6973855625 0.7874463828125 0.7845424171875 0.944362421875 0.8795923765625 0.92066380625 0.787789075 0.7596778125 0.6973855625 0.7874463828125
1 1 0.752697046875 0.972649571875 0.7071613343750001 0.8845729625000001 0.733067253125 0.9789238499999999 0.8958976875 1 0.8906428125 1 0.752697046875
1 0.6018317234375 0.80677425625 0.6835871499999999 0.9695333968750001 0.7816971703125 0.9450718218749999 0.6922889234375 0.7875046609374999 0.6018317234375 0.80677425625
1 0.356108253125 1 0.2998295921875 0.881339775 0.20891998906249998 0.9034534750000001 0.24904583125 1 0.356108253125 1
1 0.47044063906250005 1 0.40006899375 0.8579536796875 0.30368156874999996 0.8823961203125 0.35974929218749996 1 0.47044063906250005 1
1 0.5613922812500001 1 0.58260260625 0.994711671875 0.5007341765625 0.8352646234375 0.40191909218750005 0.8579027546875 0.4716605609375 1 0.5613922812500001 1
1 0.5030267734375 0.833336115625 0.5827164859375 0.994683278125 0.6816302703125 0.9700213015625 0.5976216859375 0.8078950671875 0.5030267734375 0.833336115625
1 0.2457956578125 1 0.2071913484375 0.904437084375 0.1087169890625 0.9316485875 0.1343684296875 1 0.2457956578125 1
1 0.5298785078125 0 0.50468555625 0.007092778125 0.5615147140625 0.10943280625 0.6350413296874999 0.0897585515625 0.58225668125 0 0.5298785078125 0
1 0.32851305937499997 0.15923070156250002 0.40272353125000004 0.139527321875 0.352314265625 0.0525805734375 0.2825917859375 0.0686391328125 0.32851305937499997 0.15923070156250002
1 0.5842503515625 0 0.6359555328125001 0.0908104625 0.7116430421875 0.0733436234375 0.65869751875 0 0.5842503515625 0
1 0.4285133015625 0.033060740625 0.4823104265625 0.1244836109375 0.559109640625 0.10734843593750001 0.50187994375 0.0109014125 0.4285133015625 0.033060740625
1 0.426036115625 0.034641387499999995 0.3529172984375 0.05126389218750001 0.4043382859375 0.1407670859375 0.481149384375 0.1242663453125 0.426036115625 0.034641387499999995
1 0.7470905421875 0 0.7886876453125 0.0554762578125 0.8603992281249999 0.037596551562500004 0.8318444140624999 0 0.7470905421875 0
0 0.6622071093749999 0 0.7125915421875 0.077804178125 0.7867106500000001 0.055969178125 0.74352568125 0 0.6622071093749999 0
1 0.8341125390625 0 0.8604392187500001 0.03624456875 0.8979248640625 0.0292067125 0.8906428125 0 0.8341125390625 0