1 0.8198534671875001 0.1574170078125 0.8736014781250001 0.2614166890625 0.9448435203125 0.2506585890625 0.8876495109375 0.1466533890625 0.8198534671875001 0.1574170078125
1 0.7450045984375 0.173295759375 0.8034958718749999 0.2779925484375 0.8712425343750001 0.2646941390625 0.8121702109375001 0.16011823593750002 0.7450045984375 0.173295759375
1 0.5737791046875 0.20915542656250002 0.5010720671875 0.2199941265625 0.496363759375 0.22082432812500002 0.5499357625 0.3273333234375 0.6261993078125 0.31136724843749997 0.5737791046875 0.20915542656250002
1 0.5783421640624999 0.2067735 0.6301992078125 0.3086681703125 0.710432290625 0.2999323 0.6543304765625 0.19347976718749998 0.5783421640624999 0.2067735
1 0.6580642921875001 0.19161582187499998 0.715018784375 0.3019931296875 0.7954808328125 0.28735455 0.73671459375 0.1773132921875 0.6580642921875001 0.19161582187499998
1 0.42140952656249997 0.2356004890625 0.4721552 0.344404465625 0.55048226875 0.3280745359375 0.4970720453125 0.22225914531250002 0.42140952656249997 0.2356004890625
1 0.3379100359375 0.252676596875 0.38833550156249996 0.36281871718750003 0.46986553750000004 0.34655370625000004 0.41948465781250005 0.23579634062500002 0.3379100359375 0.252676596875
0 0.09323705 0.2936530375 0.012051209375 0.3071747296875 0.0596456375 0.44155543750000004 0.142572515625 0.4263701984375 0.09323705 0.2936530375
0 0.09380618125 0.29434624375 0.1449842515625 0.42914254375 0.23019476874999997 0.4148388703125 0.1811956515625 0.2805242421875 0.09380618125 0.29434624375
0 0.257775846875 0.266227528125 0.31515276718749996 0.40200253437500005 0.3948346484375 0.3873227796875 0.3349514734375 0.2502387015625 0.257775846875 0.266227528125
0 0.1814933671875 0.2796781875 0.2313647125 0.415517253125 0.313238671875 0.39919159843749996 0.2558801421875 0.2681489140625 0.1814933671875 0.2796781875
1 0.8784338484375 0.2736151421875 0.800570303125 0.28897673749999997 0.8722496265625 0.4302650609375 0.9569702265625001 0.415972009375 0.8784338484375 0.2736151421875
0 0.9608813234375001 0.4217371265625 0.9934905890625 0.419338965625 0.9655223484375 0.2607231921875 0.8819104671875 0.2720532515625 0.9608813234375001 0.4217371265625
1 0.5523374421875 0.3383495078125 0.476001740625 0.3529175875 0.5373824484374999 0.492673103125 0.6214407484375 0.47462398281249996 0.5523374421875 0.3383495078125
1 0.7982997140625 0.297427075 0.715689090625 0.3122028515625 0.7911220484375 0.44844289374999996 0.8686352156250001 0.42832047968750003 0.7982997140625 0.297427075
1 0.6330694703125 0.326696171875 0.55617953125 0.339296284375 0.6207782328125 0.47344985 0.706492275 0.4647909015625 0.6330694703125 0.326696171875
0 0.63708070625 0.32812845 0.7087179124999999 0.46504393593750004 0.78969231875 0.4501204890625 0.712854471875 0.3132733984375 0.63708070625 0.32812845
1 0.45599131406250004 0.51347930625 0.5366559671875 0.49473762499999996 0.4724206640625 0.3530864671875 0.3941348203125 0.368826796875 0.40157668593749996 0.3892699171875 0.45599131406250004 0.51347930625
1 0 0.536566528125 0.01564944375 0.592498928125 0.102961428125 0.5760283187499999 0.059176564062500006 0.4384021484375 0 0.44709502187499994 0 0.536566528125
0 0.147912453125 0.4326333453125 0.06322973125 0.44422695624999997 0.10648475312500001 0.5754070609374999 0.192438434375 0.5581008078125 0.147912453125 0.4326333453125
0 0.31586115000000003 0.4039292328125 0.23295467812499998 0.417453915625 0.2823035640625 0.5434596671875 0.368455728125 0.52697776875 0.31586115000000003 0.4039292328125
0 0.23170111875 0.41678399375 0.1490143984375 0.4308204578125 0.19574225781250001 0.5596685546875 0.2818441671875 0.5466367640625001 0.23170111875 0.41678399375
0 0.3968141640625 0.39094598125 0.31771565 0.40508928906249997 0.3686978875 0.52628959375 0.452471240625 0.512809040625 0.3968141640625 0.39094598125
1 1 0.624275653125 0.9536828609375 0.5381147140625 0.8809244375 0.5475346078125 0.9604637781250001 0.72141039375 1 0.7137030984375 1 0.624275653125
1 0.2315259296875 0.6645229953125 0.14116764843750002 0.6771494265625 0.20092591249999997 0.8580173140625 0.2962374859375 0.8422419906249999 0.2315259296875 0.6645229953125
1 0.8027271125000001 0.560910775 0.88002860625 0.73920065625 0.9585916250000001 0.7222558421875 0.8770631906249999 0.5495634734375 0.8027271125000001 0.560910775
1 0.329801715625 0.6475973265625 0.39671006875 0.8255566406250001 0.4899632578125 0.8096289265625 0.4166827265625 0.627752146875 0.329801715625 0.6475973265625
0 0.048012665625 0.697269290625 0.1042471796875 0.87790659375 0.1995281984375 0.856052384375 0.1388866171875 0.678919775 0.048012665625 0.697269290625
0 0.6955990390625 0.5826852578125 0.7746512515624999 0.7584000734375 0.8615188625 0.7441136484374999 0.779197275 0.5669230828125 0.6955990390625 0.5826852578125
1 0.4207482546875 0.6327040140625 0.4898922078125 0.807580096875 0.5804530328124999 0.7895504234375 0.5089009015625 0.6207676953125 0.4207482546875 0.6327040140625
0 0.235252675 0.6630324812499999 0.2994555796875 0.8437359093750001 0.395910096875 0.8262130359375 0.328244515625 0.6531376296875 0.235252675 0.6630324812499999
1 0.598814128125 0.6038723578125 0.6812642265625 0.7774434203125 0.7734257140625 0.7586161687499999 0.6932335593750001 0.5836268234374999 0.598814128125 0.6038723578125
0 0.5739233515625 0.7690575484375 0.5821452609375 0.7877060234375 0.677687059375 0.7765281546875 0.59618195 0.6043470125 0.5113719624999999 0.6201150328125 0.5739233515625 0.7690575484375
1 0 0.2124809359375 0.0578399171875 0.2016862078125 0.023076121875 0.10748414375 0 0.11164448281249999 0 0.2124809359375
1 0.1001025359375 0.093902309375 0.02345759375 0.10739272500000001 0.0587068625 0.2027421578125 0.13691591875 0.1881459140625 0.1001025359375 0.093902309375
0 0.1753078140625 0.0812714546875 0.10089358281250001 0.0931172703125 0.1377426953125 0.1892492234375 0.216730721875 0.1778448375 0.1753078140625 0.0812714546875
1 0.25039098437499996 0.0705556015625 0.17658294218749998 0.0807801875 0.21696041875 0.1778043359375 0.2931201578125 0.166478103125 0.25039098437499996 0.0705556015625
1 0.33124715625 0.061765709375 0.2506649734375 0.0700718390625 0.293264459375 0.1660321 0.370672484375 0.1523829765625 0.33124715625 0.061765709375
1 0.8636084671875001 0.7457218906249999 0.776457909375 0.7605627703125 0.8571173999999999 0.9311558640625 0.95080241875 0.9154013531249999 0.8636084671875001 0.7457218906249999
1 0.7733954421875 0.7616288796874999 0.68418849375 0.7823362265625 0.7627025015625 0.9500978171875 0.8555775578124999 0.932192065625 0.7733954421875 0.7616288796874999
1 1 0.8106026984374999 0.9555195296875001 0.723397996875 0.8686866249999999 0.7424657375 0.957073334375 0.9227071734375001 1 0.9158473015625 1 0.8106026984374999
1 0.679261646875 0.782050640625 0.5905798921875001 0.7945611609375 0.66358221875 0.9691047718749999 0.7617053031250001 0.954097084375 0.679261646875 0.782050640625
1 0.354080496875 1 0.2938106015625 0.846192628125 0.20449876250000001 0.8614146 0.2511011359375 1 0.354080496875 1
1 0.46206783125 1 0.39222056875 0.8303696671875 0.29745953593749996 0.8474692734374999 0.3575841046875 1 0.46206783125 1
1 0.5360709359375 1 0.5678018375 0.9944049859374999 0.49099447500000004 0.8152472218750001 0.3940110515625 0.8304446359375 0.46309139374999997 1 0.5360709359375 1
1 0.493339853125 0.8135418281250001 0.5680895546875 0.99570728125 0.6657564328125 0.9784859750000001 0.58643728125 0.7953593359375 0.493339853125 0.8135418281250001
1 0.2475580515625 1 0.2027622703125 0.8622469046875001 0.105797440625 0.8818760125 0.1409766953125 1 0.2475580515625 1
1 0.5510410890624999 0.017133884375 0.598984353125 0.11960305468750002 0.67134018125 0.1055671046875 0.6201217906250001 0.002802471875 0.5510410890624999 0.017133884375
1 0.3705448734375 0.1519849234375 0.44356322031250006 0.137966753125 0.4007758375 0.05076759374999999 0.33233995156249996 0.06157301875 0.3705448734375 0.1519849234375
1 0.644937071875 0 0.6223245265624999 0.0030529046875 0.6721517984375 0.10664247812500001 0.746444975 0.0948794359375 0.6874633515624999 0 0.644937071875 0
1 0.47570249374999996 0.037059715625 0.521458328125 0.128801153125 0.5968027921875 0.117432390625 0.54807253125 0.02061736875 0.47570249374999996 0.037059715625
1 0.4732024375 0.038417384375 0.4014477125 0.04953871875 0.44503875 0.1392701984375 0.5203516203125 0.1285138453125 0.4732024375 0.038417384375
1 0.76848235 0 0.8220761765625 0.08282128125 0.8925570031250001 0.070393609375 0.8463852828125 0 0.76848235 0
0 0.692128865625 0 0.747058284375 0.099243125 0.8201331109375 0.083163896875 0.7682905421874999 0.0054238203125 0.7645384296875 0 0.692128865625 0
1 0.8494535093750001 0 0.8926874265625001 0.0690929453125 0.9309473609375001 0.0646386875 0.919549815625 0 0.8494535093750001 0