1 0.77737255 0.0667385265625 0.845983809375 0.1754760328125 0.9225624859374999 0.1569775265625 0.8501962593749999 0.048559293749999996 0.77737255 0.0667385265625
1 0.69735918125 0.09118128125 0.7712056281249999 0.200233884375 0.8437305234375 0.1792853796875 0.7692627046875 0.070419921875 0.69735918125 0.09118128125
0 0.5142743578125 0.146588246875 0.43610735624999997 0.16531325624999998 0.43105787968750003 0.166666259375 0.4997199265625 0.2781664296875 0.581266153125 0.253494565625 0.5142743578125 0.146588246875
1 0.519015596875 0.1435508359375 0.5853631703125 0.25016324375 0.67193309375 0.233028975 0.6005202656249999 0.1218294140625 0.519015596875 0.1435508359375
1 0.6044081078125 0.119437134375 0.6771293 0.23485125624999997 0.76337813125 0.211235778125 0.6887155125 0.09636044375 0.6044081078125 0.119437134375
1 0.35082313906249996 0.1899123453125 0.41662771562499995 0.30419083125 0.5003869921875 0.27892598125 0.431968246875 0.168169578125 0.35082313906249996 0.1899123453125
1 0.2615006109375 0.216482059375 0.3270856625 0.3322551640625 0.41434086406250004 0.306758990625 0.3487449171875 0.1903083875 0.2615006109375 0.216482059375
0 0 0.44300985156249995 0.06546856250000001 0.425003046875 0 0.28676806875 0 0.44300985156249995
0 0 0.286006415625 0.0683641328125 0.427809275 0.159818815625 0.40411202812499997 0.093451275 0.26175122968750003 0 0.2850214890625 0 0.286006415625
0 0.17550385156249998 0.23887632656250002 0.25114020937500003 0.38204439843750004 0.3365350640625 0.358457509375 0.258041596875 0.21409346093749998 0.17550385156249998 0.23887632656250002
0 0.093693859375 0.26079724843749996 0.1611590484375 0.40474396874999996 0.24878308750000003 0.3791489609375 0.17362419375 0.2411579421875 0.093693859375 0.26079724843749996
1 0.8524277953125001 0.1883691484375 0.7690799328125 0.21253055 0.8608317390625 0.3603819046875 0.9517536812499999 0.336742534375 0.8524277953125001 0.1883691484375
1 0.956572090625 0.3426823390625 0.9747001375 0.33975338125 0.929174096875 0.169847884375 0.8560646171874999 0.1863317015625 0.956572090625 0.3426823390625
1 0.5034013859375001 0.2899952046875 0.421641415625 0.3131439921875 0.5020246671875 0.46029014375 0.591861971875 0.43260286406250004 0.5034013859375001 0.2899952046875
1 0.76742291875 0.221992478125 0.67884646875 0.245960928125 0.7741999140625 0.38793337031249997 0.8567058578125 0.35859507343749997 0.76742291875 0.221992478125
1 0.5902329109375 0.2696211234375 0.5076788734375 0.2906686 0.5910266671875 0.4313805015625 0.68357555625 0.41381299687500006 0.5902329109375 0.2696211234375
1 0.5947416140625 0.2708098578125 0.6860248578125 0.4138798 0.7728043703125 0.3899042078125 0.6758616156249999 0.24740007187500002 0.5947416140625 0.2708098578125
1 0.415359753125 0.49074283437500005 0.5014327203125 0.4626180234375 0.4177561390625 0.3136668671875 0.3339847875 0.3382826015625 0.3440687546875 0.35995188125 0.415359753125 0.49074283437500005
0 0 0.49692651718749997 0.04055658125 0.5915074703125 0.1325307171875 0.5644542140625 0.07189184374999999 0.43135298125 0 0.44766654062500005 0 0.49692651718749997
1 0.2520982296875 0.38408599374999997 0.16307851874999998 0.40671324531249997 0.2290240046875 0.539948259375 0.32129406718750003 0.513778390625 0.2520982296875 0.38408599374999997
0 0.16164800625 0.4060984625 0.072917184375 0.4292650328125 0.1362817875 0.565857978125 0.2288305828125 0.5434684640625 0.16164800625 0.4060984625
1 0.3390419703125 0.3622356671875 0.25423084687499997 0.385180425 0.3214913828125 0.5130024296875 0.4114598296875 0.4903416359375 0.3390419703125 0.3622356671875
1 1 0.5319297734374999 0.9599783171875 0.47071904375000007 0.8816181890625 0.48789623750000005 0.9850834046875001 0.6706674890625 1 0.6663800578125 1 0.5319297734374999
1 0.1854034328125 0.6772267656250001 0.08817811406250001 0.6995744921875 0.17076760625 0.8918648953125 0.2730851890625 0.8656035921875 0.1854034328125 0.6772267656250001
1 0.7977147609374999 0.5099164093749999 0.8991684953125001 0.6977294578125 0.9831254046875 0.6717694375 0.87760745 0.49048102812499994 0.7977147609374999 0.5099164093749999
1 0.2908393484375 0.6494267609375 0.380937753125 0.8378591953125 0.48099798437499997 0.8116254406250001 0.3835784 0.619507503125 0.2908393484375 0.6494267609375
0 0.08586404375 0.7017271984375 0.040034075 0.7152354515625 0.0933827296875 0.9143353421875 0.1690548609375 0.8898465328125 0.08586404375 0.7017271984375
1 0.683102921875 0.5438583640625 0.786215165625 0.7286881328125 0.879476928125 0.7048533296875 0.7726600359375 0.5187172234374999 0.683102921875 0.5438583640625
1 0.38848645625 0.6245427515624999 0.48072253906249995 0.8093900234375001 0.577646253125 0.781110171875 0.48337543125 0.6031584640625 0.38848645625 0.6245427515624999
0 0.18931966718749998 0.675243815625 0.27673571875 0.8669346578124999 0.380129628125 0.8386530359375 0.28967829375 0.6556367640625 0.18931966718749998 0.675243815625
1 0.5797032296875 0.5761811 0.6863102750000001 0.7583440968749999 0.784900828125 0.7290403078125001 0.6806167296875001 0.54511206875 0.5797032296875 0.5761811
0 0.5685513046875 0.7593003296874999 0.5793116656249999 0.7789320109375 0.6823244640625 0.7576801734374999 0.5768813374999999 0.576949021875 0.48600457812500003 0.602210953125 0.5685513046875 0.7593003296874999
1 0 0.17494944375000002 0.0362790625 0.1648376546875 0.0108857953125 0.11341966562500001 0 0.11633650625 0 0.17494944375000002
0 0.1222419765625 0.14603000156249998 0.093013590625 0.0914135890625 0.0116481359375 0.113215396875 0.037286484375 0.1659670046875 0.1222419765625 0.14603000156249998
1 0.20436992968749998 0.12637951249999999 0.17315511875 0.06993973125 0.093921059375 0.091170434375 0.12248831874999999 0.14596399375 0.20436992968749998 0.12637951249999999
1 0.28750113437499997 0.10363344687500001 0.25706375625 0.0474564796875 0.17357701718750002 0.069826684375 0.204484040625 0.1258778109375 0.28750113437499997 0.10363344687500001
1 0.8819090140625001 0.7064160375 0.788392575 0.730884315625 0.8927608984375001 0.909957425 0.9933083515625001 0.8838724515624999 0.8819090140625001 0.7064160375
1 0.7992269828125 0.9374604625 0.8911833921874999 0.9112367515625 0.7851590515625 0.7323401109375001 0.6899692140625 0.7634224515625 0.7916617046875001 0.9394875718750001 0.7992269828125 0.9374604625
1 1 0.7055607484374999 0.9798887421875 0.6733093640625001 0.887126953125 0.7023732953125 0.9967831421875 0.8845254484374999 1 0.88366349375 1 0.7055607484374999
1 0.58916385 0.785637640625 0.6847254609375 0.9681410515625 0.78877923125 0.9402599281249999 0.6845737859375001 0.7635750296875 0.58916385 0.785637640625
1 0.33511975 1 0.27082295156249997 0.8701560546874999 0.1749886234375 0.895245409375 0.22063558749999998 1 0.33511975 1
1 0.45733636874999994 1 0.37651164531250003 0.8435501249999999 0.274921884375 0.8712086749999999 0.339019559375 1 0.45733636874999994 1
1 0.56582625 1 0.578393096875 0.9966327234374999 0.4826645625 0.8176764421874999 0.37846963125 0.843463140625 0.4586067296875 1 0.56582625 1
1 0.48505502187499994 0.8155887453125 0.5783182109375 0.9966527890625001 0.6828204578125 0.968651496875 0.5847276046875 0.7869021921875 0.48505502187499994 0.8155887453125
1 0.21713433906250001 1 0.17317715625000002 0.8963201671875 0.09476005 0.91947556875 0.11633650625 1 0.21713433906250001 1
1 0.5063972046874999 0 0.5330795234375 0.0462076765625 0.6105548359374999 0.02401693125 0.59588559375 0 0.5063972046874999 0
1 0.36552247968749996 0.080976053125 0.3330659125 0.027091764062500003 0.2577702328125 0.0472671796875 0.287323628125 0.103209884375 0.36552247968749996 0.080976053125
1 0.596679721875 0 0.6115430421875 0.025117140625 0.69134880625 0.0052308484374999995 0.6874397937500001 0 0.596679721875 0
1 0.4341737515625 0 0.4139502234375 0.005418878125 0.449503628125 0.06359222656249999 0.5304928859375 0.0440381671875 0.5033570625 0 0.4341737515625 0
1 0.44827009375 0.0633822875 0.41167109531249996 0.00602956875 0.3341464375 0.0268022375 0.367256065625 0.082263178125 0.44827009375 0.0633822875