1 0.75078125 0.3515625 0.1171875 0.16875
1 0.5875 0.309375 0.1046875 0.140625
1 0.66328125 0.33125 0.109375 0.1484375
1 0.5015625 0.28984375 0.1234375 0.1515625
1 0.25859375 0.22734375 0.1265625 0.1609375
1 0.96640625 0.4234375 0.0671875 0.165625
1 0.834375 0.38359375 0.11875 0.16875
0 0.42890625 0.2765625 0.115625 0.1578125
1 0.91171875 0.40625 0.1140625 0.1640625
0 0.34296875 0.259375 0.115625 0.1640625
0 0.1671875 0.2171875 0.1203125 0.146875
1 0.59296875 0.45859375 0.1171875 0.16875
1 0.5 0.4359375 0.121875 0.1578125
0 0.33125 0.39296875 0.1125 0.1421875
1 0.67578125 0.48671875 0.125 0.1703125
1 0.84375 0.53203125 0.121875 0.171875
0 0.24453125 0.3734375 0.1203125 0.15625
0 0.41328125 0.41953125 0.115625 0.15
1 0.93125 0.559375 0.1265625 0.18125
0 0.75390625 0.51484375 0.128125 0.159375
1 0.07265625 0.334375 0.1171875 0.15
0 0.15859375 0.36015625 0.121875 0.153125
1 0.2703125 0.028125 0.103125 0.05625
1 0.19296875 0.01875 0.0984375 0.0375
1 0.98125 0.18671875 0.0375 0.1453125
1 0.5828125 0.075 0.10625 0.15
1 0.50546875 0.0640625 0.1078125 0.128125
1 0.7859375 0.81875 0.1265625 0.1875
1 0.875 0.84921875 0.128125 0.175
1 0.6859375 0.8015625 0.128125 0.1796875
0 0.35 0.046875 0.115625 0.09375
1 0.65625 0.09765625 0.1046875 0.1546875
1 0.8796875 0.1578125 0.103125 0.1546875
1 0.4265625 0.05859375 0.1125 0.1171875
1 0.59296875 0.78125 0.1390625 0.1875
0 0.05234375 0.6390625 0.1046875 0.2
0 0.5015625 0.76796875 0.1390625 0.1765625
0 0.221875 0.69453125 0.1359375 0.184375
1 0.125 0.67265625 0.1421875 0.184375
1 0.3109375 0.72421875 0.146875 0.190625
1 0.409375 0.75625 0.1296875 0.1890625
1 0.73046875 0.11796875 0.1125 0.15625
1 0.80625 0.13984375 0.1078125 0.1578125
0 0.9453125 0.17890625 0.109375 0.1484375
1 0.70390625 0.95234375 0.1265625 0.0953125
1 0.79765625 0.96328125 0.1390625 0.0734375
1 0.41171875 0.9140625 0.1328125 0.171875
1 0.60703125 0.93984375 0.1328125 0.1203125
1 0.2078125 0.86171875 0.1390625 0.171875
1 0.3140625 0.88984375 0.1375 0.171875
1 0.5109375 0.92890625 0.1375 0.1421875
1 0.10859375 0.8375 0.13125 0.165625
1 0.0390625 0.809375 0.078125 0.16875