1 0.81023271875 0.1597505984375 0.8688825187500001 0.268971278125 0.9437170390625 0.25634227656249997 0.881437190625 0.1471754625 0.81023271875 0.1597505984375
0 0.7316989390625 0.177865675 0.7953588125 0.287742509375 0.8664617203124999 0.2724834890625 0.8021921453124999 0.1627447609375 0.7316989390625 0.177865675
0 0.5520346984375 0.2188136953125 0.4756585609375 0.231553453125 0.4707151609375 0.23251435156250003 0.5292286046875 0.34439583906250004 0.60925086875 0.3261637609375 0.5520346984375 0.2188136953125
1 0.5567947656250001 0.21621179375000002 0.613411515625 0.3232357015625 0.6977565265625 0.3125927609375 0.636579340625 0.200814915625 0.5567947656250001 0.21621179375000002
1 0.640476025 0.198776003125 0.7026281187500001 0.31469603125 0.787098940625 0.2977972265625 0.723044959375 0.1822645234375 0.640476025 0.198776003125
1 0.3920488421875 0.2494634359375 0.44762994999999994 0.36382464375 0.5298187703125 0.34517142968750003 0.4714892984375 0.23402177656249998 0.3920488421875 0.2494634359375
1 0.304426090625 0.2689965984375 0.3596960546875 0.3847806609375 0.44526008125 0.3661407046875 0.39002505625 0.249704228125 0.304426090625 0.2689965984375
0 0 0.4336399734375 0.015000401562499998 0.47387076875 0.102056934375 0.45635025625000003 0.0474938890625 0.3166367875 0 0.3253987546875 0 0.4336399734375
0 0.048106948437500005 0.3173611390625 0.10465159531249998 0.45924481562499997 0.1941308953125 0.44261844687499996 0.139890925 0.3012071828125 0.048106948437500005 0.3173611390625
0 0.22027936874999998 0.2847377328125 0.2833728765625 0.4275506 0.3670210828125 0.4106217015625 0.301261953125 0.26646575 0.22027936874999998 0.2847377328125
0 0.14018799531249998 0.30030591875 0.195376546875 0.44331668906250005 0.281301665625 0.424606540625 0.21832003437499997 0.2868056296875 0.14018799531249998 0.30030591875
1 0.8742112687500001 0.28180762187499997 0.7924917859375 0.29942718749999997 0.8707588968750001 0.44783169218749996 0.9597223359375 0.43122506562499996 0.8742112687500001 0.28180762187499997
1 0.9639548843749999 0.437263459375 0.9965893906250001 0.43430940937500007 0.964047590625 0.2668963609375 0.8778429328125 0.28009309375 0.9639548843749999 0.437263459375
1 0.5319738109375 0.3560220953125 0.45184821406250003 0.372774728125 0.519237025 0.5197342015624999 0.6074293953125001 0.4991607828125 0.5319738109375 0.3560220953125
1 0.7902651703125 0.30841676875 0.7035337703125 0.3254981171875 0.7856562 0.4684906546875 0.8669135421874999 0.44583470625 0.7902651703125 0.30841676875
1 0.616787371875 0.34228045625000003 0.5360394859375 0.3569583046875 0.606708565625 0.4979286703125 0.6968286015625 0.48727223124999997 0.616787371875 0.34228045625000003
1 0.6210407140624999 0.34372795625 0.6991779859375 0.48750166874999995 0.7841829453125 0.4702922671875 0.7005687703125 0.3266811140625 0.6210407140624999 0.34372795625
1 0.4339080828125 0.5431815890625 0.518512121875 0.52193344375 0.4480792875 0.3730156484375 0.3659223671875 0.3910436734375 0.3741610546875 0.41256719999999997 0.4339080828125 0.5431815890625
1 0 0.548144525 0.015040587499999999 0.6255216406249999 0.06325677187499999 0.6155481296875001 0.014444654687499999 0.47053906718749994 0 0.4729166828125 0 0.548144525
0 0.10780433125 0.46289138281250003 0.0188280265625 0.47663822187499993 0.0669560203125 0.61482906875 0.1571594640625 0.5950096203124999 0.10780433125 0.46289138281250003
1 0.2841567328125 0.4295789984375 0.1970892359375 0.4453403671875 0.2515352359375 0.5779451671875 0.3419638671875 0.5589953984375 0.2841567328125 0.4295789984375
0 0.19575567031250002 0.4446525375 0.10892965937500002 0.46095215625 0.160670284375 0.5966128609375 0.251113415625 0.581318171875 0.19575567031250002 0.4446525375
1 0.3691770796875 0.414424940625 0.286132896875 0.43077554687499997 0.34220550156249996 0.55826231875 0.43018701249999997 0.5425326671875 0.3691770796875 0.414424940625
1 1 0.6347605359374999 0.9586469515625 0.5606503703125 0.8821889562499999 0.571888275 0.969372603125 0.7546718296875 1 0.7481410453125 1 0.6347605359374999
1 0.20041355 0.7070501515625 0.105478921875 0.72198925625 0.17196229062499999 0.9125213125 0.27205305625 0.8941612062500001 0.20041355 0.7070501515625
1 0.8000790671875 0.5874107421875 0.884991696875 0.774908296875 0.9674170421875001 0.7555997343749999 0.8781612593749999 0.574104071875 0.8000790671875 0.5874107421875
1 0.30360426406249996 0.687420284375 0.3775625265625 0.8747478078125001 0.4754820546875 0.8562619609375 0.3947349078125 0.66489564375 0.30360426406249996 0.687420284375
0 0.103110740625 0.7239038609375 0.0369954203125 0.7384694578125 0.075030171875 0.93414129375 0.1704515609375 0.9104643625 0.103110740625 0.7239038609375
1 0.687658325 0.6123296593750001 0.7743647874999999 0.797069478125 0.8655899703125 0.7804326640625 0.7754107718750001 0.594186446875 0.687658325 0.6123296593750001
1 0.3991142359375 0.6700700015625001 0.4753671671875 0.8540931609375001 0.5704095328125 0.8334276640624999 0.4917389859375 0.655900053125 0.3991142359375 0.6700700015625001
0 0.2043100859375 0.7054068859375 0.27547212656250003 0.8956877375 0.37673268437499996 0.87545689375 0.3020722375 0.6933153187500001 0.2043100859375 0.7054068859375
1 0.5861213578125 0.6364472203125 0.6763651796875 0.8188575890625 0.773078059375 0.7973195921875 0.685184984375 0.6133679140625 0.5861213578125 0.6364472203125
0 0.563130746875 0.8118356312499999 0.5721560359375 0.83144483125 0.672579178125 0.8179501625000001 0.5833579578125 0.6369955640625 0.49432919062499997 0.6551659625 0.563130746875 0.8118356312499999
1 0 0.19689412343749998 0.0093435640625 0.22094620312500002 0.091441959375 0.20413127812499998 0.0508214234375 0.1049503734375 0 0.11481284218750001 0 0.19689412343749998
0 0.129794121875 0.09026915625000001 0.051639349999999994 0.1041051875 0.0923344328125 0.20528552812499998 0.17531576875 0.1918377859375 0.129794121875 0.09026915625000001
1 0.2086756265625 0.0776183421875 0.1311277125 0.08972672968749999 0.175556934375 0.19179090781250002 0.2555605421875 0.17847495 0.2086756265625 0.0776183421875
1 0.293675928125 0.0669073875 0.2089547859375 0.0771012125 0.2557038296875 0.1780000640625 0.336976946875 0.1622021703125 0.293675928125 0.0669073875
1 0.7763101546875 0.7993288093750001 0.8465719328124999 0.9419915874999999 0.9431790953125001 0.9232130578125 0.8678225515625 0.7820998375 0.7763101546875 0.7993288093750001
1 0.679541175 0.8239891671875 0.7465639687500001 0.9614311671875001 0.8442948078124999 0.9424342156250001 0.7731050578125 0.800511053125 0.679541175 0.8239891671875
1 1 0.8243825953125 0.964203290625 0.756862690625 0.8731081250000001 0.778563065625 0.94657888125 0.92255220625 1 0.9121681921875 1 0.8243825953125
1 0.5811748859375 0.8385593453125001 0.6436691265625 0.9814318984374999 0.7433426125 0.962057334375 0.6743457609375 0.823772059375 0.5811748859375 0.8385593453125001
1 0.3113165515625 1 0.26957385 0.8983876046875 0.17579225781250002 0.9160576640625001 0.2055786828125 1 0.3113165515625 1
1 0.42466514375 1 0.3729274625 0.8799233546874999 0.2734425125 0.8996765453125001 0.31489097187500004 1 0.42466514375 1
1 0.5384108859375 1 0.476678134375 0.8621947531249999 0.374814984375 0.8799717328125001 0.4260064375 1 0.5384108859375 1
1 0.5481445203125 1 0.6412639421875 0.98189941875 0.57682675 0.8394765203125001 0.47911537031250007 0.8603478328125 0.5390873484375 1 0.5481445203125 1
1 0.2025168109375 1 0.17397934375 0.9169692953125 0.07590215 0.9386272328124999 0.0821843546875 0.9709463749999999 0.091370721875 1 0.2025168109375 1
1 0.5943849671875 0 0.52432963125 0.015826678125 0.5768349234375 0.123526890625 0.6527786078125 0.1074068296875 0.5971024765624999 0 0.5943849671875 0
1 0.33683474687500004 0.1617827796875 0.41347666250000004 0.1456700703125 0.3667009390625 0.054053860937499996 0.2948232890625 0.06668436250000001 0.33683474687500004 0.1617827796875
1 0.5993043015625 0 0.653654565625 0.10853175625 0.731683440625 0.0947854921875 0.6707124 0 0.5993043015625 0
1 0.44535909062499995 0.038236734375 0.49535049999999997 0.1346124921875 0.5744944859375 0.1212656171875 0.521270709375 0.0195676734375 0.44535909062499995 0.038236734375
1 0.442752125 0.0397180390625 0.36738465625 0.0527406453125 0.41505643125 0.14702505625 0.4941791015625 0.134327365625 0.442752125 0.0397180390625
1 0.757116525 0 0.8111159921875 0.080703471875 0.8851160281249999 0.066319321875 0.84014756875 0 0.757116525 0
1 0.6753494812499999 0 0.7324147796875 0.0993966984375 0.80907590625 0.0811000234375 0.753181296875 0 0.6753494812499999 0
1 0.8431859546875 0 0.8852279890625001 0.0649394546875 0.923788275 0.0597801390625 0.9121681921875 0 0.8431859546875 0