1 1 0.30386795 0.9992180765625 0.2972810203125 0.9301410953125 0.281357678125 0.9413206109375001 0.40196897187499997 1 0.4159654625 1 0.30386795
1 0.8523306203125 0.2676118375 0.8677813671875001 0.39072878125 0.9377927921874999 0.404200596875 0.921738928125 0.2809746640625 0.8523306203125 0.2676118375
0 0.6745101328125 0.23572057812499997 0.6007022671875 0.21796763593750001 0.595872975 0.21694113750000002 0.6059121234375 0.33989223125 0.6851108375 0.354102071875 0.6745101328125 0.23572057812499997
1 0.67980134375 0.2352017875 0.6899857109374999 0.353060871875 0.7701846203125 0.3757459609375 0.757701553125 0.25186944843750003 0.67980134375 0.2352017875
1 0.76199823125 0.2515266140625 0.773777590625 0.37949954375 0.85648183125 0.3966090140625 0.8428377453125 0.26825700937499997 0.76199823125 0.2515266140625
1 0.51838865625 0.20209644375 0.5248330171875 0.326155396875 0.6061482796875 0.3408151234375 0.5959953859375 0.2185922625 0.51838865625 0.20209644375
1 0.4318323015625 0.186149875 0.4374518296875 0.311368928125 0.5218084843749999 0.3273312140625 0.5164699265625 0.2015390296875 0.4318323015625 0.186149875
0 0.1817111328125 0.1307281484375 0.0987465015625 0.11226663750000002 0.09226798124999999 0.25964896875 0.17754378125 0.2771882984375 0.1817111328125 0.1307281484375
0 0.18198754374999998 0.13161373437499999 0.178779059375 0.280782540625 0.2658997953125 0.3000521046875 0.2710078671875 0.15218925781249998 0.18198754374999998 0.13161373437499999
0 0.34986319843749997 0.16812364375 0.35221046875 0.320631959375 0.43418372187500004 0.33739981874999997 0.42994395625 0.182664828125 0.34986319843749997 0.16812364375
0 0.27162057968750003 0.1514926609375 0.26675716718750003 0.301156115625 0.3514665796875 0.31719338124999996 0.3473040921875 0.16923335625 0.27162057968750003 0.1514926609375
1 0.9412226875 0.415545896875 0.8607262406249999 0.40013643749999994 0.874631384375 0.5634735921875 0.9612789578125 0.58256364375 0.9412226875 0.415545896875
1 1 0.42936046250000004 0.9451561359375 0.41539332343749996 0.9627906296875001 0.5896103562499999 0.9902484859375 0.5984293828125 1 0.5525521171875 1 0.42936046250000004
1 0.6039449343750001 0.35139342500000004 0.52521858125 0.33581411875 0.5298574406250001 0.493692515625 0.6173256515625 0.5089217609375 0.6039449343750001 0.35139342500000004
1 0.8552795515625 0.4073662171875 0.7704651203124999 0.3895564234375 0.7899192109375 0.5495027046875001 0.8719240656249999 0.560207975 0.8552795515625 0.4073662171875
1 0.6857514703125 0.37147209999999997 0.6072566796875 0.353789703125 0.6171460984375 0.5075385140625001 0.702562709375 0.5324197734375 0.6857514703125 0.37147209999999997
1 0.6890371234375 0.374399765625 0.70459554375 0.5335244046875001 0.7879006484375 0.5505589125 0.7673366203125 0.38948609843750004 0.6890371234375 0.374399765625
1 0.44387497187499997 0.48214177812500003 0.5283623171875 0.49539233749999995 0.5217246359375001 0.3345895 0.44067719531250005 0.31937995468749997 0.439884453125 0.341878978125 0.44387497187499997 0.48214177812500003
1 0.09304015624999999 0.2564414140625 0.043173126562500004 0.24433429218749997 0.0118915734375 0.3915024296875 0.0816573765625 0.40546296249999997 0.09304015624999999 0.2564414140625
0 0.1802305453125 0.28526620625 0.094664728125 0.26360042031250003 0.0852712328125 0.4062311109375 0.174266378125 0.42290715 0.1802305453125 0.28526620625
1 0.35214246718750003 0.32275513437500003 0.2675293390625 0.303630221875 0.2659741625 0.4436552546875 0.3548400609375 0.4611992046875 0.35214246718750003 0.32275513437500003
0 0.266588634375 0.30250195468749996 0.1819876828125 0.2839532453125 0.1768222859375 0.42569088749999995 0.26430384375 0.4465261296875 0.266588634375 0.30250195468749996
1 0.43467565312499995 0.3416431828125 0.353468684375 0.3245864375 0.3553384359375 0.460632596875 0.44076443125000003 0.4801355328125 0.43467565312499995 0.3416431828125
1 0.9305462562500001 0.8793062953125 0.9108257609375 0.6984997 0.837518203125 0.6793653609375 0.8463274406249999 0.8770172515624999 0.9276819109375 0.89278198125 0.9305462562500001 0.8793062953125
1 0.170471615625 0.5401662093749999 0.07907198125 0.517293815625 0.06623469062500001 0.713995690625 0.16359619375 0.7357644109375 0.170471615625 0.5401662093749999
1 0.7574711484375001 0.6619214234374999 0.7624282859375 0.8629425656249999 0.8442075906250001 0.8771036109375 0.8330356484375001 0.6798171125 0.7574711484375001 0.6619214234374999
1 0.271116596875 0.5619788625 0.266251321875 0.7586583265625 0.3617011375 0.7794837578125 0.36198289375 0.5765776125000001 0.271116596875 0.5619788625
0 0 0.7010810249999999 0.06565752968750001 0.7115689015625 0.0762024578125 0.5181093890625 0 0.5038744187499999 0 0.7010810249999999
1 0.6464730046875 0.64133391875 0.654103609375 0.8405619265625001 0.7428041750000001 0.8604897093749999 0.7326150124999999 0.6585795828125 0.6464730046875 0.64133391875
1 0.363957390625 0.5829037234375 0.36242662812500004 0.7774901765625 0.45611284999999996 0.7952560078124999 0.4529780609375 0.60558428125 0.363957390625 0.5829037234375
0 0.17461689375 0.54017898125 0.166098615625 0.73844410625 0.2652312046875 0.758978440625 0.2674799671875 0.5666923921875 0.17461689375 0.54017898125
0 0.5456049421875 0.6241878640625 0.5573189734375 0.8226744546875 0.6528465828125001 0.8402947375 0.643843615625 0.6413214828125 0.5456049421875 0.6241878640625
1 0.45779819374999997 0.77306245625 0.4584473328125 0.794141378125 0.554248659375 0.820410996875 0.54290105 0.6236241062500001 0.45559664062499994 0.6059148328124999 0.45779819374999997 0.77306245625
1 0.10368317812500001 0 0.102909690625 0.0124918609375 0.18344050781250001 0.028769546875000003 0.18432733125 0 0.10368317812500001 0
1 0.1847727328125 0 0.18386155625 0.030118546875000003 0.2643923734375 0.046396231249999996 0.26494866093749997 0 0.1847727328125 0
1 0.9048920171875 1 0.9281227765625 0.8907078640625 0.84415981875 0.878447459375 0.8529565859374999 1 0.9048920171875 1
0 0.26563230625 0 0.26475662187500004 0.047775121875 0.344797025 0.06741737343750001 0.34339821875 0 0.26563230625 0
1 0.3443624609375 0 0.34503262343749996 0.0674674515625 0.42233494218749995 0.08608951875000001 0.419355465625 0 0.3443624609375 0
1 0.41978842031249997 0 0.4226458359375 0.0857174109375 0.5020429234375 0.1025937828125 0.499393 0.00037041875 0.4981116421875 0 0.41978842031249997 0
1 0.7565749546875 1 0.7441819 0.8628421312500001 0.6549956984375 0.843336846875 0.6639590421875 1 0.7565749546875 1
1 0.6617763937500001 1 0.651650775 0.843174034375 0.5582236968750001 0.8285019703125001 0.5673597453125 1 0.6617763937500001 1
1 0.85156385 1 0.840823996875 0.87701004375 0.75030485625 0.8616838859374999 0.7601948000000001 1 0.85156385 1
1 0.5644586734375 1 0.55361731875 0.8263201296875 0.46386769375 0.8039856999999999 0.4661597171875 0.9997471578124999 0.4672287375 1 0.5644586734375 1
1 0.068339584375 0.7186392406250001 0.05645128125 0.9168911062499999 0.1575607578125 0.9383825890624999 0.1597426015625 0.7386157234375 0.068339584375 0.7186392406250001
1 0.16274166406249999 0.7412537546875 0.160978753125 0.9391091062499999 0.2613193640625 0.9604371625000001 0.26008896875 0.7615385031249999 0.16274166406249999 0.7412537546875
1 0.26177415000000004 0.7623037593750001 0.262265178125 0.9606382015625 0.364566715625 0.9823830640625 0.360512465625 0.7852744265625 0.26177415000000004 0.7623037593750001
1 0.46437495625 1 0.4595924046875 0.80314751875 0.36341843906250004 0.7845461015625 0.364401884375 0.9823480281249999 0.44744788125 1 0.46437495625 1
1 0 0.9048920171875 0.05254840937500001 0.9160615265625 0.0663547078125 0.7187655140625 0 0.7064040375 0 0.9048920171875
1 0.72711058125 0.042650671875000004 0.733325375 0.1595455453125 0.8080352843749999 0.1740943875 0.7987993046875 0.05564778124999999 0.72711058125 0.042650671875000004
1 0.502074915625 0.10216239375 0.5774122375 0.11698484218750001 0.570219634375 0.0167396546875 0.5005138765625 0.00060866875 0.502074915625 0.10216239375
1 0.800811221875 0.05674105 0.8083958390625 0.1754406 0.8840802796875 0.19292072656249998 0.863256753125 0.0726767359375 0.800811221875 0.05674105
1 0.64726380625 0.032598803125 0.6555391937499999 0.13835224375 0.7320774359375 0.156617809375 0.7229193203125 0.044843953125 0.64726380625 0.032598803125
1 0.6443444171875 0.0329335515625 0.571338834375 0.01582058125 0.57832009375 0.11880699531250001 0.6545909 0.1376479984375 0.6443444171875 0.0329335515625
1 1 0.10587425937499999 0.9379044265625 0.089452240625 0.961160046875 0.2106357765625 1 0.2188914640625 1 0.10587425937499999
1 0.88297740625 0.1973456421875 0.959167053125 0.210212153125 0.9396414734375 0.1155375953125 0.933691078125 0.0889792515625 0.86828606875 0.0764082265625 0.88297740625 0.1973456421875