1 0.781771525 0.1191397828125 0.847793278125 0.2158140328125 0.9171932125 0.1964539015625 0.847750471875 0.100194134375 0.781771525 0.1191397828125
1 0.7094157015625 0.144021959375 0.7802303187499999 0.2408100609375 0.8458513390625001 0.21935453593749998 0.7744747359375 0.12275723125 0.7094157015625 0.144021959375
1 0.543836690625 0.200481471875 0.47299250625000006 0.22010014218750001 0.46842046875000004 0.2214979546875 0.5345733359375 0.32068426250000004 0.6083226500000001 0.2955430078125 0.543836690625 0.200481471875
1 0.548075453125 0.1975612046875 0.6119638000000001 0.2923765828125 0.6905342015625 0.273927875 0.6218772625 0.175105915625 0.548075453125 0.1975612046875
1 0.6253560890625 0.172800825 0.6953376609374999 0.275414390625 0.7734159640625 0.25107906875 0.7016771046875 0.14901984375 0.6253560890625 0.172800825
1 0.3958256953125 0.24529859843750002 0.4594529875 0.347107225 0.5352061 0.321353346875 0.4692983359375 0.22283575781249998 0.3958256953125 0.24529859843750002
1 0.3150296515625 0.27242345156250003 0.3785022 0.3755992703125 0.45744231874999997 0.34951948593750004 0.39393904375 0.245727571875 0.3150296515625 0.27242345156250003
0 0 0.3697543640625 0.061857934375 0.4938063171875 0.1423160703125 0.468628021875 0.0771741921875 0.34291259687500003 0 0.3657081078125 0 0.3697543640625
1 0.0778235625 0.3435312765625 0.1450476953125 0.4710857875 0.22787988750000002 0.4465041796875 0.16287716562500001 0.3191622046875 0.0778235625 0.3435312765625
0 0.23714421093750002 0.295639278125 0.31064026562499997 0.42340975 0.3879391984375 0.3991286375 0.3117960359375 0.2703642859375 0.23714421093750002 0.295639278125
0 0.1630695546875 0.3182861734375 0.22912378437499997 0.4470349265625 0.30839786875 0.42085303593749995 0.235496796875 0.29777736875 0.1630695546875 0.3182861734375
1 0.8540762484375 0.22733264062499997 0.77866519375 0.2520689140625 0.8670289453125 0.3835685828125 0.9493761656249999 0.3590572265625 0.8540762484375 0.22733264062499997
0 0.9539607015625 0.36430272812500003 0.9797943140625 0.3591846796875 0.9328181375 0.2055325265625 0.85733660625 0.2253587 0.9539607015625 0.36430272812500003
1 0.53829965 0.3313256421875 0.4643083453125 0.355088115625 0.5422634421875 0.48632148906249995 0.62349555 0.4581627734375 0.53829965 0.3313256421875
1 0.777441365625 0.26073297812499996 0.6972472234375 0.28546632031249997 0.7887214 0.41149788593750003 0.863204490625 0.3820789828125 0.777441365625 0.26073297812499996
1 0.6170097296875 0.309920409375 0.54222848125 0.3317971296875 0.6226948828125 0.45707813281250004 0.7067147640625 0.4380378140625 0.6170097296875 0.309920409375
0 0.6211656140625 0.310853165625 0.70895465 0.438017725 0.787506775 0.4133372171875 0.6945642015625 0.286874340625 0.6211656140625 0.310853165625
1 0.464014625 0.5168916890624999 0.5417939796875 0.4884591578125 0.4607745421875 0.355692159375 0.3849904921875 0.3808558078125 0.394868278125 0.40023961249999995 0.464014625 0.5168916890624999
1 0 0.5612312359375 0.036585065625 0.6489864859375001 0.1212389765625 0.6219979906249999 0.0610080671875 0.49073369843750003 0 0.5074886671875001 0 0.5612312359375
0 0.14837949374999998 0.47419371093749996 0.0657408890625 0.49602113125 0.12466032656249999 0.6209519796875 0.2078642203125 0.5932996046875 0.14837949374999998 0.47419371093749996
0 0.3115781734375 0.42523575625000004 0.23093791718749998 0.44876338593750004 0.295275203125 0.56781579375 0.3787765640625 0.540957440625 0.3115781734375 0.42523575625000004
0 0.229612059375 0.448251228125 0.1492522875 0.47226004218749995 0.211334478125 0.59445303125 0.2952064203125 0.5710251953125 0.229612059375 0.448251228125
0 0.3903455140625 0.402483590625 0.31356022656250004 0.426161159375 0.3789330515625 0.5402448843750001 0.46043910312499997 0.5166554078125001 0.3903455140625 0.402483590625
1 1 0.5358532671875 0.9609987546875001 0.4806901265625 0.8899306578124999 0.49890682656249996 0.9900672531250001 0.6617931625 1 0.658559865625 1 0.5358532671875
1 0.25962996562499996 0.694164971875 0.171483975 0.7177091921875001 0.2528390625 0.889946215625 0.34551766875 0.8626729203125001 0.25962996562499996 0.694164971875
1 0.8139463484375 0.5217131484374999 0.91239971875 0.6892534 0.9883120875 0.6628604671875 0.8863454484375 0.5013911375 0.8139463484375 0.5217131484374999
1 0.35511049843750003 0.6653886578125 0.44320791249999997 0.8338674125000001 0.5338249046875 0.806693715625 0.43892539218750004 0.6351032703125 0.35511049843750003 0.6653886578125
0 0.08147535156249999 0.749031821875 0.15930485156250002 0.9214694187499999 0.2512123 0.8881662718750001 0.1694357 0.71974433125 0.08147535156249999 0.749031821875
0 0.710270434375 0.5563809546875 0.8101476515625 0.7211519765625 0.8946266859374999 0.6963855421875 0.7913246140625 0.53054820625 0.710270434375 0.5563809546875
1 0.44356409843750005 0.6395227625000001 0.533504696875 0.8046688171874999 0.6211932296875 0.775736946875 0.5296049984375 0.616932309375 0.44356409843750005 0.6395227625000001
0 0.26314728593750003 0.692231390625 0.3488938390625 0.8637635171875001 0.44249389843750003 0.8346164078125 0.3542400984375 0.6710774390625 0.26314728593750003 0.692231390625
1 0.616789 0.5892052421875 0.7197775203125001 0.75143439375 0.8089575859375 0.721515815625 0.7080373343749999 0.55760378125 0.616789 0.5892052421875
0 0.612214765625 0.756192590625 0.6226480671875 0.7737000625 0.7161154734374999 0.750961896875 0.6142342875 0.589997140625 0.5319780984375 0.615983365625 0.612214765625 0.756192590625
1 0 0.1952031609375 0.0318221390625 0.2568875234375 0.1076694015625 0.23286879218749998 0.0596450140625 0.1438140875 0 0.1620294625 0 0.1952031609375
0 0.1327504078125 0.1221121640625 0.0603344921875 0.1429384953125 0.10862447500000001 0.23386311875 0.185633890625 0.2129175203125 0.1327504078125 0.1221121640625
1 0.2059679875 0.1023258484375 0.1339561625 0.1214691578125 0.185856940625 0.212849328125 0.26006867499999997 0.19232598125 0.2059679875 0.1023258484375
1 0.28515025 0.08374758593750001 0.206180978125 0.1018123 0.2601575484375 0.1918657171875 0.3353251734375 0.1688846671875 0.28515025 0.08374758593750001
1 1 0.849453390625 0.8968967125 0.6977271375 0.812204409375 0.7230783765625 0.9130527453124999 0.8825699765625 1 0.8567393890625 1 0.849453390625
1 0.8092946953125001 0.7245097625 0.7232762734375 0.75593435 0.8216500437500001 0.9128770218750001 0.9116506624999999 0.8837861140625 0.8092946953125001 0.7245097625
1 1 0.6859906484375 0.9854020859375 0.6643685015624999 0.90154019375 0.6938763828125001 1 0.8447845062500001 1 0.6859906484375
1 0.7183513453125 0.756251325 0.6318552609375 0.77947618125 0.7255849546875 0.943822025 0.821147665625 0.91696800625 0.7183513453125 0.756251325
1 0.4155563578125 1 0.3435903359375 0.8668898734375 0.2567993046875 0.8928827578125 0.308089903125 1 0.4155563578125 1
1 0.5298752609374999 1 0.4393384359375 0.839191696875 0.34736765625 0.867712309375 0.4192339828125 1 0.5298752609374999 1
1 0.5701680453125 1 0.6336018250000001 0.980606346875 0.5355331343749999 0.8121444609375 0.44112470937500003 0.8390479015625001 0.5309561515625 1 0.5701680453125 1
1 0.53765319375 0.81016595 0.6340461078125 0.9818638703125 0.72888624375 0.95286833125 0.6278408 0.7807732640625 0.53765319375 0.81016595
1 0.30467433125 1 0.2551771890625 0.8939204843749999 0.1613273046875 0.9252203203124999 0.1939734890625 1 0.30467433125 1
1 0.535232240625 0 0.49786662187499997 0.0126622984375 0.557940375 0.10852486406249999 0.6280463203125 0.0857755796875 0.571290165625 0 0.535232240625 0
1 0.33515000625 0.16850513281249999 0.4059157 0.14569275312500002 0.35282034218749997 0.064358034375 0.28621141875 0.08342315312500001 0.33515000625 0.16850513281249999
1 0.573320215625 0 0.62898294375 0.086744025 0.701288796875 0.0660146015625 0.6480843375 0 0.573320215625 0
1 0.4255179375 0.0416210703125 0.4821131828125 0.127102446875 0.5555105375 0.1066362453125 0.495344721875 0.016481592187499998 0.4255179375 0.0416210703125
1 0.423201975 0.0432732984375 0.353337446875 0.06305643749999999 0.40753908125000005 0.1468066609375 0.480979709375 0.1269521546875 0.423201975 0.0432732984375
1 0.7373944078125 0 0.774886734375 0.044829203125 0.84332765625 0.0239047125 0.8230828125 0 0.7373944078125 0
0 0.6514422546875 0 0.7024293328125 0.07027102187499999 0.7729999078125 0.0454060640625 0.733947075 0 0.6514422546875 0