1 1 0.34858789218749997 0.9338599546875 0.3283858109375 0.9365796984375001 0.4553465390625 1 0.47524771875000005 1 0.34858789218749997
1 0.8537931734375 0.3084080359375 0.8607783484375 0.43829700312500003 0.9327382046875 0.45742686250000003 0.9251326046875 0.327380484375 0.8537931734375 0.3084080359375
0 0.67085171875 0.2622529515625 0.5952526546875 0.23837192499999998 0.5902961609374999 0.23695067343749998 0.5916543125 0.36627669687500003 0.6731333937499999 0.3868397140625 0.67085171875 0.2622529515625
1 0.6764039828125 0.26209111875 0.6782904796875 0.38610148906249997 0.760184325 0.4156013703125 0.756347940625 0.285131496875 0.6764039828125 0.26209111875
1 0.7608507953125 0.28508213125 0.763650559375 0.41978610156249996 0.8485679796875001 0.443634346875 0.8438530921874999 0.3083996671875 0.7608507953125 0.28508213125
1 0.5106506203125 0.21584699999999998 0.508180696875 0.3460731 0.5918320734375 0.36725901250000004 0.5903014734375 0.23868651562499998 0.5106506203125 0.21584699999999998
1 0.421632896875 0.1929378828125 0.418217540625 0.324318053125 0.5049418390625 0.3470852984375 0.508692425 0.21512587187499999 0.421632896875 0.1929378828125
0 0.06867746875 0.1902227859375 0.062338646875 0.24537759375 0.1499040015625 0.2698605328125 0.1650907578125 0.1169671140625 0.0956032890625 0.09632129218749999 0.06867746875 0.1902227859375
0 0.165313228125 0.11791330468750001 0.150925134375 0.273708915625 0.24028495 0.3001344125 0.256555865625 0.1458415109375 0.165313228125 0.11791330468750001
0 0.3375494265625 0.16818364218749998 0.3287036 0.3278721375 0.41288456562500003 0.35131045625 0.41992313125 0.18915671875 0.3375494265625 0.16818364218749998
0 0.2572459359375 0.1451569875 0.24109665468750002 0.3013508828125 0.3281830046875 0.324221940625 0.3348004765625 0.16916019531249998 0.2572459359375 0.1451569875
1 0.9354724031250001 0.4695405859375 0.8527298062499999 0.447629403125 0.855126403125 0.619476384375 0.9440064343750001 0.6456800640625 0.9354724031250001 0.4695405859375
1 1 0.4896422921875 0.939582659375 0.4696640875 0.9450599687500001 0.653159528125 0.9730202109375 0.6643601234375 1 0.5702704171875 1 0.4896422921875
1 0.588752790625 0.3781650546875 0.5078673453125 0.356203609375 0.5010119234375 0.5216739890625 0.5910329828124999 0.5438984265625 0.588752790625 0.3781650546875
1 0.8465186375 0.45479955937499994 0.7594540890625 0.430066928125 0.767884178125 0.598766503125 0.85254695625 0.6158657921875 0.8465186375 0.45479955937499994
1 0.6725148890625 0.40505439687499994 0.5920264625 0.3809098421875 0.590948290625 0.542438665625 0.6781167765625 0.5746111984375 0.6725148890625 0.40505439687499994
0 0.6757220265625 0.4083531234375 0.6801533609375 0.5759129171875 0.7657024765625 0.59972599375 0.75619915625 0.42976821249999997 0.6757220265625 0.4083531234375
1 0.4122667625 0.5034040937500001 0.49932803124999997 0.5233443515625 0.5043170531250001 0.354671234375 0.42098547656249996 0.3329294984375 0.41849352656249994 0.3564058125 0.4122667625 0.5034040937500001
1 0.063380803125 0.24207815156249998 0.054608693750000006 0.23928643593749999 0.011614159374999999 0.38922619687500004 0.0404853625 0.3971314328125 0.063380803125 0.24207815156249998
0 0.152105721875 0.2785031703125 0.0645436734375 0.2496831984375 0.044194407812499996 0.398194984375 0.1356995265625 0.422042625 0.152105721875 0.2785031703125
1 0.3284755359375 0.330088025 0.24171813125 0.303994303125 0.22972992812499998 0.4503447625 0.321036103125 0.47509091249999996 0.3284755359375 0.330088025
0 0.2408213828125 0.3027464625 0.1540340078125 0.277256309375 0.13815687031249999 0.4251382859375 0.2277767640625 0.4532274078125 0.2408213828125 0.3027464625
1 0.4130830125 0.3557843015625 0.3297219640625 0.3320989671875 0.32159740000000003 0.4745341265625 0.4091738828125 0.5010817515625 0.4130830125 0.3557843015625
1 0.8900094640624999 0.953853003125 0.8828462781249999 0.7633149296874999 0.807870853125 0.73802500625 0.8024164234375 0.9453975218749999 0.886026840625 0.9677420578125 0.8900094640624999 0.953853003125
1 0.12306311562500001 0.5444193109375 0.029511115625 0.5139174046874999 0.001569665625 0.71873833125 0.1014161125 0.7485149046874999 0.12306311562500001 0.5444193109375
1 0.72574719375 0.71401815625 0.716029109375 0.9246375828125 0.8002009796875 0.945335284375 0.8031662374999999 0.7381749171875 0.72574719375 0.71401815625
1 0.226327946875 0.574478146875 0.2066956125 0.7798493796875 0.30461977500000004 0.8085017125 0.31993675625 0.596287665625 0.226327946875 0.574478146875
0 0 0.7158920890625 0.0011479015625 0.7161584375000001 0.0264604640625 0.5145639515625 0 0.5076837609375 0 0.7158920890625
1 0.6116028546875001 0.6844956796874999 0.604803496875 0.8934319437499999 0.6957608796875 0.92065961875 0.7000926078124999 0.7087337921875 0.6116028546875001 0.6844956796874999
1 0.32152594375 0.6030467093749999 0.3055233984375 0.8064686921875 0.40183629375 0.8317938421875001 0.41261308281250003 0.63317675 0.32152594375 0.6030467093749999
0 0.12738187031249998 0.5447310078125 0.10382542187499999 0.7514978906249999 0.2056088703125 0.7801107921875 0.2221893015625 0.5791466437499999 0.12738187031249998 0.5447310078125
0 0.5077600343750001 0.6593019265625 0.505270821875 0.8677565703125 0.6035133609375001 0.893062003125 0.6088637484375 0.6842934359374999 0.5077600343750001 0.6593019265625
0 0.405235784375 0.8087012843749999 0.40435153437500004 0.83079598125 0.5022389031250001 0.865168084375 0.5049841109375001 0.658517653125 0.41531737187499995 0.6337109562500001 0.405235784375 0.8087012843749999
1 0.175983115625 0 0.174780896875 0.0118869625 0.257495028125 0.034708759374999995 0.2603689234375 0 0.175983115625 0
1 0.876777025 1 0.886639828125 0.96560431875 0.8000516984375 0.9467374765625 0.80012133125 1 0.876777025 1
0 0.260998078125 0 0.2577725078125 0.03617725625 0.339726471875 0.062483004687499996 0.342853378125 0 0.260998078125 0
1 0.343774525 0 0.3399682765625 0.06255234062500001 0.41914448125000003 0.0875939453125 0.4223171609375 0 0.343774525 0
1 0.4227661140625 0 0.41949600625 0.0872271046875 0.5009843734375 0.11059351718749999 0.5057916671875 0.0034799390625000004 0.4963033546875 0 0.4227661140625 0
1 0.69848999375 1 0.6970224015625 0.9232193437499999 0.6055276671875001 0.8963986390625 0.6041050515624999 1 0.69848999375 1
1 0.601384978125 1 0.6020540515625 0.8959876078125 0.5057821375 0.8739171046875001 0.5035569765625 1 0.601384978125 1
1 0.7975683234375001 1 0.796681940625 0.9449939015625001 0.7034887546874999 0.922448515625 0.7035234406249999 1 0.7975683234375001 1
1 0.50004171875 1 0.50114348125 0.871303440625 0.40927108749999996 0.8414829765625 0.4004035390625 0.9915908921875 0.42972958281249996 1 0.50004171875 1
1 0 0.876777025 0.08493700625 0.9011323203125 0.0971892578125 0.7512199578125001 0.003419315625 0.723746846875 0 0.7498345843750001 0 0.876777025
1 0.10011918906249999 0.7541951078125 0.088328925 0.9021049375000001 0.19043808906249998 0.9313842687499999 0.2000607140625 0.7824184625 0.10011918906249999 0.7541951078125
1 0.20176014375 0.7833401828125 0.191624234375 0.9317243906250001 0.2955666375 0.9615293953125 0.3029523390625 0.8144730453125 0.20176014375 0.7833401828125
1 0.3060345140625 0.81392038125 0.296306284375 0.961741484375 0.397875921875 0.990866109375 0.404877965625 0.8402985703124999 0.3060345140625 0.81392038125
1 0.73996054375 0.06409270624999999 0.7377818296875 0.18680885 0.814558128125 0.20740339687499998 0.8137034249999999 0.08284675 0.73996054375 0.06409270624999999
1 0.501049653125 0.11014459843749999 0.5784595078125 0.131070484375 0.5783865109375 0.025699089062500003 0.5069420671875 0.0038098109375000002 0.501049653125 0.11014459843749999
1 0.8157190515625 0.084135075 0.814834178125 0.20883744843750002 0.892408978125 0.23256817500000002 0.8796122343749999 0.10529755625 0.8157190515625 0.084135075
1 0.6574982734375 0.047832175 0.658291778125 0.1590429828125 0.7366981515625 0.1836567046875 0.73543053125 0.066085175 0.6574982734375 0.047832175
1 0.654431259375 0.047972206249999996 0.57962085 0.024818312500000002 0.5792706484375 0.1330417453125 0.6573557265625001 0.1582381125 0.654431259375 0.047972206249999996
1 1 0.143163078125 0.9561588125 0.128216653125 0.9714204234375 0.2566450453125 1 0.26484010625 1 0.143163078125
1 0.8909320734374999 0.23711714218750002 0.9693749359374999 0.2560585109375 0.9560375640625001 0.155626240625 0.9518031984374999 0.1274186859375 0.8845768875 0.10956255468750001 0.8909320734374999 0.23711714218750002