1 0.809683375 0.14340001093750002 0.8667839734375 0.25428307031249997 0.9423309156249999 0.24288471406249998 0.8815755968750001 0.131992553125 0.809683375 0.14340001093750002
1 0.7303159406249999 0.16025209375 0.792447740625 0.27188249375 0.8642852171875001 0.2577736546875 0.8015372890625001 0.146271540625 0.7303159406249999 0.16025209375
1 0.5487532640625 0.19830782656249998 0.4716526765625 0.209790709375 0.4666599734375 0.2106710578125 0.52357625 0.32422813437500003 0.6044439640625 0.3072843125 0.5487532640625 0.19830782656249998
1 0.5535904703125001 0.195773665625 0.608683603125 0.3044116359375 0.6937680375 0.295176778125 0.6341687796875 0.1816775109375 0.5535904703125001 0.195773665625
1 0.6381270015625 0.1796945875 0.69863425 0.2973772984375 0.7839560015625 0.2818521203125 0.7215275875 0.1645258421875 0.6381270015625 0.1796945875
1 0.3871797625 0.22634800624999998 0.44110066875 0.342348209375 0.52415655 0.3250185578125 0.4674124984375 0.212200809375 0.3871797625 0.22634800624999998
1 0.2986388765625 0.24446802812500001 0.3522214328125 0.3618939984375 0.4386743359375 0.3446365234375 0.385138490625 0.22655492656249998 0.2986388765625 0.24446802812500001
0 0 0.43503001562500004 0.0036972421875000002 0.4454967765625 0.0916325984375 0.429391321875 0.0391849609375 0.287908075 0 0.29443245 0 0.43503001562500004
1 0.039789209375 0.28864735937499997 0.0941929984375 0.43234807656249996 0.18455113437499998 0.41718424374999996 0.1324587234375 0.273998884375 0.039789209375 0.28864735937499997
0 0.21366382499999997 0.2588344046875 0.2746428265625 0.40358392656250003 0.359137121875 0.3880141375 0.2954988421875 0.24186718906250002 0.21366382499999997 0.2588344046875
0 0.13277368125 0.27309751875 0.185792571875 0.41790829374999994 0.272610171875 0.4005865125 0.21165509999999998 0.2608802578125 0.13277368125 0.27309751875
1 0.8719204312500001 0.2672875171875 0.7893552453125 0.2835856484375 0.8655080640625 0.4342240984375 0.9553466171875 0.41907113125000006 0.8719204312500001 0.2672875171875
1 0.9594999890624999 0.4252186921875 0.9940820734375 0.42269344062499997 0.9642716140625 0.2536299234375 0.8756061609374999 0.26562625624999997 0.9594999890624999 0.4252186921875
1 0.526133690625 0.33597036406249997 0.44518814375 0.3514242671875 0.5104171484375 0.5004195765625 0.59954978125 0.48126313125 0.526133690625 0.33597036406249997
1 0.78695503125 0.29258907968750003 0.6993546984375001 0.3082584609375 0.77948378125 0.45352044999999996 0.8616729171875 0.43214837343749996 0.78695503125 0.29258907968750003
1 0.6117445625 0.32362682187499997 0.53020936875 0.3369829390625 0.598846040625 0.48001123437500004 0.6897434734375001 0.47086347812499996 0.6117445625 0.32362682187499997
0 0.616000084375 0.325156953125 0.6921041484375 0.47113521875000003 0.7779690234375 0.4553069328125 0.69634939375 0.3093966984375 0.616000084375 0.325156953125
1 0.42411580625 0.52251674375 0.5096485984375 0.5026190640625 0.4413903265625 0.3516008953125 0.3583776171875 0.36830225 0.3662893265625 0.3900955078125 0.42411580625 0.52251674375
1 0 0.5437443296875 0.0092989140625 0.596481090625 0.049762248437500003 0.5888454765625 0.0031968093750000003 0.4421358671875 0 0.44260498750000005 0 0.5437443296875
0 0.0973018171875 0.436070971875 0.007500910937499999 0.44834717343749997 0.0534983890625 0.58818669375 0.1446418953125 0.569823696875 0.0973018171875 0.436070971875
0 0.2753959171875 0.40563787656250005 0.1874806484375 0.4199736875 0.2399362484375 0.554304578125 0.33129102499999996 0.536820284375 0.2753959171875 0.40563787656250005
0 0.1861505375 0.4192585796875 0.098468809375 0.434140003125 0.14814728906250002 0.5714975390625 0.2394519953125 0.5576899921875 0.1861505375 0.4192585796875
0 0.361239915625 0.3918772453125 0.2773638234375 0.4068758859375 0.331547209375 0.5360871203124999 0.420381903125 0.52179915 0.361239915625 0.3918772453125
1 1 0.638903178125 0.9519743078125 0.5492359609374999 0.8748178953125001 0.5592067671875001 0.9593372499999999 0.7445811375 1 0.7366503203125 1 0.638903178125
1 0.18619629375 0.683274725 0.0903770359375 0.6966463 0.1539237609375 0.8894536875 0.2549933734375 0.8727309546875001 0.18619629375 0.683274725
1 0.7918968546875 0.5733887078125 0.874046946875 0.7634651015625 0.95735249375 0.745480384375 0.870724678125 0.5613653281250001 0.7918968546875 0.5733887078125
1 0.290408575 0.6653288374999999 0.3615357328125 0.8550432296875 0.46042214687499994 0.83815616875 0.3825332015625 0.644260965625 0.290408575 0.6653288374999999
0 0.08795950625 0.6985308359375 0.0293800921875 0.7103671140625 0.064162921875 0.9076303453125 0.152439553125 0.8873583484375 0.08795950625 0.6985308359375
1 0.67830065625 0.59649371875 0.7623050953125 0.7838274921874999 0.85442070625 0.7686835921874999 0.76694749375 0.579774053125 0.67830065625 0.59649371875
1 0.386849596875 0.6495419859375 0.4603448796875 0.8359726593750001 0.55637389375 0.81684301875 0.4803302734375 0.636903803125 0.386849596875 0.6495419859375
0 0.1901473640625 0.6816897625 0.2584077765625 0.8743260375 0.3606879234375 0.8557420046875001 0.2887622390625 0.6712317015625 0.1901473640625 0.6816897625
1 0.5756735265625 0.6189824234375 0.663279653125 0.8040347703125 0.761005534375 0.784056640625 0.675792784375 0.5974949390625001 0.5756735265625 0.6189824234375
0 0.5494295734375 0.7949975874999999 0.5581668921875 0.8148790171875 0.65948496875 0.8030560234375 0.57288236875 0.6194858046875 0.482950390625 0.6362105671875 0.5494295734375 0.7949975874999999
1 0 0.18426906875 0.0024783953125000003 0.1909917625 0.08541073437499999 0.1755095921875 0.046279571874999995 0.07503945 0 0.083185125 0 0.18426906875
0 0.12602803906249999 0.061648996874999994 0.0471177953125 0.074203571875 0.0862886171875 0.17668616718750002 0.170050090625 0.1646063015625 0.12602803906249999 0.061648996874999994
1 0.2056487921875 0.050299253125 0.1273799390625 0.061126642187500004 0.1702936640625 0.16456335312499998 0.2510556203125 0.15256413124999998 0.2056487921875 0.050299253125
1 0.291394003125 0.04100740625 0.20593892500000002 0.049783960937499996 0.251208246875 0.152088959375 0.333291921875 0.13761539218750002 0.291394003125 0.04100740625
1 0.7642232 0.7861339765625 0.8403561890625 0.9476993265625 0.9385574421875 0.9303837968750001 0.856638378125 0.7703994546875 0.7642232 0.7861339765625
1 0.6663856078125 0.8092517828125001 0.7392764109375001 0.96552241875 0.8381954593750001 0.9480803218749999 0.76097624375 0.7872672703125 0.6663856078125 0.8092517828125001
1 1 0.8370116796874999 0.9540953984374999 0.7466947125 0.8620210625 0.766934109375 0.9416312953125001 0.92984179375 1 0.919549815625 1 0.8370116796874999
1 0.5671187953125 0.82219244375 0.634578440625 0.9839834953125 0.736195821875 0.966065609375 0.6611600875 0.8089428265624999 0.5671187953125 0.82219244375
1 0.3005040765625 1 0.25242319062499996 0.8769388953125 0.15771618437499998 0.893077528125 0.193581125 1 0.3005040765625 1
1 0.4141805703125 1 0.3567788125 0.8601682921875 0.2562943265625 0.8783028312500001 0.304123934375 1 0.4141805703125 1
1 0.52812804375 1 0.46152107343750004 0.844144571875 0.35867781249999997 0.8602498609375001 0.4154427796875 1 0.52812804375 1
1 0.543744334375 1 0.6323830890625 0.9843705953124999 0.562726021875 0.8230391890625001 0.4640069109375 0.8423293203125001 0.5285087046875 1 0.543744334375 1
1 0.1902743953125 1 0.1558752953125 0.89396289375 0.0649989609375 0.9123717578124999 0.080450184375 1 0.1902743953125 1
1 0.5274203375 0 0.57540143125 0.10289511250000001 0.65212655 0.08800458125 0.6084179468750001 0 0.5274203375 0
1 0.33315621093750003 0.13719106718750002 0.41058399375 0.122320103125 0.365123584375 0.029351664062499998 0.292552809375 0.040803078124999996 0.33315621093750003 0.13719106718750002
1 0.6102524328125 0 0.6529883296875 0.0891513703125 0.7317702640625 0.07668489218749999 0.6842876171875 0 0.6102524328125 0
1 0.5096990109374999 0 0.444575546875 0.0148131625 0.49318844375 0.1126250953125 0.573085709375 0.100579790625 0.5226385484375 0 0.5096990109374999 0
1 0.44192533906250003 0.016257698437500002 0.365835003125 0.0280426765625 0.4121501125 0.123710565625 0.49201443749999996 0.1123178765625 0.44192533906250003 0.016257698437500002
1 0.770784440625 0 0.8119709875 0.0639051671875 0.8867090453124999 0.050726829687499995 0.8535718421875 0 0.770784440625 0
1 0.6875741421875 0 0.732424796875 0.081335865625 0.80991055625 0.0642684765625 0.7672269468749999 0 0.6875741421875 0
1 0.8560942328125 0 0.8868461515625 0.0493408296875 0.92741923125 0.044629671875 0.919549815625 0 0.8560942328125 0