1 0.9095900265625 0.1144325375 0.861258603125 0.044623578125 0.789752434375 0.06380369218750001 0.85933784375 0.170031253125 0.9209387953125001 0.154010396875 0.9095900265625 0.1144325375
1 0.7112653453125 0.08929050937500001 0.7860197765625 0.1957410234375 0.8571824765624999 0.17383115 0.78181848125 0.06757592031250001 0.7112653453125 0.08929050937500001
0 0.531663725 0.1470929796875 0.4548970671875 0.1669021203125 0.44994057343750005 0.168323371875 0.5196247015625 0.27727835 0.5996196203124999 0.2515394421875 0.531663725 0.1470929796875
1 0.5362865546875 0.144013484375 0.603601878125 0.24818055156250002 0.688684353125 0.2298007453125 0.616292415625 0.12118899218750001 0.5362865546875 0.144013484375
1 0.6200848921875 0.118760975 0.69384145625 0.23151277499999998 0.7784931546875 0.20673785625000002 0.7028312437500001 0.09455085468749999 0.6200848921875 0.118760975
1 0.37121408125 0.1926321484375 0.4381287859375 0.3043790046875 0.520296 0.2780172015625 0.4508649328125 0.1697926328125 0.37121408125 0.1926321484375
1 0.2835827875 0.22037632187499998 0.350307284375 0.3336028890625 0.4359184625 0.3069537296875 0.369171296875 0.19305828281249998 0.2835827875 0.22037632187499998
0 0 0.4412195234375 0.0066727953125 0.45524466406249997 0.093906409375 0.42960480468749995 0.025764340625 0.2918960765625 0 0.29901815625 0 0.4412195234375
0 0.0264544109375 0.2925806015625 0.09681171093749999 0.43232730156250004 0.1865965125 0.40738390625000004 0.11863225 0.26791383281250003 0.0264544109375 0.2925806015625
0 0.19915821250000001 0.2439409859375 0.276278534375 0.384052084375 0.360088459375 0.35931979062499997 0.2801291125 0.21807574999999998 0.19915821250000001 0.2439409859375
0 0.1188547203125 0.266967640625 0.1879295078125 0.4079853921875 0.27390273593750003 0.38123241406249997 0.1973444640625 0.24622587031249998 0.1188547203125 0.266967640625
1 0.8659205046875 0.1826552640625 0.78413964375 0.20792042500000002 0.8772370984375 0.3523849265625 0.966497475 0.327507665625 0.8659205046875 0.1826552640625
1 0.971354434375 0.3332923234375 0.9722985015625 0.33312297812499997 0.9246970109375001 0.167116853125 0.8694716453125 0.1805818953125 0.971354434375 0.3332923234375
1 0.523463940625 0.2888978203125 0.4432314 0.313136215625 0.525103615625 0.4570958765625 0.613222959375 0.428239375 0.523463940625 0.2888978203125
1 0.7826718796875001 0.21729247968749998 0.6957306562500001 0.2424551984375 0.79227693125 0.3810532875 0.8731362828125 0.35068986875 0.7826718796875001 0.21729247968749998
1 0.608747409375 0.267314128125 0.5276946890625 0.2894907515625 0.61237758125 0.4270463078125 0.703349496875 0.4081379015625 0.608747409375 0.267314128125
1 0.6132152765625001 0.2684120828125 0.7057664234375001 0.408162596875 0.7909351953125 0.38302310781250004 0.6928120203125 0.24392672499999998 0.6132152765625001 0.2684120828125
1 0.4401618796875 0.488629896875 0.5245607515625 0.45940475000000003 0.43940854687500003 0.31371805468749997 0.3572179984375 0.33943902656249997 0.36754525625 0.36066860312500004 0.4401618796875 0.488629896875
1 0 0.5702704187500001 0.0120936078125 0.6124458421875 0.0685574421875 0.59551969375 0.00580815625 0.45189431874999997 0 0.45337980624999996 0 0.5702704187500001
0 0.100353475 0.43576744375 0.010824387500000001 0.4577275375 0.0722664875 0.5944561421875 0.1625045546875 0.5661897640625 0.100353475 0.43576744375
1 0.2772593671875 0.38605211875 0.18985734999999998 0.40989780781249996 0.2572447046875 0.5403628171875 0.34779019375 0.5129638421875 0.2772593671875 0.38605211875
0 0.18843560937499998 0.40931478437499996 0.10132801875 0.43368820937499997 0.16622895 0.567512840625 0.2571158984375 0.5438424578125 0.18843560937499998 0.40931478437499996
1 0.362627528125 0.3630086671875 0.2793820359375 0.3870969875 0.34797115 0.5121942171875 0.436308315625 0.48829941562499996 0.362627528125 0.3630086671875
1 1 0.49362851562500004 0.9769677031249999 0.4596776359375 0.89998331875 0.477961484375 1 0.6478013859375 1 0.49362851562500004
1 0.2166380328125 0.6766673578125 0.1211378890625 0.7003752796875 0.2059807515625 0.8888799890625 0.3064345171875 0.8612214 0.2166380328125 0.6766673578125
1 1 0.6523212328125 0.8960730187499999 0.480581684375 0.8176168125000001 0.5011214328125 0.9209867015625001 0.6848866328125001 1 0.6589310484374999 1 0.6523212328125
1 0.3201403328125 0.6474366734375 0.412321340625 0.8320049062500001 0.5105491640625 0.8044115609375 0.41108238906250005 0.6163270828125 0.3201403328125 0.6474366734375
0 0.0927285578125 0.8936533296875 0.1045315859375 0.9211304703125001 0.20425594062500002 0.8869156171875 0.11889340781249999 0.7025401828125 0.0446127828125 0.7258536796875 0.0927285578125 0.8936533296875
1 0.7051723937500001 0.536572234375 0.8101255640625 0.717363346875 0.90169026875 0.6922536546875 0.7930602046875 0.5102348953125 0.7051723937500001 0.536572234375
1 0.595281984375 0.748820728125 0.606240503125 0.768026675 0.707468140625 0.74530346875 0.6002881640625 0.568599225 0.5111009078125 0.5950780890625 0.595281984375 0.748820728125
1 0.41601184375000005 0.621216934375 0.51023814375 0.8022086171874999 0.6053363968750001 0.772647503125 0.5092246078125 0.5984998296875 0.41601184375000005 0.621216934375
0 0.22046571875 0.6746430984375 0.310058471875 0.8624743765625 0.4115382578125 0.8328024812500001 0.3191044890625 0.653588928125 0.22046571875 0.6746430984375
0 0.603758034375 0.57023503125 0.7121111921875001 0.7483336781250001 0.808835428125 0.7177332875 0.702742328125 0.537852228125 0.603758034375 0.57023503125
1 0 0.19118865937500001 0.0605373203125 0.173170234375 0.030314256249999998 0.1145305015625 0 0.12322297499999998 0 0.19118865937500001
0 0.144991646875 0.153148103125 0.11062956093750001 0.091500459375 0.031120195312499998 0.114299403125 0.0615508203125 0.1742685484375 0.144991646875 0.153148103125
1 0.225648709375 0.13235825625 0.1891669765625 0.0689802171875 0.111619934375 0.0912164734375 0.1452334515625 0.1530787671875 0.225648709375 0.13235825625
1 0.307240790625 0.1084944640625 0.2716109828125 0.0453397796875 0.1895929296875 0.06885807656250001 0.22575242499999998 0.1318608765625 0.307240790625 0.1084944640625
1 1 0.8408687734375 0.904116546875 0.693755921875 0.812311803125 0.7194954953125 0.918402515625 0.89458045 1 0.871885625 1 0.8408687734375
1 0.8091481984375 0.7209876578125 0.7158093984375 0.7532871515624999 0.819273696875 0.9255560656249999 0.9168691359375 0.89587043125 0.8091481984375 0.7209876578125
1 1 0.659467296875 0.90919185 0.689675578125 1 0.8348544640625001 1 0.659467296875
1 0.8180322234374999 0.9289554453125 0.7104905640625 0.75352875 0.6167759171875 0.776924515625 0.7151038328125 0.9571268828124999 0.76961768125 0.9428380921875 0.8180322234374999 0.9289554453125
1 0.3736542734375 1 0.3042834015625 0.8657553078125 0.21020345156250003 0.8921472859374999 0.259429390625 1 0.3736542734375 1
1 0.49546059218750005 1 0.40805603437500004 0.8376995718750001 0.308344715625 0.86672575 0.377552834375 1 0.49546059218750005 1
1 0.5702704171875 1 0.6113903234375 0.98820905625 0.512299421875 0.8103591453125001 0.4099856703125 0.8375806750000001 0.49668138749999996 1 0.5702704171875 1
1 0.5146203875 0.80825715625 0.611268984375 0.9882438499999999 0.7139061718749999 0.9588131109375 0.6124226984375001 0.7782480828125 0.5146203875 0.80825715625
1 0.25588810781250004 1 0.20843571718749998 0.8932391890625 0.1066497765625 0.925240846875 0.1376819265625 1 0.25588810781250004 1
1 0.519835653125 0 0.5484443953125 0.047645196875000004 0.6244678359375 0.024425123437499998 0.6089712734375 0 0.519835653125 0
1 0.38379457031249997 0.08480435 0.3457853890625 0.024070609375 0.272401853125 0.045113 0.3070582609375 0.10807916718749999 0.38379457031249997 0.08480435
1 0.6097812734375 0 0.6254618703125 0.0254949828125 0.7038244015624999 0.0045114000000000005 0.7003323531250001 0 0.6097812734375 0
1 0.4297295796875 0 0.42511880937499996 0.0013221171875 0.46631934062499997 0.066221715625 0.5458550015625 0.0455462890625 0.5167070812500001 0 0.4297295796875 0
1 0.46509900625 0.06603517812500001 0.42269539062500006 0.002017021875 0.34688336875000003 0.02375576875 0.385527065625 0.0860462359375 0.46509900625 0.06603517812500001