1 0.8981724109375 0.2644026015625 0.920868396875 0.37790801093750004 0.9914226265625 0.3870898875 0.9654571296875 0.2726404328125 0.8981724109375 0.2644026015625
1 0.822799978125 0.259105834375 0.8498085203124999 0.3745661328125 0.9177366749999999 0.3803809234375 0.8901436671875 0.26487724375 0.822799978125 0.259105834375
0 0.6505033546875 0.2465469953125 0.578536571875 0.237042628125 0.5738412562499999 0.23654912968750003 0.5956868 0.35239195625 0.6724258562500001 0.3579911171875 0.6505033546875 0.2465469953125
1 0.6554833859375 0.2455258453125 0.6769576953125 0.3565150578125 0.75549568125 0.370068721875 0.7312334140625001 0.25359036874999996 0.6554833859375 0.2455258453125
1 0.735285246875 0.2528357 0.759288040625 0.37327726562499997 0.8396508796875001 0.38128215781249997 0.8138368187499999 0.2606664640625 0.735285246875 0.2528357
1 0.4986690828125 0.2301755265625 0.5172068109375 0.347429996875 0.596003696875 0.35324544375 0.574122825 0.23810603437500003 0.4986690828125 0.2301755265625
1 0.4147592171875 0.22366026875 0.43262857343750005 0.3420995515625 0.514448103125 0.3488493015625 0.49678862031250004 0.229837309375 0.4147592171875 0.22366026875
0 0.17135123593749998 0.195956040625 0.09060552656250001 0.1866922453125 0.09918659375 0.3274016140625 0.1820379734375 0.3355583453125 0.17135123593749998 0.195956040625
0 0.1717026828125 0.1967700546875 0.1835722359375 0.3388507890625 0.268351215625 0.3484676765625 0.25841879218749997 0.207438440625 0.1717026828125 0.1967700546875
0 0.3350037921875 0.2147107734375 0.3524908875 0.3594106328125 0.43212438906250006 0.367163840625 0.4126148109375 0.220536784375 0.3350037921875 0.2147107734375
0 0.2589318 0.20671528437500003 0.2692770015625 0.34943128125 0.351439503125 0.356217078125 0.33268109218749997 0.21602080156249998 0.2589318 0.20671528437500003
1 0.9221333218750001 0.39082042499999997 0.8440401328125 0.38421075312499997 0.8736018968750001 0.538048034375 0.9579129406250001 0.5475415546875 0.9221333218750001 0.39082042499999997
1 1 0.40108061250000004 0.9258587578125 0.390282825 0.9600553921874999 0.554087415625 0.99627391875 0.56165518125 0.9986863234375001 0.5387026890625 1 0.5243756296875 1 0.40108061250000004
1 0.5949664328125001 0.363518303125 0.518539609375 0.3565705421875 0.538743146875 0.5061450578125 0.62344843125 0.511887603125 0.5949664328125001 0.363518303125
1 0.839583521875 0.391625115625 0.7571438484375 0.3831653046875 0.7916434609375 0.5332262671875 0.8707005984375 0.535214825 0.839583521875 0.391625115625
1 0.67477255625 0.3744345375 0.59835558125 0.365465021875 0.623139315625 0.5105909734375 0.7068589921874999 0.52571095 0.67477255625 0.3744345375
1 0.67819004375 0.3768888578125 0.7089027031249999 0.526557821875 0.7898294640625 0.5344314984375 0.7541616203125 0.3834107328125 0.67819004375 0.3768888578125
1 0.4558187421875 0.5037500359375 0.537491315625 0.5079096890625 0.515094384375 0.35575548125 0.4364971984375 0.3493907890625 0.437993796875 0.3708515453125 0.4558187421875 0.5037500359375
1 0.0996000890625 0.3242762875 0.017275010937499998 0.3132252484375 0.0163173203125 0.45890347656249997 0.1036811859375 0.4670329671875 0.0996000890625 0.3242762875
0 0.18540108125000002 0.3429669 0.101861140625 0.3309175984375 0.1071947875 0.4674022625 0.1934968984375 0.474367340625 0.18540108125000002 0.3429669
1 0.35263859218750004 0.3614351484375 0.270258809375 0.35170544062500003 0.28278603593749996 0.484931496875 0.36905204999999996 0.492734284375 0.35263859218750004 0.3614351484375
0 0.269251346875 0.35072710156250003 0.18694078125 0.3415437640625 0.1962060046875 0.4767577171875 0.28148473125 0.48782651093749996 0.269251346875 0.35072710156250003
1 0.4330166609375 0.371147359375 0.3540829984375 0.36304313125 0.3694693265625 0.49214607343749994 0.45265995156249994 0.5021538984375 0.4330166609375 0.371147359375
1 0.8498996218749999 0.6518884890625001 0.878047571875 0.8388449343750001 0.9612888343750001 0.8460800359375 0.9215287875 0.6627555843749999 0.8498996218749999 0.6518884890625001
1 0.2016170875 0.5861816109375 0.11240851562500001 0.573567909375 0.11987566875 0.761782096875 0.21464355937500001 0.772751875 0.2016170875 0.5861816109375
1 0.7720303015625001 0.643300525 0.79685193125 0.8338433734375 0.8760402390625 0.8391385890624999 0.8456819140625 0.652765215625 0.7720303015625001 0.643300525
1 0.2995119484375 0.596865409375 0.31455821875 0.7842625984375 0.4074137484375 0.7945267421875 0.3873857375 0.6016696031250001 0.2995119484375 0.596865409375
0 0.0185045375 0.567315603125 0.02268966875 0.7543506125 0.119084046875 0.7595334390625 0.10976118906250001 0.5746293890625 0.0185045375 0.567315603125
1 0.664412165625 0.6348143953125 0.6915968921875 0.8233863234375001 0.7779441203124999 0.833471053125 0.74805793125 0.6426055875000001 0.664412165625 0.6348143953125
1 0.3898962546875 0.6074844546875 0.4079042765625 0.79255975625 0.49877659375 0.8000922812500001 0.47682325 0.620153296875 0.3898962546875 0.6074844546875
0 0.2055605109375 0.5857800015625 0.21729139531250002 0.7750487140625 0.3136201109375 0.7846686328125 0.2965250046875 0.6017078234375 0.2055605109375 0.5857800015625
0 0.5667719375 0.6285877015625 0.5977658265625 0.8160474593749999 0.6903747375 0.8232578687500001 0.6619103828124999 0.635065021875 0.5667719375 0.6285877015625
0 0.49815940937500003 0.778832734375 0.5008851859375001 0.7987999984374999 0.5946195640624999 0.814202865625 0.5641441546875 0.628321821875 0.479346575 0.6202060671875 0.49815940937500003 0.778832734375
1 0.0806508859375 0 0.0845845984375 0.0914571484375 0.16279731875 0.098888496875 0.15546305 0 0.0806508859375 0
1 0.1558488515625 0 0.1633326703125 0.100128475 0.24154539062499997 0.10755982187499999 0.2322671859375 0.00794213125 0.15692472500000001 0 0.1558488515625 0
1 0.9502020218749999 1 0.9665909046875001 0.844070196875 0.876129228125 0.8404204656250001 0.904699528125 1 0.9502020218749999 1
0 0.3070934140625 0.01642346875 0.23323185624999998 0.0074113765625 0.24202971562500003 0.108833875 0.3201125984375 0.119511640625 0.3070934140625 0.01642346875
1 0.38128221562500003 0.02669195 0.3084375828125 0.0163038515625 0.3203416609375 0.1195357171875 0.395718590625 0.129517259375 0.38128221562500003 0.02669195
1 0.46042636249999996 0.0403640109375 0.3816740390625 0.026306724999999996 0.395977028125 0.1291325984375 0.47317145937499994 0.1372460609375 0.46042636249999996 0.0403640109375
1 0.8119725109375 1 0.7794896375 0.8355691328124999 0.69272283125 0.8259343875 0.7211808109375 1 0.8119725109375 1
1 0.7192643375000001 1 0.6895255359375 0.826113525 0.5992091203125 0.821495253125 0.627672571875 1 0.7192643375000001 1
1 0.9040394703124999 1 0.8728130953125 0.83938739375 0.7851966921875 0.833857265625 0.8147939624999999 1 0.9040394703124999 1
1 0.6250187921875 1 0.59461023125 0.8198815421875001 0.5070246218750001 0.8076143984374999 0.52878563125 0.9934247890625001 0.5800707640625 1 0.6250187921875 1
1 0.2112640140625 0.7758462140625 0.1223418921875 0.7659849359375 0.1311267328125 0.9613636031249999 0.229576528125 0.9702134843750001 0.2112640140625 0.7758462140625
1 0.3089859359375 0.7876148093750001 0.214379984375 0.7780538875 0.23290853125000002 0.9705636921874999 0.330447484375 0.980066646875 0.3089859359375 0.7876148093750001
1 0.331435165625 0.980919259375 0.43097877812499996 0.9913817140625 0.40686254374999997 0.800148465625 0.31066508437499996 0.788173859375 0.331435165625 0.980919259375
1 0.527913371875 1 0.5028749968749999 0.8072445687500001 0.40955326249999996 0.7991662640625 0.4312088765625 0.9955239015625 0.473796109375 1 0.527913371875 1
1 0.127366078125 0.9635887359374999 0.1204669125 0.766303053125 0.023080196875 0.7585463078125 0.02499695625 0.9494601093749999 0.1017938265625 0.960900984375 0.127366078125 0.9635887359374999
1 0.68121411875 0.057815568750000004 0.6988169328125 0.168284665625 0.7713210593750001 0.1746540265625 0.7506898953125 0.0630118125 0.68121411875 0.057815568750000004
1 0.473158734375 0.13683290312500002 0.5462868984375 0.1433996609375 0.5294195984375001 0.048850954687499996 0.46151614375000005 0.0404785515625 0.473158734375 0.13683290312500002
1 0.7527125765625 0.0638499703125 0.7717986031249999 0.17589739375 0.8455227125 0.1849551921875 0.8136920453125001 0.072761428125 0.7527125765625 0.0638499703125
1 0.604274665625 0.056232559375000005 0.622722659375 0.1559078828125 0.697337296875 0.165626890625 0.677447628125 0.0603182578125 0.604274665625 0.056232559375000005
1 0.6015318203125 0.056842075000000006 0.5303920203125 0.0478658171875 0.547332528125 0.145040703125 0.6217503921875001 0.1553332640625 0.6015318203125 0.056842075000000006
1 0.8863597109375 0.0812530796875 0.9205972703124999 0.194096975 0.9908836203125 0.20148436875 0.9569880359375 0.092201396875 0.8863597109375 0.0812530796875
1 0.8449164921874999 0.189270428125 0.9186595671875001 0.19389331406250002 0.890620859375 0.10586955468749999 0.8823055203125 0.08122412500000001 0.818848153125 0.075805615625 0.8449164921874999 0.189270428125
1 1 0.0959517296875 0.960192821875 0.0916399421875 0.9913616359375 0.20028348125 1 0.2017080046875 1 0.0959517296875