1 1 0.21089426718749998 0.946950271875 0.2081275265625 0.9811179328125 0.3337216125 1 0.33485085312499996 1 0.21089426718749998
1 0.8624089453125 0.20811423437499998 0.9015423468750001 0.3355628203125 0.97781485625 0.3367432375 0.9380257109375 0.2092919578125 0.8624089453125 0.20811423437499998
1 0.669117721875 0.207577984375 0.5880502 0.20257478125 0.5827709796875 0.2023904265625 0.6161713296875 0.33067456875 0.7022615890624999 0.33091968125000004 0.669117721875 0.207577984375
1 0.6745968390625 0.206040140625 0.7072050375 0.3289065890625 0.7959223765625 0.3379369859375 0.7597750640625 0.2091298 0.6745968390625 0.206040140625
1 0.7642388890625 0.20796405 0.8004050671874999 0.34123932031250004 0.8907273671875 0.34389908281250003 0.8525259406249999 0.21057092812499997 0.7642388890625 0.20796405
1 0.498369359375 0.2011529109375 0.528187478125 0.3312815375 0.616591475 0.331607446875 0.58320644375 0.20411548750000003 0.498369359375 0.2011529109375
1 0.4042038953125 0.2004439796875 0.43336821406250003 0.331954840625 0.5252187421875 0.3330914140625 0.496244103125 0.20092132031249998 0.4042038953125 0.2004439796875
0 0.1303608765625 0.1885066484375 0.039513234375 0.18446422499999998 0.06004360156250001 0.3416982875 0.1531553765625 0.34433263125 0.1303608765625 0.1885066484375
1 0.1308165140625 0.1893925125 0.1551241609375 0.34790680625000003 0.2505011296875 0.3520281125 0.2284375109375 0.19454141875 0.1308165140625 0.1893925125
0 0.3144860515625 0.19667634843749998 0.34526773906249997 0.35768788906250004 0.434756378125 0.3601225921875 0.401567234375 0.1971074296875 0.3144860515625 0.19667634843749998
0 0.22895383281249998 0.1936894984375 0.2516094765625 0.35303665781250004 0.3438456296875 0.35418669375 0.3119954734375 0.1983292828125 0.22895383281249998 0.1936894984375
1 1 0.40276898125000005 0.9835348734375 0.3481128703125 0.8958545062500001 0.346840278125 0.9408249 0.5171560375 0.99961865625 0.5196478046874999 1 0.5087275484375 1 0.40276898125000005
1 0.6162333125 0.3432176546875 0.5303865875 0.34143452343749997 0.5645797359375 0.5077028296874999 0.659572884375 0.507482003125 0.6162333125 0.3432176546875
1 0.8914572453125 0.3555116359375 0.79878141875 0.3525047671875 0.8489693953125 0.5181940484374999 0.9373660046875001 0.5142048 0.8914572453125 0.3555116359375
1 0.706160828125 0.3491884421875 0.62016773125 0.3451356484375 0.6591269296875 0.5060512015625 0.753749875 0.5164316343750001 0.706160828125 0.3491884421875
0 0.7101663890625 0.3516738546875 0.7560969375 0.5172212078125 0.8470384609374999 0.51968934375 0.7954718265625 0.35301486249999997 0.7101663890625 0.3516738546875
1 0.471834928125 0.5115402359375001 0.5633198234375 0.5097816703125 0.5264776624999999 0.34079093125000004 0.4382538125 0.3398329234375 0.4415947203125 0.36379921875 0.471834928125 0.5115402359375001
1 0 0.496304465625 0.075928828125 0.49804411875000004 0.060261871875 0.33815839375 0.00546906875 0.3346588109375 0 0.491272453125 0 0.496304465625
0 0.15748585937499998 0.35238215156249997 0.063302546875 0.3454335984375 0.0798793765625 0.498182075 0.1767500265625 0.499207571875 0.15748585937499998 0.35238215156249997
0 0.3455901859375 0.359948253125 0.25288236249999996 0.355511546875 0.2772348671875 0.504037040625 0.37413043125 0.5060054828125 0.3455901859375 0.359948253125
0 0.2516817046875 0.35449289375 0.15909366875 0.350663896875 0.17995993125 0.501676965625 0.2760077203125 0.5073883296874999 0.2516817046875 0.35449289375
0 0.4360623765625 0.3645228359375 0.347327559375 0.36163913281250004 0.37455040156249997 0.5053125359374999 0.4681849171875 0.50999755 0.4360623765625 0.3645228359375
1 0.9692001390625 0.8543716937499999 0.987918865625 0.854685965625 0.9949758125000001 0.6526014515624999 0.9232299218750001 0.6467771265625 0.9692001390625 0.8543716937499999
1 0.1945168703125 0.6240507421875 0.0939624234375 0.6169148578125 0.1169470890625 0.8275482484375001 0.22357876718749997 0.83240180625 0.1945168703125 0.6240507421875
1 0.83564545 0.64326680625 0.8781820546875 0.8551479125 0.9669824578125 0.8548591984374999 0.918590453125 0.6480929078125001 0.83564545 0.64326680625
1 0.30461654375 0.6283373078125 0.33599725937499997 0.83745744375 0.44043947812499995 0.8416695937500001 0.4030732671875 0.6268141046875 0.30461654375 0.6283373078125
0 0 0.7408492796874999 0.0078917796875 0.8268557734374999 0.1158884703125 0.8250870140625001 0.0910901578125 0.6183144046875 0 0.6174011171875 0 0.7408492796874999
1 0.71486393125 0.64221165625 0.7598847625 0.851694971875 0.8570485921875 0.8562179046875 0.8088339281250001 0.64437326875 0.71486393125 0.64221165625
1 0.4063280625 0.6331422 0.440833890625 0.839423571875 0.542849871875 0.8407262531249999 0.50434015625 0.6405194984375 0.4063280625 0.6331422
0 0.198887171875 0.623289740625 0.2267130015625 0.8347710515625 0.33498176874999996 0.8379869296875 0.3016595015625 0.634006684375 0.198887171875 0.623289740625
1 0.6053953984375 0.6429069828125 0.6545813671875 0.8508424421875 0.758510621875 0.8516469859375 0.7120910031250001 0.6426897796875 0.6053953984375 0.6429069828125
0 0.5405062093749999 0.8169165625 0.5451028499999999 0.8391100843749999 0.650926 0.8490199453124999 0.6024416312499999 0.6428153796875 0.5071607421875 0.6403801625 0.5405062093749999 0.8169165625
1 0.0171556125 0 0.017023946875 0.0037704171874999998 0.025380010937500003 0.0780616296875 0.113257753125 0.08024693125 0.1017123515625 0 0.0171556125 0
1 0.102164875 0 0.11395181562500001 0.0815963546875 0.201829559375 0.08378165625 0.188168228125 0 0.102164875 0
0 0.1891322546875 0 0.20246931875000002 0.08517333437499999 0.29045483125 0.091012103125 0.27255180625 0 0.1891322546875 0
1 0.2738233921875 0 0.29071238125 0.091021096875 0.375623375 0.09629146562499999 0.355298603125 0 0.2738233921875 0
1 0.355779334375 0 0.375881896875 0.09583945 0.4626761421875 0.098870371875 0.44269790625 0 0.355779334375 0
1 0.8970948468750001 1 0.8589369734375 0.858450834375 0.76133984375 0.85446590625 0.795490265625 1 0.8970948468750001 1
1 0.792947828125 1 0.7577850374999999 0.8549185312500001 0.6566163781250001 0.8568425890625001 0.6896184546875 1 0.792947828125 1
1 0.9828443874999999 1 0.9850551062499999 0.9366932890624999 0.96339975625 0.8553923546875 0.865173815625 0.856080634375 0.9011045624999999 1 0.9828443874999999 1
1 0.686079753125 1 0.6513575921875 0.8553935031250001 0.5526416359375 0.848518828125 0.58102603125 1 0.686079753125 1
1 0.12002696875 0.8320707671875001 0.13783229375 0.987657596875 0.24553645156249998 0.991418709375 0.220047446875 0.8361403203125001 0.12002696875 0.8320707671875001
1 0.2236972625 0.8383726640625 0.24915573281249997 0.9915450968749999 0.3579624484375 0.9953447109375 0.3300385265625 0.8416578937500001 0.2236972625 0.8383726640625
1 0.33195626875 0.8421531515625 0.35921375312500003 0.9953884078125 0.46998313124999996 0.9992565593749999 0.4402618140625 0.8480218765625 0.33195626875 0.8421531515625
1 0.578352578125 1 0.5479811296875 0.84843031875 0.4431886828125 0.846707884375 0.470719990625 0.9992822921875 0.49127245625000004 1 0.578352578125 1
1 0.0086542578125 0.8315336078125 0.020725834375 0.98356815 0.134135446875 0.9875285 0.1179589171875 0.8325753109375 0.0086542578125 0.8315336078125
1 0.798375853125 0.1173900671875 0.7706130765625 0.0091452453125 0.69170846875 0.006389834375 0.716952578125 0.115947365625 0.798375853125 0.1173900671875
1 0.44381848125 0 0.462629778125 0.0984077125 0.5447649546875 0.10002283125 0.5198644859375 0.0003889109375 0.5087275328125 0 0.44381848125 0
1 0.8819999078125 0.1231116078125 0.8420175515625001 0.01163874375 0.7725348624999999 0.0092123546875 0.7990056562500001 0.11874784218750001 0.8819999078125 0.1231116078125
1 0.71509416875 0.11308114375 0.6872432546875 0.00623390625 0.604167159375 0.0033328249999999998 0.6310544625000001 0.1080454171875 0.71509416875 0.11308114375
1 0.6299245140624999 0.10747706406249999 0.6009907875 0.0032219031250000003 0.521153315625 0.0004339171875 0.5460597968750001 0.1017821921875 0.6299245140624999 0.10747706406249999
1 1 0.0171556125 0.9236692703125 0.014490084375 0.9665080390625 0.127463359375 1 0.128632925 1 0.0171556125
1 0.8464780890625001 0.011794509375 0.88165914375 0.12800202968750002 0.964329365625 0.127387278125 0.9261816875 0.030810057812500003 0.9193504671875001 0.01433926875 0.8464780890625001 0.011794509375