1 0.734375 0.3390625 0.1109375 0.1625
1 0.575 0.3015625 0.1 0.1359375
1 0.6484375 0.32109375 0.103125 0.1421875
1 0.49140625 0.28359375 0.1171875 0.146875
1 0.2546875 0.228125 0.1203125 0.1546875
1 0.95625 0.4046875 0.0875 0.159375
1 0.81484375 0.36953125 0.1125 0.1625
0 0.42109375 0.271875 0.109375 0.1515625
1 0.890625 0.38984375 0.1078125 0.1578125
0 0.3375 0.25703125 0.1109375 0.1578125
0 0.16640625 0.21953125 0.1140625 0.1421875
1 0.5828125 0.44609375 0.1109375 0.1625
1 0.49296875 0.42578125 0.115625 0.1515625
0 0.32734375 0.38671875 0.1078125 0.1359375
1 0.6640625 0.47109375 0.11875 0.1640625
1 0.8265625 0.51328125 0.115625 0.165625
0 0.24375 0.36875 0.1140625 0.15
0 0.4078125 0.41015625 0.109375 0.14375
1 0.9125 0.53671875 0.1203125 0.175
0 0.73984375 0.49609375 0.1234375 0.153125
1 0.0765625 0.334375 0.1109375 0.1453125
0 0.16015625 0.35703125 0.1171875 0.146875
1 0.2640625 0.03125 0.1 0.0625
1 0.1890625 0.0234375 0.096875 0.046875
1 0.96796875 0.17421875 0.0640625 0.1453125
1 0.56640625 0.0734375 0.1015625 0.146875
1 0.490625 0.0640625 0.103125 0.128125
1 0.77578125 0.78984375 0.1203125 0.1796875
1 0.8625 0.81796875 0.121875 0.16875
1 0.67890625 0.775 0.1234375 0.1734375
0 0.34140625 0.0484375 0.1109375 0.096875
1 0.63828125 0.0921875 0.1015625 0.1546875
1 0.85625 0.146875 0.1 0.1546875
1 0.415625 0.05859375 0.109375 0.1171875
1 0.58828125 0.75703125 0.1328125 0.1796875
0 0.05546875 0.62890625 0.1109375 0.1921875
0 0.5 0.7453125 0.1328125 0.16875
0 0.228125 0.6796875 0.1296875 0.178125
1 0.134375 0.66015625 0.134375 0.1765625
1 0.31484375 0.70703125 0.1390625 0.1828125
1 0.41015625 0.7359375 0.1234375 0.1828125
1 0.71015625 0.11484375 0.10625 0.1546875
1 0.78359375 0.13359375 0.103125 0.1515625
0 0.9203125 0.1703125 0.10625 0.14375
1 0.69375 0.93671875 0.128125 0.1265625
1 0.78671875 0.94765625 0.1390625 0.1046875
1 0.41171875 0.90234375 0.1328125 0.19375
1 0.60234375 0.9265625 0.1328125 0.146875
1 0.21328125 0.8546875 0.1390625 0.1921875
1 0.31640625 0.88046875 0.1375 0.1921875
1 0.509375 0.91796875 0.1375 0.1640625
1 0.1171875 0.8328125 0.13125 0.1859375
1 0.04453125 0.80859375 0.0890625 0.1890625