1 0.9033018140625 0.13549677031250001 0.8531565796875 0.0707044453125 0.78507674375 0.092847725 0.8575589625 0.1916443015625 0.9162332718749999 0.1730524515625 0.9033018140625 0.13549677031250001
1 0.71057171875 0.121425540625 0.788055575 0.2201722671875 0.8556676140624999 0.19541620625 0.777604984375 0.09688886875 0.71057171875 0.121425540625
1 0.5400563484375 0.1863200171875 0.4669290703125 0.20933878749999998 0.4622146546875 0.210962090625 0.534928259375 0.312381721875 0.6108764640625 0.2834837859375 0.5400563484375 0.1863200171875
1 0.544365890625 0.1831159328125 0.6145536171875 0.28004328125 0.6957808453125 0.25797598437499997 0.620470065625 0.1570257359375 0.544365890625 0.1831159328125
1 0.6240104343749999 0.1544919296875 0.7008452671875001 0.25936160468749997 0.7813375328125 0.2311541046875 0.702691328125 0.12692622656250002 0.6240104343749999 0.1544919296875
1 0.38741971875000003 0.23841701718750002 0.45759883281249997 0.34266868281249996 0.5356132375 0.3130592984375 0.463180396875 0.2123305234375 0.38741971875000003 0.23841701718750002
1 0.3041989015625 0.2696382328125 0.3742682 0.375325471875 0.45559329843749996 0.34526284375 0.38546874062500003 0.23893223749999998 0.3041989015625 0.2696382328125
0 0 0.4205528171875 0.0485697453125 0.5101342468750001 0.13151160625 0.48096108906249996 0.0588522296875 0.351755690625 0 0.371394596875 0 0.4205528171875
1 0.059552623437499994 0.352379953125 0.13445240625 0.483435690625 0.21989209999999998 0.454803003125 0.1473165140625 0.32389128437500003 0.059552623437499994 0.352379953125
0 0.223865534375 0.29666791406250004 0.305312965625 0.427728475 0.38499465312500003 0.3996051515625 0.30074971562499997 0.2675982734375 0.223865534375 0.29666791406250004
0 0.14748409375 0.322968153125 0.22120907031249998 0.45531433281249994 0.3028785359375 0.42513312656249996 0.2222284203125 0.2989624796875 0.14748409375 0.322968153125
1 0.86454413125 0.20347159375 0.7868480250000001 0.23200448125 0.8839380312499999 0.3664418171875 0.9688747078125 0.33789970937499997 0.86454413125 0.20347159375
1 0.9738525453125 0.34322504062500003 0.9747555609375 0.3430135203125 0.9205156062500001 0.185489253125 0.8678691921875 0.2012918796875 0.9738525453125 0.34322504062500003
1 0.53921463125 0.3233815296875 0.4629621453125 0.3508457546875 0.549189378125 0.485371425 0.6328258984375 0.45305339218749996 0.53921463125 0.3233815296875
1 0.785898534375 0.24111045312499998 0.7032151625 0.2698088703125 0.8033422031249999 0.398416790625 0.8798942625 0.36501846250000003 0.785898534375 0.24111045312499998
1 0.6204760609375 0.2982167109375 0.5433288562499999 0.3237362328125 0.6319501890625 0.45194705468749996 0.7188370984375 0.4290688328125 0.6204760609375 0.2982167109375
1 0.6248444125 0.29904590781249996 0.7211717890625 0.4289688671875 0.8021450796874999 0.40038359375 0.7004707375 0.27137626875 0.6248444125 0.29904590781249996
1 0.46875432031250003 0.5201067765625 0.54878045625 0.4876240296875 0.459300340625 0.3516021609375 0.3812314328125 0.38059524218749996 0.3922612296875 0.40052302187500005 0.46875432031250003 0.5201067765625
1 0 0.583671303125 0.0305697296875 0.67245224375 0.11531583281249999 0.6421329250000001 0.047567810937499996 0.5069501640625 0 0.5218116937499999 0 0.583671303125
0 0.1380434921875 0.48656921718749996 0.0527018421875 0.5123141296875 0.1188437265625 0.6409181734375 0.2045552421875 0.609060284375 0.1380434921875 0.48656921718749996
0 0.3063597125 0.4296054625 0.22316575 0.45705840000000003 0.2947350734375 0.579322475 0.38078667187500004 0.5482846671875 0.3063597125 0.4296054625
0 0.22176402031250003 0.45656940468749996 0.1388806453125 0.4845157859375 0.20821702968750003 0.610144478125 0.29478431875 0.582682015625 0.22176402031250003 0.45656940468749996
1 0.38763008125 0.4030297 0.30846120625 0.43050359531250004 0.380922978125 0.5475337984374999 0.465017346875 0.5199856515625 0.38763008125 0.4030297
1 1 0.483726665625 0.9855775515625 0.46472115 0.9121639671875 0.48628131406249997 1 0.6188549125 1 0.483726665625
1 0.2623311921875 0.712743375 0.17131189062500002 0.74047823125 0.2626296140625 0.9177749234375 0.3582343625 0.8859795921875 0.2623311921875 0.712743375
1 1 0.6235436078125 0.90851943125 0.48900634218750005 0.8337974078125001 0.51281563125 0.9427658796875 0.68459669375 1 0.6624200296875 1 0.6235436078125
1 0.360800759375 0.6792770875 0.4590068171875 0.852404878125 0.552465746875 0.8207863968750001 0.44705010156249997 0.6446434625 0.360800759375 0.6792770875
0 0.078643659375 0.77641515625 0.1662929390625 0.9540459234374999 0.26086636093750004 0.91597039375 0.16925293125000002 0.7426792375 0.078643659375 0.77641515625
1 0.727004859375 0.552733446875 0.8373535515625001 0.721567634375 0.9245033843750001 0.692683565625 0.8105435265625 0.5228547078125 0.727004859375 0.552733446875
1 0.4520532859375 0.6491028562500001 0.5520555578125 0.8186795890624999 0.6423948234375 0.7853252390625001 0.5409136328125 0.622439865625 0.4520532859375 0.6491028562500001
0 0.26592569843749997 0.7105968203125 0.36179567968750004 0.8870013796875 0.45829056875 0.8532135109375 0.3601076359375 0.6852583765625 0.26592569843749997 0.7105968203125
1 0.6307722499999999 0.5903635546875 0.744269184375 0.7564292140625 0.8361264265624999 0.7219901671875 0.7247225734375 0.5540912687499999 0.6307722499999999 0.5903635546875
0 0.632296665625 0.7651978171875 0.643834959375 0.783143325 0.7404330890625 0.75606405 0.6281383890625001 0.5912819515625001 0.5433522140625 0.6213635984375 0.632296665625 0.7651978171875
1 0 0.2485073421875 0.0083229453125 0.263369853125 0.0865009140625 0.23557215468749998 0.03307109375 0.14411143906249999 0 0.155487378125 0 0.2485073421875
0 0.1084775375 0.1188338328125 0.0337569875 0.1431712484375 0.0875342125 0.23657858125 0.167039746875 0.21195449531250002 0.1084775375 0.1188338328125
1 0.18407315156249998 0.095556040625 0.1097105 0.1181187296875 0.1672697421875 0.21187530312499997 0.243874146875 0.1877915171875 0.18407315156249998 0.095556040625
1 0.2659334578125 0.073331659375 0.18427587343750002 0.0950113484375 0.2439494640625 0.1873069375 0.3214579125 0.1606186375 0.2659334578125 0.073331659375
1 1 0.7941014171874999 0.9269208250000001 0.69400689375 0.8395706687500001 0.7235102015625 0.9434653546874999 0.8761129734375 1 0.856646534375 1 0.7941014171874999
1 0.7480868140625 0.7610129578125 0.8479844906249999 0.9089896718749999 0.9414907390625 0.8767928875000001 0.8365907609375001 0.725110028125 0.7480868140625 0.7610129578125
1 1 0.663023821875 0.9316172796875 0.6898152328125 1 0.7872523124999999 1 0.663023821875
1 0.6536526765625 0.788860753125 0.7487554203125 0.9431569796874999 0.8451572374999999 0.9099631718750001 0.742963715625 0.7615181171875001 0.6536526765625 0.788860753125
1 0.4205327328125 1 0.3563837390625 0.8904585671874999 0.2668694984375 0.9207070296875 0.3082396890625 1 0.4205327328125 1
1 0.5415528593750001 1 0.455172925 0.85811060625 0.360353215625 0.8911857124999999 0.4243701953125 1 0.5415528593750001 1
1 0.5836713046875001 1 0.6493493890625001 0.9773852218749999 0.554452296875 0.8264278031250001 0.457029990625 0.8578972296874999 0.542820021875 1 0.5836713046875001 1
1 0.5565882390625 0.8242835015625 0.6495069531250001 0.9773309687499999 0.746792834375 0.9438327531249999 0.649515828125 0.7903590375 0.5565882390625 0.8242835015625
1 0.30500690625 1 0.2652172875 0.9218496937499999 0.168543053125 0.9578981750000001 0.18867738125 1 0.30500690625 1
1 0.490798690625 0 0.5512958875 0.0896339265625 0.623535434375 0.0633664734375 0.5784532921875 0 0.490798690625 0
1 0.321260965625 0.16022780781249998 0.39418603124999996 0.13387110468750002 0.335759859375 0.050664434375 0.2670276734375 0.0729548921875 0.321260965625 0.16022780781249998
1 0.580111328125 0 0.62454851875 0.0643464796875 0.6991579609375 0.0401143125 0.6645463265625 0 0.580111328125 0
1 0.4714678296875 0 0.4107020921875 0.0243185203125 0.4729337625 0.11173933437500001 0.548691196875 0.08774403124999999 0.485745153125 0 0.4714678296875 0
1 0.40834959375 0.026128428125 0.33624996875 0.0492847046875 0.39592065781249997 0.13497905937500002 0.47174626562500005 0.111622078125 0.40834959375 0.026128428125
1 0.6658523125 0 0.7005075828125 0.044526434375 0.77315184375 0.01602955625 0.75840445625 0 0.6658523125 0