1 1 0.265156309375 0.9906798921875 0.22614255781249998 0.9158535703125 0.21972987968750002 0.9458630625 0.3480191015625 1 0.35265333593750003 1 0.265156309375
0 0.724412878125 0.2057756140625 0.6444497874999999 0.19521520625 0.63923276875 0.194666875 0.66350559375 0.323381128125 0.7487712125 0.3296024171875 0.724412878125 0.2057756140625
1 0.729946246875 0.20464100312500003 0.753806590625 0.32796235 0.8410710187499999 0.343021978125 0.8141129453125 0.2136015859375 0.729946246875 0.20464100312500003
1 0.81861498125 0.2127630640625 0.8452847515625 0.3465870265625 0.9345767953124999 0.3554813515625 0.9058945062499999 0.22146391406250002 0.81861498125 0.2127630640625
1 0.5557081312500001 0.18758509375000001 0.5763056078125001 0.31786783750000003 0.6638577031249999 0.32432944531249996 0.6395456234375 0.19639676875 0.5557081312500001 0.18758509375000001
1 0.46247494843750003 0.18034591875 0.4823297875 0.3119451203125 0.5732403765625 0.3194448453125 0.5536187296875 0.18720929687500001 0.46247494843750003 0.18034591875
0 0.1920216359375 0.14956344375 0.10230418125 0.1392703359375 0.11183869843750001 0.29561408125 0.20389578749999998 0.304677115625 0.1920216359375 0.14956344375
0 0.1924121328125 0.150467903125 0.205600525 0.3083353859375 0.299799390625 0.3190208171875 0.28876336406249997 0.162321665625 0.1924121328125 0.150467903125
0 0.3738578078125 0.170402034375 0.393287915625 0.33117965781250003 0.481769584375 0.33979433281250004 0.46009227499999994 0.17687538125 0.3738578078125 0.170402034375
0 0.2893333734375 0.1615181578125 0.300828040625 0.3200914890625 0.392119709375 0.3276312609375 0.37127703125 0.1718576234375 0.2893333734375 0.1615181578125
1 1 0.36385987656249996 0.9394537421875 0.35873534687499997 0.9723001468750001 0.529665659375 0.9993164203125 0.5327077234375001 1 0.526203896875 1 0.36385987656249996
1 0.6627051875000001 0.3357437359375 0.57778649375 0.328024 0.60023486875 0.4942179078125 0.6943518531249999 0.5005985125 0.6627051875000001 0.3357437359375
1 0.934501953125 0.3669735265625 0.8429023156250001 0.3575737375 0.88123521875 0.524308140625 0.9690764828124999 0.5265176484375 0.934501953125 0.3669735265625
1 0.7513786578125 0.34787288437499997 0.666470909375 0.33790675625 0.694008390625 0.49915781406250004 0.7870302546875 0.5159577875 0.7513786578125 0.34787288437499997
1 0.7551758656249999 0.35059990625 0.78930104375 0.5168987546875 0.8792196656250001 0.525647284375 0.8395887296875 0.35784643437499997 0.7551758656249999 0.35059990625
1 0.50809664375 0.4915567703125 0.598843946875 0.49617860937499997 0.5739584671875 0.327118378125 0.48662825937500004 0.320046496875 0.48829114687499997 0.34389178125000003 0.50809664375 0.4915567703125
1 0.11229813749999999 0.292141496875 0.0208258296875 0.2798625640625 0.019761728125 0.4417272609375 0.1168326921875 0.4507600296875 0.11229813749999999 0.292141496875
0 0.20763257343750002 0.31290884218750004 0.11481041875 0.29952072812499997 0.12073669218750001 0.45117035625 0.216627928125 0.4589093328125 0.20763257343750002 0.31290884218750004
1 0.39345203125 0.3334291203125 0.3019189390625 0.32261833281249996 0.3158380796875 0.47064728437500003 0.41168920625 0.479317046875 0.39345203125 0.3334291203125
0 0.30079953593750003 0.3215312875 0.20934335312500002 0.31132758125 0.21963804531250003 0.4615653078125 0.31439218593749996 0.473863965625 0.30079953593750003 0.3215312875
1 0.4827609953125 0.34422046562499997 0.3950569265625 0.335215765625 0.41215284687500003 0.47866348125 0.5045868765625 0.48978328437499996 0.4827609953125 0.34422046562499997
1 0.22565035937500003 0.583147409375 0.12652972499999998 0.5691321859375 0.1348265609375 0.7782590609375 0.2401242171875 0.7904477015625 0.22565035937500003 0.583147409375
1 0.9686059015625 0.8248987781249999 0.94127794375 0.6571291921875 0.8594428187500001 0.64661286875 0.8870224062500001 0.858327146875 0.9645475781249999 0.8635111515625 0.9686059015625 0.8248987781249999
1 0.334422428125 0.595018296875 0.3511405046875 0.8032373968750001 0.454313315625 0.8146420000000001 0.43205996874999997 0.6003562890625 0.334422428125 0.595018296875
0 0.022191971875 0.5621851796875 0.026842115625000003 0.7700018562500001 0.13394698124999999 0.775760553125 0.12358825 0.570311609375 0.022191971875 0.5621851796875
1 0.7398671140624999 0.6371838375000001 0.7700723640625 0.8467082015624999 0.866013728125 0.8579134578125001 0.832806853125 0.6458407171875 0.7398671140624999 0.6371838375000001
1 0.43484943437499995 0.6068172374999999 0.45485834687500004 0.8124564609375 0.5558275890625 0.8208259328124999 0.5314349843749999 0.6208937265625 0.43484943437499995 0.6068172374999999
0 0.230031940625 0.582701178125 0.24306625624999997 0.792999746875 0.35009816250000003 0.803688546875 0.3311036015625 0.6003987578125 0.230031940625 0.582701178125
1 0.6313779703125 0.6302652875 0.6658156265625 0.8385539062499999 0.768714415625 0.846565475 0.737087353125 0.6374623109375 0.6313779703125 0.6302652875
0 0.5551418296875 0.7972042125 0.55817046875 0.8193900624999999 0.6623197765625 0.8365043609375 0.6284582109375 0.6299698671875 0.534238678125 0.6209523609375001 0.5551418296875 0.7972042125
1 0.09417537031249999 0 0.095614259375 0.0334535625 0.1825172828125 0.0417106171875 0.1794237296875 0 0.09417537031249999 0
1 0.17989159999999998 0 0.1831121171875 0.0430883703125 0.270015140625 0.0513454234375 0.265232925 0 0.17989159999999998 0
0 0.265976540625 0 0.2705532796875 0.052761037499999996 0.35731203749999996 0.064625221875 0.34915040625 0 0.265976540625 0
1 0.35011127656249996 0 0.35756655312499996 0.064651971875 0.44131869687499997 0.0757425734375 0.43068465937499995 0 0.35011127656249996 0
1 0.43112957500000004 0 0.44160585 0.075315175 0.5273774390625 0.0843301328125 0.51628358125 0 0.43112957500000004 0
1 0.8953392609374999 1 0.8677309703124999 0.8602446562500001 0.771323409375 0.8495393859375 0.7959222078125 1 0.8953392609374999 1
1 0.7934692296875 1 0.7677708562500001 0.849738425 0.667419284375 0.8446070125 0.6921974546875 1 0.7934692296875 1
1 0.9502020218749999 1 0.9644909859374999 0.8640495937500001 0.8740721421875 0.8583425828125 0.8993075109375 1 0.9502020218749999 1
1 0.6888463875 1 0.66230940625 0.8428140000000001 0.5649920640625 0.8291838390624999 0.5849970375 1 0.6888463875 1
1 0.1375668078125 0.7829288828125 0.1457768515625 0.9655237859374999 0.25360801093749996 0.9768572984375 0.236369165625 0.79388585625 0.1375668078125 0.7829288828125
1 0.2398313546875 0.796338828125 0.2572425359375 0.9772393015624999 0.365203184375 0.9885864234374999 0.3449490796875 0.8069620734375 0.2398313546875 0.796338828125
1 0.4762884578125 1 0.4537008671875 0.820888359375 0.3468148 0.8075832406250001 0.3663323375 0.9887051031249999 0.473796109375 1 0.4762884578125 1
1 0.5826232734375 1 0.56038136875 0.8287729171875 0.45669055468749997 0.819797025 0.476564525 1 0.5826232734375 1
1 0.0272760359375 0.7746637390625 0.029069101562499998 0.9532573078125001 0.1418420953125 0.9651102265624999 0.135483496875 0.7832823453125 0.0272760359375 0.7746637390625
1 0.8586547734375 0.125894540625 0.8415140765625001 0.033140435937500004 0.76312955625 0.024901890625 0.7780946328125 0.1188174703125 0.8586547734375 0.125894540625
1 0.517229078125 0 0.5273633 0.08387106875 0.6086168171875 0.091167465625 0.593616740625 0.0070853765625 0.52620389375 0 0.517229078125 0
1 0.9411010531249999 0.137340278125 0.91369060625 0.0407264953125 0.8431802546875 0.0333155578125 0.859185375 0.127276059375 0.9411010531249999 0.137340278125
1 0.776450590625 0.1158643890625 0.7591923234375 0.024488071875 0.677033890625 0.015852871875 0.6935454390625 0.10506548906249999 0.776450590625 0.1158643890625
1 0.6924651421875 0.104427025 0.6742216937500001 0.0155572984375 0.594824853125 0.0072123546875 0.6097786265625 0.092990846875 0.6924651421875 0.104427025
1 1 0.0770620421875 0.9912101046874999 0.049467346875 0.9910025906250001 0.0488523125 0.9172141406250001 0.0410968328125 0.9404274750000001 0.1421349859375 1 0.14586953281249998 1 0.0770620421875