1 0.8211106453125 0.15619407968750001 0.8766655140624999 0.259239890625 0.947708953125 0.247240084375 0.8887085125 0.14424889531250001 0.8211106453125 0.15619407968750001
1 0.7465502984375 0.17337670624999998 0.806859875 0.2770367359375 0.8743641296875 0.262558009375 0.8134757015625 0.15902898906250001 0.7465502984375 0.17337670624999998
0 0.5759767203124999 0.21221920625 0.50346991875 0.22432517187499998 0.49877681718750005 0.2252374171875 0.5541994984375 0.33079522968749997 0.6301727828125 0.313500603125 0.5759767203124999 0.21221920625
1 0.5804975140625 0.209758009375 0.6341249671875 0.31073212968749997 0.71419336875 0.300597328125 0.656242246875 0.19514012187500002 0.5804975140625 0.209758009375
1 0.6599429625 0.1932112953125 0.7188151296874999 0.3025777984375 0.7990094453125 0.28653719375 0.7383316734375 0.17753830625 0.6599429625 0.1932112953125
1 0.42409187968750006 0.24131945937500002 0.476728715625 0.3492212296875 0.5547588578125 0.3315267921875 0.4995100359375 0.2266596546875 0.42409187968750006 0.24131945937500002
1 0.340903125 0.25985023281249997 0.39324315625 0.36909553281249996 0.47447691093750005 0.3514101046875 0.42217072343749995 0.24154887500000002 0.340903125 0.25985023281249997
0 0.09698254218749999 0.3050905640625 0.016045053125 0.32002708750000003 0.0659774984375 0.453556690625 0.1486267265625 0.4369264890625 0.09698254218749999 0.3050905640625
0 0.097563684375 0.3057737328125 0.1510864796875 0.4396563234375 0.23603438593749998 0.4238676984375 0.1846986171875 0.29042868125 0.097563684375 0.3057737328125
0 0.2610176359375 0.2747976359375 0.3207554203125 0.40955059687500006 0.40016896874999996 0.3934824375 0.337902465625 0.25746434375 0.2610176359375 0.2747976359375
0 0.184981521875 0.28957755937499996 0.23721599062499998 0.42452556093749994 0.31879255624999997 0.40677349375 0.25915575468749996 0.2767518109375 0.184981521875 0.28957755937499996
1 0.8817100421875 0.27135214687500003 0.8041264531250001 0.2880703109375 0.8782606796874999 0.42808613749999996 0.962718928125 0.4123166859375 0.8817100421875 0.27135214687500003
1 0.9667300453125 0.41801266562499995 0.9929571203125 0.415623003125 0.9622993078125001 0.257902225 0.885158871875 0.2697298203125 0.9667300453125 0.41801266562499995
1 0.5567930718749999 0.34176782031249997 0.4807232453125 0.35766592343750003 0.5445336734375 0.4963289125 0.6282641703125 0.476815521875 0.5567930718749999 0.34176782031249997
1 0.8020036875000001 0.2965589875 0.7196635203125 0.31277426875000003 0.7974627046875 0.447677071875 0.87461288125 0.42620493281250005 0.8020036875000001 0.2965589875
1 0.6373094265625 0.3287072921875 0.5606510984375 0.3426474 0.6275812640625 0.47565313124999997 0.71313113125 0.4654995859375 0.6373094265625 0.3287072921875
0 0.6413450453125 0.3300693453125 0.715360846875 0.4657137390625 0.796062471875 0.449379365625 0.716848015625 0.3138941234375 0.6413450453125 0.3300693453125
1 0.46351805468749996 0.51855241875 0.543843334375 0.4984058 0.4771456609375 0.357897275 0.399146446875 0.3750014859375 0.4069439609375 0.39531161406250004 0.46351805468749996 0.51855241875
1 0 0.522815034375 0.0246223328125 0.6052450312500001 0.11163356718749999 0.5872531234375 0.0654534640625 0.45041206875000006 0 0.46119714843750004 0 0.522815034375
0 0.154075159375 0.44309548750000005 0.06960767031250001 0.45616525 0.1151455125 0.586570471875 0.2007840671875 0.56776675625 0.154075159375 0.44309548750000005
1 0.3214973203125 0.4114646390625 0.2388395140625 0.42643417968749997 0.2903799875 0.5515594828125 0.37623138125 0.5335765296874999 0.3214973203125 0.4114646390625
0 0.237574453125 0.4257862375 0.155145296875 0.44126364531249995 0.20411474843750002 0.569276603125 0.2899761078125 0.5547441140625 0.237574453125 0.4257862375
1 0.4022114140625 0.3970705390625 0.323371784375 0.41259215156250006 0.37646149375000004 0.532884234375 0.45998681875 0.5179436890625 0.4022114140625 0.3970705390625
1 1 0.60310030625 0.961563746875 0.534498159375 0.88898080625 0.5451864265624999 0.9715425828124999 0.717647578125 1 0.71158265 1 0.60310030625
1 0.24172293281249999 0.6734905640625 0.1515987734375 0.6876920421875 0.21450451718750002 0.8674894562500001 0.3095262578125 0.85005311875 0.24172293281249999 0.6734905640625
1 0.8110288375 0.5599252906250001 0.8914301437500001 0.73683891875 0.9696854703125 0.718525571875 0.8851555546875 0.547282371875 0.8110288375 0.5599252906250001
1 0.3396883578125 0.654852325 0.4096923390625 0.8316168218750001 0.5026533468750001 0.814064040625 0.4262097890625 0.6334938859375 0.3396883578125 0.654852325
0 0.0588091203125 0.7094346203125 0.11818762499999999 0.8890629828125001 0.213072721875 0.86554921875 0.1493489890625 0.6895019312499999 0.0588091203125 0.7094346203125
1 0.704297096875 0.5835660984375 0.7864039140625 0.7578745 0.8730089624999999 0.7420742015624999 0.7876075109375 0.566347334375 0.704297096875 0.5835660984375
1 0.43036112031249996 0.6383740421875 0.5025465515625 0.8120167640625 0.592778921875 0.7924093328125 0.5182920249999999 0.624901065625 0.43036112031249996 0.6383740421875
0 0.24542309843750001 0.6719352359374999 0.3127699328125 0.8514906468750001 0.40890394375000005 0.832287078125 0.3382280859375 0.6604189609375 0.24542309843750001 0.6719352359374999
0 0.607896690625 0.6064391 0.693363465625 0.7785447765625 0.7851823359375001 0.7581119515625 0.701948409375 0.5845488046875 0.607896690625 0.6064391
0 0.585892584375 0.7720335359375 0.594438703125 0.7905356796875 0.6897708687499999 0.7776920781250001 0.6052731984374999 0.606959621875 0.5207513171875 0.6242053765625 0.585892584375 0.7720335359375
1 0 0.22603778437500002 0.0599857578125 0.21375550781250002 0.023583203125 0.12017450156250001 0 0.1248526296875 0 0.22603778437500002
1 0.1003608515625 0.1052504390625 0.023963021875 0.12007643906250001 0.060870999999999995 0.2147961671875 0.1388134046875 0.198837209375 0.1003608515625 0.1052504390625
0 0.1753342359375 0.0913089984375 0.1011380765625 0.104451715625 0.13965930937499998 0.1999259203125 0.2184362734375 0.187144740625 0.1753342359375 0.0913089984375
1 0.2502189546875 0.07928439375 0.17660059687500002 0.0907955484375 0.21866522812500003 0.1871002359375 0.294615696875 0.1744465578125 0.2502189546875 0.07928439375
1 0.33090940625 0.0690847046875 0.250484459375 0.078795921875 0.29475219375 0.17399810468750002 0.3719102171875 0.1590001046875 0.33090940625 0.0690847046875
1 0.8751263171874999 0.7436457296875 0.7882480421875 0.7600053375 0.8718725078125 0.929164746875 0.9652683046874999 0.9117776046875001 0.8751263171874999 0.7436457296875
1 0.785204646875 0.76112473125 0.6963726796875 0.7833858015625 0.777802571875 0.9497515828124999 0.870350984375 0.9302276640624999 0.785204646875 0.76112473125
1 1 0.7824085765625 0.966633775 0.71972116875 0.880146875 0.7403014484375 0.9710615484374999 0.9177932578125001 1 0.9121681921875 1 0.7824085765625
1 0.6914415968750001 0.7831862421875 0.6029916890625 0.79724256875 0.6790291015625 0.970485528125 0.776875321875 0.9537676421875 0.6914415968750001 0.7831862421875
1 0.367320484375 1 0.307168690625 0.8540455078125 0.2181361140625 0.8708238703125 0.264098978125 1 0.367320484375 1
1 0.4759692578125 1 0.4052875203125 0.8365074671875 0.31083935 0.8552582781250001 0.37083290625 1 0.4759692578125 1
1 0.5481445234375 1 0.58190003125 0.99343859375 0.503782459375 0.8196634828124999 0.4070790390625 0.8365511781249999 0.4770218640625 1 0.5481445234375 1
1 0.5060977171875 0.8179174187499999 0.5817398500000001 0.9934697296874999 0.6789789875000001 0.97456835625 0.5988636374999999 0.7981129203124999 0.5060977171875 0.8179174187499999
1 0.2606312953125 1 0.2164144125 0.8716863531250001 0.11980692343749999 0.8930047421875 0.15371574375 1 0.2606312953125 1
1 0.54989093125 0.020623746875 0.5996152265625 0.122240584375 0.671715071875 0.1069439875 0.6187109921875 0.005088890625 0.54989093125 0.020623746875
1 0.37177568125 0.1586043375 0.44453825625 0.1433139578125 0.4002355546875 0.056874821875 0.3319986734375 0.0688729734375 0.37177568125 0.1586043375
1 0.6556035671875 0 0.6209177640625 0.0053008421875 0.672545334375 0.1080050328125 0.746621903125 0.0949471875 0.685275184375 0 0.6556035671875 0
1 0.4749115625 0.04186138125 0.5222615375 0.1327902953125 0.5973961140624999 0.12010832499999999 0.5469836203125 0.02415850625 0.4749115625 0.04186138125
1 0.4724355828125 0.0432624765625 0.4008858796875 0.055634407812499995 0.446036309375 0.1445914515625 0.5211499828124999 0.132522346875 0.4724355828125 0.0432624765625
1 0.76720330625 0 0.8220311406249999 0.08157092187500001 0.892284340625 0.0679150828125 0.8460232031249999 0 0.76720330625 0
1 0.690064303125 0 0.747311275 0.099299509375 0.8200943515624999 0.0819473953125 0.7669029265625 0.0051239390625 0.763224409375 0 0.690064303125 0
1 0.8490744796874999 0 0.8923920437499999 0.06661234218749999 0.9242846921875 0.0623339859375 0.91216819375 0 0.8490744796874999 0