1 0.67734375 0.26640625 0.090625 0.1609375
1 0.50625 0.27734375 0.0828125 0.13125
1 0.5859375 0.27421875 0.0859375 0.1390625
1 0.41640625 0.28515625 0.1 0.140625
1 0.16171875 0.3015625 0.1015625 0.15
1 0.93125 0.26171875 0.0859375 0.1578125
1 0.76796875 0.271875 0.090625 0.1609375
0 0.3421875 0.2953125 0.090625 0.146875
1 0.85 0.26875 0.0875 0.15625
0 0.2546875 0.30546875 0.090625 0.15625
0 0.07109375 0.3203125 0.0984375 0.134375
1 0.55859375 0.4203125 0.0890625 0.1609375
1 0.46171875 0.42734375 0.096875 0.1453125
0 0.28515625 0.4390625 0.090625 0.13125
1 0.64765625 0.42109375 0.0984375 0.159375
1 0.82421875 0.4125 0.09375 0.1625
0 0.19453125 0.446875 0.096875 0.1453125
0 0.37265625 0.43828125 0.0921875 0.1390625
1 0.9171875 0.4109375 0.096875 0.171875
0 0.73125 0.42265625 0.1046875 0.146875
1 0.03046875 0.4625 0.0609375 0.1375
0 0.10703125 0.4609375 0.0984375 0.140625
1 0.1 0.075 0.0796875 0.1125
1 0.028125 0.0796875 0.05625 0.115625
1 0.88359375 0.046875 0.0828125 0.09375
1 0.428125 0.06171875 0.0796875 0.1203125
1 0.34609375 0.06640625 0.08125 0.1203125
1 0.8578125 0.70703125 0.096875 0.178125
1 0.9515625 0.70859375 0.096875 0.1640625
0 0.75546875 0.721875 0.1 0.16875
0 0.18515625 0.07734375 0.0890625 0.128125
1 0.50703125 0.06171875 0.0796875 0.1234375
1 0.740625 0.05546875 0.078125 0.1109375
1 0.26640625 0.075 0.0859375 0.13125
1 0.659375 0.73203125 0.109375 0.175
0 0.07109375 0.77109375 0.115625 0.1875
0 0.56796875 0.74765625 0.1125 0.1625
0 0.27421875 0.765625 0.10625 0.1734375
1 0.1734375 0.77421875 0.1125 0.1703125
1 0.3703125 0.765625 0.1171875 0.1765625
1 0.47421875 0.765625 0.0984375 0.1796875
1 0.58359375 0.06015625 0.0859375 0.1203125
1 0.6640625 0.0578125 0.08125 0.115625
0 0.81171875 0.05390625 0.0859375 0.1078125
1 0.8328125 0.9015625 0.0984375 0.165625
1 0.93125 0.896875 0.1125 0.1671875
1 0.525 0.91875 0.10625 0.1625
1 0.73203125 0.90859375 0.10625 0.1640625
1 0.31328125 0.92578125 0.1140625 0.1484375
1 0.4234375 0.92265625 0.1125 0.1546875
1 0.63359375 0.9171875 0.1125 0.1578125
1 0.21015625 0.93125 0.1046875 0.1375
1 0.1015625 0.93359375 0.11875 0.1328125