1 0.9103466515624999 0.2616669015625 0.9239218046875 0.38870005625 0.9955613140624999 0.40378193749999997 0.9813688875000001 0.27662613281250004 0.9103466515624999 0.2616669015625
0 0.72834776875 0.2257551984375 0.6528895828125 0.2061996484375 0.647949796875 0.20505920937500002 0.6559712203125 0.331828009375 0.737030821875 0.34782867500000003 0.72834776875 0.2257551984375
1 0.733790615625 0.22531253750000002 0.7420558765624999 0.34684092031249997 0.8239848562500001 0.37158532499999997 0.8134711484375 0.2438214140625 0.733790615625 0.22531253750000002
1 0.8178895 0.2435427234375 0.8276044171875 0.37551229531249997 0.9122096734375 0.3945591578125 0.9005870437500001 0.2621670265625 0.8178895 0.2435427234375
1 0.5686624046875 0.1884345234375 0.5729719703125 0.31628185000000003 0.6561965468750001 0.3327823390625 0.6480447781249999 0.2067613875 0.5686624046875 0.1884345234375
1 0.4800800328125 0.1705184109375 0.48352105468750006 0.299545959375 0.5698444046875 0.31744021093749997 0.5667025546875 0.18782740625 0.4800800328125 0.1705184109375
0 0.224278065625 0.10912846406250001 0.13943058125000002 0.0886849859375 0.1300366375 0.2403234734375 0.2172744609375 0.25985740625 0.224278065625 0.10912846406250001
0 0.22454541875 0.110045078125 0.2184760265625 0.2635795390625 0.30757611093750004 0.28492689531250004 0.3155717703125 0.1327699484375 0.22454541875 0.110045078125
0 0.3962466953125 0.1505403328125 0.39582001875 0.30760936562499996 0.479681028125 0.32629184843750003 0.4782058453125 0.16689741875 0.3962466953125 0.1505403328125
0 0.31621388281249996 0.13206330156249999 0.30843595156250003 0.28607845468750004 0.39512013281249997 0.3040560078125 0.393598275 0.15163868125 0.31621388281249996 0.13206330156249999
1 1 0.42663558593750006 0.9988722031249999 0.4155228109375 0.9165023609375 0.39826453125 0.92774226875 0.5666832328125 0.9940999328125001 0.582523803125 1 0.5569678046875 1 0.42663558593750006
1 0.6537373015625 0.3436360609375 0.5731882125000001 0.32623351093749997 0.5750147234375 0.48887141562499997 0.6645467625 0.5060647109375 0.6537373015625 0.3436360609375
1 0.9107750296875 0.4056143953125 0.8240159859375 0.3858099625 0.8410168140625001 0.550833253125 0.925023046875 0.56327400625 0.9107750296875 0.4056143953125
1 0.73736553125 0.365724603125 0.6570933390625 0.346160634375 0.664388121875 0.5046373609375 0.7516339624999999 0.5317332640625 0.73736553125 0.365724603125
1 0.740684890625 0.3687958640625 0.7537007984375 0.5329057921875 0.8389244375 0.5518858578125 0.8208048421875 0.385683446875 0.740684890625 0.3687958640625
1 0.48693986718750004 0.475491346875 0.5734478609375 0.4905957609375 0.5696232890624999 0.324912171875 0.4866839484375 0.30785019999999996 0.4854514109375 0.3310023515625 0.48693986718750004 0.475491346875
1 0.0340908 0.29536871875 0.024377556249999998 0.370182196875 0.1164289015625 0.39027567812499997 0.1308891984375 0.23703420468749997 0.05230183125 0.2164880734375 0.0340908 0.29536871875
0 0.219883059375 0.2682211953125 0.1324241953125 0.2444334875 0.12012544375 0.3911290921875 0.2111984765625 0.40983847031250004 0.219883059375 0.2682211953125
1 0.3957107 0.309794290625 0.309182821875 0.28863924375 0.30498119375 0.432787515625 0.39590536875 0.4523882921875 0.3957107 0.309794290625
0 0.3082378625 0.2874612671875 0.2217117703125 0.2668997078125 0.2137711875 0.41274891562500005 0.30321265 0.4357145921875 0.3082378625 0.2874612671875
1 0.4801072234375 0.3306694859375 0.3970384375 0.31170280781250004 0.39642765625 0.4518135109375 0.48378317812500005 0.47337184531250004 0.4801072234375 0.3306694859375
1 0.963274821875 0.7160420281250001 0.96239615 0.7063372625000001 0.88747739375 0.6853680265625 0.8928463328125 0.8890303765625 0.9219152765624999 0.895189896875 0.963274821875 0.7160420281250001
1 0.20512065468750001 0.5305072875 0.11169387187499999 0.5053763234375 0.09485309374999999 0.707686140625 0.194422253125 0.7317838296875 0.20512065468750001 0.5305072875
1 0.8056068484375001 0.666022740625 0.8069576421875 0.8730875812500001 0.8906679921875 0.8890826328125 0.8828661500000001 0.6857556453125 0.8056068484375001 0.666022740625
1 0.3080605828125 0.5547069953125 0.2994061578125 0.7571316078125 0.39702988125 0.7802249859375 0.40109362187500003 0.5713098765625 0.3080605828125 0.5547069953125
0 0 0.688435546875 0.0943055859375 0.7051774453124999 0.1087321765625 0.5061664421875001 0.01242396875 0.48643769218750005 0 0.6099280375 0 0.688435546875
1 0.6920131484375001 0.6429054453124999 0.69614250625 0.8481702406249999 0.7868525671875 0.8702226453125 0.7801458859375 0.6621519890625 0.6920131484375001 0.6429054453124999
1 0.40300342499999997 0.5778576296875 0.397811921875 0.7781848640625 0.49368164062500003 0.7980974625 0.493990971875 0.6027499328125 0.40300342499999997 0.5778576296875
0 0.20937692968750002 0.530592128125 0.196941978125 0.7345862234375 0.29835271093750004 0.7574435671875 0.3042386890625 0.559497334375 0.20937692968750002 0.530592128125
0 0.588757340625 0.6235067921875 0.59709349375 0.8280788140625001 0.69485671875 0.8478733937499999 0.6893134328125 0.64284716875 0.588757340625 0.6235067921875
1 0.49582505 0.775275275 0.49609950156249993 0.7969901687500001 0.5939828953124999 0.8256951718750001 0.5859913796875 0.6228795640625 0.496673671875 0.6031355671874999 0.49582505 0.775275275
0 0.31200955937499997 0 0.3110950734375 0.025153023437499998 0.3929178953125 0.0467616640625 0.3927951625 0 0.31200955937499997 0
1 0.393540865625 0 0.39315888593750004 0.046817301562500004 0.47218912812499997 0.06732816875 0.47108232968749997 0 0.393540865625 0
1 0.471499671875 0 0.47251528593750003 0.0669504078125 0.5537289796875 0.08570006718749999 0.5530620171875 0 0.471499671875 0
1 0.797383021875 1 0.788223503125 0.8726686171875 0.6970069156250001 0.8510428343750001 0.7028094640625 1 0.797383021875 1
1 0.7004784734375 1 0.6935752640625 0.85081735 0.5979140921874999 0.83409469375 0.603725625 1 0.7004784734375 1
1 0.8948501859375 1 0.88719534375 0.888927778125 0.794532309375 0.8715819328125001 0.8013612578125 1 0.8948501859375 1
1 0.60065023125 1 0.5932246921875 0.831768525 0.5014821890625 0.8072200015625001 0.500250565625 1 0.60065023125 1
1 0.0969280890625 0.7125037203125 0.08103293125 0.9164258843749999 0.18445579375 0.9403029343749999 0.1904122140625 0.7346530062500001 0.0969280890625 0.7125037203125
1 0.19344268125 0.737421090625 0.18795199375 0.9411100953125 0.2905884015625 0.9648055765624999 0.29302486875 0.759990575 0.19344268125 0.737421090625
1 0.2947410359375 0.7608076578125 0.29155585781250004 0.96502893125 0.39619805625 0.9891874875 0.3957015953125 0.786166725 0.2947410359375 0.7608076578125
1 0.498301078125 1 0.49710777031250003 0.8062830421875 0.39869909375 0.7854670703125 0.3960294546875 0.9891485624999999 0.44303219374999997 1 0.498301078125 1
1 0 0.897717959375 0.0770407625 0.9155042203124999 0.0948876015625 0.7125994125 0 0.6932106109375 0 0.897717959375
1 0.8666022921875 0.1646116859375 0.8609726656250001 0.070185053125 0.7868310593750001 0.053068114062500005 0.790158253125 0.148339603125 0.8666022921875 0.1646116859375
1 0.554003115625 0 0.55376985625 0.0852564453125 0.63085305625 0.10182109531250001 0.6262681140625 0.0159992375 0.5569678046875 0 0.554003115625 0
1 0.9443376718750001 0.1853111375 0.9290082109375 0.0858922953125 0.8625944203125 0.0705594640625 0.8669474781250001 0.166004034375 0.9443376718750001 0.1853111375
1 0.7889312890625 0.1453035109375 0.7830130296875 0.0521866515625 0.705232075 0.0342295046875 0.71067899375 0.1251729265625 0.7889312890625 0.1453035109375
1 0.709718353125 0.12443140625 0.702507440625 0.033600471874999996 0.6274244390625 0.016266195312500002 0.631751375 0.10371295625000002 0.709718353125 0.12443140625
1 1 0.10228204062499999 0.93251199375 0.0867012078125 0.9431228921875 0.18984812812500002 1 0.200469896875 1 0.10228204062499999