1 1 0.2898166859375 0.9756021484374999 0.1950388125 0.9006753078124999 0.1899330125 0.932919184375 0.31767895468749996 1 0.32224349218750004 1 0.2898166859375
1 0.7090202375 0.1793219734375 0.6288850203125 0.17015872031249998 0.6236592265625001 0.1697015234375 0.6501747296875 0.2979725515625 0.7355359390625 0.3027048046875 0.7090202375 0.1793219734375
1 0.7145329609375 0.1780909640625 0.7405419265625001 0.3009771078125 0.8280558890625 0.314511465625 0.7988432249999999 0.18558126875 0.7145329609375 0.1780909640625
1 0.8033299390625 0.1846643046875 0.8323311999999999 0.318002434375 0.9217648703125001 0.32533704218750004 0.8907480234375 0.1918405921875 0.8033299390625 0.1846643046875
1 0.5400237156250001 0.1640785265625 0.562891803125 0.2939819515625 0.650543334375 0.29891458125 0.6240022234375 0.17142569375 0.5400237156250001 0.1640785265625
1 0.446678390625 0.158467596875 0.46882693125 0.2897002421875 0.5598545625 0.2956122140625 0.5379280734375 0.1637392515625 0.446678390625 0.158467596875
0 0.17572904375 0.1324098703125 0.0858456125 0.12368411875 0.098107253125 0.2798376484375 0.19030849218749998 0.287292684375 0.17572904375 0.1324098703125
1 0.1761352640625 0.133307378125 0.192076815625 0.29092064687499997 0.2864478203125 0.299960453125 0.2726786984375 0.143477775 0.1761352640625 0.133307378125
0 0.3579012046875 0.150071809375 0.3801343078125 0.31048584218749997 0.468752846875 0.3175549875 0.4442355125 0.155039171875 0.3579012046875 0.150071809375
0 0.27323459843750003 0.142664440625 0.287495 0.3010130109375 0.378904353125 0.3069583765625 0.3553462234375 0.1515722171875 0.27323459843750003 0.142664440625
1 1 0.333422834375 0.9266978671875 0.3285054265625 0.9625224125 0.4988364578125 1 0.502395309375 1 0.333422834375
1 0.6495902015625 0.31034724687500004 0.5645497125000001 0.3041107234375 0.5898951515624999 0.4698875390625 0.6841091593749999 0.474624603125 0.6495902015625 0.31034724687500004
1 0.9218906062500001 0.3368287734375 0.8301408703125001 0.32902904843749997 0.871377853125 0.49506905625000003 0.9592442984374999 0.49574518593750005 0.9218906062500001 0.3368287734375
1 0.7384618484375001 0.32092698125 0.6533930984375 0.312444215625 0.6837406046875001 0.47319011875 0.7770415015625 0.48836407812499993 0.7384618484375001 0.32092698125
0 0.7423060718750001 0.32358731875 0.7793283671875 0.489265271875 0.869385978125 0.4964431734375 0.8268325484375 0.3293595359375 0.7423060718750001 0.32358731875
1 0.49772451718750005 0.46883484218750004 0.5885386609375 0.4718722171875 0.5607064640625 0.3032720453125 0.4732661359375 0.2977253625 0.4753449296875 0.321537996875 0.49772451718750005 0.46883484218750004
1 0.0081337375 0.385200490625 0.008594334375 0.4275355390625 0.1058081546875 0.4348728109375 0.09850601875000001 0.276357575 0.0184720578125 0.26703293437500003 0.0081337375 0.385200490625
0 0.1941883734375 0.29545794375 0.10114669999999999 0.2836918390625 0.10971872187500001 0.435214940625 0.2057304171875 0.44127920625000006 0.1941883734375 0.29545794375
0 0.3803376578125 0.312732096875 0.2886298328125 0.30352043125 0.3051303140625 0.4512839140625 0.40111815 0.458279525 0.3803376578125 0.312732096875
0 0.287491628125 0.3024530890625 0.1958712953125 0.2938470640625 0.2087864296875 0.4438822421875 0.3037407796875 0.45452534062499994 0.287491628125 0.3024530890625
0 0.46982135625000004 0.32196314375 0.38197349062499997 0.3144904625 0.4015703140625 0.4576179640625 0.49418433281249996 0.467122878125 0.46982135625000004 0.32196314375
1 0.9383981046875001 0.6257662093749999 0.972957984375 0.8309221328125 0.9902987828125 0.632715896875 0.9383981046875001 0.6257662093749999
1 0.21691972812500002 0.565340896875 0.11756959062500001 0.553057703125 0.1295149296875 0.7620079265624999 0.235009271875 0.7723570140625 0.21691972812500002 0.565340896875
1 0.8517232828125 0.6177354890625 0.88299359375 0.8289361906250001 0.9710698859375 0.83328328125 0.933729478125 0.626821990625 0.8517232828125 0.6177354890625
1 0.3258824046875 0.57531164375 0.3462318609375 0.7832072578125 0.4495879953125 0.7928095109375 0.4235982390625 0.5789448125 0.3258824046875 0.57531164375
0 0.013126485937499998 0.5479326984374999 0.0214028234375 0.75563656875 0.12859188125 0.75952515 0.11464914687500001 0.5542882812500001 0.013126485937499998 0.5479326984374999
1 0.73200123125 0.610394775 0.7658585859375 0.8193600734375 0.8619808953125 0.8288892140625 0.8250778984375 0.617428315625 0.73200123125 0.610394775
1 0.4265000375 0.58535609375 0.4500948 0.7906147921875 0.5511947328125 0.797220834375 0.5233165453125 0.5977447890625001 0.4265000375 0.58535609375
0 0.2212928546875 0.564818265625 0.23799540000000002 0.7748573234375 0.34519755 0.78367653125 0.3226579859375 0.5807492062499999 0.2212928546875 0.564818265625
1 0.6234078640625 0.605370678125 0.6614754140625 0.813026553125 0.7644983515625 0.81924106875 0.7292267546875 0.6107217203124999 0.6234078640625 0.605370678125
0 0.5500968203125 0.77361468125 0.5535121953125001 0.7957442953125 0.6579443281249999 0.811038328125 0.6204833953125 0.6051262578125 0.526120834375 0.5977544828125 0.5500968203125 0.77361468125
1 0.076220725 0 0.0773099546875 0.0180002140625 0.1643438453125 0.02473934375 0.1620742359375 0 0.076220725 0
1 0.16255254531250002 0 0.1649626359375 0.02610650625 0.2519965296875 0.032845634375 0.24835811093750002 0 0.16255254531250002 0
0 0.2489848671875 0 0.252559290625 0.034251640625 0.33951189375 0.0445998703125 0.3330866421875 0 0.2489848671875 0
1 0.33383044375000004 0 0.3397668359375 0.044622175 0.42369978281250004 0.054249412500000004 0.415115359375 0 0.33383044375000004 0
1 0.415533640625 0 0.4239794328125 0.0538170671875 0.5098952921875 0.061333729687500005 0.5007350546875 0 0.415533640625 0
1 0.9001586749999999 1 0.8637385609375 0.831190090625 0.7671588500000001 0.8221689921875001 0.7994285750000001 1 0.9001586749999999 1
1 0.79717879375 1 0.7636103140625 0.8224300046874999 0.66318446875 0.8190507484375 0.6952855359375001 1 0.79717879375 1
1 0.9581655874999999 1 0.9711963234375001 0.8510579984375 0.967489540625 0.8336222671875 0.870045571875 0.8291776375 0.9035624234374999 1 0.9581655874999999 1
1 0.6921692796875 1 0.6580440765625 0.8173471890625 0.5605036765625 0.805417525 0.5867421078125 1 0.6921692796875 1
1 0.132336259375 0.7666292125 0.1450939734375 0.9708596640625 0.254194134375 0.9804046921875 0.23131479531250002 0.7758601796875 0.132336259375 0.7666292125
1 0.23481926875 0.7782523546875 0.257879871875 0.9807271515625 0.36636175312499997 0.9902180875000001 0.34010638437499996 0.787039425 0.23481926875 0.7782523546875
1 0.34198266093749996 0.7876279359375 0.367409128125 0.9903097203125 0.4779930296875 0.9999845578125001 0.4490846546875 0.799065609375 0.34198266093749996 0.7876279359375
1 0.5846726171875 1 0.5558865125 0.805087134375 0.45205484062499995 0.7979222625 0.47791552812500004 0.999977778125 0.47816952500000004 1 0.5846726171875 1
1 0.0219180375 0.76029016875 0.027425559375000002 0.9605650125 0.14093331874999998 0.9704956546875 0.130259434375 0.7670189828125 0.0219180375 0.76029016875
1 0.8418475687500001 0.09711021875 0.8275707656250001 0.026748809374999998 0.7484799796875 0.0198292625 0.7611761859375 0.091440196875 0.8418475687500001 0.09711021875
1 0.501437190625 0 0.5098731437499999 0.0608749828125 0.5912416234375 0.066752196875 0.5791117375 0.0050114609375 0.521830475 0 0.501437190625 0
1 0.9244810484375 0.1071153296875 0.9021312234375 0.0332720046875 0.8289130437500001 0.02686624375 0.842402203125 0.0984822671875 0.9244810484375 0.1071153296875
1 0.7594808578125 0.08851625625000001 0.7452027625000001 0.01954254375 0.662820340625 0.012335015625 0.676399865625 0.0791658984375 0.7594808578125 0.08851625625000001
1 0.675308590625 0.07854638281250001 0.6604616296875 0.0121286546875 0.580229990625 0.0051092953125 0.5924350781250001 0.0685550265625 0.675308590625 0.07854638281250001
1 1 0.09814915625000001 0.980393409375 0.040119059375 0.9044203718749999 0.0334722796875 0.9238912515625 0.1119210625 1 0.11536000312500001 1 0.09814915625000001