1 1 0.3083279234375 0.9787446937500001 0.22743426875 0.90396994375 0.22091398906249998 0.9334416953125 0.346064959375 1 0.352379628125 1 0.3083279234375
1 0.8203580359375 0.2179752609375 0.85467716875 0.34512857656249996 0.9300709703125 0.34893317343749997 0.895103390625 0.2217545078125 0.8203580359375 0.2179752609375
0 0.6292091921875 0.2107569890625 0.549204571875 0.2030131453125 0.5439897031250001 0.2026484859375 0.5726100390625 0.33042814531250003 0.6577458843749999 0.33364929375 0.6292091921875 0.2107569890625
1 0.6346810046875 0.20942865624999998 0.6627042624999999 0.33183332656250003 0.75013610625 0.34381696875 0.7188169859375 0.215425975 0.6346810046875 0.20942865624999998
1 0.7232718625000001 0.2144297859375 0.7544559375000001 0.3472316859375 0.8436942578125001 0.3529826875 0.810499115625 0.22005815156250003 0.7232718625000001 0.2144297859375
1 0.46055807968750007 0.19850621562499998 0.4855720953125 0.327982521875 0.5729934765625 0.331363490625 0.544361040625 0.20436628906249998 0.46055807968750007 0.19850621562499998
1 0.36745171718749997 0.1945478046875 0.3917715671875 0.3253658296875 0.482573721875 0.3296662390625 0.45846414375 0.19820407812500002 0.36745171718749997 0.1945478046875
0 0.015866925 0.25563200625000004 0.022213965625000002 0.3220640390625 0.11421198125000001 0.327886478125 0.097028403125 0.17328846250000002 0.0220419265625 0.1673253890625 0.015866925 0.25563200625000004
0 0.097448559375 0.1741786296875 0.11603617968749999 0.33148252500000003 0.21022335 0.338851071875 0.19381975 0.1826391328125 0.097448559375 0.1741786296875
0 0.2788493234375 0.18772419375 0.303753940625 0.347717053125 0.39217550156250003 0.3532170578125 0.36495880625 0.19116319531249998 0.2788493234375 0.18772419375
0 0.194359703125 0.1818161046875 0.211284821875 0.33988491875000004 0.3024679 0.3442119609375 0.2763292515625 0.189269546875 0.194359703125 0.1818161046875
1 0.9353370171875 0.360353596875 0.84866388125 0.35606324375 0.8872812265625001 0.525730909375 0.9809458375 0.5329807375 0.9353370171875 0.360353596875
1 1 0.36629089062500003 0.9394390265625001 0.3596111875 0.983567921875 0.5401656515625 0.998234734375 0.5427048531249999 1 0.5174603796875 1 0.36629089062500003
1 0.5722398546874999 0.3428110375 0.4873977765625 0.338080203125 0.5154955328125 0.50337985 0.6094524703124999 0.506449178125 0.5722398546874999 0.3428110375
1 0.844016640625 0.3644702 0.752462596875 0.35829514375 0.7963993453125 0.52357676875 0.8839618640625 0.5226981734375 0.844016640625 0.3644702
1 0.660973828125 0.3518165453125 0.5760650625 0.344840359375 0.609060634375 0.5050214640624999 0.7022867500000001 0.518542034375 0.660973828125 0.3518165453125
0 0.664849875 0.3544084046875 0.7045808609375 0.5194026093749999 0.7944381921875 0.524985890625 0.749171825 0.35868410625 0.664849875 0.3544084046875
1 0.423637821875 0.5039580984375001 0.514177953125 0.5053881859375 0.48355394374999994 0.33730966875 0.396332475 0.3333110203125 0.3988122265625 0.35708274375000004 0.423637821875 0.5039580984375001
1 0.0225516109375 0.3185775125 0.01154153125 0.3174880328125 0.0005215046875 0.4750817546875 0.032546309375 0.4769360765625 0.0225516109375 0.3185775125
0 0.1182179765625 0.3359816765625 0.025308606249999997 0.32586378437499997 0.036448701562500005 0.47720895781249995 0.1322196359375 0.48157345156250003 0.1182179765625 0.3359816765625
1 0.30399508750000004 0.34995932343749997 0.21245858437499998 0.3423718265625 0.23143418906250002 0.4898177546875 0.32719732343749997 0.495113853125 0.30399508750000004 0.34995932343749997
0 0.21130616249999998 0.34132480625 0.119867225 0.33434130156249997 0.135309321875 0.484121965625 0.23010523906250002 0.493083203125 0.21130616249999998 0.34132480625
1 0.39331578125 0.3576055453125 0.305655203125 0.351688440625 0.32763651875 0.49444440937499995 0.4200809875 0.50230906875 0.39331578125 0.3576055453125
1 0.9801647062500001 0.8011183000000001 0.9451038984375 0.66233569375 0.86542059375 0.6530654890625 0.903744378125 0.85956408125 0.9758168359375 0.8632957343750001 0.9801647062500001 0.8011183000000001
1 0.14549661875 0.605415665625 0.046292565625 0.5948923875000001 0.0617788328125 0.8035950453125 0.167071853125 0.8120758421875 0.14549661875 0.605415665625
1 0.7789192765624999 0.6465696828125 0.81369971875 0.8571805140625001 0.9015342921875 0.8599685312500001 0.8607868406250001 0.6542036859375 0.7789192765624999 0.6465696828125
1 0.2542390296875 0.6134568203125 0.278081146875 0.820956359375 0.381230828125 0.8287282828125001 0.35166628437499997 0.6153604875 0.2542390296875 0.6134568203125
0 0 0.799995778125 0.060816515625 0.8011290296875 0.0434037171875 0.5961744234374999 0 0.594220728125 0 0.799995778125
1 0.6595012328125 0.64134846875 0.6968210906250001 0.8496785109375 0.7927616703125 0.8575053234375 0.7523643046874999 0.646733996875 0.6595012328125 0.64134846875
1 0.3546676265625 0.6217193156249999 0.381698171875 0.826524978125 0.48254836250000005 0.8313411265624999 0.4513489578125 0.632392903125 0.3546676265625 0.6217193156249999
0 0.14984507656249998 0.60481575 0.17009014375 0.8145228843749999 0.27705860000000004 0.8214438515625 0.251119453125 0.618950490625 0.14984507656249998 0.60481575
0 0.5512116515625001 0.63824656875 0.5927041234375 0.8451929249999999 0.6954637 0.84958359375 0.656742328125 0.6417244453125 0.5512116515625001 0.63824656875
1 0.48104951093750004 0.8077584906249999 0.48483217968750003 0.829823840625 0.5891516171875 0.8432675203125 0.5482934890625 0.638053934375 0.4541433453125 0.6323529796875 0.48104951093750004 0.8077584906249999
1 0.0337424578125 0 0.02936661875 0.06257740625 0.083837371875 0.06583803906249999 0.07667693125 0 0.0337424578125 0
1 0.0771307125 0 0.0844773875 0.0671940140625 0.17131433437500002 0.0723920984375 0.162062646875 0 0.0771307125 0
1 0.9662575421874999 1 0.975923240625 0.8617740859374999 0.9016819640625 0.8613884609375001 0.9313911687499999 1 0.9662575421874999 1
0 0.1629428359375 0 0.17189918906249999 0.073787903125 0.2587170390625 0.08259589843750001 0.24540776250000002 0 0.1629428359375 0
1 0.2465719640625 0 0.2589714484375 0.0826136875 0.3427681171875 0.0907542421875 0.3268548515625 0 0.2465719640625 0
1 0.32732087656250003 0 0.34303935 0.0903170234375 0.42877561093749994 0.09631228750000001 0.41274591093749996 0 0.32732087656250003 0
1 0.8272324328125 1 0.7945524859375 0.8597747 0.6981648640625 0.8524639374999999 0.7274706859375 1 0.8272324328125 1
1 0.7249948984375 1 0.694633546875 0.8527876875 0.5945103671874999 0.8511858390624999 0.6234640421875 1 0.7249948984375 1
1 0.93007193125 1 0.8979726187500001 0.8603708046874999 0.8008023328125 0.85765100625 0.8311844109375001 1 0.93007193125 1
1 0.6200494375 1 0.589359215625 0.8495735234374999 0.491964465625 0.839371696875 0.5163640421875 1 0.6200494375 1
1 0.0646692953125 0.8081656109375001 0.0776687453125 0.9716886703125001 0.184525190625 0.9791608015625 0.16345072968750002 0.8156437656250001 0.0646692953125 0.8081656109375001
1 0.1669836453125 0.8179735203125 0.1881196421875 0.9794121499999999 0.2957453109375 0.9869380703124999 0.2720433953125 0.8248962375 0.1669836453125 0.8179735203125
1 0.2739230265625 0.8254514515625001 0.2969455765625 0.987022 0.406539775 0.9946855734375 0.380836596875 0.8349922 0.2739230265625 0.8254514515625001
1 0.5138654859375 1 0.4873582140625 0.839123053125 0.38377650625 0.8337965015625001 0.407116675 0.9947259140625 0.482539609375 1 0.5138654859375 1
1 0 0.9662575421874999 0.073923178125 0.9714267546875 0.0626066125 0.8085920578125 0 0.8058050421875 0 0.9662575421874999
1 0.7601494890625 0.126209390625 0.735723609375 0.015262451562500001 0.6578627015625 0.0098178859375 0.6796705421875 0.1219676578125 0.7601494890625 0.126209390625
1 0.413826875 0 0.4287456734375 0.0958540109375 0.5099227671875 0.1002905671875 0.48849160156250004 0 0.413826875 0
1 0.8426578375 0.13475074375 0.8059351546875 0.0201721203125 0.7376685453125 0.015398454687499999 0.7607256625 0.1275713890625 0.8426578375 0.13475074375
1 0.67793115 0.11907422031249999 0.65335688125 0.009502809375 0.5713056765625 0.0037652296875 0.5949881234375 0.111195421875 0.67793115 0.11907422031249999
1 0.48975051875000003 0 0.511142859375 0.10207196562500001 0.59389014375 0.11059532187500001 0.5681027015625 0.0035412562500000003 0.5174603890625 0 0.48975051875000003 0
1 1 0.1354812515625 0.9637700062500001 0.031209009375000003 0.8865265296875 0.02580761875 0.9260876687499999 0.14197062968750002 1 0.147139084375 1 0.1354812515625
1 0.8105181375000001 0.02049259375 0.8421525843750001 0.139566078125 0.923935553125 0.1418201390625 0.8895293296875 0.04517275 0.8821474453124999 0.025501403125 0.8105181375000001 0.02049259375
1 1 0.033742456250000004 0.9675322124999999 0.0314720875 1 0.13176217343750002 1 0.033742456250000004