1 0.8543873015625 0.217911565625 0.8969117578124999 0.339291690625 0.97596228125 0.3384842125 0.9296944046875 0.2165709421875 0.8543873015625 0.217911565625
1 0.7706361 0.2237388953125 0.81820795 0.3466031 0.8938483343750001 0.3424969109375 0.8456266890625 0.21967535312500003 0.7706361 0.2237388953125
0 0.5791164375 0.236563828125 0.4984618171875 0.237234903125 0.4932192578125 0.23741797656250002 0.5351694234375 0.3615014671875 0.6204710796875 0.35579553124999996 0.5791164375 0.236563828125
1 0.584438046875 0.2346701625 0.6252291984375 0.353470634375 0.713740271875 0.3562388421875 0.6690327140625 0.2318297984375 0.584438046875 0.2346701625
1 0.6733742359375 0.2303728765625 0.71840915625 0.359182759375 0.8080700656250001 0.3555634734375 0.7610152875 0.22684208749999998 0.6733742359375 0.2303728765625
1 0.40952188281249996 0.2420294984375 0.44805075937499994 0.368177725 0.5356500843750001 0.36239155312500004 0.49376982031249994 0.2390874953125 0.40952188281249996 0.2420294984375
1 0.3161885390625 0.24783632500000002 0.354165221875 0.375391553125 0.44523483593749996 0.3701659828125 0.40740051250000003 0.241948146875 0.3161885390625 0.24783632500000002
0 0 0.4101593828125 0.0774294109375 0.4069448015625 0.0440831671875 0.25499324843750004 0 0.2561131015625 0 0.4101593828125
1 0.044595740625000005 0.2558345609375 0.079626690625 0.41033021718749996 0.17439594375 0.407801709375 0.1416590140625 0.2541634625 0.044595740625000005 0.2558345609375
0 0.22704989531250003 0.25032233593750003 0.268666828125 0.40683113281249994 0.35748633124999996 0.40304770312500005 0.3133460484375 0.24473116718750001 0.22704989531250003 0.25032233593750003
0 0.14211164999999998 0.25328844375 0.17556359375 0.4087188015625 0.26701615156249997 0.4034798546875 0.2246968109375 0.2521229328125 0.14211164999999998 0.25328844375
1 0.9003002859375 0.3533035890625 0.8133524203125001 0.358107059375 0.8696680656250001 0.52280255625 0.9639033734375 0.520210665625 0.9003002859375 0.3533035890625
1 1 0.49127246874999997 0.9951570921874999 0.35258973125000004 0.9043162421875 0.3521359796875 0.9672729406249999 0.5270817625 1 0.529256640625 1 0.49127246874999997
1 0.5360973484375 0.3738551578125 0.450930696875 0.3780289484375 0.496290328125 0.5394812578125 0.5903793796875 0.5327012140625 0.5360973484375 0.3738551578125
1 0.809595353125 0.3669542234375 0.7175789578125 0.3703941171875 0.778743753125 0.5301709640625 0.8660376546874999 0.5201338265625 0.809595353125 0.3669542234375
1 0.6255959046874999 0.3735253046875 0.5401274546875 0.37547304062500003 0.589838753125 0.5313223359375 0.6842934390625001 0.5350126734375 0.6255959046874999 0.3735253046875
1 0.6297356859375001 0.37569731875 0.6866730875 0.5356284515625 0.7769341875 0.5317775859375 0.7143355734375 0.3711253234375 0.6297356859375001 0.37569731875
1 0.40467842656249997 0.5496691828125 0.49518581875 0.54161645625 0.4470138859375 0.377664896875 0.3595493546875 0.3828158546875 0.3645146828125 0.4061976515625 0.40467842656249997 0.5496691828125
0 0 0.47794608906249997 0.0154675328125 0.5635858890625001 0.11150261875 0.557904071875 0.08227546718749999 0.414576359375 0 0.4142785375 0 0.47794608906249997
1 0.26914241250000004 0.4090358625 0.17699554374999998 0.41106923125000006 0.21138087187500001 0.5557204062500001 0.3075057796875 0.550965896875 0.26914241250000004 0.4090358625
0 0.175735746875 0.41014855624999996 0.0837495265625 0.412772390625 0.114853084375 0.5601152703125 0.210396725 0.5591070125 0.175735746875 0.41014855624999996
1 0.35908409375 0.4072927828125 0.2709803421875 0.4105817640625 0.3078739484375 0.5502541625 0.40095599374999996 0.5484014187499999 0.35908409375 0.4072927828125
1 1 0.8107835703124999 0.9416862953124999 0.6526067453125 0.8611924249999999 0.65172620625 0.9210738968750001 0.8530812734375001 1 0.8489000499999999 1 0.8107835703124999
1 0.13772784375 0.679677390625 0.0376213015625 0.6795934906250001 0.0749422296875 0.8855304593750001 0.18091146875 0.8829458796875 0.13772784375 0.679677390625
1 0.774184965625 0.6543183484374999 0.8309610828125 0.8601339015624999 0.91891064375 0.8537147890625001 0.856687265625 0.6533430796874999 0.774184965625 0.6543183484374999
1 0.2470934578125 0.67629460625 0.292627334375 0.880160625 0.3963832875 0.877095359375 0.344523703125 0.66799213125 0.2470934578125 0.67629460625
0 0.034872596875 0.6811708078125001 0.006081896875 0.6828902718750001 0.013257971875 0.8883861625 0.0737234859375 0.8831786812500001 0.034872596875 0.6811708078125001
1 0.6544606921875 0.6616228000000001 0.71353214375 0.864904328125 0.8100992828125 0.8626480781250001 0.7477007546875 0.6572607203125 0.6544606921875 0.6616228000000001
1 0.3481852109375 0.6740019828125 0.396618846875 0.8748552374999999 0.49777026874999997 0.8690910546874999 0.4457898671875 0.6744993703125 0.3481852109375 0.6740019828125
0 0.1420046796875 0.6786257046874999 0.18418004999999998 0.8850636359375 0.29165792343749997 0.8807524499999999 0.24455574531250002 0.682084596875 0.1420046796875 0.6786257046874999
1 0.5460644828125 0.669870353125 0.6091551671875 0.8713391265625001 0.7121675468750001 0.86495198125 0.6517467421875 0.6622854312500001 0.5460644828125 0.669870353125
0 0.49380367343750003 0.845794659375 0.49989051250000005 0.86734309375 0.605408096875 0.8697960515625001 0.5431320234375 0.669984159375 0.44857443437500005 0.6741672359375 0.49380367343750003 0.845794659375
1 0 0.15039609062499998 0.019661096875 0.14951278750000002 0 0.058895898437500004 0 0.15039609062499998
1 0 0.0568381984375 0.0204418890625 0.15079434687499998 0.1076483390625 0.14687648125 0.082034990625 0.0387021 0 0.0415416828125 0 0.0568381984375
1 1 0.847062021875 0.9192067828124999 0.855111475 0.9615212390625001 0.9841880953125001 1 0.9828443874999999 1 0.847062021875
0 0.16567765625 0.036463212499999995 0.0830143421875 0.0379689390625 0.1083782546875 0.14820342343749998 0.1959438578125 0.1478776625 0.16567765625 0.036463212499999995
1 0.2488953203125 0.036289282812500004 0.16713814531249999 0.0361237375 0.1961996203125 0.14786873125 0.2806802078125 0.1471953546875 0.2488953203125 0.036289282812500004
1 0.3380916578125 0.0390940265625 0.2492668734375 0.0358048296875 0.28090508281250004 0.1467321515625 0.3670965890625 0.143722278125 0.3380916578125 0.0390940265625
1 0.7151650375 0.8675338484375 0.7537236671875001 0.9914445468749999 0.8549632234375 0.9879091828125001 0.8121242531249999 0.8647175984375 0.7151650375 0.8675338484375
1 0.6115856484375 0.8771101359375001 0.6478067875 0.9951432453125 0.7510409421875 0.9915382296875 0.7116747609375 0.8682253718749999 0.6115856484375 0.8771101359375001
1 0.818138996875 0.8619515140624999 0.8592614765625 0.9877590843749999 0.9600807 0.9842384 0.9153982968750001 0.8544875828125 0.818138996875 0.8619515140624999
1 0.50800875 0.8760921734375 0.5401807359374999 0.9989016296875001 0.644057646875 0.99527416875 0.606275959375 0.8760457328125 0.50800875 0.8760921734375
1 0.20458512812500002 1 0.177671459375 0.886873178125 0.078305721875 0.889773465625 0.09888321718750001 1 0.20458512812500002 1
1 0.316536728125 1 0.28701453906249996 0.884710734375 0.18144134218750002 0.8888204328124999 0.2081283296875 1 0.316536728125 1
1 0.4283076671875 1 0.396646125 0.8833661671874999 0.2889485515625 0.8850661984375 0.3179254546875 1 0.4283076671875 1
1 0.508727521875 1 0.5371798671875 0.999006421875 0.5033857390625001 0.8763269359375 0.3994548328125 0.88186936875 0.42955172812500003 1 0.508727521875 1
1 0.095620553125 1 0.0762918796875 0.89041343125 0.0134608890625 0.894196978125 0.0171556125 1 0.095620553125 1
1 0.58372260625 0.024154028124999997 0.620173528125 0.14298089687499999 0.7009346015625 0.1387772875 0.6609701828125 0.0191279359375 0.58372260625 0.024154028124999997
1 0.3670186984375 0.1432696484375 0.4484969234375 0.1391867328125 0.41531716249999995 0.0377633 0.33930845625 0.039051534375 0.3670186984375 0.1432696484375
1 0.663325346875 0.019737378125 0.7016523125 0.140071515625 0.784171459375 0.138637334375 0.7317989625 0.0201129671875 0.663325346875 0.019737378125
1 0.4988214984375 0.03430991875 0.5345332578125 0.14112972343750002 0.6181344984375 0.1402853609375 0.579965353125 0.027490171875000004 0.4988214984375 0.03430991875
1 0.49589780625 0.035404709374999996 0.4162347765625 0.0365289828125 0.44990119375 0.14083067656249998 0.5333746171875 0.14064781875000001 0.49589780625 0.035404709374999996
1 0.8130681624999999 0.0182192203125 0.868189490625 0.13708673124999998 0.9466677734375001 0.134346209375 0.8924733687499999 0.0193438921875 0.8130681624999999 0.0182192203125
1 0.7841717312500001 0.1434791234375 0.866025946875 0.137162284375 0.8215633046875 0.04464574375 0.8086028671875001 0.0188142875 0.7379429625 0.02266515625 0.7841717312500001 0.1434791234375
1 0.94700803125 0.13295095625 0.987520828125 0.133915721875 0.9833840578125 0.015454137500000001 0.8959127656250001 0.0182305484375 0.94700803125 0.13295095625