1 1 0.33375170781249996 0.9718234156250001 0.32405760156249996 0.9700952953125 0.45025798437500003 1 0.46080246718750006 1 0.33375170781249996
1 0.8930397515624999 0.3014539703125 0.8954437000000001 0.4307099421875 0.96620938125 0.4521918796875 0.9631950390625 0.3227581703125 0.8930397515624999 0.3014539703125
1 0.7130477890625 0.2493025921875 0.6388352578125 0.2229759890625 0.63396463125 0.2213934265625 0.6308023984375 0.34989625156250004 0.71096760625 0.3731298765625 0.7130477890625 0.2493025921875
1 0.7185650359375 0.2493332578125 0.7161126703125 0.37257440625 0.7963779171875001 0.4046990734375 0.797119959375 0.27497465625 0.7185650359375 0.2493332578125
1 0.801591559375 0.2750808546875 0.79967281875 0.40897514687500003 0.8831366062500001 0.4355904328125 0.8831727578124999 0.30110298125 0.801591559375 0.2750808546875
1 0.5556383921875 0.1976859921875 0.548644728125 0.32695086875 0.6309445984375001 0.3508780875 0.6339093640625 0.2231177734375 0.5556383921875 0.1976859921875
1 0.4680715765625 0.1718621625 0.460099153125 0.302240753125 0.545394290625 0.32784460000000004 0.5537196890625 0.1969022078125 0.4680715765625 0.1718621625
0 0.2160578046875 0.0875583375 0.13247400625 0.05951385 0.1095796890625 0.21156264062500002 0.1956498828125 0.2388996375 0.2160578046875 0.0875583375
1 0.21624564687499997 0.08850583437500001 0.1965293203125 0.24275733437499997 0.2843130859375 0.272085684375 0.30584603593750004 0.11939169375 0.21624564687499997 0.08850583437500001
0 0.3854672296875 0.1443757234375 0.3711168109375 0.3026849875 0.45386383593749996 0.328867715625 0.46650620624999994 0.168047490625 0.3854672296875 0.1443757234375
0 0.30655492500000003 0.11873556249999999 0.28507641875 0.2733219546875 0.370727334375 0.2990414 0.3827043515625 0.1452509390625 0.30655492500000003 0.11873556249999999
1 0.968501071875 0.46431837031249995 0.8871286218750001 0.439702090625 0.8835142484375 0.6104756203124999 0.9708294796875 0.6395671046875 0.968501071875 0.46431837031249995
0 1 0.47472639218749996 0.9725769203124999 0.46458273906249997 0.9716144390625001 0.647032571875 0.9771611484375 0.6494829796875 1 0.579192221875 1 0.47472639218749996
1 0.627507503125 0.36160460625 0.5479803546875 0.33700242343750003 0.535404115625 0.50112329375 0.6239907984374999 0.5263016421875 0.627507503125 0.36160460625
1 0.8807128703125 0.44660988437500004 0.7951485234375 0.41904214062499995 0.7976332265625 0.586897440625 0.8810796156249999 0.6068003937500001 0.8807128703125 0.44660988437500004
1 0.709718365625 0.3912007 0.6306614703125 0.3644437859375 0.6239576375 0.52484878125 0.7093656859374999 0.559809959375 0.709718365625 0.3912007
0 0.7127869687499999 0.3945878 0.7113419546874999 0.5611731296875 0.7954340390625 0.5877752625 0.7919278453125 0.41863322187499996 0.7127869687499999 0.3945878
1 0.4479460640625 0.479916871875 0.5336742984375 0.5027243671875 0.544509509375 0.335357965625 0.46254648125 0.3108896859375 0.45925400937500005 0.33412216093749997 0.4479460640625 0.479916871875
1 0.1107292859375 0.208321325 0.07337586874999999 0.194980078125 0.0250813109375 0.3436154390625 0.08259380625 0.3615422046875 0.1107292859375 0.208321325
0 0.19753405625 0.2475600375 0.11161840468749999 0.2159152984375 0.0862385953125 0.36272646875 0.176241859375 0.3895682609375 0.19753405625 0.2475600375
0 0.37081313437499996 0.3048781046875 0.2856011515625 0.275969015625 0.26859655312499997 0.42092164218750006 0.35837099375000003 0.44864904218749996 0.37081313437499996 0.3048781046875
0 0.2847544921875 0.27469865625 0.19949170624999998 0.2463880421875 0.178573240625 0.3927278140625 0.2665571578125 0.423717559375 0.2847544921875 0.27469865625
0 0.45390479531250005 0.33331830625 0.3719803015625 0.30691848906249997 0.3589475984375 0.44811534999999997 0.44495682968750006 0.4775035265625 0.45390479531250005 0.33331830625
1 0.9062927843749999 0.867593375 0.9060145359374999 0.75430214375 0.8324702140625 0.7265976203125 0.8198233046875 0.932387034375 0.8793417625 0.9505400921874999 0.9062927843749999 0.867593375
1 0.159429921875 0.5106860453125 0.06762684531249999 0.47716418593750004 0.032746590625 0.67964395 0.1308233125 0.71266235 0.159429921875 0.5106860453125
1 0.7517852578124999 0.6999211109375 0.73479268125 0.9087886031249999 0.8176262578125 0.9322488390625001 0.8277948234375 0.726584334375 0.7517852578124999 0.6999211109375
1 0.26089015 0.54410265625 0.23423896718749998 0.747415475 0.33044669375 0.77925093125 0.35305278125 0.5689925640625 0.26089015 0.54410265625
0 0 0.6683434765625 0.032417892187500005 0.6770668734374999 0.0645759875 0.47770121562499995 0 0.45848201250000004 0 0.6683434765625
0 0.639506490625 0.6666621828125 0.625469965625 0.8739584593749999 0.71481161875 0.9041386656249999 0.726502853125 0.69378786875 0.639506490625 0.6666621828125
1 0.3543945984375 0.5757609234375 0.3314146046875 0.7772627390625 0.42613890468750004 0.8057378484375001 0.443763834375 0.6088284421875 0.3543945984375 0.5757609234375
0 0.163706178125 0.51114453125 0.13311094375000002 0.71570833125 0.23315106718749998 0.747637665625 0.256618996875 0.5485970703125 0.163706178125 0.51114453125
1 0.537302828125 0.6380579984375 0.5275616796875 0.8450244859374999 0.6242021796875 0.87354653125 0.6367944953125 0.666366871875 0.537302828125 0.6380579984375
0 0.4303188859375 0.7829178359375 0.4286705265625 0.8048334109375 0.52464224375 0.8423488906250001 0.5345745859375 0.6371833031249999 0.4464296859375 0.609452284375 0.4303188859375 0.7829178359375
1 0.8632712640625 1 0.8796821890625001 0.9494923671875 0.8174291640625 0.9336364515625 0.8151857703125 1 0.8632712640625 1
0 0.3121877125 0 0.310878471875 0.010507128125 0.39131479687500004 0.0394612234375 0.3946798484375 0 0.3121877125 0
1 0.3953531703125 0 0.3915524125 0.0395384296875 0.46927540937499995 0.067141121875 0.4740693546875 0 0.3953531703125 0
1 0.4744909921875 0 0.46963715625 0.0667888671875 0.5497138078125 0.0928073484375 0.5571468265624999 0 0.4744909921875 0
1 0.7144822734375 1 0.7159746296875 0.9067246625 0.6260853640625 0.8769301625000001 0.6200722484375001 1 0.7144822734375 1
1 0.6175159390625 1 0.6226515218750001 0.8764021468750001 0.5278543921875001 0.851161203125 0.5199982609375 1 0.6175159390625 1
1 0.8128490484374999 1 0.814144896875 0.9317884359375 0.722420509375 0.90618194375 0.719168290625 1 0.8128490484374999 1
1 0.51671898125 1 0.5233408640625 0.8484052078125 0.43318132499999995 0.8156181109375 0.41593515468750003 0.9984167875000001 0.42080778125 1 0.51671898125 1
1 0.034408015624999996 0.6846825375 0.0043711796875 0.864691546875 0.10518753750000001 0.8974487671875 0.1265330703125 0.7152034890625 0.034408015624999996 0.6846825375
1 0.1293377828125 0.7182596328125 0.1085867484375 0.8985532375 0.2094244046875 0.931317378125 0.2275630578125 0.7497385421875 0.1293377828125 0.7182596328125
1 0.2292178953125 0.7507126484375 0.21046744374999998 0.9316562828125001 0.313208609375 0.9650389109375 0.3285832109375 0.7851246093750001 0.2292178953125 0.7507126484375
1 0.3316620875 0.7846819203125001 0.31341839843749997 0.965107075 0.41386952031249996 0.9977456218749999 0.428861684375 0.8142902218750001 0.3316620875 0.7846819203125001
1 0.857614728125 0.19977621875 0.860674484375 0.09145913125 0.7878768375 0.06780574218749999 0.7821189640624999 0.176673403125 0.857614728125 0.19977621875
1 0.5581686625 0 0.549794265625 0.0923637015625 0.6259073921875 0.1158174671875 0.6293330187499999 0.0162917328125 0.579192221875 0 0.5581686625 0
1 0.9340177828125 0.22745556718749999 0.9265524859375001 0.11286419218749999 0.86244753125 0.0920352296875 0.8578387421875 0.2012101390625 0.9340177828125 0.22745556718749999
1 0.781153159375 0.173505103125 0.783757215625 0.066467196875 0.7071109390625 0.0415633109375 0.70417943125 0.1463539546875 0.781153159375 0.173505103125
1 0.70327830625 0.14552222812499999 0.7041804093749999 0.040611125 0.6305220968749999 0.0166780875 0.626643840625 0.11780343124999999 0.70327830625 0.14552222812499999
0 1 0.1546260765625 0.999863853125 0.153224803125 0.9979000859375 0.1360464328125 0.9306677921875 0.1142013359375 0.93239304375 0.231923015625 1 0.25076543125 1 0.1546260765625