1 1 0.303902459375 0.950753784375 0.2934520671875 0.9640365531249999 0.4138498828125 1 0.42176735 1 0.303902459375
1 0.8727152625000001 0.2810663 0.890312340625 0.4038948390625 0.96054821875 0.41614273749999997 0.9423462109375 0.29321575 0.8727152625000001 0.2810663
1 0.694365278125 0.25228329375 0.620258821875 0.23582118125 0.6154123499999999 0.234879121875 0.6275957609375 0.35763628281250004 0.707030409375 0.37046175 0.694365278125 0.25228329375
1 0.6996466296875 0.2516722375 0.71188636875 0.3693356296875 0.7924689734375 0.3906176 0.7778258625000001 0.266977815625 0.6996466296875 0.2516722375
1 0.782115903125 0.26656004375000003 0.7961269046874999 0.39430790625 0.8791171515625 0.4099713828125 0.863235090625 0.281877046875 0.782115903125 0.26656004375000003
1 0.53768075625 0.221388975 0.5462892640625 0.345316565625 0.6278479890625001 0.3585549125 0.6155635578124999 0.2365278578125 0.53768075625 0.221388975
1 0.4508592796875 0.2069554515625 0.458663325 0.33205735937499997 0.5432857109375 0.3465449890625 0.535752590625 0.22086513437500002 0.4508592796875 0.2069554515625
0 0.1998089625 0.1559073859375 0.11653476874999999 0.1388966171875 0.1126294125 0.286369565625 0.198198328125 0.3024179578125 0.1998089625 0.1559073859375
1 0.2001007875 0.1567880109375 0.19949614531249998 0.3059900953125 0.2869399140625 0.3237362578125 0.2894666453125 0.17580678125 0.2001007875 0.1567880109375
0 0.368588059375 0.190362525 0.373596609375 0.342806646875 0.455850015625 0.3581413234375 0.4489103984375 0.2035038953125 0.368588059375 0.190362525
0 0.29006710625 0.175099596875 0.287816421875 0.3248251375 0.37279282187499996 0.3393815765625 0.3660487109375 0.19151673281249998 0.29006710625 0.175099596875
1 0.96417559375 0.4274264484375 0.883422475 0.41342419374999995 0.9001761296874999 0.5764937906250001 0.9871436734374999 0.594068728125 0.96417559375 0.4274264484375
1 1 0.4347375828125 0.96810578125 0.4272052515625 0.9887780953125 0.601087984375 0.9896572203125 0.6013535125 1 0.5481445234375 1 0.4347375828125
1 0.625829596875 0.36917005625 0.5468433375 0.3549670859375 0.5542368484375 0.5127404796875 0.641957525 0.5264408734375 0.625829596875 0.36917005625
1 0.8781027953124999 0.4207479296875 0.79299045625 0.40442106562499996 0.8152330328125 0.5640034625 0.8974122296875 0.573275921875 0.8781027953124999 0.4207479296875
1 0.7079740937500001 0.3878179515625 0.6291826578124999 0.371508171875 0.64175385625 0.5250609703125 0.727591696875 0.5484477156249999 0.7079740937500001 0.3878179515625
1 0.7113103390625 0.390687828125 0.7296435 0.5495167015625 0.813233209375 0.5650947390625001 0.78986120625 0.40440535000000005 0.7113103390625 0.390687828125
1 0.4680658859375 0.5026921015625 0.55277161875 0.514466134375 0.5433285515625 0.3538036328125 0.4620280109375 0.340010875 0.46162805 0.3625203078125 0.4680658859375 0.5026921015625
1 0.021161704687499998 0.34298794374999997 0.014292774999999999 0.41591560625 0.1045652265625 0.43234653281249996 0.11334549062499999 0.2831490234375 0.03615970625 0.265829915625 0.021161704687499998 0.34298794374999997
0 0.20102566249999998 0.31044774375 0.1150947578125 0.2902785859375 0.108191940625 0.43305149531250003 0.19746456875 0.448171815625 0.20102566249999998 0.31044774375
1 0.3735656734375 0.344930684375 0.288631653125 0.3272853890625 0.289520490625 0.46731623750000006 0.3786790390625 0.483306590625 0.3735656734375 0.344930684375
0 0.287671403125 0.32617371093749997 0.2027596171875 0.3091043171875 0.2000686703125 0.450910521875 0.2879005296875 0.47021582500000003 0.287671403125 0.32617371093749997
1 0.45641592812500004 0.36237545625 0.37492365 0.3467385640625 0.3791674484375 0.4827313734375 0.46492080625 0.5007404484375 0.45641592812500004 0.36237545625
1 0.9504245875 0.803187909375 0.9387215234375 0.7108676546875 0.8650911906250001 0.6930156234375 0.8773485875 0.8904836703125 0.931602784375 0.9000176953125001 0.9504245875 0.803187909375
1 0.1957168359375 0.5654792421875 0.10393194375 0.5442054765625 0.09452953124999999 0.741101434375 0.19225612187500002 0.7611676453125 0.1957168359375 0.5654792421875
1 0.7847518890625 0.676971359375 0.7932165734375001 0.87787536875 0.8752305671875 0.8906070125 0.8606172015625001 0.6935455375 0.7847518890625 0.676971359375
1 0.2967271703125 0.5855320765625 0.29529516718750004 0.7822664953125 0.3910939015625 0.801422925 0.38783441406249997 0.5985427671875 0.2967271703125 0.5855320765625
0 0 0.7253606125000001 0.0939101046875 0.7386850875000001 0.10107709218750001 0.5450710046875 0.0066747203125 0.5291359671875 0 0.6317025453125 0 0.7253606125000001
1 0.6734113484375001 0.658324171875 0.684517796875 0.857388665625 0.773552640625 0.8757653734374999 0.7598412156250001 0.674063825 0.6734113484375001 0.658324171875
1 0.389919015625 0.6048334546875 0.3917844875 0.7994169859375 0.48576649843749997 0.8155450625 0.47932195625 0.62595693125 0.389919015625 0.6048334546875
0 0.19986170625 0.5654196687499999 0.19480492968750002 0.763803259375 0.29428079375 0.7826043625 0.293173359375 0.59030835625 0.19986170625 0.5654196687499999
1 0.572259409375 0.6429411218750001 0.587435725 0.84119304375 0.6832562984375 0.8571434546875001 0.67078214375 0.6583576296875 0.572259409375 0.6429411218750001
0 0.48706425312499996 0.793325478125 0.48808117187500005 0.8143898593750001 0.5843263750000001 0.8389835124999999 0.5695460890625 0.6424246390625 0.4819459078125 0.6262417328125001 0.48706425312499996 0.793325478125
1 0.12069110937500001 0 0.1189560140625 0.0390643796875 0.19975864999999998 0.053934128125 0.2004793625 0 0.12069110937500001 0
1 0.20091021874999998 0 0.200203178125 0.055275575 0.28100581562500004 0.07014532500000001 0.2806225421875 0 0.20091021874999998 0
1 0.9121681921875 1 0.9317609421874999 0.89920404375 0.8752062546875001 0.8919514906250001 0.8849240046875 1 0.9121681921875 1
0 0.2814565765625 0 0.2813940734375 0.071517646875 0.3617650890625 0.0897600109375 0.3583347 0 0.2814565765625 0
1 0.35954147812500004 0 0.362001528125 0.08980597031250001 0.43961707343749995 0.10707608906249999 0.4340388796875 0 0.35954147812500004 0
1 0.43449900937499997 0 0.4399214234375 0.1066986109375 0.51960095 0.1221867421875 0.5151673890625 0.020025196875 0.44107252187499996 0 0.43449900937499997 0
1 0.788134871875 1 0.7749712125 0.8780933953125001 0.68545818125 0.8601475921875 0.6959112843749999 1 0.788134871875 1
1 0.693603278125 1 0.682110925 0.8600431828125 0.5884420125000001 0.8470038796875 0.5992730546875 1 0.693603278125 1
1 0.8833289593749999 1 0.8718458546875001 0.8905725125 0.7810730234375 0.8768284625 0.7920437515625001 1 0.8833289593749999 1
1 0.596200403125 1 0.583798259375 0.8449027656249999 0.4936725125 0.8241380828124999 0.4988022765625 1 0.596200403125 1
1 0.09671514375 0.7457075390625 0.08891226875 0.9294509874999999 0.18966093906249998 0.9490345453125 0.188452878125 0.7640857796875 0.09671514375 0.7457075390625
1 0.19149752343749998 0.7666710671875 0.1930612171875 0.9496954921875 0.29353378281250003 0.9692253796875001 0.2891840203125 0.7852537796875 0.19149752343749998 0.7666710671875
1 0.2908823015625 0.7859895109374999 0.2945383921875 0.96942065625 0.39693271406249997 0.989324096875 0.3900064703125 0.8072334578125 0.2908823015625 0.7859895109374999
1 0.496760515625 1 0.489383246875 0.8233746453125 0.392899290625 0.8064545296875 0.39700115 0.9893373984375 0.45185547968749995 1 0.496760515625 1
1 0 0.9121681921875 0.08514077812500001 0.928717884375 0.0947327734375 0.7458684359375 0 0.7299257109374999 0 0.9121681921875
1 0.74358818125 0.05832478906250001 0.7518421234375 0.1750933953125 0.8267945671874999 0.18833615312500002 0.815492815625 0.0700687796875 0.74358818125 0.05832478906250001
1 0.519625409375 0.12175486093750001 0.5952099468750001 0.1352602328125 0.5862689203125 0.0351558421875 0.5162922531249999 0.0202438484375 0.519625409375 0.12175486093750001
1 0.81752350625 0.071126765625 0.8271785625 0.18967586875 0.9031565453124999 0.205832459375 0.8802376437499999 0.0859702 0.81752350625 0.071126765625
1 0.6635781374999999 0.04966796875 0.673697915625 0.155260878125 0.7505432796875 0.17218788437500002 0.7394358343749999 0.0605908828125 0.6635781374999999 0.04966796875
1 0.660665034375 0.050053618749999994 0.5873719093750001 0.034217378124999996 0.5961494640625 0.137066265625 0.6727374765625 0.1545732890625 0.660665034375 0.050053618749999994
1 1 0.1124636859375 0.9551667203124999 0.1014403703125 0.98053374375 0.2221995828125 1 0.2259834390625 1 0.1124636859375
1 0.902131065625 0.2102759484375 0.9785336593749999 0.22181080625 0.9573587531250001 0.127491434375 0.9509457593749999 0.1010409859375 0.885331315625 0.08961335000000001 0.902131065625 0.2102759484375