1 0.8853352796875 0.19433043125 0.9192891 0.3183812359375 0.9982033859375001 0.323090009375 0.96055245625 0.19824623125000002 0.8853352796875 0.19433043125
1 0.8013815984375 0.1943013765625 0.8402669921875001 0.320184734375 0.9160095531250001 0.32136495468750004 0.8764729718750001 0.19547881250000002 0.8013815984375 0.1943013765625
0 0.6094338453125 0.1937353296875 0.528928884375 0.1887785890625 0.5236863234375 0.18859551562500002 0.5568786734375 0.31530304062500003 0.6423705640625 0.315561346875 0.6094338453125 0.1937353296875
1 0.6148745875 0.19221749531250001 0.6472792703125 0.3135740234375 0.735381634375 0.3225097078125 0.69946131875 0.1952850765625 0.6148745875 0.19221749531250001
1 0.7038938953125 0.19413455156249998 0.7398337890625 0.3257721375 0.8295287578125 0.3284160984375 0.791567753125 0.1967258953125 0.7038938953125 0.19413455156249998
1 0.4398711484375 0.1873573703125 0.469506515625 0.31588594531249997 0.5572960765625 0.31622448593749997 0.5241190875 0.1902993734375 0.4398711484375 0.1873573703125
1 0.34636009687499997 0.1866394484375 0.37534646718750003 0.31653307656249996 0.46655875625 0.31767292812500003 0.437760621875 0.18712823750000002 0.34636009687499997 0.1866394484375
0 0.0744183171875 0.17479782500000002 0.0111497328125 0.171985875 0.005767303125 0.3261185078125 0.097083728125 0.3287053484375 0.0744183171875 0.17479782500000002
0 0.07487095625 0.17567284218749998 0.09903950156249999 0.3322357921875 0.1937542796875 0.3363242125 0.1718143578125 0.18077660625 0.07487095625 0.17567284218749998
0 0.2572651734375 0.1829014046875 0.2878632296875 0.34193200468749996 0.37673029062499996 0.344353525 0.343741134375 0.18334356875 0.2572651734375 0.1829014046875
0 0.172326928125 0.17993529531250002 0.19485511093750002 0.337320521875 0.28645034687500004 0.33847374375 0.25479221875 0.18453347343749998 0.172326928125 0.17993529531250002
1 0.9216919515625 0.3325953734375 0.8346208125000001 0.3313219671875 0.8793107015625001 0.4995446546875 0.9734972562499999 0.5035326 0.9216919515625 0.3325953734375
1 1 0.33727341875 0.9257795734375 0.331710746875 0.9763793109375 0.5106220078125 0.9998216765624999 0.513834046875 1 0.50872753125 1 0.33727341875
1 0.5569425890625 0.327691365625 0.4716922515625 0.325914065625 0.5056790437500001 0.4901372125 0.600011853125 0.4899370046875 0.5569425890625 0.327691365625
1 0.8302557515625001 0.3398855 0.7382235500000001 0.33689827499999997 0.78809388125 0.5005525546875 0.8758752937500001 0.49662918125 0.8302557515625001 0.3398855
1 0.6462461421875 0.33360542031249996 0.560850021875 0.329586434375 0.5995687281250001 0.488523775 0.693535903125 0.49879394687499995 0.6462461421875 0.33360542031249996
0 0.650224328125 0.3360609203125 0.6958668 0.49957422031250004 0.78617665 0.502029034375 0.7349370578125 0.3374014515625 0.650224328125 0.3360609203125
1 0.41357963125 0.493909796875 0.5044282812499999 0.49219016406250005 0.4678103765625 0.325277678125 0.3801995921875 0.3243148703125 0.3835217921875 0.34798607187499997 0.41357963125 0.493909796875
0 0.101385628125 0.3366563609375 0.007855675 0.329775803125 0.02434605625 0.48064262500000005 0.1205435484375 0.48167371562500005 0.101385628125 0.3366563609375
1 0.2881838609375 0.3441645390625 0.196119615625 0.3397651140625 0.220330828125 0.48646252343749996 0.31655323750000003 0.48842493124999997 0.2881838609375 0.3441645390625
0 0.19492711093749998 0.338758803125 0.1029819359375 0.33495961093750004 0.1237316046875 0.4841132453125 0.21911283906249998 0.4897722296875 0.19492711093749998 0.338758803125
1 0.37802803906250004 0.3486997203125 0.2899094765625 0.34583488125 0.316970159375 0.4877406140625 0.4099547015625 0.492385459375 0.37802803906250004 0.3486997203125
1 0.9898925203125 0.798167878125 0.9420988140625 0.6340563828125 0.8618624453124999 0.627563021875 0.9075522312500001 0.8326047187500001 0.9886421375 0.8339741484375001 0.9898925203125 0.798167878125
1 0.1382104125 0.60497978125 0.038353578124999996 0.5979130046875001 0.06121815625 0.8059516984374999 0.16710955 0.8107654546875 0.1382104125 0.60497978125
1 0.7748861125000001 0.6240795171875 0.817166959375 0.8333542140624999 0.9053500546875 0.833085790625 0.8572554718750001 0.62886169375 0.7748861125000001 0.6240795171875
1 0.24754558906250002 0.6092341968749999 0.2787475703125 0.8157798890624999 0.3824646046875 0.819959740625 0.34531765000000003 0.6077483359375 0.24754558906250002 0.6092341968749999
0 0 0.8044892765625 0.060166432812500004 0.8035206328125 0.035501540625 0.599294740625 0 0.5989339921875 0 0.8044892765625
1 0.6549439515625 0.62301463125 0.699691303125 0.8299215921875 0.7961806 0.8344070218749999 0.7482611671875 0.625167275 0.6549439515625 0.62301463125
1 0.3485510125 0.6139989609375001 0.3828558515625 0.81774150625 0.4841629625 0.8190473328125 0.4458832109375 0.62130369375 0.3485510125 0.6139989609375001
0 0.14255019375 0.6042289921874999 0.17022244375 0.8131060578125 0.27773923906250003 0.8163026500000001 0.24461016875000002 0.614833059375 0.14255019375 0.6042289921874999
0 0.54623646875 0.62368075625 0.595119715625 0.8290597453125 0.6983267078125001 0.829873940625 0.6521903874999999 0.6234863328125 0.54623646875 0.62368075625
0 0.4818311046875 0.795530990625 0.486399975 0.8174515296875 0.5914894125 0.8272590484375 0.5433032125 0.623589728125 0.448684165625 0.6211666078125 0.4818311046875 0.795530990625
1 0.0171556125 0 0.014822582812499999 0.06680925 0.057413684374999996 0.0678707125 0.0475829453125 0 0.0171556125 0
1 0.0480389609375 0 0.058103178125 0.069203615625 0.1453704921875 0.0713785078125 0.1336548578125 0 0.0480389609375 0
1 0.9828443874999999 1 0.9887094484375 0.8320466359375001 0.9055480453125 0.83449973125 0.9472736453125 1 0.9828443874999999 1
0 0.1345381671875 0 0.14600606875 0.072753134375 0.233381090625 0.07853643437499999 0.21783348125000002 0 0.1345381671875 0
1 0.21896876875000001 0 0.23363685156249997 0.078545365625 0.3179586203125 0.083766696875 0.3001657984375 0 0.21896876875000001 0
1 0.3006280875 0 0.3182152609375 0.08332030625 0.404406765625 0.08633018125 0.3868515078125 0 0.3006280875 0
1 0.8423702796875 1 0.7980562734375 0.8366127546875 0.7011367953125001 0.8326586125000001 0.7406487937499999 1 0.8423702796875 1
1 0.738307053125 1 0.69760678125 0.83310498125 0.5971417109375 0.8349862390625 0.63541965 1 0.738307053125 1
1 0.9463828671875 1 0.90179235625 0.8336116921875 0.8042493171875 0.834272975 0.8458798875 1 0.9463828671875 1
1 0.6321332828124999 1 0.5919192062499999 0.8335540437500001 0.49388813125000003 0.8267455984375 0.526561359375 1 0.6321332828124999 1
1 0.0642774796875 0.8104189937499999 0.08448995468750001 0.9857948421874999 0.1925372828125 0.9895679375 0.1636034796875 0.814457175 0.0642774796875 0.8104189937499999
1 0.1672283453125 0.8166626593749999 0.1961766734375 0.989695028125 0.30456851875 0.9934801546875001 0.2728310484375 0.8199273859374999 0.1672283453125 0.8166626593749999
1 0.2747355546875 0.82041689375 0.3057271875 0.993520615625 0.416137946875 0.9973762453124999 0.3822893703125 0.8262336078124999 0.2747355546875 0.82041689375
1 0.5242155328125 1 0.48926000312499995 0.826657303125 0.3851956484375 0.82493638125 0.4165155359375 0.9973894296875001 0.4912724640625 1 0.5242155328125 1
1 0 0.9828443874999999 0.0805987921875 0.985658959375 0.0622239 0.8109169218750001 0 0.8103153265625 0 0.9828443874999999
1 0.7377765125 0.1046846015625 0.7125989515625 0.007119346875 0.6339953234375 0.004374446875 0.6569189390625 0.10324436249999999 0.7377765125 0.1046846015625
1 0.3878400671875 0 0.40436063750000006 0.085873221875 0.48592519687499997 0.0874838859375 0.46392634531250004 0 0.3878400671875 0
1 0.8208203703124999 0.110351296875 0.7844803265625 0.009629500000000001 0.714366928125 0.0071810859375 0.738402190625 0.10602574218750001 0.8208203703124999 0.110351296875
1 0.65507290625 0.10041315625 0.6298477375 0.0042296109375 0.5473116703125 0.0013473875 0.5716164140625 0.095423734375 0.65507290625 0.10041315625
1 0.4651493890625 0 0.48721136875 0.08922178124999999 0.5704942109375 0.0948621828125 0.5443543640625 0.001244115625 0.5087275484375 0 0.4651493890625 0
1 0.9832201843749999 0.11740579375 0.9435048281249999 0.0151827578125 0.865761203125 0.012467890625 0.9047419031249999 0.114665271875 0.9832201843749999 0.11740579375
1 0.788376621875 0.009765560937499999 0.8204828953125001 0.11518131093749999 0.9025783593750001 0.11458971874999999 0.864677653125 0.0191969890625 0.861812971875 0.012330015625 0.788376621875 0.009765560937499999
1 1 0.0171556125 0.9469775828125 0.015304029687500002 0.9836569421875 0.11603767499999999 1 0.1175722421875 1 0.0171556125