1 0.8366923359375 0.1582290140625 0.887109215625 0.27563915 0.9650993124999999 0.2693926078125 0.9109495359374999 0.1517117890625 0.8366923359375 0.1582290140625
1 0.754410028125 0.1697762203125 0.8099132796875 0.2883099890625 0.8843073890625 0.27902794375 0.8281655625000001 0.16058122187499999 0.754410028125 0.1697762203125
1 0.56621459375 0.1956854859375 0.48663130312499997 0.201907303125 0.48146806875000003 0.20244998125000002 0.5315057640624999 0.3225798765625 0.6153272609375 0.31104620625 0.56621459375 0.1956854859375
1 0.571337034375 0.19344143125 0.6198634109375 0.3084134421875 0.707442278125 0.3050601765625 0.6546596046875 0.18479748125 0.571337034375 0.19344143125
1 0.6588447515625 0.1830539484375 0.7122563671875 0.3076572078125 0.800526703125 0.297891984375 0.7451270375 0.1735156140625 0.6588447515625 0.1830539484375
1 0.3991544375 0.21278809375000002 0.4459577546875 0.33520072968750003 0.53204215625 0.32342921874999997 0.48212762500000006 0.2040672609375 0.3991544375 0.21278809375000002
1 0.30741030468749997 0.22497511406249998 0.35376619374999996 0.34882073125 0.44331573906250005 0.33736594062499997 0.39705436875 0.2128535875 0.30741030468749997 0.22497511406249998
0 0 0.40841833281250006 0.082738390625 0.39916854062499996 0.039259215624999996 0.25081669687499997 0 0.25456435 0 0.40841833281250006
1 0.0398237265625 0.2516154859375 0.0851429515625 0.40237356249999995 0.17853250781250002 0.393337840625 0.13553772343749998 0.243271784375 0.0398237265625 0.2516154859375
0 0.21957686718749997 0.23358079375 0.2715382625 0.38588103125 0.358966475 0.3760110359375 0.3043882 0.22209239374999998 0.21957686718749997 0.23358079375
0 0.1359238171875 0.242373084375 0.1797490359375 0.3941666296875 0.26967573125 0.38267219531249996 0.21737877343749998 0.23552806875 0.1359238171875 0.242373084375
1 0.8914281468749999 0.28929750468750004 0.80591865625 0.30004985624999997 0.8729607749999999 0.45945399218749994 0.9658187671875 0.450392215625 0.8914281468749999 0.28929750468750004
1 0.96962288125 0.45697227968750004 0.99822263125 0.4568855765625 0.9798822109374999 0.2823881296875 0.8953119609375 0.287863234375 0.96962288125 0.45697227968750004
1 0.533280153125 0.3347637546875 0.449485503125 0.3447691109375 0.5054854859375 0.5017126421875 0.5979081140625 0.48850868593749996 0.533280153125 0.3347637546875
1 0.8028239656249999 0.309080021875 0.7122156109375 0.318829665625 0.7837035546875 0.47302324218749997 0.8691910828125 0.45705824375 0.8028239656249999 0.309080021875
1 0.621618725 0.328270953125 0.537371459375 0.3360901265625 0.5972785609375 0.48717887343750005 0.690789590625 0.48433036406249996 0.621618725 0.328270953125
0 0.625856809375 0.3301391515625 0.6931817859375 0.4847769234375 0.782028596875 0.4747407578125 0.7090642296875 0.31977805 0.625856809375 0.3301391515625
1 0.41574529218749995 0.5181246125000001 0.5045433484374999 0.5039056328125 0.4455931625 0.34467801875 0.3595977125 0.35581047187500003 0.3661243703125 0.37864978437499996 0.41574529218749995 0.5181246125000001
0 0 0.43054545937500005 0.032446121875 0.55873573125 0.1268663578125 0.5464865203125 0.08805306874999999 0.4064008296875 0 0.412223528125 0 0.43054545937500005
0 0.2721609734375 0.3880341 0.181326084375 0.3963982625 0.2253239609375 0.5374407125 0.3198973 0.526104675 0.2721609734375 0.3880341
0 0.1800183328125 0.39557227031250003 0.089383071875 0.4045107703125 0.13032787343750002 0.5484479453125 0.22458759687500002 0.5408660937499999 0.1800183328125 0.39557227031250003
0 0.360838859375 0.38010965625000004 0.27408295312500003 0.38944013125 0.32021134687499997 0.525373678125 0.411982078125 0.5171241640625001 0.360838859375 0.38010965625000004
1 1 0.6877501453125 0.9530819609375 0.5831840890625 0.8735495796875 0.5878565171875 0.9466590874999999 0.7833603484375 1 0.776776084375 1 0.6877501453125
1 0.1612184 0.6654093765625 0.062377871875000004 0.6722227796875 0.11353178281250001 0.873823490625 0.217975134375 0.8639605843749999 0.1612184 0.6654093765625
1 0.787827625 0.5964206 0.858181115625 0.79656061875 0.94456733125 0.7841374671875 0.8692139875 0.5897699046875 0.787827625 0.5964206
1 0.268959521875 0.6545211203125 0.3280781625 0.853502821875 0.4303029546875 0.8433158281249999 0.364575128125 0.6395775984375 0.268959521875 0.6545211203125
0 0.059773671875 0.67397594375 0.01612918125 0.679662796875 0.037533271875 0.8833091187500001 0.1121651359375 0.8715758328125001 0.059773671875 0.67397594375
1 0.6701319031249999 0.6119105421875 0.7425755171875 0.8093801265625 0.8377590328125001 0.80049046875 0.7618843109375 0.6011623125 0.6701319031249999 0.6119105421875
1 0.368607640625 0.6452836875 0.430379890625 0.8410786781249999 0.5298457390625 0.82839533125 0.46500679375000004 0.6390525890625 0.368607640625 0.6452836875
0 0.16536783593749999 0.6640720609375 0.22134931875000002 0.86583500625 0.327162184375 0.854156359375 0.2668563015625 0.6604363125 0.16536783593749999 0.6640720609375
1 0.5636858390625 0.6275550828124999 0.6399716843750001 0.8229505546875 0.7412315671874999 0.8095213812500001 0.6674984671875 0.6127544640625 0.5636858390625 0.6275550828124999
0 0.5243110578125 0.8055718828125 0.531817609375 0.8265162828125 0.6361650187500001 0.821678853125 0.56079854375 0.6278699375000001 0.4677329109375 0.6385314640625 0.5243110578125 0.8055718828125
1 0 0.1193280390625 0.008679246875000001 0.14913961250000002 0.094505559375 0.1392474609375 0.0645776484375 0.04301059375 0 0.049797978124999996 0 0.1193280390625
1 1 0.7760879796875 0.9449567390625001 0.785501778125 1 0.921151484375 1 0.7760879796875
0 0.18174885000000002 0.134157165625 0.1470965953125 0.034337503125 0.06563735312499999 0.0428992140625 0.0953183890625 0.14051274375 0.18174885000000002 0.134157165625
1 0.26536123125 0.1276430109375 0.2284196953125 0.0257901 0.14850876875000002 0.0341890765625 0.1820007421875 0.134130690625 0.26536123125 0.1276430109375
1 0.350438415625 0.1182462671875 0.31461008437500004 0.016731125 0.2289085875 0.025738715625000002 0.26555106875 0.12716828593750001 0.350438415625 0.1182462671875
1 0.744370346875 0.8118746140624999 0.8060087593749999 0.9705913234375 0.9071294375000001 0.9599631109375 0.8399020515625001 0.8024027437499999 0.744370346875 0.8118746140624999
1 0.64277221875 0.828504659375 0.7015277765625 0.9815727171875 0.8036783218749999 0.9708362625 0.74097245625 0.8128006640625 0.64277221875 0.828504659375
1 1 0.9242188765625 0.9411532953125 0.785145609375 0.845648209375 0.7992459984375 0.9105563703125 0.9596029265625001 1 0.9502020218749999 1 0.9242188765625
1 0.5404405328124999 0.8346310890625 0.593789359375 0.9928964812500001 0.698222765625 0.9819200875 0.63745604375 0.8278151765624999 0.5404405328124999 0.8346310890625
1 0.25622869531250003 1 0.21504913281250002 0.8680774328125 0.1171473203125 0.8777984109375 0.148839521875 1 0.25622869531250003 1
1 0.3697173859375 1 0.32285278906250003 0.8584006093750001 0.21890640156250002 0.8697482796875 0.25985122031249996 1 0.3697173859375 1
1 0.48320862656249997 1 0.43099810625 0.8495147796875001 0.324786925 0.8586197875 0.3709995234375 1 0.48320862656249997 1
1 0.5262038875 1 0.5913578203125 0.9931520453125 0.535892565625 0.835182328125 0.43366714218749997 0.8478373109374999 0.48382358124999997 1 0.5262038875 1
1 0.1454107328125 1 0.115203521875 0.878571628125 0.038095421875 0.8886576171874999 0.049797978124999996 1 0.1454107328125 1
1 0.561846196875 0 0.6002485359375 0.10007615 0.679691509375 0.09034474375 0.6424457328125001 0 0.561846196875 0
1 0.3158059890625 0.01660543125 0.35033006875 0.1178028828125 0.43048946875 0.1081417296875 0.39068502031249996 0.0098734515625 0.32815805781249996 0.0153071765625 0.3158059890625 0.01660543125
1 0.6442235578125 0 0.6804900140625 0.0915784328125 0.7618611296875 0.084471596875 0.7174069750000001 0 0.6442235578125 0
1 0.4773816390625 0 0.472888525 0.0006968515625 0.5155677062499999 0.10414081093750001 0.5980481421875 0.097544190625 0.557386003125 0 0.4773816390625 0
1 0.3915292921875 0.008646590625 0.43199010624999995 0.1096748390625 0.5143903062499999 0.10374285937500001 0.47007803593749997 0.0019836796875 0.3944773515625 0.0083367375 0.3915292921875 0.008646590625
1 0.802306815625 0 0.8447039953125 0.07714607500000001 0.9219948265625 0.06902248125 0.8835068515625 0 0.802306815625 0
1 0.720825125 0 0.762197771875 0.08927186718749999 0.8425731875 0.0773700328125 0.79865661875 0 0.720825125 0
1 0.886396809375 0 0.922233828125 0.06761574687500001 0.95714073125 0.0660174078125 0.9502020218749999 0 0.886396809375 0