1 0.8705413546875 0.23278895937500002 0.9130658125 0.354169084375 0.9921163359375 0.35336160625 0.9458484593750001 0.2314483359375 0.8705413546875 0.23278895937500002
1 0.7867901546875 0.23861628906250001 0.8343620046875 0.3614804921875 0.9100023875 0.35737430312499996 0.8617807421875 0.23455274843749999 0.7867901546875 0.23861628906250001
0 0.595270490625 0.2514412203125 0.5146158703125 0.2521122953125 0.5093733125 0.2522953703125 0.551323478125 0.37637885937500004 0.6366251328125 0.3706729234375 0.595270490625 0.2514412203125
1 0.6005921015625 0.24954755468749998 0.641383253125 0.3683480296875 0.7298943265625 0.37111623437499996 0.6851867671874999 0.24670719375 0.6005921015625 0.24954755468749998
1 0.689528290625 0.2452502703125 0.734563209375 0.3740601515625 0.8242241187499999 0.3704408671875 0.7771693421875 0.24171948125 0.689528290625 0.2452502703125
0 0.4256759375 0.256906890625 0.46420481249999995 0.38305511718749996 0.5518041390625 0.3772689453125 0.5099238749999999 0.25396488906250003 0.4256759375 0.256906890625
1 0.3323425921875 0.26271371875 0.37031927656249997 0.39026894687499997 0.461388890625 0.385043375 0.4235545671875 0.256825540625 0.3323425921875 0.26271371875
0 0 0.4199478359375 0.0011609406250000002 0.42565923281250007 0.093583465625 0.4218221953125 0.060237221875000004 0.269870640625 0 0.2714008609375 0 0.4199478359375
0 0.06074979375 0.270711953125 0.0957807453125 0.42520761093750004 0.1905499984375 0.422679103125 0.1578130671875 0.26904085625 0.06074979375 0.270711953125
0 0.24320395 0.265199728125 0.2848208828125 0.4217085265625 0.37364038437499997 0.4179250953125 0.3295001015625 0.259608559375 0.24320395 0.265199728125
0 0.1582657046875 0.2681658375 0.1917176484375 0.4235961953125 0.2831702046875 0.41835724687500003 0.240850865625 0.2670003265625 0.1582657046875 0.2681658375
0 0.9164543390625 0.3681809828125 0.829506475 0.372984453125 0.8858221203125 0.53767995 0.9800574281250001 0.535088059375 0.9164543390625 0.3681809828125
1 1 0.49127248906250004 0.99567389375 0.3673890140625 0.920470296875 0.367013371875 0.98342699375 0.5419591546875 1 0.543060515625 1 0.49127248906250004
1 0.5522514015625 0.38873255156250003 0.46708475156249996 0.3929063421875 0.5124443828125 0.55435865 0.606533434375 0.54757860625 0.5522514015625 0.38873255156250003
1 0.8257494062499999 0.38183161718749997 0.7337330125 0.385271509375 0.7948978078125 0.5450483578124999 0.882191709375 0.5350112203124999 0.8257494062499999 0.38183161718749997
1 0.641749959375 0.3884026984375 0.556281509375 0.390350434375 0.6059928078125 0.54619973125 0.70044749375 0.549890065625 0.641749959375 0.3884026984375
1 0.645889740625 0.3905747109375 0.7028271421875 0.55050584375 0.7930882421875001 0.5466549796875 0.730489628125 0.3860027171875 0.645889740625 0.3905747109375
1 0.4208324796875 0.5645465749999999 0.5113398734375 0.5564938500000001 0.4631679390625 0.3925422890625 0.375703409375 0.3976932484375 0.3806687375 0.42107504375 0.4208324796875 0.5645465749999999
0 0.09842952031249999 0.42945375312499995 0.004647440625000001 0.42911427812499997 0.0316215875 0.5784632828125 0.1276566734375 0.572781465625 0.09842952031249999 0.42945375312499995
1 0.285296465625 0.4239132578125 0.1931495984375 0.425946625 0.22753492656250002 0.5705977984375 0.323659834375 0.5658432906249999 0.285296465625 0.4239132578125
0 0.1918898015625 0.42502595000000004 0.09990358125 0.42764978437499995 0.13100713749999998 0.5749926624999999 0.2265507796875 0.5739844046875 0.1918898015625 0.42502595000000004
1 0.3752381484375 0.4221701765625 0.28713439687500003 0.4254591578125 0.324028003125 0.5651315578125 0.4171100484375 0.5632788125 0.3752381484375 0.4221701765625
1 1 0.781842840625 0.9578403484375 0.6674841390624999 0.8773464796875 0.6666036 0.9372279515624999 0.86795866875 1 0.864633228125 1 0.781842840625
1 0.1538818984375 0.6945547859375 0.053775356249999996 0.6944708828125 0.0910962828125 0.900407853125 0.19706552187499998 0.897823275 0.1538818984375 0.6945547859375
1 0.79033901875 0.6691957421875 0.8471151359375 0.8750112937500001 0.935064696875 0.8685921828125001 0.8728413187499999 0.6682204734375 0.79033901875 0.6691957421875
1 0.2632475109375 0.691172 0.3087813875 0.8950380171875001 0.41253734218749993 0.8919727515625 0.3606777578125 0.6828695234375 0.2632475109375 0.691172
0 0.051026651562500004 0.6960482015625 0.006633965625 0.698699459375 0.01382438125 0.9046060125000001 0.089877540625 0.8980560750000001 0.051026651562500004 0.6960482015625
1 0.670614746875 0.67650019375 0.7296861984375 0.8797817234374999 0.8262533375000001 0.8775254718750001 0.7638548093749999 0.6721381140625 0.670614746875 0.67650019375
1 0.509867984375 0.858102140625 0.5159548234375 0.879650575 0.6214724078125 0.8821035328125 0.5591963343749999 0.682291640625 0.46463874531249993 0.6864747171875 0.509867984375 0.858102140625
1 0.364339265625 0.688879375 0.41277290000000005 0.88973263125 0.513924321875 0.8839684484375001 0.46194392031250003 0.6893767640624999 0.364339265625 0.688879375
0 0.158158734375 0.6935030984375 0.20033410468750001 0.899941028125 0.3078119765625 0.8956298421875 0.26070979843750003 0.696961990625 0.158158734375 0.6935030984375
0 0.5622185359375 0.6847477468750001 0.6253092203125 0.8862165187500001 0.7283216 0.8798293765625 0.6679007953125 0.6771628265625 0.5622185359375 0.6847477468750001
1 0 0.1659992265625 0.0358151515625 0.1643901828125 0.012422446875 0.0565745296875 0 0.057056148437499996 0 0.1659992265625
1 0.0981890453125 0.05357949375 0.012850892187499999 0.056533414062499995 0.03659594375 0.165671740625 0.12380239374999999 0.1617538734375 0.0981890453125 0.05357949375
1 1 0.8635488468749999 0.9353608375 0.8699888671875 0.9726704875 0.9837987546875 1 0.9828443874999999 1 0.8635488468749999
0 0.1818317109375 0.0513406046875 0.0991683953125 0.05284633125 0.124532309375 0.1630808171875 0.21209791249999999 0.1627550546875 0.1818317109375 0.0513406046875
1 0.265049375 0.051166678125 0.1832922 0.05100113125 0.2123536734375 0.1627461234375 0.2968342609375 0.1620727484375 0.265049375 0.051166678125
1 0.3542457125 0.05397141875 0.2654209265625 0.05068222343749999 0.2970591375 0.16160954375 0.38325064375 0.1585996703125 0.3542457125 0.05397141875
1 0.7313190921875 0.882411240625 0.7651242765624999 0.991046428125 0.86581203125 0.9875303343749999 0.8282783078125 0.879594990625 0.7313190921875 0.882411240625
1 0.6277397015624999 0.8919875312500001 0.65927250625 0.9947428531250001 0.7623198265625 0.9911443625 0.727828815625 0.8831027656250001 0.6277397015624999 0.8919875312500001
1 0.83429305 0.8768289078124999 0.8704251578125 0.9873692406250001 0.9709803375 0.9838577765625001 0.9315523515624999 0.8693649765625 0.83429305 0.8768289078124999
1 0.5241628046875 0.8909695687499999 0.5523263 0.9984774968749999 0.655372075 0.9948790593749999 0.6224300140625 0.8909231249999999 0.5241628046875 0.8909695687499999
1 0.2171997453125 1 0.19382551406249998 0.9017505703124999 0.0944597765625 0.9046508578125 0.1122599046875 1 0.2171997453125 1
1 0.3288811203125 1 0.30316859375 0.899588128125 0.197595396875 0.9036978265625001 0.2207112875 1 0.3288811203125 1
1 0.44042309062499996 1 0.41280017812500003 0.8982435609375001 0.3051026046875 0.8999435921875 0.3303286484375 1 0.44042309062499996 1
1 0.508727528125 1 0.549120828125 0.9985894343749999 0.51953979375 0.8912043296875 0.4156088859375 0.8967467625 0.4419153734375 1 0.508727528125 1
1 0.1091505609375 1 0.09244593437500001 0.9052908234375 0.014013228124999999 0.9100138734375 0.0171556125 1 0.1091505609375 1
1 0.599876659375 0.039031421875 0.6363275828125 0.157858290625 0.71708865625 0.15365468124999998 0.6771242375 0.034005328125 0.599876659375 0.039031421875
1 0.383172753125 0.158147040625 0.4646509765625 0.154064125 0.43147121562499996 0.05264069375 0.355462509375 0.053928928125 0.383172753125 0.158147040625
1 0.6794794 0.034614771875 0.717806365625 0.154948909375 0.8003255140625001 0.153514728125 0.7479530171875 0.0349903609375 0.6794794 0.034614771875
1 0.514975553125 0.0491873109375 0.5506873109375 0.1560071171875 0.634288553125 0.15516275468750002 0.5961194062499999 0.0423675640625 0.514975553125 0.0491873109375
1 0.5120518609375 0.050282104687499996 0.43238883125000005 0.051406378125 0.466055246875 0.1557080703125 0.549528671875 0.1555252125 0.5120518609375 0.050282104687499996
1 0.829222215625 0.0330966140625 0.8843435453125 0.15196412343750001 0.962821828125 0.1492236015625 0.9086274234375 0.0342212859375 0.829222215625 0.0330966140625
1 0.8003257843749999 0.158356515625 0.8821800015625 0.1520396765625 0.8377173593749999 0.059523137500000003 0.8247569218749999 0.0336916796875 0.754097015625 0.037542548437500003 0.8003257843749999 0.158356515625
1 0.9631620859375 0.14782834843749998 0.9880273453124999 0.14842048593749999 0.9839208984375001 0.0308272328125 0.91206681875 0.0331079421875 0.9631620859375 0.14782834843749998