1 0.7963457468749999 0.134632028125 0.8589533984375001 0.2335515125 0.928986715625 0.216625196875 0.8629456953125001 0.11800055312499999 0.7963457468749999 0.134632028125
1 0.723165625 0.156973865625 0.7905592484375 0.2561744 0.85688908125 0.237022084375 0.7889271546875001 0.1379926171875 0.723165625 0.156973865625
0 0.555717071875 0.2076203578125 0.4842313609375 0.2247546515625 0.479613328125 0.22599205000000003 0.54226434375 0.3274266375 0.6168461484375001 0.3048745125 0.555717071875 0.2076203578125
1 0.56005516875 0.2048498015625 0.6205955875 0.3018370921875 0.6997619765625 0.2861416875 0.6345956984375001 0.1849838375 0.56005516875 0.2048498015625
1 0.6381528515625 0.182801559375 0.7045106296875 0.2877949375 0.7833906609375 0.266199334375 0.71525731875 0.16169862968749998 0.6381528515625 0.182801559375
1 0.40623214531249996 0.247244675 0.4662676078125 0.3512118421875 0.5428733718750001 0.3281173984375 0.4804439703125 0.22735967656249997 0.40623214531249996 0.247244675
1 0.3245386765625 0.2715332625 0.3843717765625 0.376861390625 0.46417397656250003 0.3535524625 0.40433167187499996 0.24760754375 0.3245386765625 0.2715332625
0 0.0843680765625 0.33367843124999996 0.0046696671875 0.35422448281249996 0.063795034375 0.483945703125 0.14508286718750002 0.46159069375 0.0843680765625 0.33367843124999996
0 0.084995459375 0.3343193953125 0.147727053125 0.46414229531249995 0.23136667187499999 0.4424664640625 0.17084771875 0.31293349843749996 0.084995459375 0.3343193953125
0 0.24589046250000002 0.292016784375 0.31488262031250003 0.42227439687499996 0.3929818625 0.4007057703125 0.32137889531249997 0.2693625 0.24589046250000002 0.292016784375
0 0.1710705640625 0.312064715625 0.2325912890625 0.44304029843750004 0.312730815625 0.41964098125 0.2441694328125 0.294096078125 0.1710705640625 0.312064715625
1 0.8648305468749999 0.245282375 0.7886021484375 0.267371771875 0.8723227984375 0.40187518437499997 0.9554752890625 0.3802526375 0.8648305468749999 0.245282375
1 0.9598739671875001 0.385654940625 0.985870459375 0.381441590625 0.9442852828125 0.22624359374999997 0.868157809375 0.243423421875 0.9598739671875001 0.385654940625
1 0.5456170078125 0.33819158125 0.4708414796875 0.3593573203125 0.5441691093750001 0.49323134218750003 0.6263344578125001 0.4679247421875 0.5456170078125 0.33819158125
1 0.78707669375 0.275987846875 0.7060682234375 0.2979073875 0.7930882375 0.42705457812500003 0.8685526593749999 0.4002530203125 0.78707669375 0.275987846875
1 0.625026171875 0.31954633125 0.5495269921875 0.338799896875 0.62557213125 0.4668128203125 0.7102053265625 0.45071635 0.625026171875 0.31954633125
0 0.629146971875 0.32062355625 0.7124445500000001 0.45077444531250005 0.7918101609375 0.4288504015625 0.7033376953125 0.2992209140625 0.629146971875 0.32062355625
1 0.46490107500000005 0.521052078125 0.543625328125 0.4953513265625 0.4672887484375 0.35983766875 0.390672665625 0.38234116406249996 0.3998679484375 0.40205789062499997 0.46490107500000005 0.521052078125
1 0 0.550175559375 0.0331218515625 0.6381493296875 0.11866607968750001 0.6141316531250001 0.06305291874999999 0.48084529531250003 0 0.49581641562499995 0 0.550175559375
0 0.15094835625 0.4673646015625 0.067598328125 0.48629468124999997 0.1221218484375 0.61320568125 0.20624011250000002 0.588473928125 0.15094835625 0.4673646015625
1 0.3157562296875 0.4241320234375 0.2343439953125 0.444831015625 0.29448721875 0.5660562390625 0.3788750546875 0.5421284015625 0.3157562296875 0.4241320234375
0 0.23303681874999999 0.44427289999999997 0.1518881046875 0.4654625734375 0.2096680015625 0.5897477609374999 0.29430647187500003 0.5692612859375 0.23303681874999999 0.44427289999999997
1 0.39526962656250003 0.4041426578125 0.31770477812500003 0.425126034375 0.37905631562500003 0.5414217406249999 0.46133597656249997 0.5206911578125 0.39526962656250003 0.4041426578125
1 1 0.5588629421875 0.962845871875 0.5022170640625 0.8911853140625 0.517942425 0.9855762562500001 0.6842242515625 1 0.6800798515625 1 0.5588629421875
1 0.2544541734375 0.6910844468749999 0.1655401953125 0.7115380734375 0.2408347390625 0.8865094296875 0.33440871250000004 0.8624871828125 0.2544541734375 0.6910844468749999
1 0.8144513625 0.538083040625 0.9069976875 0.708957203125 0.9837849125 0.6852296531250001 0.8875155875 0.5203001015625001 0.8144513625 0.538083040625
1 0.3508808203125 0.6656578875 0.43304474375 0.8371085640624999 0.5245548828125 0.8131139078125 0.4357016015625 0.6383160453125 0.3508808203125 0.6656578875
0 0.074493259375 0.73970036875 0.14625736250000002 0.9147491296875 0.23927108593750002 0.88467379375 0.16342214375 0.7135004921875 0.074493259375 0.73970036875
1 0.709628715625 0.569111490625 0.803694665625 0.7372678031250001 0.8889865734375 0.7154647296875 0.7915350703125 0.5461232296875 0.709628715625 0.569111490625
1 0.44018324218749993 0.6428947328125 0.5243055375 0.81107906875 0.6129503609375 0.7852251078125 0.5269601234375 0.6233208265625 0.44018324218749993 0.6428947328125
0 0.25803683125 0.6892747984375001 0.3377447640625 0.8636949421875 0.43230502499999995 0.8378321828124999 0.349812415625 0.6713128265625 0.25803683125 0.6892747984375001
0 0.6150586765625 0.5986533265625 0.7123227437499999 0.7643779015625001 0.8024926265625 0.7375898890625 0.7073543 0.5702556390625 0.6150586765625 0.5986533265625
0 0.6046594546875 0.7653793125 0.6144754 0.7832402390625 0.7086794171874999 0.7637778875000001 0.612477884375 0.5993555859375 0.529364896875 0.6224552812499999 0.6046594546875 0.7653793125
1 0 0.25659723125 0.0410902046875 0.24514662656250003 0 0.1580457515625 0 0.25659723125
1 0 0.1571284390625 0.042045882812500004 0.246123 0.1186851828125 0.22476593125000002 0.073798015625 0.134089446875 0 0.15383939062500002 0 0.1571284390625
0 0.14761626249999998 0.11495208750000001 0.07451763125000001 0.133238453125 0.11960497187500001 0.22579298125 0.19729846874999998 0.2075477328125 0.14761626249999998 0.11495208750000001
1 0.22147977187499998 0.09773308124999999 0.148843721875 0.11435155156250001 0.1975237609375 0.20748736562499998 0.27240654375 0.1895664734375 0.22147977187499998 0.09773308124999999
1 0.3012621703125 0.08192955625000001 0.2217105546875 0.09722727812500001 0.272511425 0.1891095921875 0.34843528749999997 0.1687658546875 0.3012621703125 0.08192955625000001
1 0.8912083953125001 0.71688473125 0.8056829390625 0.7392648109375 0.900903665625 0.9021788078125 0.9928590875 0.878319059375 0.8912083953125001 0.71688473125
1 0.8027250421875 0.740593775 0.71566231875 0.7689972218750001 0.8084989421875 0.9292774828124999 0.8994599937500001 0.903345271875 0.8027250421875 0.740593775
1 1 0.7172936671875 0.980824053125 0.6866352124999999 0.8959834375 0.7131983796875 0.9990578515624999 0.8839159421874999 1 0.88366349375 1 0.7172936671875
1 0.7107293296875 0.7691421234375 0.6234754 0.7893341640625 0.7114124078125 0.956851009375 0.807854096875 0.9333484406249999 0.7107293296875 0.7691421234375
1 0.39853255 1 0.332335384375 0.8666343031249999 0.2446900859375 0.8895823921874999 0.2928990171875 1 0.39853255 1
1 0.5106686625 1 0.428991809375 0.8422945609375001 0.3360817015625 0.8675880671874999 0.4021384375 1 0.5106686625 1
1 0.56582625 1 0.6161210640625 0.9865235453125001 0.5260718421874999 0.8186209484375 0.4307820140625 0.8422131953124999 0.5117585421874999 1 0.56582625 1
1 0.5282596609375 0.8167176328125001 0.61596344375 0.9865657796875 0.71164721875 0.9609273890625 0.6194181171875 0.7904903531249999 0.5282596609375 0.8167176328125001
1 0.289517496875 1 0.243032740625 0.890562875 0.1481476796875 0.91856833125 0.18036310312499998 1 0.289517496875 1
1 0.5772860796875 0 0.5163298015625 0.0183112671875 0.5730214046875 0.11621197968750001 0.64387858125 0.0959232140625 0.5851154390625 0 0.5772860796875 0
1 0.348273471875 0.1683804375 0.41979219843750004 0.14805164375 0.369567725 0.06491346875000001 0.3023340140625 0.0816423578125 0.348273471875 0.1683804375
1 0.5872594859375 0 0.6447808359375 0.0969237578125 0.7177660890625 0.0787304015625 0.658724353125 0 0.5872594859375 0
1 0.4430145421875 0.0447274640625 0.49659205625 0.1321319140625 0.5706589578125 0.1142397125 0.5136761453124999 0.0220402203125 0.4430145421875 0.0447274640625
1 0.44064232968750006 0.046297862499999995 0.3701299390625 0.0636307109375 0.42137571406249996 0.1492215265625 0.49546451718749995 0.13194215468749998 0.44064232968750006 0.046297862499999995
1 0.7452396140624999 0 0.7920585515624999 0.0601264375 0.8611880359375 0.041603248437500004 0.8283775109375 0 0.7452396140624999 0
1 0.6628332593749999 0 0.718757384375 0.08302403281250001 0.7901527421875 0.0606370984375 0.74157646875 0 0.6628332593749999 0
1 0.8307998984375 0 0.8612046031249999 0.04029616875 0.8927211187499999 0.0338035140625 0.88366349375 0 0.8307998984375 0