1 0.8349693953124999 0.18087164375 0.882616846875 0.28636243125 0.9534282484375 0.279437728125 0.9023827203125 0.173762571875 0.8349693953124999 0.18087164375
1 0.7603372390625001 0.192665740625 0.8126264703125001 0.2990911984375 0.8801216734375 0.289476446875 0.8272531984375 0.1831401953125 0.7603372390625001 0.192665740625
1 0.5896314421875 0.21918709062500003 0.517371146875 0.22611532343750002 0.5126851578125 0.226690690625 0.5600297671875001 0.3346502953125 0.63606154375 0.3228434171875 0.5896314421875 0.21918709062500003
1 0.5942541265625 0.21707185 0.6401451921875 0.320385746875 0.719719165625 0.3159248296875 0.6698768109375 0.20788963124999998 0.5942541265625 0.21707185
1 0.67365503125 0.206242840625 0.7241360921875 0.31819804375 0.804239946875 0.3079200640625 0.7519548703125001 0.19620264375000002 0.67365503125 0.206242840625
1 0.43800589375000004 0.23739050156250002 0.48244501875 0.347469665625 0.5605305359375 0.3354106203125 0.5133097375 0.2281443515625 0.43800589375000004 0.23739050156250002
1 0.35478101875 0.2499178421875 0.3988354265625 0.36130180312500004 0.480076290625 0.34947316875 0.43609754531249995 0.2374839640625 0.35478101875 0.2499178421875
0 0.11137947343750002 0.277678553125 0.030619371875000002 0.286816021875 0.0706332265625 0.4219886984375 0.1531959953125 0.4112988671875 0.11137947343750002 0.277678553125
1 0.11190502656250001 0.27839264531249996 0.155431575 0.41416179218750004 0.240201003125 0.40446107812500004 0.198798471875 0.269280721875 0.11190502656250001 0.27839264531249996
0 0.27505652187499996 0.2591387875 0.324645809375 0.396196259375 0.403982403125 0.3858371125 0.35198894375 0.24735680000000002 0.27505652187499996 0.2591387875
0 0.19913565625000001 0.2684606984375 0.24131982500000002 0.40519172968749995 0.322902978125 0.393321065625 0.2730880453125 0.260937734375 0.19913565625000001 0.2684606984375
1 0.8867540109375 0.2986593546875 0.80917549375 0.3097862328125 0.8725854500000001 0.4530307265625 0.956871184375 0.44331506875000004 0.8867540109375 0.2986593546875
1 0.9946112359375 0.4255307265625 0.976168759375 0.29021390937499997 0.89026303125 0.29729749375000003 0.9604312234375 0.4492112125 0.9974238484375 0.44843762187499997 0.9946112359375 0.4255307265625
1 0.5618307484375 0.3456535203125 0.48579983125000004 0.356076125 0.5391324984375 0.49727224843749995 0.622958584375 0.48381306874999996 0.5618307484375 0.3456535203125
1 0.8065009734374999 0.3180130859375 0.7242711796875 0.32831499062499997 0.7916429421875 0.46676917656250005 0.8691211765625001 0.4509227796875 0.8065009734374999 0.3180130859375
1 0.6420470640625 0.3383375015625 0.56557095 0.346787953125 0.6223657125 0.48261920937499997 0.707340915625 0.47851883125 0.6420470640625 0.3383375015625
1 0.6459290625 0.33996015 0.70952275 0.4788842625 0.7901465546875001 0.46835157812499995 0.721420596875 0.3292249828125 0.6459290625 0.33996015
1 0.4577946796875 0.51359254375 0.5383097078125 0.49927325468749995 0.482259559375 0.3560569609375 0.40424507031249995 0.367535915625 0.41053093125 0.38810997187499996 0.4577946796875 0.51359254375
1 0 0.48182713125000004 0.0194693703125 0.56876170625 0.1064228421875 0.5570302453125 0.070333078125 0.41885045625000006 0 0.42544255781249996 0 0.48182713125000004
0 0.15813946875 0.41776100781250003 0.07403014999999999 0.424812925 0.1099294640625 0.5565996859375 0.19558645937500002 0.5439725 0.15813946875 0.41776100781250003
0 0.325245146875 0.3981356609375 0.24278804375 0.40718674374999997 0.2849635390625 0.5341802125 0.37077380625 0.522377384375 0.325245146875 0.3981356609375
0 0.24158632343750003 0.40646010937500004 0.159319571875 0.41602798906249994 0.19876385000000002 0.5456921953125 0.28434682499999997 0.53729375625 0.24158632343750003 0.40646010937500004
1 0.405747903125 0.3895178171875 0.32701425 0.399377509375 0.3710480703125 0.52171038125 0.454357796875 0.5127478875 0.405747903125 0.3895178171875
1 1 0.675487965625 0.9473370718749999 0.5637608234375 0.8750991921875 0.5692853078125 0.9445817625 0.7451181609375 1 0.737297584375 1 0.675487965625
1 0.2286512671875 0.6510943328125001 0.1388916390625 0.6588714812500001 0.1885063890625 0.8405820078125 0.2833130484375 0.8299524937499999 0.2286512671875 0.6510943328125001
1 0.7972937875 0.5784342390625 0.8643420546874999 0.7585098343750001 0.9426919359375001 0.745855840625 0.8711868046875001 0.5710883421874999 0.7972937875 0.5784342390625
1 0.3264404203125 0.639482753125 0.38325624999999997 0.818692290625 0.4760408296875 0.807805415625 0.4131427171875 0.624396515625 0.3264404203125 0.639482753125
0 0.045987951562500004 0.6739032203125 0.092139540625 0.8552030859374999 0.18722921875 0.838569059375 0.13655094375000001 0.660501275 0.045987951562500004 0.6739032203125
1 0.6905249328124999 0.594374421875 0.7594323703125 0.7719980296875 0.8458350953125 0.7624003890625 0.7737795000000001 0.583149721875 0.6905249328124999 0.594374421875
1 0.4168969484375 0.6294975890625001 0.47607630937499995 0.8057784984374999 0.5663140249999999 0.7926761421874999 0.5044458796875 0.6222874093749999 0.4168969484375 0.6294975890625001
0 0.232403278125 0.6498159390625 0.286409696875 0.83159483125 0.3824335234375 0.8192989468749999 0.3246193375 0.6448729734375 0.232403278125 0.6498159390625
1 0.5939865156249999 0.610271590625 0.6663553046875 0.7859546578125001 0.7582126437500001 0.7721477921875 0.6881436484375001 0.595181403125 0.5939865156249999 0.610271590625
0 0.5609303015625 0.7721003125 0.5680778734375 0.7909426500000001 0.6628747359375 0.7848650968750001 0.591366271875 0.610603646875 0.5069164015625 0.621771203125 0.5609303015625 0.7721003125
1 0 0.1833400453125 0.0033295234375000002 0.1953762078125 0.081209346875 0.1850230578125 0.05177894843750001 0.09019314218749999 0 0.0967529328125 0 0.1833400453125
1 0.12844022500000002 0.0807803203125 0.052159856250000004 0.0901226703125 0.0820099109375 0.1861108265625 0.159889734375 0.175757675 0.12844022500000002 0.0807803203125
1 1 0.7363379265625001 0.9430670031249999 0.7470848453125 1 0.88023769375 1 0.7363379265625001
0 0.20325654843750002 0.07221204375 0.12926077656249998 0.080046165625 0.16064824375 0.176890125 0.23913184375 0.16972939375 0.20325654843750002 0.07221204375
1 0.27785380000000004 0.0655284953125 0.20453935625000003 0.07179311875 0.2393604515625 0.169701325 0.315050834375 0.1624709203125 0.27785380000000004 0.0655284953125
1 0.3580450328125 0.061046584375000004 0.2781489234375 0.0650650015625 0.31521611875 0.162037984375 0.3922571921875 0.15257852968750002 0.3580450328125 0.061046584375000004
1 0.847812965625 0.7640970296875 0.7611026421875 0.77422750625 0.8318589875000001 0.946876846875 0.9250605046875 0.9361834312499999 0.847812965625 0.7640970296875
1 0.7580275890625 0.7751212875 0.6689870921875001 0.7909381546875001 0.737773478125 0.9606799765625 0.8302870531250001 0.9478201484375001 0.7580275890625 0.7751212875
1 1 0.8824629203125 0.939603471875 0.7468242187499999 0.8529886640625 0.7611452296875 0.9308683703125 0.943723553125 1 0.9363622890625001 1 0.8824629203125
1 0.6641430671874999 0.7904003281249999 0.5760427640625 0.798150065625 0.6390442828125 0.9743029859375 0.7365840421875001 0.9645774921875001 0.6641430671874999 0.7904003281249999
1 0.33597054375 1 0.2807161953125 0.8337277578125001 0.1918548359375 0.8441223484375 0.23530178125 1 0.33597054375 1
1 0.44070988906249997 1 0.37858086874999997 0.823212075 0.284248921875 0.8351779078125 0.3393900390625 1 0.44070988906249997 1
1 0.4969761109375 1 0.543284621875 0.9943140296875 0.476768365625 0.8134070484375 0.3803427390625 0.8233790703125001 0.44167730625 1 0.4969761109375 1
1 0.4791691734375 0.811844740625 0.5444406125000001 0.9982982921874999 0.6417005796875 0.98635626875 0.5719163 0.7987231765625 0.4791691734375 0.811844740625
1 0.2316789421875 1 0.1900994734375 0.8448540921875001 0.093463884375 0.8592033953125 0.1274617328125 1 0.2316789421875 1
1 0.577099759375 0.02838441875 0.6191015531249999 0.132062428125 0.6911801984375 0.1219586640625 0.6459637765624999 0.0178188359375 0.577099759375 0.02838441875
1 0.392151853125 0.1521788234375 0.46488294531249996 0.1421270171875 0.4271791234375 0.053795906250000004 0.35913264843750003 0.060913040625000005 0.392151853125 0.1521788234375
1 0.6481231609375 0.0181805078125 0.6919251984375 0.123062740625 0.7657973265625 0.115304071875 0.7095443703125001 0.0131461703125 0.6481231609375 0.0181805078125
1 0.5017761593750001 0.0441495953125 0.5421734015624999 0.1371203484375 0.6170619703125 0.12980561875000002 0.5739927859375 0.031670242187499996 0.5017761593750001 0.0441495953125
1 0.49924072343750003 0.04536049375 0.42790501406250003 0.0526172703125 0.46627093124999996 0.143490784375 0.5410967921875 0.1367791703125 0.49924072343750003 0.04536049375
1 0.85153768125 0 0.7822597765625 0.0050735125 0.8410041828124999 0.10732345000000001 0.9111508984375 0.0987105171875 0.8536262234375 0 0.85153768125 0
1 0.7661773593750001 0.119645078125 0.8390703281249999 0.10756089843750001 0.7919492124999999 0.0281005171875 0.7783029796875 0.00595729375 0.715253121875 0.0149524609375 0.7661773593750001 0.119645078125
1 0.8573214984374999 0 0.9113465218749999 0.097432878125 0.9536683781249999 0.094743646875 0.947936215625 0.04539319375 0.9423626328125 0 0.8573214984374999 0