1 0.8799532703124999 0.2355167828125 0.913499709375 0.3504417234375 0.986878740625 0.3535400625 0.9498852546875 0.237937153125 0.8799532703124999 0.2355167828125
1 0.801968896875 0.23685681406249998 0.8401258859375 0.353407359375 0.9105016375 0.35327264375 0.8717397218749999 0.23673011093750002 0.801968896875 0.23685681406249998
1 0.6236610109375 0.23945550937500001 0.548800403125 0.2361522390625 0.54392766875 0.2360671859375 0.57680976875 0.35347764531250003 0.6562266796875 0.35232597499999996 0.6236610109375 0.23945550937500001
1 0.6286903171875 0.23795397343750002 0.6607541859375 0.3503960609375 0.742736334375 0.3572795796875 0.7073118828125 0.2394321734375 0.6286903171875 0.23795397343750002
1 0.711410653125 0.23828897968749999 0.7469246875 0.3602440484375 0.8302844015625 0.36124472343749997 0.792892121875 0.23927358281250002 0.711410653125 0.23828897968749999
1 0.4660523921875 0.23627942968750001 0.49565990156249995 0.3554430078125 0.5772123984374999 0.354328615625 0.5443572265625 0.23764624531249998 0.4660523921875 0.23627942968750001
1 0.3791791109375 0.237133828125 0.40820585937500004 0.35757869375 0.4929506640625 0.357154496875 0.464088234375 0.2361004984375 0.3791791109375 0.237133828125
0 0.1263829890625 0.23053878593750002 0.042516345312499995 0.22827529531250002 0.0639943453125 0.37250822499999997 0.1499267640625 0.373440909375 0.1263829890625 0.23053878593750002
1 0.1268175984375 0.2313459625 0.1518005859375 0.376695521875 0.23984653125 0.3789590890625 0.2169501203125 0.23451841406249999 0.1268175984375 0.2313459625
0 0.29635907499999997 0.23510491249999999 0.32735430781249997 0.38264689218750003 0.40994138593749996 0.38345397812500004 0.37669305625 0.23410837031249998 0.29635907499999997 0.23510491249999999
0 0.21741263125 0.233726896875 0.2408852046875 0.37986861875 0.32598594062499997 0.37945063125 0.2940883734375 0.23666446093750002 0.21741263125 0.233726896875
1 0.91596166875 0.36363441406249997 0.8350613843750001 0.363866853125 0.879295125 0.5197361984375 0.9668487812500001 0.5219148375 0.91596166875 0.36363441406249997
1 1 0.367359384375 0.9197443156249999 0.36274436250000003 0.9696405984375 0.528467375 0.9995169468749999 0.5320375390625001 1 0.5043634484374999 1 0.367359384375
1 0.57706956875 0.365008790625 0.49785245937499994 0.36474250937499997 0.5320794734375001 0.517063003125 0.619701221875 0.51534054375 0.57706956875 0.365008790625
1 0.8311452625 0.371909653125 0.7456089578125 0.37062749687499996 0.794580859375 0.52215979375 0.8760568328125 0.517078153125 0.8311452625 0.371909653125
1 0.66011860625 0.369059940625 0.5807298109375 0.366709265625 0.6192667421875 0.5140321937500001 0.7067182578125 0.522062475 0.66011860625 0.369059940625
1 0.6638536390625001 0.3712809640625 0.708896034375 0.5227508703125 0.792823846875 0.5235654546874999 0.742564303125 0.37114941562500003 0.6638536390625001 0.3712809640625
1 0.44659010312499997 0.5220745906250001 0.5309508640625 0.51899444375 0.4942363203125 0.3642133125 0.4128397875 0.364743671875 0.416308728125 0.38672489374999997 0.44659010312499997 0.5220745906250001
1 0 0.515552853125 0.081173140625 0.5159988140625 0.0641385015625 0.36925014843750004 0.002256059375 0.366387015625 0 0.4956365921875 0 0.515552853125
0 0.1540514046875 0.38077238750000003 0.0670608625 0.37589035000000004 0.08481950625 0.5160624625 0.17419326875000002 0.5154558421875 0.1540514046875 0.38077238750000003
0 0.327688259375 0.3847199171875 0.2420993421875 0.3821236765625 0.26696235 0.5182887953125 0.3563743234375 0.518548725 0.327688259375 0.3847199171875
0 0.24097535312499999 0.3812063296875 0.1555067515625 0.37916690468750003 0.1771940984375 0.517674865625 0.2658845203125 0.52138960625 0.24097535312499999 0.3812063296875
1 0.411217171875 0.3874786828125 0.3293181953125 0.3862467265625 0.35675052812499997 0.5179049124999999 0.44319827187499994 0.5207146234375 0.411217171875 0.3874786828125
1 0.9944803109375 0.8205861875 0.9397947562500001 0.643929596875 0.8651587812500001 0.6391915265625 0.9109170093750001 0.8293190921875 0.994328759375 0.8292685499999999 0.9944803109375 0.8205861875
1 0.1925988375 0.629952725 0.09972829062500001 0.6250003625 0.1243328578125 0.8182894859375001 0.2227724046875 0.8210462656249999 0.1925988375 0.629952725
1 0.784310803125 0.637365059375 0.82697098125 0.8314885984375 0.908879209375 0.8298027765624999 0.8609004109375 0.640475465625 0.784310803125 0.637365059375
1 0.2942282359375 0.632132740625 0.326553196875 0.8238962781250001 0.42296274218749996 0.82609836875 0.38502388125000003 0.6291574718749999 0.2942282359375 0.632132740625
0 0.00260136875 0.6270272109375 0.023724878125 0.8193971796874999 0.12331658906250001 0.8160435546875 0.0971014109375 0.6263330500000001 0.00260136875 0.6270272109375
1 0.6728802609375 0.6383268703125 0.7177932515625 0.8302061406250001 0.8074939531249999 0.8328103859375 0.7595967031249999 0.638811196875 0.6728802609375 0.6383268703125
1 0.3881284546875 0.634923475 0.423290278125 0.8240270609375001 0.5174147703124999 0.8235929875 0.4786577375 0.6401384593749999 0.3881284546875 0.634923475
0 0.19661787656250002 0.629183153125 0.225701815625 0.8231744234375 0.325625021875 0.8243993328125001 0.2915921328125 0.6373924734374999 0.19661787656250002 0.629183153125
1 0.5719135296875 0.6407171218750001 0.6206435984375 0.83110666875 0.7165249171875 0.8301840015625 0.6703301296874999 0.6388108124999999 0.5719135296875 0.6407171218750001
0 0.5148682578125 0.801739796875 0.51946689375 0.8220710406249999 0.61724230625 0.8294895312499999 0.5691873796875 0.6406801484375 0.48125730312500004 0.6399652390624999 0.5148682578125 0.801739796875
1 0.092400746875 0.0298964640625 0.014452759374999999 0.028836228125000002 0.027760459375 0.1306745953125 0.10885755625 0.13127815 0.092400746875 0.0298964640625
1 0.1721171078125 0.03128791875 0.0928002390625 0.0298790984375 0.1095195859375 0.132507709375 0.19061668125 0.1331112609375 0.1721171078125 0.03128791875
1 0.99134863125 1 0.994366653125 0.8270977 0.9090859968749999 0.8311157781249999 0.954709721875 1 0.99134863125 1
0 0.2498261828125 0.033278990625 0.1730613796875 0.030653940624999997 0.191229303125 0.134380540625 0.2724848265625 0.1383413734375 0.2498261828125 0.033278990625
1 0.327040484375 0.037169284375 0.2511976796875 0.033034475 0.2727225453125 0.1383455234375 0.3511328375 0.1418329453125 0.327040484375 0.037169284375
1 0.40965661718749996 0.0441201390625 0.3274087671875 0.036736951562499995 0.35136400624999997 0.1414132265625 0.43147530156249997 0.142811575 0.40965661718749996 0.0441201390625
1 0.85706976875 1 0.8092719390625 0.8348331390625001 0.7191802375 0.8327304703125 0.7616730953124999 1 0.85706976875 1
1 0.75958258125 1 0.715908459375 0.8332034734375 0.622617696875 0.8365906656250001 0.663447778125 1 0.75958258125 1
1 0.95412596875 1 0.9055830015625 0.83035026875 0.8149867531250001 0.8325542140625 0.8600670328125 1 0.95412596875 1
1 0.6604822953125 1 0.617743384375 0.8353424890625 0.52657295 0.830600875 0.5615099265625 1 0.6604822953125 1
1 0.1272469140625 0.8223982359375 0.1500058953125 0.99396699375 0.25086586875 0.9957275109375001 0.21957537343750003 0.824539946875 0.1272469140625 0.8223982359375
1 0.2229781640625 0.8265339890625001 0.2542665515625 0.9957868703124999 0.3551478328125 0.997547759375 0.3211244875 0.827853490625 0.2229781640625 0.8265339890625001
1 0.3229014875 0.8282781578125 0.3561913234375 0.997565975 0.4589769375 0.999360103125 0.4229014734375 0.8319415109375001 0.3229014875 0.8282781578125
1 0.559436153125 1 0.5222724921874999 0.8305940453125 0.425580103125 0.8306866078124999 0.45918681718750004 0.9993637671875 0.4956365765625 1 0.559436153125 1
1 0.024503784375 0.82368579375 0.0408981828125 0.9920625125000001 0.146301596875 0.9939023359375 0.1253474171875 0.8228951921875 0.024503784375 0.82368579375
1 0.6382695828125 0.042189709375 0.6663054875000001 0.15444500625 0.7414367390625001 0.15446905 0.7101811812500001 0.0412779625 0.6382695828125 0.042189709375
1 0.4314250609375 0.1423869453125 0.5072157828125 0.142558125 0.48136793125 0.046643121875 0.4107875765625 0.0441398796875 0.4314250609375 0.1423869453125
1 0.7123365484375 0.041959275000000004 0.742039628125 0.155707315625 0.818667196875 0.15839186562500002 0.77584520625 0.045642578125 0.7123365484375 0.041959275000000004
1 0.5590077640625 0.047498271875 0.5869421265625 0.148553890625 0.664544915625 0.1518395203125 0.6346214359375 0.0451085734375 0.5590077640625 0.047498271875
1 0.556242015625 0.0483738046875 0.4822793140625 0.0455401859375 0.5084386171874999 0.1441549734375 0.5858906359375 0.14804942031249999 0.556242015625 0.0483738046875
1 0.8513354874999999 0.047838978125 0.8966910296874999 0.161041153125 0.9696332156249999 0.1623143640625 0.924949565625 0.05275102499999999 0.8513354874999999 0.047838978125
1 0.8184318625 0.1628935796875 0.8946801093750001 0.161006053125 0.8579310953125001 0.07282293906250001 0.8471638203125 0.048174825 0.78142116875 0.048314659375 0.8184318625 0.1628935796875
1 1 0.05336537500000001 0.928194665625 0.0518833515625 0.97001678125 0.1610336828125 1 0.1633257171875 1 0.05336537500000001