1 0.884497328125 0.2337641125 0.918591415625 0.35070456562499996 0.9931733453125 0.3538557890625 0.9555757171874999 0.236225540625 0.884497328125 0.2337641125
1 0.8052344703125 0.2351292171875 0.8440146578125001 0.3537237015625 0.9155441375000001 0.3535852109375 0.87614910625 0.23499889375 0.8052344703125 0.2351292171875
0 0.6240033890625 0.2377770828125 0.547915596875 0.234417365625 0.5429629828125 0.23433091875 0.5763817890625 0.3538005078125 0.65710066875 0.3526270375 0.6240033890625 0.2377770828125
1 0.629115175 0.23624910312499997 0.6617024359375 0.3506631765625 0.7450284453125 0.357665809375 0.709025615625 0.2377516578125 0.629115175 0.23624910312499997
1 0.7131916046875 0.2365883265625 0.7492854 0.360682203125 0.834011675 0.3616987578125 0.7960088437499999 0.2375885671875 0.7131916046875 0.2365883265625
1 0.46381103125 0.2345484484375 0.493901528125 0.3558019796875 0.576791003125 0.3546663984375 0.5433995515625 0.235937671875 0.46381103125 0.2345484484375
1 0.37551355000000003 0.23541958125 0.40501373906250004 0.3579768875 0.49114784062499994 0.35754354843749997 0.4618146765625 0.23436641875 0.37551355000000003 0.23541958125
0 0.11857327343749999 0.2287139109375 0.0333317828125 0.2264123953125 0.0551589921875 0.3731752453125 0.142500153125 0.374122565625 0.11857327343749999 0.2287139109375
0 0.11901499062500001 0.2295352390625 0.144404628125 0.3774342375 0.233893934375 0.37973575 0.2106250625 0.23276153906250002 0.11901499062500001 0.2295352390625
0 0.2913358203125 0.23335673125 0.32283622031250003 0.38348649218749997 0.4067771984375 0.38430608125 0.3729868 0.23234109531249997 0.2913358203125 0.23335673125
0 0.2110951734375 0.231956125 0.2349496171875 0.380661215625 0.321445484375 0.38023418750000004 0.2890278625 0.23494368593749998 0.2110951734375 0.231956125
1 0.921093471875 0.3641286546875 0.83886691875 0.3643667953125 0.8838226890625 0.5229697484375 0.9728116390625001 0.5251848484375 0.921093471875 0.3641286546875
1 1 0.367542671875 0.924938146875 0.3632229109375 0.9756490921875001 0.5318522859375 0.9994704437499999 0.534701646875 1 0.5043633984375 1 0.367542671875
1 0.5766456171875001 0.3655339453125 0.4961298421875 0.36526458281249996 0.5309149093750001 0.520256625 0.6199731453124999 0.5185021875 0.5766456171875001 0.3655339453125
1 0.834886434375 0.3725507703125 0.7479478921875 0.3712478390625 0.7977195859374999 0.525437559375 0.8805313625 0.520265134375 0.834886434375 0.3725507703125
1 0.6610560609375 0.3696544984375 0.58036583125 0.36726417968749997 0.6195315703125 0.5171708953125 0.7084165875 0.5253403 0.6610560609375 0.3696544984375
1 0.6648522796874999 0.3719144125 0.71063005 0.526040728125 0.7959337421875 0.52686791875 0.7448533140625 0.37177897656250003 0.6648522796874999 0.3719144125
1 0.44402394375 0.5253578484375 0.529767759375 0.5222219734375 0.4924544328125 0.36472617500000004 0.4097234921875 0.365267471875 0.41324886093749996 0.387634253125 0.44402394375 0.5253578484375
1 0 0.5187848500000001 0.072616534375 0.5191828171874999 0.055305578125 0.36986000625000004 0.002238325 0.3674029984375 0 0.4956365890625 0 0.5187848500000001
0 0.1466922625 0.38158258125 0.0582757140625 0.37661664375 0.0763226765625 0.5192475078125 0.167161625 0.518628453125 0.1466922625 0.38158258125
1 0.3231756046875 0.3855958796875 0.2361836140625 0.38295581093750003 0.2614514859375 0.52150924375 0.3523292578125 0.5217719390625 0.3231756046875 0.3855958796875
0 0.23504121718749998 0.3820223921875 0.14817149999999998 0.37994890312499996 0.17021160625 0.5208863453125 0.2603559234375 0.524664475 0.23504121718749998 0.3820223921875
1 0.40807381875 0.388401365625 0.32483223125 0.387149440625 0.352711640625 0.5211168234375 0.44057653593749996 0.5239740921875 0.40807381875 0.388401365625
1 0.99468224375 0.8090174578125 0.9453116453125 0.64934071875 0.8694521984374999 0.644521025 0.9159567624999999 0.8379831781249999 0.9941775015625 0.837934184375 0.99468224375 0.8090174578125
1 0.1858666328125 0.6351336421875 0.091473684375 0.6300962625000001 0.1164777328125 0.8267758625000001 0.21653102343750003 0.82957903125 0.1858666328125 0.6351336421875
1 0.787278853125 0.6426641375 0.830634496875 0.8401924296875001 0.9138855453125 0.8384753875 0.8651239937499999 0.6458275765625 0.787278853125 0.6426641375
1 0.28916207968749996 0.6373498640624999 0.3220131171875 0.832476959375 0.4200031359375 0.83471574375 0.38144626875 0.6343205765625 0.28916207968749996 0.6373498640624999
0 0 0.698231646875 0.0142203859375 0.827905009375 0.1154448484375 0.8244905499999999 0.08880371406250001 0.631452384375 0 0.6321071921875 0 0.698231646875
1 0.6740215234375 0.643645059375 0.7196669546875001 0.8388896640624999 0.810838140625 0.8415377953125001 0.7621595671875 0.6441361421875 0.6740215234375 0.643645059375
1 0.384601621875 0.6401876734374999 0.42033608593749994 0.83260809375 0.5160036421875 0.8321645156249999 0.4766149171875 0.645492328125 0.384601621875 0.6401876734374999
0 0.18995157499999998 0.6343504921875 0.219508415625 0.8317444640625 0.3210697171875 0.8329888546875001 0.2864826546875 0.6427019234375 0.18995157499999998 0.6343504921875
0 0.5713995140625 0.6460792718749999 0.6209246312500001 0.839807940625 0.7183778281250001 0.8388671625 0.671429575 0.6441375421875 0.5713995140625 0.6460792718749999
0 0.513415821875 0.80992799375 0.5180894406250001 0.8306158281249999 0.6174676125 0.8381624999999999 0.568628675 0.6460417031250001 0.479257103125 0.6453160171875 0.513415821875 0.80992799375
1 0.007837037500000001 0.0466530140625 0.0183359515625 0.127099734375 0.1007625234375 0.1277122453125 0.084037959375 0.024552303125 0.008240796875000001 0.023521649999999998 0.007837037500000001 0.0466530140625
1 0.165061146875 0.025966568750000002 0.084444003125 0.0245346234375 0.10143538125 0.1289633640625 0.18386195624999999 0.1295758765625 0.165061146875 0.025966568750000002
1 0.99134863125 1 0.9942107234374999 0.836030875 0.914095696875 0.8398114203124999 0.9573184843749999 1 0.99134863125 1
0 0.2440441296875 0.027991009374999997 0.1660209125 0.025321448437499998 0.18448459374999998 0.1308674109375 0.2670721265625 0.13489610000000002 0.2440441296875 0.027991009374999997
1 0.3225241890625 0.031948003125 0.245438115625 0.0277421765625 0.267313740625 0.1349003171875 0.34700940468749997 0.138447346875 0.3225241890625 0.031948003125
1 0.40649457343749995 0.039019140625 0.322898515625 0.031508078125 0.347244371875 0.1380202609375 0.4286689671875 0.1394415328125 0.40649457343749995 0.039019140625
1 0.8578531999999999 1 0.8126452328125 0.8435960015624999 0.7210766296875 0.8414582515625 0.761303865625 1 0.8578531999999999 1
1 0.75908818125 1 0.717751203125 0.84193961875 0.6229309828125 0.84538810625 0.6615163953125001 1 0.75908818125 1
1 0.9565389812499999 1 0.9105352874999999 0.83903255 0.8184537781250001 0.841276978125 0.8611345 1 0.9565389812499999 1
1 0.6583892859375 1 0.6179767875 0.844118128125 0.52531181875 0.8392951625 0.558415196875 1 0.6583892859375 1
1 0.11943947968749999 0.8309566359374999 0.14101478750000002 0.993810053125 0.2429391921875 0.9955891515624999 0.213281509375 0.83313406875 0.11943947968749999 0.8309566359374999
1 0.2167400453125 0.8351630234374999 0.24637119687500003 0.9956490562500001 0.3487223359375 0.997435603125 0.31649533281250003 0.8365037031250001 0.2167400453125 0.8351630234374999
1 0.31830145625 0.836935784375 0.34982825 0.99745490625 0.4540772140625 0.9992745781249999 0.41994074687499994 0.840661396875 0.31830145625 0.836935784375
1 0.5561543546875 1 0.5209408609375 0.8392882984375 0.42266331562500004 0.8393844250000001 0.45448171562499995 0.9992816390625 0.4956365921875 1 0.5561543546875 1
1 0.015011976562500001 0.8322688453125 0.03053236875 0.9918815765625 0.1373685171875 0.9937464078125 0.11750883281249999 0.83146235 0.015011976562500001 0.8322688453125
1 0.6388554109375 0.0370502546875 0.667348678125 0.151274340625 0.743711615625 0.1512972984375 0.71194593125 0.036121070312499996 0.6388554109375 0.0370502546875
1 0.4286179109375 0.13900945468749998 0.505651128125 0.139182115625 0.47938145781249997 0.041584945312499996 0.4076440734375 0.03903920625 0.4286179109375 0.13900945468749998
1 0.71413661875 0.036814290625 0.7443243609375 0.152557278125 0.8222080937499999 0.155287384375 0.778686353125 0.0405609375 0.71413661875 0.036814290625
1 0.558294084375 0.042453539062500004 0.5866843671875 0.14528146875 0.6655592953125 0.14862318125 0.6351473984375 0.0400204 0.558294084375 0.042453539062500004
1 0.5554829765625 0.043344489062500005 0.4803078015625 0.040462640625000004 0.506893975 0.14080695468749999 0.5856156515625 0.14476816875 0.5554829765625 0.043344489062500005
1 0.8554141609375 0.04279435625 0.9015109812500001 0.157981584375 0.9756489390624999 0.1592756671875 0.93023495625 0.047791096875 0.8554141609375 0.04279435625
1 0.8219688109375 0.15986807812499998 0.89946709375 0.1579459078125 0.86211739375 0.068216490625 0.8511740984375 0.0431361765625 0.784353671875 0.043279785937499995 0.8219688109375 0.15986807812499998
1 1 0.048280215625 0.9335332703124999 0.0469081375 0.97603881875 0.1579725109375 1 0.15980579687500002 1 0.048280215625