1 1 0.40033463593749996 0.9809706890625 0.2900373140625 0.9122772484375 0.277949809375 0.9294920578125 0.395761965625 1 0.40872072968750006 1 0.40033463593749996
1 0.8351152875000001 0.2684474390625 0.8566561859374999 0.388499990625 0.926141115625 0.3981332984375 0.904001996875 0.2780046921875 0.8351152875000001 0.2684474390625
0 0.6587521656249999 0.24626260625000002 0.5853159296875 0.2326218484375 0.5805179328125 0.2318619203125 0.596733153125 0.3520291671875 0.675283084375 0.36191579375 0.6587521656249999 0.24626260625000002
1 0.663924190625 0.2454820796875 0.6800190546875 0.3606438453125 0.7599895265625001 0.378798021875 0.7413252531250001 0.25784775 0.663924190625 0.2454820796875
1 0.7455292 0.25729092656249997 0.7637136640625 0.3822981 0.845857703125 0.394851096875 0.8258214875000001 0.2695674578125 0.7455292 0.25729092656249997
0 0.5036196687500001 0.22126424843749998 0.5163600984375 0.3427032359375 0.5970128609375001 0.3529229171875 0.5807234984375 0.233476296875 0.5036196687500001 0.22126424843749998
1 0.4177508484375 0.21005021406250002 0.42974077499999996 0.3326701859375 0.5134491140625 0.3440124390625 0.5017056453125 0.22081550781249998 0.4177508484375 0.21005021406250002
0 0.16913390781249998 0.1684764453125 0.086664184375 0.1546097125 0.0879121984375 0.29960426875 0.1726051 0.31244733125 0.16913390781249998 0.1684764453125
0 0.16945123906249998 0.1693315140625 0.174004478125 0.315911903125 0.2605994859375 0.3303586671875 0.257980128125 0.1849627328125 0.16945123906249998 0.1693315140625
0 0.33628175625 0.196559684375 0.3464662578125 0.34613307656250003 0.4278744234375 0.35838824687500004 0.4157154453125 0.2067263125 0.33628175625 0.196559684375
0 0.25854615625 0.184247575 0.2614989171875 0.33139834218750003 0.345557728125 0.34279610312500003 0.33382465781250004 0.1977801390625 0.25854615625 0.184247575
0 0.93009719375 0.40909334687500004 0.8502102203125 0.39809578437500004 0.8723101859375 0.5577055265624999 0.9584310140625 0.5720003546875 0.93009719375 0.40909334687500004
1 1 0.42192164375 0.9339540843749999 0.4087418984375 0.960280309375 0.57883950625 0.9924014453125001 0.5873262421875001 1 0.53935085625 1 0.42192164375
1 0.5953944375 0.3634189734375 0.517237878125 0.3521639328125 0.5299513609375001 0.5068908000000001 0.6166790609375 0.517353990625 0.5953944375 0.3634189734375
1 0.8452321078124999 0.4054714203125 0.760978546875 0.392339228125 0.78835540625 0.54833615 0.86948144375 0.554638996875 0.8452321078124999 0.4054714203125
1 0.6768098250000001 0.3789324046875 0.5987721453125 0.36560121562500003 0.6164311875 0.5160054796875 0.7016417078125 0.5360477546875 0.6768098250000001 0.3789324046875
1 0.6801893453125001 0.381637565625 0.7036961109375001 0.537027765625 0.7864266484375 0.5494763703125 0.7579010375 0.39243061562500003 0.6801893453125001 0.381637565625
1 0.44487348437499996 0.4999620421875 0.5285701515625 0.5086359125000001 0.5137416765625 0.351141071875 0.43332365624999997 0.340367984375 0.43370699999999995 0.3624924328125 0.44487348437499996 0.4999620421875
1 0.088505196875 0.29641631875 0.0278185265625 0.2850098875 0.0046139515625 0.4315178015625 0.085019259375 0.44327130937500003 0.088505196875 0.29641631875
0 0.1756622390625 0.3202383953125 0.0904712203125 0.30335990156250003 0.0886096984375 0.44383997812500003 0.176912409375 0.45564497031249995 0.1756622390625 0.3202383953125
1 0.3465091234375 0.3482205546875 0.26238541249999997 0.33378719375 0.26809075 0.47130778281249996 0.3563113046875 0.4839712953125 0.3465091234375 0.3482205546875
0 0.26140284999999996 0.3327279828125 0.177320871875 0.318859565625 0.1795674921875 0.458246278125 0.266597896875 0.4742113234375 0.26140284999999996 0.3327279828125
1 0.42857696562500003 0.362528075 0.347906784375 0.3499500578125 0.35677170937499997 0.48338959218750005 0.44171361718749996 0.49815231875 0.42857696562500003 0.362528075
1 0.8418317 0.6733614984375 0.8606973515625 0.8669139921875001 0.9458404453125 0.878831396875 0.9148477234374999 0.6883838124999999 0.8418317 0.6733614984375
1 0.1792412265625 0.570934571875 0.088255921875 0.5531708734375 0.085803921875 0.7469008234375 0.1825899875 0.76327551875 0.1792412265625 0.570934571875
1 0.7622811781250001 0.6603439609375 0.77753603125 0.8574010421875 0.8586189765625001 0.8671074531249999 0.8374507484375 0.674034759375 0.7622811781250001 0.6603439609375
1 0.27925570781250003 0.587184028125 0.284635375 0.780483209375 0.379494403125 0.796030046875 0.36928959375 0.5968541218750001 0.27925570781250003 0.587184028125
0 0 0.7354846312500001 0.085111475 0.744548415625 0.0854786296875 0.5541185328125 0 0.542739521875 0 0.7354846312500001
1 0.6521575890625 0.645827909375 0.669946603125 0.8409878671875 0.7581278546875 0.85599969375 0.7376864046875 0.6583383109375001 0.6521575890625 0.645827909375
1 0.3715564078125 0.6029622390625 0.3801042421875 0.7940360578125001 0.47307241875 0.8066701921874999 0.4601943765625 0.6206596249999999 0.3715564078125 0.6029622390625
0 0.18331478750000002 0.5707345578125 0.18518714375 0.7657774468749999 0.28364960625 0.780849721875 0.275926065625 0.5919970390625 0.18331478750000002 0.5707345578125
0 0.552164984375 0.63417036875 0.573927828125 0.8283932109375 0.668697721875 0.8407900640625 0.6495734671875 0.645950528125 0.552164984375 0.63417036875
1 0.4735818703125 0.784799809375 0.47530856093749996 0.8054564281250001 0.5707941984375 0.8263289578125 0.5494791796875 0.6337556609375 0.46278430937500004 0.6208498078125 0.4735818703125 0.784799809375
1 0.0861269625 0 0.0856005546875 0.056462828124999996 0.1655661484375 0.0683108328125 0.1640812375 0 0.0861269625 0
1 0.1644964609375 0 0.16604953281249998 0.06961334687500001 0.24601512812499998 0.0814613484375 0.242707684375 0 0.1644964609375 0
1 0.9270403437500001 1 0.9465841515625 0.8766052515625 0.85864145625 0.86842895 0.875159803125 1 0.9270403437500001 1
0 0.24360862499999997 0 0.24644424687500002 0.08279611406250001 0.3261017921875 0.0979717375 0.318903028125 0 0.24360862499999997 0
1 0.3202000671875 0 0.326335865625 0.0980088109375 0.4032504375 0.11232347499999999 0.39394804843750003 0.005926675 0.3637820625 0 0.3202000671875 0
1 0.474534996875 0.024235129687500002 0.3943713796875 0.005552096875 0.40353668125000003 0.1119422921875 0.48241926562500004 0.12443606562500001 0.474534996875 0.024235129687500002
1 0.7799820562499999 1 0.7596030453125 0.8582380609375001 0.6709664625 0.8436658328125001 0.688199246875 1 0.7799820562499999 1
1 0.6860639843749999 1 0.66767153125 0.8436775390625 0.5751177890625 0.8340667875 0.5927482921875 1 0.6860639843749999 1
1 0.8739737484375001 1 0.8552896265625 0.867189109375 0.7655592625 0.8567872296875001 0.7834135265625 1 0.8739737484375001 1
1 0.5898628515625 1 0.5704791328125001 0.832161409375 0.481142815625 0.814841140625 0.4930648953125 1 0.5898628515625 1
1 0.0881119375 0.7513507453125 0.0867150390625 0.94077465625 0.18688400624999998 0.9566398609375 0.178950971875 0.7662718078124999 0.0881119375 0.7513507453125
1 0.18203394374999998 0.7687073734375 0.1902680203125 0.9571758359375 0.2898693203125 0.9729511328125 0.2787294 0.783626209375 0.18203394374999998 0.7687073734375
1 0.280424690625 0.7842909359375 0.2908309546875 0.973103440625 0.3923622 0.9891844109375001 0.3786256171875 0.8017747984374999 0.280424690625 0.7842909359375
1 0.491211196875 1 0.4768988765625 0.8142376468749999 0.3814432296875 0.800910909375 0.39229104375 0.9891731406250001 0.46064914687499997 1 0.491211196875 1
1 0 0.9270403421875001 0.0828949859375 0.94016961875 0.086168240625 0.751576465625 0 0.740148884375 0 0.9270403421875001
1 0.7004606671875 0.0540587140625 0.7126054578125001 0.1684776046875 0.786762471875 0.1789271421875 0.7715690859375 0.06314007031249999 0.7004606671875 0.0540587140625
1 0.482428415625 0.1240109984375 0.557216021875 0.134696921875 0.5449705765624999 0.036670582812500005 0.47564861093750005 0.024411509375 0.482428415625 0.1240109984375
1 0.7736023484375 0.06411 0.787186271875 0.1802300234375 0.8624522234375 0.19350677968750002 0.8357807640624999 0.07654965 0.7736023484375 0.06411
1 0.62148878125 0.048286553125 0.635082646875 0.1516639703125 0.71122806875 0.165667890625 0.696455884375 0.0564264265625 0.62148878125 0.048286553125
1 0.6186376578125 0.04876481875 0.54602275625 0.035711084375 0.558202153125 0.136438896875 0.6341145312500001 0.1510213453125 0.6186376578125 0.04876481875
1 1 0.1752687625 0.98197491875 0.10423975781249999 0.9099916531250001 0.08918795 0.9391012765625 0.20694257500000002 1 0.216587984375 1 0.1752687625
1 0.8615971874999999 0.197906584375 0.937121196875 0.2066289609375 0.9130458765625 0.114702825 0.9058274374999999 0.0889397328125 0.8409150265625 0.07995439531250001 0.8615971874999999 0.197906584375