1 1 0.4194426125 0.995293453125 0.34825314375 0.9301258015625 0.329591084375 0.9347862046875001 0.4452494890625 1 0.4644612078125 1 0.4194426125
1 0.8565099234375 0.3125686828125 0.8651239765625001 0.430832540625 0.9313061906250001 0.4472020453125 0.922121653125 0.3288039109375 0.8565099234375 0.3125686828125
0 0.68829919375 0.273211334375 0.618705253125 0.2525658953125 0.6141449437500001 0.25134396406250004 0.617599721875 0.3691779703125 0.6925180906249999 0.38671282812499996 0.68829919375 0.273211334375
1 0.6933776546875 0.2729818046875 0.6972250421874999 0.385963878125 0.7726758359375 0.411636721875 0.76693350625 0.29279695625 0.6933776546875 0.2729818046875
1 0.771053509375 0.2926854234375 0.775919578125 0.41539901874999996 0.8540407765625 0.43587687500000005 0.84741298125 0.312707953125 0.771053509375 0.2926854234375
1 0.540895315625 0.2332893125 0.5408621734375 0.352000125 0.617779203125 0.370070521875 0.6141794921875 0.2529257484375 0.540895315625 0.2332893125
1 0.45903773125 0.21372787343750002 0.45815910000000004 0.3335043546875 0.5379154015625 0.3529703984375 0.5390909140625 0.2326610890625 0.45903773125 0.21372787343750002
0 0.222960403125 0.1482873328125 0.1446579828125 0.126506178125 0.13112160781249999 0.26682555625000004 0.2116769546875 0.287842675 0.222960403125 0.1482873328125
0 0.22318018281250002 0.149146303125 0.212677278125 0.2913345953125 0.2949080734375 0.3140954375 0.30715976875 0.17324873125 0.22318018281250002 0.149146303125
0 0.3816642375 0.1924120625 0.3762999921875 0.3380660125 0.4537402046875 0.3581811890625 0.457408346875 0.21030738593749998 0.3816642375 0.1924120625
0 0.3077795875 0.17261473125 0.295671721875 0.315192003125 0.37576113437499997 0.3347473015625 0.3791652 0.1933426125 0.3077795875 0.17261473125
1 0.9340156078125 0.4582008078125 0.8579178578125 0.4394560453125 0.8630502124999999 0.5960238140625 0.9448381343750001 0.6185896046875 0.9340156078125 0.4582008078125
1 1 0.4776157578125 0.9377792765624999 0.45825261250000004 0.9459302109375001 0.625390028125 0.98051896875 0.63853045 0.9864922328124999 0.616237921875 1 0.5630077984375 1 0.4776157578125
1 0.6151476796875001 0.3800546421875 0.540748665625 0.36123663125 0.5373048546875 0.512130165625 0.6200689453125 0.5310528359375 0.6151476796875001 0.3800546421875
1 0.8523562515625001 0.44608195625 0.772254953125 0.42482989375 0.7828551125 0.5784402859375 0.8606278453125 0.5927716203125 0.8523562515625001 0.44608195625
1 0.69226358125 0.403320909375 0.61819056875 0.38250757343749997 0.619966471875 0.5297238140625 0.7002901359375 0.55775428125 0.69226358125 0.403320909375
0 0.6952550546875 0.406279625 0.70217620625 0.5589104328125 0.780874909375 0.57934690625 0.76927105 0.42460577656250004 0.6952550546875 0.406279625
1 0.45577605312499997 0.4967923953125 0.5357923875 0.5136772421875 0.5374733609375 0.359892653125 0.46083949375 0.3413110109375 0.458960465625 0.36274167031250004 0.45577605312499997 0.4967923953125
1 0.132018921875 0.2638033921875 0.052436165624999996 0.24000993125 0.02870116875 0.3837448015625 0.11371770781249999 0.405440925 0.132018921875 0.2638033921875
0 0.21383970468750002 0.295686125 0.13321320625 0.27071664375000004 0.11713028125 0.4063553203125 0.20128029218750002 0.42673527343749995 0.21383970468750002 0.295686125
1 0.376129175 0.340088709375 0.296285684375 0.317591753125 0.2878175328125 0.451137265625 0.37180084375 0.472338965625 0.376129175 0.340088709375
0 0.295443671875 0.31646785624999996 0.21558307656250003 0.294521371875 0.20358210781250002 0.4295200171875 0.2860793703125 0.4537930671875 0.295443671875 0.31646785624999996
1 0.45399833125000005 0.362255246875 0.37730425312500004 0.34190285 0.372305 0.47182327187500006 0.45290584218749996 0.49472176562500003 0.45399833125000005 0.362255246875
1 0.82183118125 0.70475485 0.8203861531250001 0.8938128609374999 0.901470759375 0.9139806890625 0.8908784859375001 0.7266934234375 0.82183118125 0.70475485
1 0.191808903125 0.5384432015625 0.1056718546875 0.5120294999999999 0.0836038875 0.699094578125 0.1754889765625 0.7247542640625 0.191808903125 0.5384432015625
1 0.7462640171875 0.684091171875 0.74097258125 0.8761710812500001 0.8183575968750001 0.893788884375 0.8175282515625 0.7049609875 0.7462640171875 0.684091171875
1 0.2868272015625 0.56430959375 0.272372846875 0.7517533671875001 0.36247950625 0.7764169484375001 0.372867575 0.5828011296875 0.2868272015625 0.56430959375
0 0 0.6789527843750001 0.0831737796875 0.6967497687499999 0.1028910671875 0.5126637781250001 0.013902065625000001 0.49116435156250005 0 0.5937414734375001 0 0.6789527843750001
1 0.6412983609375 0.6588743359375 0.6386492500000001 0.8493772578125001 0.7223558 0.8728455109375 0.7226954984375 0.6796546859375 0.6412983609375 0.6588743359375
1 0.3744375421875 0.588937121875 0.3632716984375 0.774550915625 0.45184688125 0.7962062640625 0.458312478125 0.6150483671875 0.3744375421875 0.588937121875
0 0.1957666015625 0.5386634234375001 0.177744909375 0.7274370375 0.2713827703125 0.7520076515625 0.2831195109375 0.5686251296875 0.1957666015625 0.5386634234375001
0 0.545834315625 0.63745000625 0.547121453125 0.8274503359375001 0.6374622375000001 0.8490591984375 0.638788171875 0.6587305109375 0.545834315625 0.63745000625
0 0.45456302031250007 0.7751119078125 0.4541316703125 0.7952597484374999 0.5443024828125 0.82513626875 0.543280478125 0.6367763234375 0.46079648124999995 0.6154952234375 0.45456302031250007 0.7751119078125
1 0.1572190859375 0 0.15360923437500001 0.0315017015625 0.22969650625 0.051076725 0.23394811093749998 0 0.1572190859375 0
1 0.2343616453125 0 0.230031290625 0.0523851828125 0.306118565625 0.0719602046875 0.31074545 0 0.2343616453125 0
1 0.88366349375 1 0.907021959375 0.9128250203125001 0.8182449593750001 0.8950689000000001 0.82035208125 1 0.88366349375 1
0 0.3115772484375 0 0.3063976203125 0.073294334375 0.38184880312499997 0.0960554953125 0.3848710328125 0 0.3115772484375 0
1 0.38613675000000003 0 0.3820712796875 0.0961151078125 0.4549587375 0.1177653109375 0.4567855203125 0.0139476046875 0.41149316875 0 0.38613675000000003 0
1 0.5328164906249999 0.039832212500000005 0.4572327828125 0.0136284171875 0.4552741671875 0.1174258140625 0.53024898125 0.1375152546875 0.5328164906249999 0.039832212500000005
1 0.72829485625 1 0.723554078125 0.8751595328124999 0.639362721875 0.8520700874999999 0.6400989171875 1 0.72829485625 1
1 0.6380012374999999 1 0.6361767671874999 0.8517468515625 0.5476947531249999 0.8330568390625 0.547869053125 1 0.6380012374999999 1
1 0.81885340625 1 0.8151312609374999 0.8935297890625 0.729458665625 0.8743615218749999 0.7318730578125 1 0.81885340625 1
1 0.545126090625 1 0.5434049234375 0.8307435703125 0.4588166421875 0.8049260468749999 0.4512425890625 0.9918529765624999 0.479092459375 1 0.545126090625 1
1 0.171666978125 0.7272818296875 0.085382278125 0.703631475 0.06349500625 0.897978959375 0.1593482953125 0.922120825 0.171666978125 0.7272818296875
1 0.26634476875 0.7541926109375 0.1743992296875 0.7299497671874999 0.162584490625 0.9229879609375 0.25743598749999996 0.9476323734375001 0.26634476875 0.7541926109375
1 0.25827813125 0.9486289953125 0.35495950781249996 0.9745346921875001 0.36105565624999997 0.7818832312499999 0.2679157875 0.7550074546875 0.25827813125 0.9486289953125
1 0.4493025359375 1 0.45477596093750006 0.8039116265624999 0.36386689843750003 0.78133404375 0.35453879375 0.9786618765625 0.4341737515625 1 0.4493025359375 1
1 0 0.8820430828125 0.03459560625 0.8929333578125 0.059432564062500005 0.8995884015625 0.08348061875 0.703652365625 0 0.6835273125 0 0.8820430828125
1 0.7481559578125 0.0916077265625 0.7482608765625 0.20347045156250002 0.8188759703124999 0.221103540625 0.8159635 0.1076084015625 0.7481559578125 0.0916077265625
1 0.5303010453125 0.13710519375000002 0.6015016125 0.15503086875 0.5996326546875 0.0590075875 0.5338749359375 0.040115821875 0.5303010453125 0.13710519375000002
1 0.8178301625 0.10875265781250001 0.8191531281250001 0.2224063046875 0.8905526203124999 0.24288557812499997 0.8766648125 0.1270936921875 0.8178301625 0.10875265781250001
1 0.67241139375 0.078008225 0.67503960625 0.17934228125 0.7472152249999999 0.2006139328125 0.74404433125 0.0934903953125 0.67241139375 0.078008225
1 0.6696069687499999 0.078181159375 0.6007472140625 0.0581867 0.6022776546874999 0.1568152796875 0.6741691999999999 0.178622640625 0.6696069687499999 0.078181159375
1 1 0.1638415046875 0.9471094328125 0.146848525 0.963272796875 0.2636590578125 1 0.2735000828125 1 0.1638415046875
1 0.8892788125 0.24705285156249998 0.961390809375 0.26315478125 0.947467253125 0.17182851875 0.9431096859375 0.1461857109375 0.8812812250000001 0.1309069921875 0.8892788125 0.24705285156249998