1 0.7669179578125 0.1211989796875 0.834917246875 0.2172725265625 0.9041893 0.1966430328125 0.8327654828125001 0.10104369375 0.7669179578125 0.1211989796875
1 0.694781140625 0.1474293515625 0.767590925 0.2435367390625 0.8330335796874999 0.22086436250000002 0.7596634671875 0.12495823125000001 0.694781140625 0.1474293515625
0 0.5296945328125 0.20697154062499998 0.4589782578125 0.2278852265625 0.454416878125 0.229367309375 0.5225935234375 0.32796395624999997 0.596123628125 0.3014497015625 0.5296945328125 0.20697154062499998
1 0.5338937890625 0.20396458125 0.599718840625 0.2982053390625 0.6782077484375 0.27833783125 0.60752555 0.1801495703125 0.5338937890625 0.20396458125
1 0.6109736234375001 0.1777738125 0.683053909375 0.2797513921875 0.760941753125 0.25397450625 0.6871085859375 0.1525837484375 0.6109736234375001 0.1777738125
1 0.38202060625 0.254514465625 0.447711309375 0.3557897375 0.52324054375 0.3286259265625 0.45532199375 0.2306974015625 0.38202060625 0.254514465625
1 0.3014570828125 0.2831413015625 0.36701747500000004 0.38579357812500004 0.4457381140625 0.3582485375 0.38013565625 0.254977434375 0.3014570828125 0.2831413015625
0 0 0.4109316234375 0.0515015671875 0.5099497453125 0.1317615953125 0.4832854140625 0.064115346875 0.35800275937500003 0 0.37816241875 0 0.4109316234375
0 0.0647781078125 0.358613778125 0.1345469125 0.48571019531250004 0.2171995796875 0.45960576875000003 0.149663275 0.3326856453125 0.0647781078125 0.358613778125
0 0.223742309375 0.30778954375 0.2998073265625 0.43499756874999995 0.376914259375 0.4092882859375 0.29817541406250003 0.2811256671875 0.223742309375 0.30778954375
0 0.1498403109375 0.331801759375 0.2184571953125 0.4601183921875 0.2975110203125 0.4324650890625 0.2221285453125 0.3099666171875 0.1498403109375 0.331801759375
1 0.8414306968749999 0.22874619531249998 0.766226071875 0.25488128125 0.8572750578124999 0.3855881 0.9394424625 0.3595624515625 0.8414306968749999 0.22874619531249998
1 0.935153090625 0.221229515625 0.928959640625 0.202994946875 0.844665634375 0.22670700781250003 0.9441375484375 0.3647585015625 0.9793186984375 0.357157278125 0.935153090625 0.221229515625
1 0.5265260203125 0.338598771875 0.45272799218750004 0.3637310453125 0.5333296828125 0.49434523124999996 0.61431183125 0.46467175000000005 0.5265260203125 0.338598771875
1 0.7651563 0.2636116171875 0.6851530109375 0.2898242078125 0.7792227796875 0.41498177187499996 0.8534110203124999 0.38415497187500003 0.7651563 0.2636116171875
1 0.6051011328125 0.31575680156249997 0.530476203125 0.33900666562500004 0.6134887828125 0.46359485468750006 0.697434065625 0.44304095937500004 0.6051011328125 0.31575680156249997
0 0.60928751875 0.31662457499999996 0.6996808531250001 0.44298309218750004 0.778037759375 0.41685123125 0.682486959375 0.2912847796875 0.60928751875 0.31662457499999996
1 0.4553844921875 0.526392740625 0.5328976875 0.49650206875 0.4491937375 0.3643977125 0.3736227015625 0.390968703125 0.383886090625 0.41028857656250006 0.4553844921875 0.526392740625
1 0 0.57919221875 0.0264460890625 0.6605849125 0.028977046875000002 0.6663732453125 0.11341344843750001 0.6378185984375 0.0505929015625 0.5068752187500001 0 0.521720215625 0 0.57919221875
0 0.1379462078125 0.488778465625 0.0554375203125 0.512110928125 0.116826821875 0.6367095265625 0.19979639062500001 0.607511890625 0.1379462078125 0.488778465625
1 0.300781584375 0.436817428125 0.2203087421875 0.46182544999999997 0.28702625625 0.5804234890625 0.3703087375 0.55201905625 0.300781584375 0.436817428125
0 0.2189692390625 0.46133289375000003 0.13878656875 0.4868199234375 0.20329894999999998 0.6086130296875 0.2870157875 0.5836509703125 0.2189692390625 0.46133289375000003
1 0.3793895765625 0.4126204578125 0.3027869484375 0.4377143734375 0.3704527359375 0.551300109375 0.4517930578125 0.5262153515625 0.3793895765625 0.4126204578125
1 1 0.54537535625 0.9533212625 0.481641225 0.882354778125 0.501149315625 0.9857872828125 0.6632102843750001 1 0.6583071328125001 1 0.54537535625
1 0.253569846875 0.7080384343749999 0.1655672109375 0.7331893796875 0.25032780468750004 0.9049662406250001 0.34280974999999997 0.8759903187500001 0.253569846875 0.7080384343749999
1 0.8065398359374999 0.52535391875 0.9083685390625 0.6921216546875 0.9840458890624999 0.6643127390625 0.878803246875 0.503707028125 0.8065398359374999 0.52535391875
1 0.348835396875 0.6775044453125 0.44029165 0.8453898140625 0.5307071062500001 0.8165486921875 0.43236992343749997 0.6456496328125 0.348835396875 0.6775044453125
0 0.0758377734375 0.766191078125 0.15706499375 0.9382288671874999 0.24866329843749999 0.9032042718750001 0.1635494078125 0.7352697015625 0.0758377734375 0.766191078125
1 0.7031597640625 0.5619483109375001 0.806366425 0.7259082671875 0.8906679109375 0.6995903375 0.7840058296875 0.53461605 0.7031597640625 0.5619483109375001
1 0.43710429062499995 0.6500144062500001 0.530348928125 0.814518503125 0.6177943531250001 0.78395919375 0.5230123984375 0.625857665625 0.43710429062499995 0.6500144062500001
0 0.2570633140625 0.7060354984375 0.34621676875 0.87702988125 0.4395889796875 0.8461547656249999 0.3480659328125 0.6832378609374999 0.2570633140625 0.7060354984375
0 0.60997363125 0.5965179968750001 0.71625533125 0.7578703484375 0.8051791328125001 0.726294040625 0.7009417203125 0.56321514375 0.60997363125 0.5965179968750001
0 0.608430275 0.76446279375 0.6192167609375 0.7818870984374999 0.71257278125 0.7574569531249999 0.607425071875 0.5973570406250001 0.5253758953125 0.6248638015625 0.608430275 0.76446279375
1 0 0.24057908281249998 0.017047075000000002 0.2722868859375 0.09270240937499999 0.246865784375 0.042897871875 0.15814925 0 0.17207308125 0 0.24057908281249998
0 0.1158447 0.13510329375000002 0.043573617187500004 0.15725744531250002 0.09367871875 0.2478492890625 0.170556034375 0.22549798124999998 0.1158447 0.13510329375000002
1 0.1889390140625 0.11398115625000001 0.11704263906250001 0.134436615625 0.1707785625 0.225425678125 0.2448568171875 0.2035459015625 0.1889390140625 0.11398115625000001
1 0.2680394046875 0.09397311875 0.18914333125 0.11346131718750001 0.2449375828125 0.20308171718749998 0.319930003125 0.178715203125 0.2680394046875 0.09397311875
1 1 0.8528642515625 0.8929697734375001 0.7009008265625 0.80846499375 0.7278102328125 0.9125496343749999 0.88644659375 1 0.8587985859374999 1 0.8528642515625
1 0.8055719437500001 0.729298103125 0.7198475156249999 0.7623351859375 0.8214030671874999 0.9184507999999999 0.91116518125 0.887692725 0.8055719437500001 0.729298103125
1 1 0.692807365625 0.9811539484375 0.665877671875 0.8975580890625 0.6969516687499999 1 0.8483444640625001 1 0.692807365625
1 0.8203560953125001 0.9216411062500001 0.714912384375 0.7627366656250001 0.6285591875 0.7875388140624999 0.7255906171875 0.951174746875 0.775800978125 0.9361179421875001 0.8203560953125001 0.9216411062500001
1 0.40834098750000003 1 0.340953075 0.8802619234375 0.2543544609375 0.9078516578125001 0.3004295875 1 0.40834098750000003 1
1 0.523864246875 1 0.4365067265625 0.8508072546875001 0.34475765625 0.8810251656249999 0.41203142187499997 1 0.523864246875 1
1 0.5791922203125 1 0.6301869140624999 0.9834308203125 0.532520296875 0.821999446875 0.43829617499999995 0.8506326578125 0.525013575 1 0.5791922203125 1
1 0.5346111515625 0.8199748453125 0.6300752453125 0.983467103125 0.72453058125 0.9527767031250001 0.6245553546875 0.78891025625 0.5346111515625 0.8199748453125
1 0.29715679375000004 1 0.2527460078125 0.9089221375 0.159162425 0.9419655312499999 0.1856938859375 1 0.29715679375000004 1
1 0.53296236875 0 0.48014959062499996 0.01893520625 0.5421667718750001 0.1142928328125 0.6120853109375 0.090244440625 0.5501698125 0 0.53296236875 0
1 0.31974734374999997 0.1783366125 0.3903266234375 0.1542136953125 0.33557546562499996 0.0733431453125 0.2690980984375 0.0936291296875 0.31974734374999997 0.1783366125
1 0.55233059375 0 0.6130426375 0.0912022390625 0.685205065625 0.0691473578125 0.62755620625 0 0.55233059375 0
1 0.4080942890625 0.0492635484375 0.4664323265625 0.1342437546875 0.5396946 0.112435125 0.4776891671875 0.022817056250000002 0.4080942890625 0.0492635484375
1 0.405800946875 0.050963443750000004 0.33607050625 0.07202598906249999 0.39197558906249996 0.1553061734375 0.4652924328125 0.13411173437499999 0.405800946875 0.050963443750000004
1 0.7183405875 0 0.7586554546875 0.0466123625 0.8269368500000001 0.0244263921875 0.8055456296875001 0 0.7183405875 0
1 0.6312703984375 0 0.6864269375000001 0.0734070390625 0.756773025 0.047224 0.7147773984375 0 0.6312703984375 0