1 0.9373332484375 0.2819524671875 0.9736800359375 0.277760321875 0.9567475234374999 0.1572792328125 0.8828495296875 0.1663733765625 0.9373332484375 0.2819524671875
1 0.8010203375 0.1807851609375 0.8606265453124999 0.2973096875 0.9346513968749999 0.2854369796875 0.874410040625 0.169021734375 0.8010203375 0.1807851609375
1 0.613843765625 0.21324656874999998 0.53452609375 0.22224201406250002 0.5293849421875 0.22296455625 0.58358463125 0.34127498125 0.6669525468749999 0.32682300937500003 0.613843765625 0.21324656874999998
1 0.61888476875 0.21082511249999997 0.6713940515625 0.32403353749999997 0.7588025390625 0.31762585625 0.7018549109375 0.1992785109375 0.61888476875 0.21082511249999997
1 0.7059766625 0.19738998125 0.7637043328125 0.3200532984375 0.8515800921875 0.3072134328125 0.7918735031249999 0.18484625 0.7059766625 0.19738998125
1 0.44748225 0.236169075 0.498529196875 0.35687372812499996 0.5841503375 0.3421050859375 0.5301005390625 0.22455783125 0.44748225 0.236169075
1 0.356219325 0.25155049375 0.40686912656249996 0.373702871875 0.49596435312500003 0.359129825 0.44538574531249997 0.23630781875 0.356219325 0.25155049375
0 0.089133446875 0.286734675 0.0005134765625 0.2983275890625 0.047192203125 0.446819128125 0.137763540625 0.43347874218750004 0.089133446875 0.286734675
1 0.0897254890625 0.28751327656250003 0.1402784875 0.43659789531250004 0.23329581250000003 0.4243084296875 0.185089990625 0.2758342875 0.0897254890625 0.28751327656250003
0 0.268739728125 0.2632162765625 0.3259846703125 0.4136103078125 0.41301516562499996 0.40069512500000004 0.3530984578125 0.24877500156250001 0.268739728125 0.2632162765625
0 0.18544448593750001 0.274922659375 0.23454052343749998 0.4250942578125 0.32401128749999997 0.41046842968749997 0.26661093281250003 0.2652390765625 0.18544448593750001 0.274922659375
1 0.9892984406249999 0.3888910421875 0.94212621875 0.2954517734375 0.857044071875 0.3091818140625 0.9296084734375001 0.46614910624999994 0.99886224375 0.45694103437500005 0.9892984406249999 0.3888910421875
1 0.5857831499999999 0.3533895125 0.5023887265625 0.3663131625 0.563831846875 0.52120671875 0.6557373625 0.504785303125 0.5857831499999999 0.3533895125
1 0.8542664125 0.31831448125 0.7640535125000001 0.33122037187500003 0.8408791843750001 0.4828251234375 0.9257574671875 0.4638863796875 0.8542664125 0.31831448125
1 0.6738413125 0.34381769375000004 0.5899182515625 0.35457229218749997 0.6550617828124999 0.5034782718749999 0.7484164359375 0.497368009375 0.6738413125 0.34381769375000004
0 0.6781420140625001 0.3455368453125 0.750822759375 0.49773081093749993 0.8392651890625 0.48460004999999995 0.76093715 0.33227816093749996 0.6781420140625001 0.3455368453125
1 0.47471908906250004 0.5407405796875 0.5629668171875 0.5234312531249999 0.4984955765625 0.3663579671875 0.41294103125000003 0.3804848375 0.4202607921875 0.40308245937500004 0.47471908906250004 0.5407405796875
1 0 0.534963409375 0.010169434375 0.6073226953125 0.08922349375000001 0.5952445984375 0.046799931249999996 0.443359953125 0 0.448566053125 0 0.534963409375
0 0.14332738125 0.4405211484375 0.0509833609375 0.4498739171875 0.0930707203125 0.5947039046875 0.187005946875 0.5791669374999999 0.14332738125 0.4405211484375
0 0.32668214375 0.41574033281249995 0.2361944953125 0.42726949375 0.2850878796875 0.5666905203125 0.379207984375 0.5520608265625 0.32668214375 0.41574033281249995
0 0.2348587109375 0.42648964375 0.144590615625 0.438585825 0.1905338078125 0.5810063624999999 0.2844715078125 0.5701395109375 0.2348587109375 0.42648964375
0 0.41502945 0.4047259046875 0.32865202187500003 0.41707843125000005 0.379496328125 0.551319315625 0.4709232515625 0.5398720734375 0.41502945 0.4047259046875
1 1 0.588321615625 0.9346781046875 0.594452865625 1 0.7521266125 1 0.588321615625
1 0.22548741093750002 0.69681848125 0.126944878125 0.7070772171875 0.185103390625 0.9067698734375 0.2891389078125 0.8932679546875001 0.22548741093750002 0.69681848125
1 1 0.7589514921875 0.930411928125 0.596516396875 0.8493072500000001 0.6060033828125 0.92660266875 0.8035661812500001 1 0.7903816499999999 1 0.7589514921875
1 0.33278290781250003 0.682176746875 0.39880989218749996 0.8789740234375 0.50061689375 0.8652256390625 0.4278187421875 0.663905390625 0.33278290781250003 0.682176746875
0 0.028547021875000002 0.7380860203124999 0.079431503125 0.9247077390625 0.1836591359375 0.9045712781249999 0.1244034484375 0.7089201984375 0.0267264796875 0.725132184375 0.028547021875000002 0.7380860203124999
0 0.732223815625 0.6255914109375 0.8115148874999999 0.82041245625 0.9063301750000001 0.80820635625 0.8235452234375 0.6116476171875 0.732223815625 0.6255914109375
1 0.43204794062499996 0.669467271875 0.5006157078125 0.8629871687499999 0.5995783203125 0.846840240625 0.528170909375 0.6598756875 0.43204794062499996 0.669467271875
0 0.22958764843749999 0.6953371671874999 0.2925764546875 0.8950234781249999 0.3979172828125 0.879659128125 0.330887403125 0.6881617359375001 0.22958764843749999 0.6953371671874999
1 0.6263885828125 0.6449413374999999 0.709447159375 0.8375554421875 0.8101766874999999 0.8206005281250001 0.7296214359375 0.626526725 0.6263885828125 0.6449413374999999
0 0.5932504859375001 0.8242238531250001 0.6014834109375 0.84489351875 0.70559843125 0.8364173625 0.6235140343750001 0.6453567640625 0.530877178125 0.659259740625 0.5932504859375001 0.8242238531250001
1 0 0.1931614984375 0.054121778125 0.185000721875 0.01988036875 0.080852325 0 0.0837246296875 0 0.1931614984375
1 0.10398794062500001 0.06903177656250001 0.02029780625 0.0807674234375 0.055023625 0.18618675468749998 0.140452425 0.173305334375 0.10398794062500001 0.06903177656250001
0 0.1860836125 0.058178018750000005 0.10487563281250001 0.0682059453125 0.1413089171875 0.1745414796875 0.2274649203125 0.1651733921875 0.1860836125 0.058178018750000005
1 0.26797578125 0.049409175 0.187485840625 0.057691604687499995 0.22771573437499998 0.16513814375 0.31079902656249997 0.1557451765625 0.26797578125 0.049409175
1 0.35606256875 0.0429668140625 0.26829109687499997 0.04889195625 0.3109721796875 0.1552641140625 0.3954964421875 0.143385003125 0.35606256875 0.0429668140625
1 0.81339568125 0.8228427843749999 0.8692534593750001 0.953018596875 0.968967590625 0.9390046890624999 0.9085386265625001 0.8100426781250001 0.81339568125 0.8228427843749999
1 0.7124398234375 0.8430084250000001 0.7653342999999999 0.9676234828125001 0.8667181234375001 0.953374915625 0.8100321781250001 0.82388685625 0.7124398234375 0.8430084250000001
1 1 0.7909371109375 0.9141711156250001 0.8066873156250001 0.9729356750000001 0.9384470125 1 0.9346433703124999 1 0.7909371109375
1 0.6103842859374999 0.852702446875 0.6592567578125 0.9825317078125 0.761776371875 0.9681235156250001 0.7071028234375001 0.8425048921875 0.6103842859374999 0.852702446875
1 0.32233059375 1 0.286358365625 0.8974844109375001 0.1888554484375 0.910616190625 0.21539830312500002 1 0.32233059375 1
1 0.43667883593749995 1 0.3937586328125 0.884051190625 0.290271596875 0.899019625 0.325932703125 1 0.43667883593749995 1
1 0.534963409375 1 0.55040119375 0.9978303609375001 0.5015279593749999 0.8713965546875 0.395699240625 0.8842027359375001 0.43807705312499995 1 0.534963409375 1
1 0.5041368265624999 0.8696269609374999 0.5513668546875 0.9976946453125001 0.656474453125 0.9829227359375 0.6058583265624999 0.853412071875 0.5041368265624999 0.8696269609374999
1 0.21227845156249997 1 0.186939821875 0.9114567765625001 0.0809670453125 0.9290995953125 0.099366321875 1 0.21227845156249997 1
1 0.6127543046875 0 0.59628026875 0.0028248218750000003 0.64452025625 0.11650770937499999 0.7235752140625 0.1040097109375 0.6763843984375 0 0.6127543046875 0
1 0.3953726875 0.1429456734375 0.4751460859375 0.1304928796875 0.4319363734375 0.033673621875 0.357255828125 0.0427991125 0.3953726875 0.1429456734375
1 0.6784396296875 0 0.7244162890625 0.1052147828125 0.8054898078124999 0.0952724625 0.7510236375 0 0.6784396296875 0
1 0.5137695453125 0.02163375 0.5600328671875 0.1235252125 0.642232840625 0.1140540859375 0.592929109375 0.006510415625 0.5137695453125 0.02163375
1 0.5110056765625 0.0230178796875 0.43271116562499995 0.0323588265625 0.476699315625 0.131972684375 0.558842296875 0.12316859375 0.5110056765625 0.0230178796875
1 0.8373368140625 0 0.888026553125 0.08506023124999999 0.9454633296875 0.07698801875 0.9390443578125 0.0313146640625 0.9201208109375001 0 0.8373368140625 0
1 0.755307915625 0 0.8059937734375 0.1000580625 0.8859048578125 0.08535841562499999 0.8334330890625001 0 0.755307915625 0