1 1 0.381473984375 0.9409651609375 0.3600102515625 0.9375462890625 0.47571201093750004 1 0.4989566515625 1 0.381473984375
1 0.86871603125 0.33789413125 0.86905943125 0.4564707890625 0.9339385484375 0.4774170578125 0.9330354218749999 0.35866665468750003 0.86871603125 0.33789413125
0 0.7036604843750001 0.2868988671875 0.6356762234375 0.2614490921875 0.6312122609374999 0.2599120265625 0.6264389375 0.3776999875 0.6999516406249999 0.40041817343749997 0.7036604843750001 0.2868988671875
1 0.7087425859375001 0.287024153125 0.7046993703125 0.39999938749999997 0.7781755218749999 0.43087287500000004 0.7807370234375 0.31192203281249997 0.7087425859375001 0.287024153125
1 0.784854771875 0.31209816875 0.78114891875 0.43485227968749995 0.8576513546875001 0.46072971249999994 0.8596315328124999 0.337398490625 0.784854771875 0.31209816875
1 0.55940049375 0.23679171875 0.551086584375 0.35521104531250003 0.6265557203125 0.3786028859375 0.6311363859375 0.2614923671875 0.55940049375 0.23679171875
1 0.479106846875 0.21156783437499999 0.46987517187499994 0.33099125625000003 0.5480793078125 0.3559734 0.5576443109375 0.23603915781249998 0.479106846875 0.21156783437499999
0 0.2481694921875 0.12981878125 0.17157719062500001 0.102628584375 0.148285603125 0.24166190156249998 0.2271786421875 0.26824708125 0.2481694921875 0.12981878125
0 0.24832881874999999 0.130690990625 0.22793294375 0.2718002734375 0.3083757140625 0.3002418015625 0.330422534375 0.1605928265625 0.24832881874999999 0.130690990625
0 0.403408746875 0.184906646875 0.3878972625 0.3298315984375 0.4637456703125 0.3552997328125 0.4777200328125 0.20804201875 0.403408746875 0.184906646875
0 0.33108506875 0.1600036078125 0.30906100937500003 0.301388965625 0.38759121875 0.326483384375 0.40085088437499994 0.1856606046875 0.33108506875 0.1600036078125
1 0.9358741328125 0.4885780265625 0.8612693203124999 0.4645706140625 0.8554675578125 0.6211150062499999 0.9354821375 0.6493310671875 0.9358741328125 0.4885780265625
1 1 0.5124147046875 0.9396250187499999 0.4888922453125 0.9360971812500001 0.6561911046875 0.969685053125 0.6717123046875 0.9771988140625 0.6498907546875 1 0.5806989765624999 1 0.5124147046875
1 0.6232341515625001 0.38837911875 0.5503290468750001 0.364417134375 0.536367825 0.514702871875 0.6176103281249999 0.5393527796875001 0.6232341515625001 0.38837911875
1 0.8552590625000001 0.47079242812500005 0.77683535625 0.44400455 0.7766943734375 0.597980184375 0.853277953125 0.6177017609375001 0.8552590625000001 0.47079242812500005
1 0.6985392296875 0.41696804375 0.6260985203125 0.3910383375 0.6176008109375 0.5380198468749999 0.6957735046875 0.571585128125 0.6985392296875 0.41696804375
0 0.701317025 0.42012822656250004 0.69757433125 0.5728700296875 0.7746557515625 0.5987464640625 0.773874353125 0.44357283281250004 0.701317025 0.42012822656250004
1 0.45610753125 0.493715303125 0.5347511218750001 0.5161406765625001 0.547155471875 0.36284795625 0.47200447187499994 0.3389658703125 0.46863509375 0.3602132515625 0.45610753125 0.493715303125
1 0.149391546875 0.2387096921875 0.0716623984375 0.209422778125 0.0379587828125 0.35115184843749997 0.12125477968750001 0.378725575 0.149391546875 0.2387096921875
0 0.2287889921875 0.276222290625 0.15010067968750002 0.24568941249999998 0.12459525468749999 0.3798757921875 0.207118646875 0.406076109375 0.2287889921875 0.276222290625
1 0.387585765625 0.331837453125 0.309506078125 0.30382569843749996 0.29174289062500003 0.4364551921875 0.3740426671875 0.463463625 0.387585765625 0.331837453125
0 0.308744515625 0.302645803125 0.23060936562499998 0.2751819859375 0.2092206015625 0.4090146359375 0.289823703125 0.4389832765625 0.308744515625 0.302645803125
1 0.4637189765625 0.35938187187500004 0.38863143437500003 0.33372914374999996 0.37458156875 0.46298435624999995 0.45338875312500004 0.4914495 0.4637189765625 0.35938187187500004
1 0.806764240625 0.726705884375 0.7921347125 0.9152025609375001 0.8716149625 0.9409774375 0.8741129921875 0.7534075140625001 0.806764240625 0.726705884375
1 0.189877978125 0.51685123125 0.10579328125000001 0.48449325625000006 0.070730071875 0.6695632687499999 0.1606014046875 0.7015700296875 0.189877978125 0.51685123125
1 0.732822578125 0.7008212453125 0.714145215625 0.8920641453125 0.7901127703124999 0.9150371375 0.8024574124999999 0.7266113640625 0.732822578125 0.7008212453125
1 0.28286046875 0.54928275625 0.2553659078125 0.735261640625 0.3435326265625 0.766150665625 0.3674013484375 0.5737311203125001 0.28286046875 0.54928275625
0 0 0.6468853828125 0.070464578125 0.66719416875 0.102975025 0.48493201093750005 0.015702520312500003 0.457277396875 0 0.5329812031250001 0 0.6468853828125
1 0.629871653125 0.6683438015625 0.61394018125 0.8581978749999999 0.6958057656250001 0.887448034375 0.709620946875 0.6947515078125 0.629871653125 0.6683438015625
1 0.368539465625 0.57996168125 0.3444530578125 0.7643444390624999 0.43130187500000006 0.7921257296875 0.4503886578125 0.6118601406249999 0.368539465625 0.57996168125
0 0.1938106734375 0.5173469921875 0.1626647 0.704403634375 0.25436050625 0.7354462421875 0.27886077343750004 0.55332914375 0.1938106734375 0.5173469921875
0 0.5361346375 0.6403124250000001 0.5241648859375 0.8299397093750001 0.612778246875 0.8577977890625 0.6273776109375 0.668025225 0.5361346375 0.6403124250000001
0 0.43548286718749996 0.7712722265624999 0.43364712499999997 0.7913408984375 0.5215142046875 0.8274346375 0.5336340140625 0.6394622375 0.4528354390625 0.6124791828125 0.43548286718749996 0.7712722265624999
1 0.1887111640625 0 0.18713381406250001 0.0084799421875 0.26167025625 0.0333148609375 0.2668028484375 0 0.1887111640625 0
1 0.2672299546875 0 0.261912953125 0.034643484375 0.3364493984375 0.059478401562500005 0.344468921875 0 0.2672299546875 0
1 0.8566465328125 1 0.87723325625 0.9402118156249999 0.7899111171875 0.916306178125 0.78574518125 1 0.8566465328125 1
0 0.345229440625 0 0.336634709375 0.06082875 0.4103143578125 0.088797671875 0.419337421875 0 0.345229440625 0
1 0.4205354328125 0 0.410532134375 0.088872659375 0.48173180000000004 0.11555449531249999 0.49079609062499996 0.0121171140625 0.45941996874999996 0 0.4205354328125 0
1 0.5648362328125 0.0432423203125 0.491264528125 0.011829903125000001 0.48207014375 0.1152378296875 0.5554609546875 0.1405083125 0.5648362328125 0.0432423203125
1 0.69332918125 1 0.6968397046875 0.88984000625 0.6144640734375 0.860933915625 0.6054348515625 1 0.69332918125 1
1 0.6032709203125 1 0.6113084265625 0.8603892249999999 0.5243457 0.835572546875 0.5130203125 1 0.6032709203125 1
1 0.7839318234375 1 0.7869123671875 0.9145536156249999 0.7027855749999999 0.8894558234375 0.697187421875 1 0.7839318234375 1
1 0.510253171875 1 0.5202276859375 0.8329656703125 0.43764639687500007 0.8013104562500001 0.4170514296875 0.9872537015624999 0.4514981171875 1 0.510253171875 1
1 0.1566124015625 0.7038248281249999 0.072187653125 0.6742131687499999 0.0367967015625 0.8665604531250001 0.1307324453125 0.8973298984375001 0.1566124015625 0.7038248281249999
1 0.24918236093749999 0.7372744453125 0.1591518921875 0.706676859375 0.13390026875 0.89842066875 0.22680160468750002 0.929621553125 0.24918236093749999 0.7372744453125
1 0.2275721765625 0.9306744921875 0.32221095312500003 0.9632612359375001 0.3417309375 0.7715043109375 0.25069271249999997 0.7381968921875 0.2275721765625 0.9306744921875
1 0.344573640625 0.7711525625 0.3215033640625 0.9673490203125 0.41415508125 0.9992515640624999 0.43368632187499995 0.80001664375 0.344573640625 0.7711525625
1 0 0.8562384875 0.0083196625 0.8595112234375 0.0326318859375 0.8678825937499999 0.0702891671875 0.6741013546875 0 0.651866503125 0 0.8562384875
1 0.7760394671874999 0.1099130328125 0.7683409812499999 0.2215105859375 0.8375540390625 0.24402658124999999 0.8425656828125 0.130604746875 0.7760394671874999 0.1099130328125
1 0.5555414953125 0.14010288125 0.625318190625 0.162951590625 0.6301520296875001 0.0670318453125 0.5658723171875 0.043599073437500004 0.5555414953125 0.14010288125
1 0.844347978125 0.131876428125 0.8377396453125 0.2453455046875 0.9075366484374999 0.27075546875 0.9017599046875 0.15427688125 0.844347978125 0.131876428125
1 0.701428065625 0.0910629859375 0.6969811703125 0.1923335328125 0.7674971375 0.2185880859375 0.7718065281250001 0.11150430468750001 0.701428065625 0.0910629859375
1 0.6986184093750001 0.0910398734375 0.6313211359374999 0.06629070468750001 0.6259678671875 0.16478578906250002 0.6961630828125001 0.19155492968750001 0.6986184093750001 0.0910398734375
1 1 0.1906415765625 0.9706548984375001 0.1788975609375 0.9786305984375 0.29655105000000004 1 0.303909125 1 0.1906415765625
1 0.90597525 0.2748237359375 0.9767883718749999 0.2959167203125 0.9692693312499999 0.203841665625 0.9667111296875 0.177957353125 0.9060990703125 0.15840291875 0.90597525 0.2748237359375