1 1 0.2086437203125 0.9916397421875001 0.18398695468749998 0.918367078125 0.1827296265625 0.955595403125 0.302561090625 1 0.30366106249999997 1 0.2086437203125
1 0.8367311875000001 0.1855606296875 0.87881710625 0.30701143750000004 0.952507753125 0.305582834375 0.9097885390625 0.184151490625 0.8367311875000001 0.1855606296875
0 0.650065759375 0.1915460203125 0.5716160125 0.1894535484375 0.566512034375 0.1894535484375 0.603090134375 0.31190206875 0.686229534375 0.30924226875 0.650065759375 0.1915460203125
1 0.655304690625 0.18988035781249998 0.69093518125 0.30713683125 0.776907603125 0.312851246875 0.737659321875 0.1899912984375 0.655304690625 0.18988035781249998
1 0.7419304046875 0.1887182140625 0.78134756875 0.315881490625 0.868654965625 0.3154052890625 0.8272707265625 0.18825952968749998 0.7419304046875 0.1887182140625
1 0.48496976875 0.191100596875 0.5181509640625 0.31544635 0.6035272968750001 0.3127865484375 0.5669907015625 0.191100596875 0.48496976875 0.191100596875
1 0.3940170890625 0.19358525 0.42661356718750004 0.3192844578125 0.5153453031249999 0.3172896078125 0.48290975312500006 0.19094900312500002 0.3940170890625 0.19358525
0 0.1291841734375 0.1912979484375 0.041322870312499996 0.1904599484375 0.0664495640625 0.34122793125 0.1564496953125 0.340633409375 0.1291841734375 0.1912979484375
0 0.129654021875 0.1921359453125 0.15847133124999999 0.344010071875 0.250708940625 0.3447716984375 0.22409317812500001 0.1938119421875 0.129654021875 0.1921359453125
0 0.307256015625 0.1929739453125 0.3424090453125 0.347035815625 0.4289038484375 0.3463708640625 0.391358546875 0.1904599484375 0.307256015625 0.1929739453125
0 0.2245630234375 0.1929739453125 0.2518132 0.345705915625 0.34091775625 0.3437110625 0.3049067828125 0.1946499421875 0.2245630234375 0.1929739453125
1 1 0.4384455546875 0.9584145484375 0.31634243125 0.873705053125 0.31806598125 0.92287283125 0.48061302968749997 1 0.48118620156249997 1 0.4384455546875
1 0.6035729453124999 0.32398234062500003 0.52061685 0.325152425 0.5592413406250001 0.4841632171875 0.650961903125 0.4807551140625 0.6035729453124999 0.32398234062500003
1 0.8697513375 0.326566740625 0.78015960625 0.32678775625 0.8342096203124999 0.48470275625000003 0.9194333109375 0.4778865484375 0.8697513375 0.326566740625
1 0.6906107765625 0.326708821875 0.60743680625 0.3256975359375 0.6504830296875 0.47939187031249997 0.7422035921875 0.48620807812500005 0.6906107765625 0.326708821875
0 0.694562465625 0.3289682015625 0.74449660625 0.48688969843749996 0.8323954796875 0.48620807812500005 0.7769809734375 0.3273904421875 0.694562465625 0.3289682015625
1 0.4698137921875 0.490979425 0.5580948343750001 0.48620807812500005 0.51682058125 0.3246639609375 0.431596890625 0.326708821875 0.43563111875000005 0.3496824125 0.4698137921875 0.490979425
1 0 0.4923386953125 0.08706083125 0.4912965609375 0.0665409640625 0.3378107203125 0 0.3358934375 0 0.4923386953125
0 0.160902765625 0.3482415875 0.069722446875 0.3447164125 0.0908802421875 0.4912965609375 0.184455796875 0.489025846875 0.160902765625 0.3482415875
1 0.3427966296875 0.3492023078125 0.25312578750000003 0.34804708125 0.2816495875 0.4902978046875 0.375280996875 0.4889345625 0.3427966296875 0.3492023078125
0 0.2519320484375 0.34710623125 0.16239736875 0.3465323640625 0.1876386390625 0.4912965609375 0.2805776265625 0.4935672734375 0.2519320484375 0.34710623125
1 0.43031333437499997 0.3505655484375 0.3445313046875 0.35077263593749997 0.375663165625 0.4882529421875 0.466237221875 0.489616184375 0.43031333437499997 0.3505655484375
1 1 0.6446891390625 0.9884942703125 0.609665075 0.9102535187499999 0.6060647734375 0.9616438140625 0.804487684375 1 0.8037943343749999 1 0.6446891390625
1 0.20582172187499997 0.60868566875 0.10848294375 0.6051943546875 0.1377802265625 0.8073176562500001 0.240910384375 0.8084060515625 0.20582172187499997 0.60868566875
1 0.8255611625 0.6056295656249999 0.8737804109375 0.8082970625 0.9595187968750001 0.8050318796875 0.9058178874999999 0.6074882859375 0.8255611625 0.6056295656249999
1 0.312281553125 0.609111240625 0.349635265625 0.8094944453125 0.4506295921875 0.8100386421874999 0.407302721875 0.60433209375 0.312281553125 0.609111240625
0 0.0068147218750000006 0.60909535 0.0324500578125 0.8103190265625001 0.1366750015625 0.8049824375 0.1057565984375 0.6066391109375 0.0068147218750000006 0.60909535
1 0.7088956109375 0.6086760296875 0.7594328421875 0.8089502468750001 0.8534094375000001 0.8100386421874999 0.7997085265625 0.6075972734375 0.7088956109375 0.6086760296875
1 0.4106590265625 0.6103182625 0.4509347109375 0.8078618531249999 0.5494880875 0.8056850624999999 0.5055509781249999 0.6141276421875 0.4106590265625 0.6103182625
0 0.21001614375000002 0.6078056109375 0.2440167796875 0.810582840625 0.348672534375 0.8100386421874999 0.309617325 0.614671840625 0.21001614375000002 0.6078056109375
0 0.6032132203125 0.6130281265625 0.657720228125 0.8116712343750001 0.7581043171874999 0.8089502468750001 0.7062341187500001 0.6092298671874999 0.6032132203125 0.6130281265625
0 0.5464221078125 0.7828287796875 0.5516091265624999 0.8040524734375 0.6541290484375 0.8100386421874999 0.600357890625 0.613039246875 0.508269915625 0.6138985453125 0.5464221078125 0.7828287796875
1 0.010967996875 0 0.02408749375 0.0884411203125 0.1090183578125 0.0875901140625 0.0932401234375 0 0.010967996875 0
1 0.09367355468750001 0 0.1097340671875 0.0888666234375 0.19466493437500001 0.08801561718749999 0.17709693124999998 0 0.09367355468750001 0
1 1 0.803801421875 0.9597593312500001 0.806404165625 1 0.9457808765625 1 0.803801421875
0 0.1780851234375 0 0.19532963125 0.08933465625 0.2804877578125 0.09199929531249999 0.258977903125 0 0.1780851234375 0
1 0.2602712921875 0 0.2807367578125 0.09199929531249999 0.3629068796875 0.09421983125 0.339499846875 0 0.2602712921875 0
1 0.33997094687499996 0 0.3631412734375 0.0937757234375 0.44705439687500004 0.0937757234375 0.4246181453125 0 0.33997094687499996 0
1 0.9131998046875 1 0.8553082046875 0.8121260296875 0.7609313484375 0.8115704546875 0.8122726671875 1 0.9131998046875 1
1 0.8101822875 1 0.757513990625 0.8121260296875 0.65988761875 0.8173825328125 0.7088766734374999 1 0.8101822875 1
1 1 0.9497437015625 0.9560772203125 0.8056659671874999 0.8612507484374999 0.809633096875 0.9160356171874999 1 1 1 1 0.9497437015625
1 0.705874715625 1 0.6547607265625001 0.8161635687500001 0.5592060546875001 0.8128620265625001 0.601183359375 1 0.705874715625 1
1 0.27533455 1 0.2376265078125 0.8121260296875 0.1409067453125 0.8115704546875 0.169232821875 1 0.27533455 1
1 0.38472645 1 0.34402299062499997 0.8137410453125 0.24122614687500002 0.8141536031250001 0.27891549531250004 1 0.38472645 1
1 0.49361925468749995 1 0.4506722359375 0.8161635687500001 0.345891515625 0.8141536031250001 0.3857844359375 1 0.49361925468749995 1
1 0.599138278125 1 0.55470275625 0.8129335390625 0.45345419375 0.8147993890624999 0.493691328125 1 0.599138278125 1
1 0.16526094062500002 1 0.13892679218749998 0.8121260296875 0.033344065625 0.8147993890624999 0.0546272546875 1 0.16526094062500002 1
1 0.6659035249999999 0 0.6931665921875 0.10167208125 0.77183980625 0.10032286718750001 0.742269053125 0 0.6659035249999999 0
1 0.425700021875 0 0.4469940265625 0.09333161718750001 0.5263604843749999 0.0921245421875 0.4998238296875 0 0.425700021875 0
1 0.7440814625 0 0.7724937453125 0.101609584375 0.8527824359375 0.1030212953125 0.8116189531250001 0 0.7440814625 0
1 0.581349178125 0 0.6099545421875 0.09694983125 0.6912754109375 0.098973653125 0.6616795468750001 0 0.581349178125 0
1 0.5010570546875 0 0.527670146875 0.0937757234375 0.6088442671875 0.09644036406249999 0.5783421796875 0 0.5010570546875 0
1 0.8906239234375001 0 0.9345325640625 0.104370509375 1 0.104370509375 1 0.0788166265625 0.9662686671875 0 0.8906239234375001 0
1 0.8157583687500001 0 0.8526182906249999 0.10774354531250001 0.9324262109375001 0.104370509375 0.89233313125 0.0126239515625 0.8865590078125001 0 0.8157583687500001 0