1 1 0.27606145 0.9814924234375001 0.2731349453125 1 0.3871657765625 1 0.27606145
1 0.8974156109375 0.26428475156250003 0.92301263125 0.395125715625 0.9987439265625 0.4042723140625 0.9724950343750001 0.273360128125 0.8974156109375 0.26428475156250003
1 0.705239309375 0.24354700468749998 0.6251388625 0.2300973453125 0.6199078328125001 0.229362171875 0.6397158671875001 0.3604348484375 0.7253088953125 0.3696775015625 0.705239309375 0.24354700468749998
1 0.7108491625 0.242590309375 0.7304356875 0.36819216718750003 0.8177230906249999 0.3864465828125 0.7952378140625 0.2545665921875 0.7108491625 0.242590309375
1 0.799799040625 0.2538738265625 0.8218360359375 0.39019939375 0.9113855203125001 0.40228583906250004 0.8873299515624999 0.2656949328125 0.799799040625 0.2538738265625
1 0.536097928125 0.2193090640625 0.55215055625 0.351841675 0.6400362 0.36140653437500003 0.62016059375 0.2311233015625 0.536097928125 0.2193090640625
1 0.44252241718749996 0.2087610453125 0.457780340625 0.342599978125 0.5490089 0.35333132031250003 0.5340085234374999 0.21885659375 0.44252241718749996 0.2087610453125
0 0.17142732968750002 0.16826471875 0.081499909375 0.154748275 0.08548237343750001 0.3132670015625 0.17780870625 0.32561974375 0.17142732968750002 0.16826471875
1 0.171787871875 0.16919335625 0.179393103125 0.3293801328125 0.2738167953125 0.3434484703125 0.2683358859375 0.18451823125 0.171787871875 0.16919335625
0 0.3536898796875 0.1956359859375 0.367472653125 0.35898305 0.4562165703125 0.3707585265625 0.4402489640625 0.2051671671875 0.3536898796875 0.1956359859375
0 0.2689384265625 0.1837249453125 0.2748136484375 0.3445673453125 0.3664243109375 0.355352384375 0.35104016875 0.197019528125 0.2689384265625 0.1837249453125
1 1 0.41578891406249996 0.916177134375 0.405746853125 0.9430983296875001 0.579830290625 0.9926624203125 0.587172996875 1 0.5349634062499999 1 0.41578891406249996
1 0.6384664015625 0.3729157015625 0.5532763421875 0.3621689125 0.56990240625 0.531100540625 0.6643982562499999 0.5408104109375 0.6384664015625 0.3729157015625
1 0.9108975593749999 0.41391107031249996 0.8190437234375001 0.4012334109375 0.8516375171874999 0.5712611015625 0.9399668734375 0.57653366875 0.9108975593749999 0.41391107031249996
1 0.7272771671875 0.3882537640625 0.6421787828125 0.375234446875 0.664104303125 0.5393408328125 0.75712384375 0.559555190625 0.7272771671875 0.3882537640625
0 0.7310009890625 0.39114425625 0.759375515625 0.5605857734375 0.8495608609374999 0.5725463671875 0.815698940625 0.401394765625 0.7310009890625 0.39114425625
1 0.47726454531250007 0.525222453125 0.568432096875 0.5330362953125001 0.549456103125 0.36112025000000003 0.46181569375000003 0.3509455875 0.46263313906250003 0.3751298125 0.47726454531250007 0.525222453125
1 0.08606946875 0.3097693140625 0.02332158125 0.2990949234375 0.000761965625 0.4596149328125 0.084937990625 0.4704168125 0.08606946875 0.3097693140625
0 0.18127406562499998 0.3340778265625 0.0883330203125 0.317322503125 0.0888524765625 0.47096695781250003 0.185085265625 0.4821125765625 0.18127406562499998 0.3340778265625
0 0.36755706093749996 0.3612647375 0.2758208640625 0.3471617296875 0.2845148234375 0.4974191140625 0.3806738234375 0.50950511875 0.36755706093749996 0.3612647375
0 0.2747332609375 0.346023153125 0.1830526703125 0.332537046875 0.1880194640625 0.48490396875 0.2829440921875 0.5006237734375001 0.2747332609375 0.346023153125
0 0.45705546406249997 0.3752711796875 0.369108175 0.363127959375 0.38116392656250003 0.5088598671875 0.47379578593750005 0.5233066875 0.45705546406249997 0.3752711796875
1 0.93606949375 0.9181646656250001 0.9459745906249999 0.919374165625 0.974194625 0.718578190625 0.9120506468749999 0.7069021265625001 0.93606949375 0.9181646656250001
1 0.189705115625 0.608128984375 0.09044741875 0.5905213890625001 0.0912889859375 0.802403459375 0.1968291921875 0.818376475 0.189705115625 0.608128984375
1 0.8253128984375 0.694255965625 0.8454688765625 0.9094226515624999 0.9338130015624999 0.9184176875000001 0.90729905625 0.7077257421875001 0.8253128984375 0.694255965625
1 0.2987535828125 0.6239006171875 0.30810338437499996 0.83515535 0.41153317031250003 0.850261609375 0.39683016875 0.6326772875 0.2987535828125 0.6239006171875
0 0 0.7918296984375 0.0904934375 0.7998450515625 0.0874445953125 0.591613034375 0 0.58153488125 0 0.7918296984375
0 0.7053033281250001 0.6805814890625 0.7281805609374999 0.8936231906250001 0.82433934375 0.9082777343749999 0.798532596875 0.6925538 0.7053033281250001 0.6805814890625
1 0.39940566718750004 0.6393109359375 0.41216019375 0.84806911875 0.5134811546875 0.8600282375000001 0.49610970156249995 0.6568928734374999 0.39940566718750004 0.6393109359375
0 0.194131021875 0.607828971875 0.19969860156250002 0.8210603578125 0.3070381125 0.8355757875000001 0.295220128125 0.629229840625 0.194131021875 0.607828971875
1 0.5963617953125 0.6698304296875001 0.6235431421875 0.8817681296875 0.7268189640625 0.89343183125 0.7024956140625 0.68076714375 0.5963617953125 0.6698304296875001
0 0.51363911875 0.8361039984374999 0.5158907234375001 0.858656421875 0.620098303125 0.8795735265625 0.5934337828125 0.669430575 0.4989294015625 0.6570491328125 0.51363911875 0.8361039984374999
1 0.0782204421875 0 0.0785662078125 0.047451240625 0.16573411875 0.058810296875 0.16348805625 0 0.0782204421875 0
1 0.16394891875 0 0.1662833265625 0.060224876562499995 0.25345124218750004 0.0715839328125 0.2493725328125 0 0.16394891875 0
0 0.2502428484375 0 0.253942028125 0.07303485937500001 0.3408352265625 0.08803863437500001 0.3329337125 0 0.2502428484375 0
1 0.3341407171875 0 0.34109042500000003 0.0880745 0.424985365625 0.1021916125 0.41439102187500004 0 0.3341407171875 0
1 0.4148694875 0 0.4252897203125 0.1017690953125 0.511291678125 0.1138558828125 0.500904121875 0.0044489921875 0.48022743125 0 0.4148694875 0
1 0.8402670609375 1 0.825983971875 0.9106958203125 0.72933803125 0.8965310453124999 0.7424199546875 1 0.8402670609375 1
1 0.7395943843749999 1 0.725755384375 0.8966096109375 0.6249398187499999 0.887948125 0.6386615375 1 0.7395943843749999 1
1 0.93464336875 1 0.9385768234375 0.9720120187499999 0.9301941953125 0.918573428125 0.8324344046875 0.9089905328125001 0.8452538609375001 1 0.93464336875 1
1 0.6348792750000001 1 0.6198613125 0.8859572828125 0.52240473125 0.868801640625 0.532990571875 1 0.6348792750000001 1
1 0.0938792625 0.8072231390625 0.09517805625 0.9480197718750001 0.20112140312500001 0.9629091390625 0.1929264328125 0.8217253843749999 0.0938792625 0.8072231390625
1 0.1963229125 0.824327009375 0.2046754 0.9634086203125 0.31224605156249996 0.9785266890625 0.3017382296875 0.83870993125 0.1963229125 0.824327009375
1 0.30359369687500004 0.839402934375 0.3135457609375 0.9787093515624999 0.42301135 0.9940937375000001 0.4106924828125 0.8565605218749999 0.30359369687500004 0.839402934375
1 0.5300748015625001 1 0.517779009375 0.8682264609375 0.41374067031250006 0.85555966875 0.4239938921875 0.994231825 0.46503659218750004 1 0.5300748015625001 1
1 0 0.93464336875 0.0916717421875 0.9475269921875 0.09176980312500001 0.8075087484375001 0 0.7969782140625 0 0.93464336875
1 0.7471123046875 0.0325500453125 0.7623901296875 0.157418453125 0.8432165578124999 0.1673643 0.8245989640625 0.041060709375 0.7471123046875 0.0325500453125
1 0.5112939296875 0.1133909109375 0.5928103359375 0.12358264687500001 0.577719878125 0.0166406078125 0.5021182421875 0.0046196265625000005 0.5112939296875 0.1133909109375
1 0.826827465625 0.042080690625 0.843700984375 0.1687804703125 0.9257844468749999 0.18179559218750002 0.89466458125 0.0544417078125 0.826827465625 0.042080690625
1 0.66113495 0.0278147578125 0.677788553125 0.14058099375 0.760841503125 0.15437367500000002 0.7428004359375 0.035218943749999995 0.66113495 0.0278147578125
1 0.658043340625 0.028394621874999998 0.578846628125 0.0155704484375 0.5939141828125 0.12546771875 0.676724203125 0.1398976421875 0.658043340625 0.028394621874999998
0 1 0.1687283296875 0.979372334375 0.094617934375 0.9710566234375 0.066591475 0.90030915 0.05806213125 0.9249343609375 0.18662360312499998 1 0.19394939375 1 0.1687283296875