1 0.71484375 0.31640625 0.096875 0.15625
1 0.55390625 0.2953125 0.0875 0.1296875
1 0.628125 0.30703125 0.090625 0.1359375
1 0.46875 0.2875 0.1046875 0.1390625
1 0.2296875 0.25625 0.1078125 0.1484375
1 0.9515625 0.35859375 0.09375 0.1546875
1 0.7984375 0.3375 0.0984375 0.1578125
0 0.39765625 0.2828125 0.096875 0.1453125
1 0.87421875 0.35078125 0.09375 0.153125
0 0.3140625 0.2765625 0.096875 0.1515625
0 0.14140625 0.2578125 0.1015625 0.134375
1 0.57578125 0.4375 0.096875 0.15625
1 0.48515625 0.4265625 0.103125 0.14375
0 0.31875 0.40546875 0.0953125 0.1296875
1 0.65859375 0.4546875 0.1046875 0.1578125
1 0.82421875 0.478125 0.1015625 0.159375
0 0.23359375 0.396875 0.1015625 0.14375
0 0.4 0.4203125 0.0984375 0.1359375
1 0.91171875 0.49296875 0.1046875 0.1671875
0 0.73671875 0.471875 0.109375 0.1453125
1 0.0640625 0.3796875 0.0984375 0.1390625
0 0.15 0.39375 0.1046875 0.1390625
1 0.21484375 0.0453125 0.0890625 0.090625
1 0.1375 0.0421875 0.084375 0.084375
1 0.95 0.12734375 0.0921875 0.14375
1 0.52265625 0.071875 0.0890625 0.14375
1 0.4453125 0.06640625 0.090625 0.1328125
1 0.803125 0.7578125 0.1046875 0.1734375
1 0.89140625 0.7765625 0.10625 0.1609375
1 0.70546875 0.753125 0.1078125 0.165625
0 0.29375 0.05859375 0.096875 0.1171875
1 0.59609375 0.0828125 0.0875 0.1515625
1 0.815625 0.1140625 0.0875 0.153125
1 0.36796875 0.06484375 0.0953125 0.1296875
1 0.6140625 0.74453125 0.1171875 0.171875
0 0.0609375 0.675 0.121875 0.184375
0 0.52578125 0.74375 0.11875 0.1609375
0 0.25 0.70625 0.1140625 0.1703125
1 0.1546875 0.696875 0.1203125 0.16875
1 0.33828125 0.7234375 0.1234375 0.175
1 0.4359375 0.74296875 0.1078125 0.1765625
1 0.66875 0.096875 0.0921875 0.1484375
1 0.74296875 0.1078125 0.0890625 0.1453125
0 0.88125 0.1296875 0.0921875 0.1375
1 0.7421875 0.9265625 0.109375 0.146875
1 0.8359375 0.9328125 0.121875 0.134375
1 0.45546875 0.9078125 0.1171875 0.184375
1 0.64921875 0.92109375 0.1171875 0.1578125
1 0.25390625 0.88203125 0.1234375 0.1875
1 0.35859375 0.896875 0.121875 0.1875
1 0.5546875 0.9171875 0.121875 0.165625
1 0.1578125 0.871875 0.1140625 0.1796875
1 0.06015625 0.8578125 0.1203125 0.18125