1 1 0.26183236875000004 0.9342372109375001 0.2502579921875 0.9519833921874999 0.3722401890625 1 0.3810679375 1 0.26183236875000004
1 0.8545107734374999 0.2404459765625 0.8767262203125 0.36474645781250004 0.9485201 0.3746967578125 0.9256865546874999 0.250317734375 0.8545107734374999 0.2404459765625
0 0.672286384375 0.2175368953125 0.596411115625 0.2034384828125 0.5914537156249999 0.2026533078125 0.6081662156250001 0.3270744296875 0.689326678125 0.33728383125 0.672286384375 0.2175368953125
1 0.677630803125 0.21672687812500002 0.6942207015624999 0.335965128125 0.7768460671875 0.35473464374999997 0.7576032921875 0.2295036046875 0.677630803125 0.21672687812500002
1 0.7619473343750001 0.2289255625 0.7806929046875 0.35835747812499996 0.8655661421874999 0.3713264984375 0.8449072953125001 0.2416089703125 0.7619473343750001 0.2289255625
1 0.5120001359375 0.191707075 0.5251217593749999 0.3174462390625 0.608454915625 0.3279997625 0.5916655546875 0.20432483750000002 0.5120001359375 0.191707075
1 0.423277690625 0.180125790625 0.43562341875 0.307088065625 0.522113440625 0.318802875 0.5100225734375 0.1912431015625 0.423277690625 0.180125790625
0 0.166401825 0.13716594531249998 0.081192525 0.1228367328125 0.0824309859375 0.2729704953125 0.16993780625 0.286238965625 0.166401825 0.13716594531249998
0 0.16672941562500002 0.13805121250000002 0.1713825328125 0.28982585312500003 0.26085419375 0.30475420625 0.2581988953125 0.1542053203125 0.16672941562500002 0.13805121250000002
0 0.339102190625 0.1661857625 0.349572915625 0.3210575171875 0.433685896875 0.33371841562500004 0.4211757234375 0.1766847828125 0.339102190625 0.1661857625
0 0.2587840140625 0.1534646140625 0.26178318906250003 0.305830415625 0.3486353265625 0.3176025765625 0.33656289375 0.16745034375 0.2587840140625 0.1534646140625
0 0.9526039703125001 0.386043915625 0.8700623609375 0.37468466718750004 0.8928415421875 0.539944334375 0.9818232984374999 0.5547155312500001 0.9526039703125001 0.386043915625
1 1 0.3943454046875 0.956589334375 0.38567865156250003 0.9837317234375 0.5617964578125 0.9959338843750001 0.56502329375 1 0.5393508515625001 1 0.3943454046875
1 0.6067789359375 0.33886844374999997 0.526025415625 0.3272419828125 0.5391074687499999 0.487448996875 0.628717640625 0.4982525203125 0.6067789359375 0.33886844374999997
1 0.8649159859375001 0.3823235015625 0.777863228125 0.3687554984375 0.8060961828125001 0.530272421875 0.8899197437499999 0.5367701015625 0.8649159859375001 0.3823235015625
1 0.69089823125 0.354903096875 0.6102682781250001 0.34112685 0.6284619921875 0.49685629374999996 0.716501121875 0.5175789890625 0.69089823125 0.354903096875
1 0.6943892625 0.35770295625 0.718623546875 0.518593015625 0.8041028375 0.5314537374999999 0.7746832734375 0.368851209375 0.6943892625 0.35770295625
1 0.45120077968750005 0.4803046109375 0.5376796796875001 0.48925645468749995 0.5224132265625 0.32618409375 0.43932282031250003 0.315057465625 0.4397111265625 0.337966028125 0.45120077968750005 0.4803046109375
1 0.0830448421875 0.2696693296875 0.03177503125 0.26002949218750004 0.0078207265625 0.41127102656250003 0.07939115625 0.42173114062500006 0.0830448421875 0.2696693296875
0 0.1730939375 0.2943051234375 0.085073846875 0.2768583515625 0.08310087968749999 0.42231870312500003 0.174338003125 0.4345110359375 0.1730939375 0.2943051234375
1 0.349616471875 0.32321897499999996 0.26269834531249997 0.3083036328125 0.2685450921875 0.450696925 0.359697025 0.46377824062500006 0.349616471875 0.32321897499999996
0 0.2616834578125 0.307207221875 0.17480825312499998 0.29287683593749997 0.177080525 0.4372036171875 0.2670015390625 0.4537039125 0.2616834578125 0.307207221875
1 0.43441036093749996 0.338004740625 0.3510600359375 0.32500929218749997 0.3601729546875 0.4631757546875 0.4479363921875 0.47843184843750003 0.43441036093749996 0.338004740625
1 0.957852540625 0.8054594343750001 0.9367486171875001 0.6752398078125 0.8613080328124999 0.6597107203125 0.88073330625 0.8601174515625001 0.9477111640625001 0.86948956875 0.957852540625 0.8054594343750001
1 0.1767036984375 0.55388650625 0.08269680625 0.5355251921875 0.08009495 0.73612318125 0.1800961328125 0.7530442109375 0.1767036984375 0.55388650625
1 0.77911478125 0.6462597765625 0.7948078609375 0.850296596875 0.878585696875 0.860318503125 0.8567810515625001 0.6604093890625 0.77911478125 0.6462597765625
1 0.28004077656250004 0.5706767187499999 0.2855313625 0.7708259109375 0.383541671875 0.7868904171875 0.3730674390625 0.58065786875 0.28004077656250004 0.5706767187499999
0 0 0.7252431968749999 0.0793802890625 0.7336876296875 0.079826759375 0.5365074203125 0 0.5258852265625 0 0.7252431968749999
1 0.6653315703125 0.6312679734375 0.6836438109375 0.833339528125 0.7747543046875001 0.8488524125 0.753702240625 0.6441916953125 0.6653315703125 0.6312679734375
1 0.3754075359375 0.5869817046875 0.38417250625 0.78482553125 0.4802300640625 0.7978747546875 0.46698899687499995 0.6052751796875 0.3754075359375 0.5869817046875
0 0.1809128921875 0.553677965625 0.1827788359375 0.7556339109375 0.284512659375 0.7712057640625 0.27659863281249997 0.5756615109375 0.1809128921875 0.553677965625
0 0.56201548125 0.6192324375 0.584434125 0.8203322578125001 0.682353440625 0.833135153125 0.662661409375 0.631395846875 0.56201548125 0.6192324375
1 0.4807641734375 0.7752289484375 0.48254105 0.79661718125 0.5811969390625 0.8181959375 0.55924044375 0.618803975 0.4696650546875 0.605471190625 0.4807641734375 0.7752289484375
1 0.0803326390625 0 0.0801280828125 0.0212111953125 0.1627506296875 0.033451003125 0.1620363859375 0 0.0803326390625 0
1 0.162486725 0 0.1632496390625 0.034799515625 0.2458721875 0.047039325 0.24398230625 0 0.162486725 0
1 0.9270403421875001 1 0.947927803125 0.8681217609375 0.8786084609374999 0.8616868343749999 0.8958905625 1 0.9270403421875001 1
0 0.24467670468749997 0 0.246315115625 0.04842125 0.328618190625 0.064106740625 0.32393931875000004 0 0.24467670468749997 0
1 0.32487442187500004 0 0.328860040625 0.06414504531250001 0.4083291625 0.078940025 0.40146846406250003 0 0.32487442187500004 0
1 0.40189925468750004 0 0.408625065625 0.078545228125 0.49012833437500003 0.091454078125 0.48297830781249995 0 0.40189925468750004 0
1 0.7975785234375 1 0.7762778 0.8511696015625001 0.68469666875 0.8361120609375 0.7026691781250001 1 0.7975785234375 1
1 0.7004777265625 1 0.6812920828125 0.8361253421875 0.5856616875 0.8262065281250001 0.6040301984374999 1 0.7004777265625 1
1 0.894696459375 1 0.8751455234375 0.8604042281250001 0.782432740625 0.84966524375 0.8010852796875 1 0.894696459375 1
1 0.6010669156249999 1 0.580869334375 0.8242352437499999 0.48856615000000003 0.8063324953125001 0.500944340625 1 0.6010669156249999 1
1 0.0824782046875 0.7407300265625001 0.08094504687500001 0.939860778125 0.1845892796875 0.9562764125 0.17633495937500002 0.7561479906249999 0.0824782046875 0.7407300265625001
1 0.1795196703125 0.7586688046875001 0.18809183125 0.9568311625 0.2910481734375 0.9731378453125 0.279427740625 0.774082403125 0.1795196703125 0.7586688046875001
1 0.2811792125 0.77477009375 0.292030415625 0.9732934171875 0.396990259375 0.9899174234375 0.3826419484375 0.792839109375 0.2811792125 0.77477009375
1 0.4990535328125 1 0.4841811921875 0.8057091062499999 0.385553628125 0.79194360625 0.396868896875 0.9898982015625 0.46064914218749997 1 0.4990535328125 1
1 0 0.9270403421875001 0.07696836093750001 0.9392309328125 0.0804697453125 0.7409644328125 0 0.7302971406250001 0 0.9270403421875001
1 0.8045803921875001 0.1477694765625 0.7904752328125 0.03977419375 0.71645849375 0.028051095312500003 0.7279592359375 0.136975659375 0.8045803921875001 0.1477694765625
1 0.48398636249999993 0 0.4901379375 0.09101393906250001 0.567410590625 0.10205229843750001 0.5550318843750001 0.00248363125 0.539350853125 0 0.48398636249999993 0
1 0.8827838437500001 0.162839253125 0.8572202765625001 0.0503455703125 0.7923241437499999 0.0400670328125 0.8050178390625 0.149118390625 0.8827838437500001 0.162839253125
1 0.7265369984375 0.134066834375 0.7121751374999999 0.027372678125 0.6341749859375 0.015018667187500001 0.647862515625 0.11959334375 0.7265369984375 0.134066834375
1 0.6468624078125 0.11892828281250001 0.631130146875 0.014536412500000002 0.5562546015625001 0.002677290625 0.568428925 0.10385567343749999 0.6468624078125 0.11892828281250001
1 1 0.0729596578125 0.9338326734375 0.062479782812499995 0.9619789187500001 0.17672430156250002 1 0.18274625 1 0.0729596578125
1 0.8615769875 0.05103560625 0.8818988031250001 0.167395315625 0.9599330578125 0.1764002703125 0.9350889375 0.0812240953125 0.9296697953124999 0.061820446875000004 0.8615769875 0.05103560625