1 1 0.3366651546875 0.9686406156249999 0.238457075 0.89414266875 0.2358760453125 0.9298750515625 0.3585552953125 1 0.3615198140625 1 0.3366651546875
1 0.8110664296874999 0.2373094890625 0.8517103359375 0.3617238703125 0.9266811203125 0.36157737343749996 0.885392790625 0.23717156875 0.8110664296874999 0.2373094890625
0 0.62111623125 0.24009037812499998 0.5413678921875 0.2365670546875 0.5361770078125 0.23647644843750001 0.5712015796875 0.36180897500000003 0.655803884375 0.3605765453125 0.62111623125 0.24009037812499998
1 0.6264739703125 0.23848732031250003 0.6606270765625 0.358516221875 0.7479618046875001 0.36586113125 0.7102288999999999 0.24006226718749998 0.6264739703125 0.23848732031250003
1 0.714595334375 0.2388417703125 0.7524235109374999 0.3690254953125 0.8412259734375 0.37009050781249997 0.801396915625 0.23988969999999998 0.714595334375 0.2388417703125
1 0.45321703125 0.23670599375 0.4847531375 0.3639100734375 0.5716304640625001 0.36271735625 0.5366345515625001 0.23816205156249998 0.45321703125 0.23670599375
1 0.36067152187499996 0.23762137656250001 0.391588896875 0.3661932296875 0.4818669421875 0.365737165625 0.451124634375 0.2365150640625 0.36067152187499996 0.23762137656250001
0 0.0043908421875 0.2440853796875 0.024902290625 0.3821434359375 0.116445440625 0.3831357734375 0.09136989375 0.23059094375 0.0046672640625 0.228249209375 0.0043908421875 0.2440853796875
0 0.091832846875 0.231452575 0.1184414828125 0.386609946875 0.2122361046875 0.3890229 0.18785025 0.23483566875 0.091832846875 0.231452575
0 0.2724440140625 0.23545870781249997 0.30545736562500003 0.39295622343750003 0.3934367515625 0.39381461562500003 0.358023259375 0.23439184218750003 0.2724440140625 0.23545870781249997
0 0.18834299062499998 0.23399071875000002 0.2133425609375 0.38999376875 0.3039997765625 0.3895443203125 0.27002499062499996 0.2371235875 0.18834299062499998 0.23399071875000002
1 0.9324972562499999 0.3726381890625 0.8463147578125 0.3728894078125 0.8934306781249999 0.5392757484375 0.986700871875 0.5415980609375 0.9324972562499999 0.3726381890625
1 1 0.37534311875 0.9365269140624999 0.37168792812499996 0.9896747234375001 0.5485926828125 0.99920805625 0.5497339015625 1 0.50436346875 1 0.37534311875
1 0.5714779 0.3741182796875 0.48708849687500005 0.373837059375 0.5235444593749999 0.5364354375 0.6168873406250001 0.5345933875 0.5714779 0.3741182796875
1 0.8421426343749999 0.38147511875 0.751021478125 0.380109709375 0.803185090625 0.5418661375 0.8899810515625 0.53643845 0.8421426343749999 0.38147511875
1 0.6599492828125 0.3784396390625 0.5753770671875 0.37593337031249996 0.61642454375 0.5331967625 0.7095857031249999 0.5417656140625 0.6599492828125 0.3784396390625
1 0.6639281015625 0.38081040312500003 0.7119056453125 0.5425003796875 0.80131330625 0.543366725 0.7477780078125 0.380666965625 0.6639281015625 0.38081040312500003
1 0.4324730609375 0.541788496875 0.5223420859375 0.5384972640625 0.4832362703125 0.37327228749999997 0.3965251140625 0.373841553125 0.40021970937500007 0.3973060234375 0.4324730609375 0.541788496875
1 0 0.535080428125 0.0431972484375 0.5353166859375 0.025055984375 0.378665484375 0.0020603328125000002 0.37760017343749996 0 0.4956365546875 0 0.535080428125
0 0.1208391078125 0.39096185 0.028168900000000004 0.3857536828125 0.0470816921875 0.5353844890625 0.1422909375 0.5347335140625 0.1208391078125 0.39096185
1 0.3058130421875 0.3951691328125 0.2146358875 0.3924009625 0.241117059375 0.5377540953125 0.3363669796875 0.5380281453125 0.3058130421875 0.3951691328125
0 0.21343854687500002 0.3914217515625 0.12238953906250001 0.38924796562499997 0.145487615625 0.5371021703125 0.23996873437500002 0.541064203125 0.21343854687500002 0.3914217515625
1 0.3947956828125 0.39811087343749996 0.30754934375 0.3967989140625 0.336767771875 0.5373408703125 0.4288598203125 0.5403368859375 0.3947956828125 0.39811087343749996
1 0.9949798375000001 0.7919683546875 0.9578757453125 0.671847896875 0.8783667625 0.6667929390625 0.9271053984375 0.8697493218749999 0.9936229125 0.869706546875 0.9949798375000001 0.7919683546875
1 0.16189387500000002 0.656956396875 0.06295974531250001 0.651673384375 0.08916341562499999 0.8580054875 0.1940302484375 0.860944540625 0.16189387500000002 0.656956396875
1 0.7922400671875 0.6648463078125 0.8376782203124999 0.872068446875 0.9249345265625 0.8702657265625 0.873830303125 0.6681636875 0.7922400671875 0.6648463078125
1 0.27015885625 0.659279640625 0.3045870640625 0.8639829125 0.40729137031249996 0.86632991875 0.3668829140625 0.6561001156249999 0.27015885625 0.659279640625
0 0 0.8585833046875001 0.0880808765625 0.8556080312500001 0.060161298437499997 0.6530961078125 0 0.6535410984375 0 0.8585833046875001
1 0.67353388125 0.665877290625 0.7213720234375 0.870703621875 0.8169294328125 0.8734801781250001 0.7659122609375 0.6663909828125 0.67353388125 0.665877290625
1 0.370189971875 0.6622551140625 0.4076403734375 0.8641188203124999 0.5079105296875001 0.8636518515624999 0.4666299609375 0.6678185609375 0.370189971875 0.6622551140625
0 0.16617535781249998 0.656134740625 0.197150846875 0.8632162015624999 0.30359826875 0.86451995 0.2673504328125 0.6648944234374999 0.16617535781249998 0.656134740625
0 0.5659746609375 0.6684327078125001 0.617879165625 0.8716686359375 0.7200208765625 0.8706800375 0.6708172265625 0.6663939859375 0.5659746609375 0.6684327078125001
0 0.5051985828125 0.84032401875 0.5100967015625 0.8620271203125001 0.61425585625 0.8699424984374999 0.563070515625 0.6683933421875 0.46939926718749997 0.6676335515625 0.5051985828125 0.84032401875
1 0.05517653125000001 0.016409778125 0.0083760390625 0.015773575 0.0064844796875 0.1241410109375 0.0727039734375 0.12463247343749999 0.05517653125000001 0.016409778125
1 0.14009774218749999 0.017892084375 0.055602110937500004 0.016391225000000002 0.0734091828125 0.12594498437499999 0.15980130937499998 0.1265861640625 0.14009774218749999 0.017892084375
1 0.99134863125 1 0.9936451734375 0.8684312437499999 0.9251547656250001 0.8716673265624999 0.9597481453125001 1 0.99134863125 1
0 0.22288058125000001 0.020014546875 0.14110369375 0.017215285937499998 0.16045388124999999 0.12794107500000002 0.247014653125 0.1321660921875 0.22288058125000001 0.020014546875
1 0.30513626875 0.0241644203125 0.22434163593749998 0.0197534796875 0.2472678921875 0.1321705125 0.330797675 0.1358902796875 0.30513626875 0.0241644203125
1 0.3931463703125 0.031581184375 0.3055286140625 0.023702896875 0.331043953125 0.135442228125 0.4163858828125 0.13693187812500002 0.3931463703125 0.031581184375
1 0.8547343375 1 0.8188234296875001 0.8756393687499999 0.7228494734375001 0.8733982499999999 0.754940896875 1 0.8547343375 1
1 0.75230931875 1 0.719364053125 0.8739032984374999 0.61998195 0.8775226406250001 0.6505176765625 1 0.75230931875 1
1 0.958297409375 1 0.921423078125 0.8708502890625001 0.8249114671875001 0.8732064328125 0.858972940625 1 0.958297409375 1
1 0.646855640625 1 0.6147894265625 0.8761904171875001 0.5176664046874999 0.871132309375 0.5441851765625 1 0.646855640625 1
1 0.09226758125 0.862391403125 0.10958755 0.9932614890625 0.2144091484375 0.9950911578125 0.19062433750000002 0.8646741125 0.09226758125 0.862391403125
1 0.19424923125 0.8668025890625 0.2179230734375 0.9951524921875 0.3245717734375 0.9970140531249999 0.29880375 0.8682073796875001 0.19424923125 0.8668025890625
1 0.3006967578125 0.8686606375 0.325885259375 0.9970369796874999 0.43439458281250004 0.9989310171874999 0.4072258796875 0.8725673828125 0.3006967578125 0.8686606375
1 0.5412948140625 1 0.5130851578125 0.8711251843750001 0.41007945156250003 0.871227690625 0.43546977499999995 0.9989497843749999 0.49563655625 1 0.5412948140625 1
1 0 0.99134863125 0.10617038281249999 0.9932018421875 0.0902440421875 0.8629219671874999 0 0.863634165625 0 0.99134863125
1 0.6366861828125 0.029511734374999998 0.6665483359375 0.14934139375 0.7465851140625 0.1493641859375 0.7132931234375001 0.028535709375000003 0.6366861828125 0.029511734374999998
1 0.4163323765625 0.1364785953125 0.4970716796875 0.1366584265625 0.46953981875000006 0.034271684375 0.394351175 0.0316022140625 0.4163323765625 0.1364785953125
1 0.71558919375 0.029262915625000004 0.7472273171875 0.15068599375 0.828858009375 0.153548775 0.7832443687499999 0.0331923515625 0.71558919375 0.029262915625000004
1 0.5522489375 0.035181571875 0.582003346875 0.1430557609375 0.6646729109375 0.1465601484375 0.6327997265625 0.032627715625 0.5522489375 0.035181571875
1 0.549302571875 0.036116296874999995 0.47051075156250005 0.03309428125 0.49837429375 0.138362990625 0.580883221875 0.1425172859375 0.549302571875 0.036116296874999995
1 0.8636635343749999 0.0355340890625 0.9119761343749999 0.15637386250000002 0.98968086875 0.157730203125 0.9420838921874999 0.040774801562500004 0.8636635343749999 0.0355340890625
1 0.8286071375 0.1583542921875 0.909833915625 0.1563364703125 0.8706888312500001 0.062203814062499994 0.8592194750000001 0.035892757812499995 0.7891842984374999 0.036044545312499995 0.8286071375 0.1583542921875
1 1 0.040972815625 0.9455409046875 0.0398484515625 0.9900895265624999 0.1563630828125 1 0.1571218828125 1 0.040972815625