1 0.9009411187499999 0.26008376875 0.92638908125 0.377068840625 0.9993732359375 0.38527829375 0.970533915625 0.2673764515625 0.9009411187499999 0.26008376875
1 0.8230532359374999 0.255980621875 0.8529871218749999 0.37490895156250004 0.9232008390625 0.37968373125 0.892662940625 0.26072119531250004 0.8230532359374999 0.255980621875
1 0.644998421875 0.24613485625 0.5705505953125 0.23761762343749998 0.5656956640625 0.237192871875 0.5903075265625 0.3566110640625 0.66961131875 0.3610020421875 0.644998421875 0.24613485625
1 0.6501202187499999 0.24498780625 0.6742624187499999 0.359392653125 0.75556469375 0.3719781890625 0.7284471531250001 0.25194676875 0.6501202187499999 0.24498780625
1 0.732615684375 0.25109227500000003 0.7595360515625 0.37522760312500003 0.8426229031249999 0.3820407171875 0.8138299859375 0.257758340625 0.732615684375 0.25109227500000003
1 0.4879952828125 0.23197229375 0.5092182390625 0.35291091093750004 0.5906498140625 0.357488046875 0.5660140250000001 0.2387980484375 0.4879952828125 0.23197229375
1 0.40127402031250003 0.2267646375 0.4218282515625 0.3489409078125 0.5063962140625 0.35442924531250003 0.48604839218749996 0.23165678750000002 0.40127402031250003 0.2267646375
0 0.1495537453125 0.20255149375 0.0660492890625 0.194443275 0.0774137875 0.3398230921875 0.163071821875 0.34674784375 0.1495537453125 0.20255149375
1 0.1499309890625 0.20338702031250003 0.1647140453125 0.3501252390625 0.2523876171875 0.35852506875 0.239622653125 0.212839071875 0.1499309890625 0.20338702031250003
0 0.3187972609375 0.2189634296875 0.33942498125 0.368308121875 0.4217545828125 0.37487422656249997 0.3990050671875 0.22357313125 0.3187972609375 0.2189634296875
0 0.2401392515625 0.21208174687499998 0.253360315625 0.3595048375 0.3382829078125 0.365024196875 0.31642329999999996 0.2203607828125 0.2401392515625 0.21208174687499998
1 0.9279247671874999 0.3904011328125 0.8472053374999999 0.3849896875 0.8804584312499999 0.5435649328125 0.9676468390625 0.5518456984375 0.9279247671874999 0.3904011328125
0 1 0.3985080609375 0.9317602875000001 0.38977711249999997 0.969974771875 0.5585770203125 0.9963444000000001 0.563614175 1 0.5218304734375 1 0.3985080609375
1 0.5897623203125 0.36813224375 0.5107567546875 0.3623407046875 0.534275053125 0.5166777078125 0.6218035140625 0.521071628125 0.5897623203125 0.36813224375
1 0.8427377187499999 0.39273971875 0.757499215625 0.38549397500000004 0.7957814640625 0.540073253125 0.8774134437500001 0.5406874671875 0.8427377187499999 0.39273971875
1 0.6723264609374999 0.3779667328125 0.5932950296875 0.370083903125 0.621461359375 0.5197361593750001 0.70813968125 0.5338471890625 0.6723264609374999 0.3779667328125
0 0.6758974640625001 0.3804428890625 0.7102641328125 0.5346858203125 0.7939306796875 0.5413529296874999 0.75442556875 0.3858022390625 0.6758974640625001 0.3804428890625
1 0.4486443390625 0.51571365 0.5330144625 0.5185257171875 0.5071863390625 0.361560546875 0.4259510890625 0.35641168125 0.42787824687500003 0.3785813390625 0.4486443390625 0.51571365
1 0.077784865625 0.3365830046875 0.013047449999999999 0.329036484375 0.0000335203125 0.47778638281249997 0.084541340625 0.48416247500000004 0.077784865625 0.3365830046875
0 0.16667499531250002 0.3543491828125 0.08023691093749999 0.34341088750000004 0.088174384375 0.484480325 0.17737275156250001 0.490109584375 0.16667499531250002 0.3543491828125
0 0.3396135140625 0.37039939374999997 0.25441419062500004 0.361839096875 0.26971823437500003 0.499406878125 0.35889427500000004 0.505903240625 0.3396135140625 0.37039939374999997
0 0.2533569328125 0.360845578125 0.1682387890625 0.35284913125 0.1802114796875 0.49253252812500004 0.268426728125 0.5024249515625 0.2533569328125 0.360845578125
0 0.4227465125 0.3789781203125 0.341132975 0.37203618125000004 0.359314471875 0.5052872374999999 0.44535563749999996 0.5141203953125 0.4227465125 0.3789781203125
1 0.9720183656250001 0.8416620234375 0.9321473953125 0.671676040625 0.858023740625 0.661743171875 0.8904078765625 0.8545995296875001 0.97040135625 0.8601445109375 0.9720183656250001 0.8416620234375
1 0.1877465859375 0.6056114640625 0.0954477265625 0.5941928437499999 0.106509190625 0.7887274515625 0.204516640625 0.7983443140625 0.1877465859375 0.6056114640625
1 0.7775001125000001 0.6542814828125 0.8065149999999999 0.8509079703125 0.8883412999999999 0.8549398859374999 0.85368618125 0.662726934375 0.7775001125000001 0.6542814828125
1 0.2889763515625 0.6148754765625 0.30784582031249996 0.808426765625 0.4038669078125 0.8173486796875 0.379758365625 0.6182410421875 0.2889763515625 0.6148754765625
0 0 0.6294633890625 0.00606901875 0.7828143890625 0.105652065625 0.7864161000000001 0.0927342828125 0.59533904375 0 0.5895386 0 0.6294633890625
0 0.6662739171875 0.64746795 0.6976926812500001 0.842012784375 0.7869932125 0.8508678890624999 0.7527453375000001 0.6540001296875 0.6662739171875 0.64746795
1 0.38245316093750004 0.6242095640625 0.40433813281250003 0.8153052671875001 0.49826362187499995 0.8214380421874999 0.4723981390625 0.635726846875 0.38245316093750004 0.6242095640625
0 0.19180951875000002 0.6051241234375 0.2072904625 0.80067163125 0.3068848171875 0.808863846875 0.2859797671875 0.6199385140625 0.19180951875000002 0.6051241234375
1 0.5653864 0.6428092953125 0.6007168609375 0.8361343 0.69642898125 0.8419022249999999 0.663696240625 0.647772825 0.5653864 0.6428092953125
0 0.4972477125 0.79946045 0.5004169125 0.820062953125 0.5974366609375 0.8342838390624999 0.5626694703124999 0.6425822453125 0.47500345624999996 0.635735384375 0.4972477125 0.79946045
1 0.052355565625 0 0.05813762812499999 0.096051009375 0.1389950734375 0.1023101375 0.12965038125 0.000027446874999999998 0.12932210156249999 0 0.052355565625 0
1 0.20907549531249997 0.00697624375 0.1300501125 0.0000379890625 0.139569721875 0.103582884375 0.2204271671875 0.1098420140625 0.20907549531249997 0.00697624375
1 0.9581655874999999 1 0.970577496875 0.858131221875 0.8884559937500001 0.8562641125000001 0.9167013828125 1 0.9581655874999999 1
0 0.286456384375 0.014383176562499999 0.210061690625 0.006409678125 0.22094975625000002 0.1111509359375 0.3017310515625 0.12077021875 0.286456384375 0.014383176562499999
1 0.363211221875 0.023650190625 0.287841596875 0.0142349265625 0.301967903125 0.120790940625 0.3799439203125 0.12973949375 0.363211221875 0.023650190625
1 0.4451412390625 0.036347123437500004 0.363608765625 0.0232446 0.380203803125 0.129336921875 0.4600224078125 0.13632014374999998 0.4451412390625 0.036347123437500004
1 0.8202450359375 1 0.7886257671875 0.8530097421875 0.6989002 0.8446277171875 0.7270067296875 1 0.8202450359375 1
1 0.724839440625 1 0.695603396875 0.8448713390625 0.6023036078125 0.841742646875 0.6302909640625 1 0.724839440625 1
1 0.9156960640625 1 0.8850149296875 0.8552561093750001 0.7944856296875 0.8511350125 0.8236056625 1 0.9156960640625 1
1 0.6272997109375 1 0.5975282359375 0.8401574937499999 0.506910646875 0.829067703125 0.5298798203125 1 0.6272997109375 1
1 0.10912953593750001 0.79302946875 0.12004529687500001 0.9686681890625 0.2206811234375 0.9774726843750001 0.2010836890625 0.801606471875 0.10912953593750001 0.79302946875
1 0.20433909374999998 0.8038330218749999 0.224075365625 0.9777696406249999 0.324633146875 0.9865673078125001 0.3021542953125 0.8119956500000001 0.20433909374999998 0.8038330218749999
1 0.30389734218750003 0.8125432390625 0.32566172187500003 0.9866572953125001 0.4281261234375 0.9956217687500001 0.40339819062500004 0.823173315625 0.30389734218750003 0.8125432390625
1 0.5278260953125 1 0.502621140625 0.828760903125 0.4061578328125 0.8221083218749999 0.42828838593749996 0.9956359656249999 0.4781695234375 1 0.5278260953125 1
1 0.0065468687499999996 0.7871468921875 0.0112347703125 0.9591485015625001 0.1163254296875 0.9683427437500001 0.1072 0.7933927125 0.0065468687499999996 0.7871468921875
1 0.673331975 0.0503686296875 0.6934690515625 0.16430616250000002 0.7684156125 0.16957103906249998 0.745132 0.05447540468749999 0.673331975 0.0503686296875
1 0.46000191093750004 0.13589304687499998 0.53559606875 0.14135070156250001 0.5165018734375 0.043866287500000004 0.4462680671875 0.0364457078125 0.46000191093750004 0.13589304687499998
1 0.7472345921875 0.05530540625 0.768930653125 0.170848346875 0.8451842968750001 0.178871625 0.8103316125 0.0634098765625 0.7472345921875 0.05530540625
1 0.593892928125 0.050135234375000004 0.6147099593750001 0.1528932921875 0.6918945187500001 0.1615842125 0.66948910625 0.053025903124999996 0.593892928125 0.050135234375000004
1 0.5910728421875 0.0508157078125 0.5174879734375 0.0428296125 0.536704534375 0.1430289609375 0.6136962234375 0.1523167015625 0.5910728421875 0.0508157078125
1 0.8854847890625 0.0708668640625 0.9228332625 0.186957128125 0.99550895 0.1933154265625 0.9585769015625001 0.080902003125 0.8854847890625 0.0708668640625
0 0.8446355125 0.18334595625 0.9208296890625001 0.1867818375 0.8903215359375001 0.09625005156250001 0.8812998562500001 0.07091089218749999 0.815707596875 0.0664644109375 0.8446355125 0.18334595625
1 1 0.083720675 0.961874621875 0.080262809375 0.9959809171874999 0.1920646203125 1 0.1926560578125 1 0.083720675