1 0.890150015625 0.2076178171875 0.9255827640625001 0.3212865203125 0.998768609375 0.3230933625 0.959888628125 0.2088104828125 0.890150015625 0.2076178171875
1 0.8124515484374999 0.210303225 0.8525076 0.32550799218750004 0.9226440359374999 0.324152859375 0.8819852328125 0.2089665578125 0.8124515484374999 0.210303225
1 0.6347892765625 0.215980796875 0.5601232781250001 0.2139959375 0.5552654734375 0.2139959375 0.59007935625 0.33014710625 0.6692088171874999 0.32762409375 0.6347892765625 0.215980796875
1 0.639775525 0.214400796875 0.673687503125 0.3256269375 0.7555133453125 0.33104746875 0.71815806875 0.21450603125 0.639775525 0.214400796875
1 0.7222231515625 0.2132984203125 0.759739165625 0.333921871875 0.8428355953125 0.333470159375 0.8034473796875 0.212863325 0.7222231515625 0.2132984203125
1 0.47765611406249997 0.21555827968750002 0.50923693125 0.3335091078125 0.590495434375 0.33098609687499997 0.555721053125 0.21555827968750002 0.47765611406249997 0.21555827968750002
1 0.3910902203125 0.21791515156250002 0.4221145203125 0.337149828125 0.506566590625 0.335257571875 0.47569545625 0.21541448281250003 0.3910902203125 0.21791515156250002
0 0.139030596875 0.2157454828125 0.0554069765625 0.21495057968750003 0.079321771875 0.35796477968749996 0.1649810609375 0.35740083437500003 0.139030596875 0.2157454828125
1 0.1394777828125 0.21654038281250002 0.16690518906250001 0.360603840625 0.254694040625 0.361326296875 0.22936199531249998 0.2181301859375 0.1394777828125 0.21654038281250002
0 0.30851376406250003 0.2173352859375 0.3419713109375 0.363473975 0.4242943375 0.3628432203125 0.388559903125 0.21495057968750003 0.30851376406250003 0.2173352859375
0 0.2298091796875 0.2173352859375 0.2557450390625 0.36221246875 0.34055194843750003 0.36032020781249996 0.30627783750000004 0.2189250890625 0.2298091796875 0.2173352859375
1 0.9282659375 0.33435910625 0.8476421078125 0.3359940171875 0.89443845 0.490181503125 0.9817351921874999 0.49082807187500005 0.9282659375 0.33435910625
0 1 0.336121596875 0.9320203640625 0.333408634375 0.9846315984375 0.497293728125 1 0.4988547796875 1 0.336121596875
1 0.59053888125 0.34160610625 0.5115838828125 0.34271601406249996 0.5483454562500001 0.49354910781249994 0.6356421984375 0.49031627968749997 0.59053888125 0.34160610625
1 0.8438790875000001 0.34405759375 0.7586085 0.34426724218750004 0.8100516000000001 0.4940609 0.8911648234375 0.487595240625 0.8438790875000001 0.34405759375
1 0.6733787453125 0.34419236875000003 0.59421638125 0.34323309218750003 0.6351864218750001 0.48902314531249996 0.7224831625 0.49548880625 0.6733787453125 0.34419236875000003
0 0.6771398390625001 0.3463355515625 0.7246655796875 0.496135371875 0.8083249578125 0.49548880625 0.7555831765625001 0.344838934375 0.6771398390625001 0.3463355515625
1 0.46323113281249995 0.5000147687500001 0.547254246875 0.49548880625 0.5079707140624999 0.34225267187499997 0.42685749062499995 0.34419236875000003 0.4306971421875 0.365984459375 0.46323113281249995 0.5000147687500001
1 0 0.41342138281249996 0.0086649296875 0.5013925625 0.0989389265625 0.50031559375 0.0794087640625 0.3547233109375 0 0.3524429453125 0 0.41342138281249996
0 0.1692193515625 0.364617734375 0.0824367984375 0.3612738546875 0.10257412031249999 0.50031559375 0.19163638593750001 0.498161659375 0.1692193515625 0.364617734375
0 0.3423402015625 0.3655290453125 0.25699431875 0.36443323125 0.28414237343750004 0.49936820312499997 0.373257796875 0.49807507187500005 0.3423402015625 0.3655290453125
0 0.25585815625 0.36354076874999997 0.17064186875 0.3629964140625 0.1946657140625 0.50031559375 0.2831221140625 0.502469528125 0.25585815625 0.36354076874999997
0 0.42563584218750006 0.3668221765625 0.343991209375 0.36701861406249997 0.373621534375 0.49742850625 0.45982706562500003 0.4987216375 0.42563584218750006 0.3668221765625
1 1 0.743370175 0.9568948687500001 0.6125965859375 0.8824277859375 0.6091814421875 0.93133945 0.7973997453125 1 0.7961627625000001 1 0.743370175
1 0.21197179843749997 0.6116675484375 0.11932781875000001 0.6083557890625 0.1472120484375 0.8000841765625 0.245368084375 0.8011165968749999 0.21197179843749997 0.6116675484375
1 0.8018202703125 0.6087686171875 0.8477138312499999 0.8010132140625 0.9293169265625 0.7979159546875 0.8782060921875001 0.6105317453125 0.8018202703125 0.6087686171875
1 0.3132969109375 0.612071234375 0.3488489984375 0.8021490171875 0.4449722171875 0.8026652249999999 0.403735065625 0.607537871875 0.3132969109375 0.612071234375
0 0.0225632078125 0.612056159375 0.0469621125 0.8029311921875 0.1461601296875 0.7978690546875 0.1167329671875 0.6097262421874999 0.0225632078125 0.612056159375
0 0.690781675 0.61165840625 0.7388814203125 0.80163280625 0.82832538125 0.8026652249999999 0.777214546875 0.610635128125 0.690781675 0.61165840625
1 0.40692949218749996 0.6132161796875 0.44526261875 0.8006003859374999 0.5390626171874999 0.7985355453125 0.49724466093749997 0.6168296484375 0.40692949218749996 0.6132161796875
0 0.21596391874999998 0.6108327515624999 0.248324653125 0.8031814374999999 0.3479327015625 0.8026652249999999 0.3107611828125 0.6173458593750001 0.21596391874999998 0.6108327515624999
1 0.5901965046875 0.6157866796875 0.6420745578125 0.8042138578125 0.7376169703125 0.80163280625 0.68824855 0.6121837593749999 0.5901965046875 0.6157866796875
0 0.5361445140625001 0.776854728125 0.5410813546875 0.7969869171874999 0.6386565875 0.8026652249999999 0.5874788921875 0.615797228125 0.499832459375 0.616612334375 0.5361445140625001 0.776854728125
1 0.101672346875 0.0168697578125 0.0239683875 0.0171683453125 0.0390028875 0.118178434375 0.1198374078125 0.11737119375 0.101672346875 0.0168697578125
1 0.181144490625 0.0168697578125 0.10207019531249999 0.016845559375 0.12051859843749999 0.11858205468750001 0.2013531203125 0.11777481406250001 0.181144490625 0.0168697578125
1 1 0.794676040625 0.9295458578125 0.799217665625 0.9843736671875 0.9884801890625001 1 0.9887888203124999 1 0.794676040625
0 0.2586265375 0.017500689062499998 0.1820745546875 0.0162231109375 0.201985759375 0.11902601718750001 0.28303657968749996 0.12155361718749999 0.2586265375 0.017500689062499998
1 0.33564851562500003 0.0200282890625 0.25998916250000004 0.017233807812499998 0.2832735703125 0.12155361718749999 0.361480503125 0.12365995468749999 0.33564851562500003 0.0200282890625
1 0.41810737812500004 0.025504759375 0.33600803749999997 0.0195921 0.3617035921875 0.12323868593750001 0.44156945781249995 0.12323868593750001 0.41810737812500004 0.025504759375
1 0.8301325671875001 0.8046452625 0.74030765 0.8041182593749999 0.7909193812499999 0.98924616875 0.887444146875 0.9900121453124999 0.8301325671875001 0.8046452625
1 0.737055115625 0.8046452625 0.6441374109375 0.80963143125 0.693101875 0.9915441062499999 0.789195725 0.9900121453124999 0.737055115625 0.8046452625
1 0.9260413406250001 0.79851743125 0.83578849375 0.8022805375000001 0.892430040625 0.9984379140625 0.9876620609375 0.9999698718750001 0.9260413406250001 0.79851743125
1 0.6392577968750001 0.8084751578124999 0.548311871875 0.8053434078124999 0.5905645015625 0.9930760624999999 0.69139840625 0.995374 0.6392577968750001 0.8084751578124999
1 0.28158424531250004 1 0.24224259374999998 0.8046452625 0.1501877703125 0.8041182593749999 0.17973335937499998 1 0.28158424531250004 1
1 0.3860065625 1 0.3435074109375 0.8061772203125 0.245668615625 0.806568559375 0.285028409375 1 0.3860065625 1
1 0.48990675625 1 0.445012803125 0.8084751578124999 0.345285815625 0.806568559375 0.3869468484375 1 0.48990675625 1
1 0.590403921875 1 0.5440257749999999 0.8054112421875 0.447660584375 0.8071811343749999 0.4896940703125 1 0.590403921875 1
1 0.17577832499999999 1 0.1483033140625 0.8046452625 0.0478130015625 0.8071811343749999 0.0700463625 1 0.17577832499999999 1
1 0.6459169640625 0.01961860625 0.675811290625 0.13072894531249998 0.7506899765624999 0.1294491203125 0.7175705578125 0.0174643484375 0.6459169640625 0.01961860625
1 0.441512 0.12281742031250001 0.51705049375 0.1216724234375 0.48962111249999996 0.026768559375 0.4192348734375 0.025504759375 0.441512 0.12281742031250001
1 0.7197305187499999 0.018104262500000003 0.751312375 0.1306696625 0.8277286203124999 0.13200877187499999 0.7830894046875 0.0206639140625 0.7197305187499999 0.018104262500000003
1 0.5670143890625 0.026271434375000003 0.5966126828125 0.12624955468750002 0.6740113234375 0.12816929375 0.6423318796874999 0.0225836546875 0.5670143890625 0.026271434375000003
1 0.564273184375 0.027189825 0.4905102390625 0.025656276562500004 0.5182969890625 0.12323868593750001 0.5955559578125 0.1257662890625 0.564273184375 0.027189825
1 0.8583637 0.021537475 0.9055358171875 0.133288596875 0.9782545375 0.133288596875 0.931815353125 0.025143306250000004 0.8583637 0.021537475
0 0.8275723921875 0.1364881625 0.90353105625 0.133288596875 0.8653717265624999 0.046260434375 0.8542119234375001 0.021943740625 0.7886930750000001 0.023223565625 0.8275723921875 0.1364881625
1 1 0.024430696874999998 0.9350344312500001 0.0242244109375 0.9786145328125 0.13200877187499999 1 0.1332654375 1 0.024430696874999998