1 0.70625 0.284375 0.0890625 0.1578125
1 0.5375 0.27734375 0.08125 0.1296875
1 0.615625 0.2828125 0.084375 0.1359375
1 0.44921875 0.2765625 0.0984375 0.1375
1 0.1984375 0.265625 0.1 0.146875
1 0.9546875 0.30625 0.084375 0.1546875
1 0.79453125 0.2984375 0.0890625 0.1578125
0 0.37578125 0.278125 0.0890625 0.1453125
1 0.875 0.30546875 0.084375 0.153125
0 0.2875 0.2796875 0.0875 0.153125
0 0.10703125 0.275 0.096875 0.1328125
1 0.5734375 0.42265625 0.0875 0.1578125
1 0.478125 0.41953125 0.0953125 0.14375
0 0.303125 0.41328125 0.0890625 0.128125
1 0.6609375 0.4328125 0.096875 0.15625
1 0.83359375 0.4421875 0.0921875 0.159375
0 0.21484375 0.41171875 0.0953125 0.1421875
0 0.38984375 0.42109375 0.090625 0.1359375
1 0.92578125 0.45 0.0953125 0.16875
0 0.74296875 0.44296875 0.103125 0.14375
1 0.0421875 0.409375 0.0828125 0.1359375
0 0.12734375 0.41640625 0.096875 0.1375
1 0.16015625 0.04609375 0.0796875 0.0921875
1 0.08046875 0.0453125 0.0734375 0.090625
1 0.93125 0.078125 0.0828125 0.115625
1 0.48359375 0.059375 0.0796875 0.11875
1 0.403125 0.05703125 0.08125 0.1140625
1 0.83671875 0.734375 0.0953125 0.175
1 0.93046875 0.7453125 0.0984375 0.1609375
1 0.73515625 0.7375 0.0984375 0.165625
0 0.24375 0.05625 0.0875 0.1125
1 0.56015625 0.06484375 0.078125 0.128125
1 0.79140625 0.07734375 0.0765625 0.128125
1 0.3234375 0.059375 0.084375 0.11875
1 0.640625 0.7375 0.1078125 0.171875
0 0.0609375 0.715625 0.1125 0.184375
0 0.54921875 0.74375 0.1109375 0.159375
0 0.26015625 0.73046875 0.1046875 0.1703125
1 0.1609375 0.7296875 0.1109375 0.1671875
1 0.35390625 0.74140625 0.115625 0.1734375
1 0.45546875 0.7515625 0.096875 0.1765625
1 0.6359375 0.06875 0.084375 0.128125
1 0.71484375 0.0734375 0.0796875 0.128125
0 0.86015625 0.08046875 0.084375 0.128125
1 0.79140625 0.91953125 0.0984375 0.1609375
1 0.88984375 0.92265625 0.1109375 0.1546875
1 0.48984375 0.91328125 0.1046875 0.1734375
1 0.69296875 0.91875 0.1046875 0.1625
1 0.2796875 0.9046875 0.1140625 0.1734375
1 0.3890625 0.91015625 0.1125 0.1734375
1 0.59453125 0.91875 0.1109375 0.1625
1 0.17890625 0.90234375 0.1046875 0.1671875
1 0.07421875 0.896875 0.1171875 0.1671875