1 0.8991037109375 0.24176917968749997 0.9265894687499999 0.3582923046875 0.99970578125 0.3652267609375 0.9688131828125 0.24784619062500002 0.8991037109375 0.24176917968749997
1 0.8211560812500001 0.23902598749999998 0.8531609921875001 0.3574137859375 0.923447346875 0.36096243906250003 0.8908379171874999 0.2425509828125 0.8211560812500001 0.23902598749999998
0 0.642956553125 0.2322892078125 0.56837141875 0.22507256406249998 0.563509815625 0.22473260781249998 0.5902020625 0.3437030765625 0.6695704109375 0.3467093421875 0.642956553125 0.2322892078125
1 0.6480575515625 0.23105294375000002 0.6741927140625 0.3450190265625 0.7557022531250001 0.356183725 0.72649400625 0.236643853125 0.6480575515625 0.23105294375000002
1 0.730646990625 0.23571674062499998 0.7597297171874999 0.359363334375 0.84292281875 0.3647253453125 0.8119652609375001 0.240964403125 0.730646990625 0.23571674062499998
1 0.48573015625 0.2208688828125 0.5090605484374999 0.34141869062499997 0.5905596046875 0.34457395156250004 0.5638561421875 0.22633198437500002 0.48573015625 0.2208688828125
1 0.3989312171875 0.217175515625 0.42161458593749995 0.3389744578125 0.5062654515625 0.34298604374999997 0.4837780546875 0.220587403125 0.3989312171875 0.217175515625
0 0.1468267 0.197359184375 0.0631934546875 0.1907095546875 0.07709345 0.33586889062499997 0.16285929062499999 0.3412976515625 0.1468267 0.197359184375
0 0.14721846875 0.198188 0.164560209375 0.3446458703125 0.25236702499999997 0.3515143046875 0.23706143281249997 0.20607327656250002 0.14721846875 0.198188
0 0.3163308671875 0.21081491406250003 0.33956187031249996 0.35977685625 0.4219935265625 0.3649051109375 0.39660690781249996 0.21402409375000003 0.3163308671875 0.21081491406250003
0 0.2375647359375 0.20530705 0.2533566734375 0.3524769484375 0.338362659375 0.3565133640625 0.31398165625 0.212253484375 0.2375647359375 0.20530705
1 0.9283576015625 0.371595765625 0.8475560234374999 0.3675938921875 0.883571571875 0.5255646390625001 0.97089121875 0.5323224953125 0.9283576015625 0.371595765625
1 1 0.378381465625 0.932181646875 0.3709049 0.973336275 0.5390121671875 0.9981922796875 0.5433119875 1 0.517460384375 1 0.378381465625
1 0.5898580124999999 0.35523201718749997 0.5107634046875 0.35082019531249997 0.5369716718750001 0.5047232421875 0.6245634859375 0.5075889109375 0.5898580124999999 0.35523201718749997
1 0.8432243406250001 0.3754207140625 0.7578723640625 0.36966369062500004 0.7988465625 0.5235513078125 0.8804768296875001 0.5227407546875 0.8432243406250001 0.3754207140625
1 0.6725812125 0.36362406406250003 0.59342424375 0.35712172343750004 0.624198075 0.5062596171875 0.7111094687499999 0.518855753125 0.6725812125 0.36362406406250003
0 0.6761948875 0.36603752031250003 0.7132482328124999 0.519657178125 0.7970183937499999 0.5248630890625 0.754804565625 0.37002555 0.6761948875 0.36603752031250003
1 0.45133717500000003 0.5052537953125 0.535743525 0.506592971875 0.507179915625 0.3501024703125 0.425867178125 0.3463721390625 0.42818095625 0.3685047859375 0.45133717500000003 0.5052537953125
1 0.0774079234375 0.3326228234375 0.010942928125 0.32604844375 0.000522440625 0.47506837500000004 0.0867389859375 0.4800618984375 0.0774079234375 0.3326228234375
0 0.166594578125 0.3488349484375 0.0799787578125 0.3394068703125 0.090377025 0.4803162953125 0.17966005000000002 0.48438796875 0.166594578125 0.3488349484375
1 0.339786871875 0.3618645203125 0.25445112812500004 0.354792459375 0.27215372968749996 0.492072196875 0.361429565625 0.49701123281250004 0.339786871875 0.3618645203125
0 0.253376690625 0.35381754375 0.168131953125 0.34730783125000003 0.1825406328125 0.486761003125 0.2709150921875 0.49511235 0.253376690625 0.35381754375
1 0.423056928125 0.36899106875 0.3413346671875 0.363474540625 0.36183894687499996 0.496387990625 0.44802116875 0.5037181765625001 0.423056928125 0.36899106875
1 0.9790532921875 0.81701225625 0.9374885093750001 0.652754140625 0.8632027921875001 0.64411641875 0.898947803125 0.836378221875 0.9774148671875 0.8404428328125 0.9790532921875 0.81701225625
1 0.192048090625 0.599691209375 0.09956400625 0.5898851656249999 0.11401888281250001 0.784197096875 0.2121792421875 0.7921020265625 0.192048090625 0.599691209375
1 0.782561203125 0.6380611968750001 0.8150032765624999 0.834151359375 0.89688748125 0.8367545937499999 0.8588830625 0.6451757328125 0.782561203125 0.6380611968750001
1 0.2934241171875 0.6071871078125 0.31566864843750003 0.8003796 0.4118308203125 0.8076243562500001 0.38425104375 0.608967796875 0.2934241171875 0.6071871078125
0 0.0024641171875 0.5868260046875 0.0134908125 0.7800378578125 0.1131215484375 0.7819010546875 0.0968709796875 0.591078546875 0.0024641171875 0.5868260046875
1 0.6712330375 0.6331898671875 0.706042290625 0.8271567375 0.7954837640625 0.834451984375 0.7578052890625 0.6382119171875 0.6712330375 0.6331898671875
1 0.3870495921875 0.6148883781250001 0.4122663109375 0.80557303125 0.506284525 0.8100656468749999 0.47718187656250005 0.6248341515625 0.3870495921875 0.6148883781250001
0 0.1961018984375 0.599133034375 0.21499326093749999 0.7943805796875 0.31471541875 0.8008333859375 0.2905163515625 0.612301671875 0.1961018984375 0.599133034375
0 0.57027958125 0.6302926531249999 0.608978646875 0.8229716109374999 0.704776853125 0.82706825 0.6686610734375 0.6335396828125 0.57027958125 0.6302926531249999
0 0.5048852109374999 0.7881091312499999 0.508413490625 0.8086531875 0.6056666500000001 0.821178678125 0.5675591015625 0.630113053125 0.4797869453125 0.6247972171875 0.5048852109374999 0.7881091312499999
1 0.0463776734375 0 0.05356581875000001 0.0924703515625 0.134520184375 0.09731736875 0.123913534375 0 0.0463776734375 0
1 0.12431576562499999 0 0.13511695625 0.09857989375000001 0.216071325 0.1034269125 0.20292612499999998 0.0007749234374999999 0.1918928453125 0 0.12431576562499999 0
1 0.9662575421874999 1 0.9775506046875 0.8385016921874999 0.89702526875 0.8380766171875 0.9317902953124999 1 0.9662575421874999 1
0 0.2804244984375 0.006830243749999999 0.20390228437500002 0.00019123125 0.2166166765625 0.1047265140625 0.29755355156249996 0.11293450625000001 0.2804244984375 0.006830243749999999
1 0.3573293796875 0.0147562921875 0.2818069125 0.0066578421875000005 0.2977907265625 0.112951090625 0.3759110421875 0.12053741093749999 0.3573293796875 0.0147562921875
1 0.439468509375 0.026021414062499998 0.3577197828125 0.014343825 0.37616385937499996 0.1201303640625 0.45609218125 0.125719496875 0.439468509375 0.026021414062499998
1 0.8353061875 1 0.7971534515625 0.8365650203125 0.7072952625 0.8297501984375 0.7411717921875 1 0.8353061875 1
1 0.739114253125 1 0.7040032125 0.8300513203125 0.6106630296875 0.828551409375 0.644079015625 1 0.739114253125 1
1 0.9310723781249999 1 0.8935671375 0.8371288234375 0.8029797015625 0.8345883078125 0.8383445203125 1 0.9310723781249999 1
1 0.6412073359375 1 0.605860721875 0.8270498390625001 0.5150633906250001 0.817543234375 0.5428311 1 0.6412073359375 1
1 0.116713909375 0.7884527265625 0.1316166921875 0.9754610781249999 0.23296903750000003 0.982548325 0.208803746875 0.7954236015625 0.116713909375 0.7884527265625
1 0.21209751406250002 0.797592996875 0.23639191875 0.9827876765625 0.33726848125000003 0.9898416531249999 0.31004027500000003 0.8040472718749999 0.21209751406250002 0.797592996875
1 0.3117926140625 0.8045643578125 0.3382539875 0.989910565625 0.441076821875 0.9971006390625 0.41146382812500004 0.8134562843750001 0.3117926140625 0.8045643578125
1 0.5409257375000001 1 0.5107691828124999 0.8173113453124999 0.4142044625 0.8123432906250001 0.4410516390625 0.997098878125 0.4825396125 1 0.5409257375000001 1
1 0.0140442015625 0.784361359375 0.0222502578125 0.9678134328124999 0.1277751375 0.9751924515624999 0.1147910078125 0.7888495890625 0.0140442015625 0.784361359375
1 0.6678691999999999 0.0360583078125 0.6899916937499999 0.149627046875 0.7650187234375 0.1535831234375 0.7397299640624999 0.0389113734375 0.6678691999999999 0.0360583078125
1 0.45606423281249997 0.125292821875 0.5317421265625 0.1294303453125 0.5109495015625 0.03229401875 0.440596884375 0.02610031875 0.45606423281249997 0.125292821875
1 0.74184671875 0.0397045546875 0.765555978125 0.1548512484375 0.8419380328124999 0.1615424953125 0.805075571875 0.0467065953125 0.74184671875 0.0397045546875
1 0.588438178125 0.0372113515625 0.6110454140625 0.13959045 0.688369896875 0.1469329921875 0.664073290625 0.038782242187499996 0.588438178125 0.0372113515625
1 0.585630396875 0.0379409375 0.511917359375 0.031240290625 0.5328797125 0.131089003125 0.61002176875 0.1390316390625 0.585630396875 0.0379409375
1 0.8803474453125 0.05285084375 0.919716284375 0.1682716046875 0.9924918703125 0.17336056875 0.9536035625 0.0616088203125 0.8803474453125 0.05285084375
1 0.8414674203124999 0.1660257234375 0.9177099562500001 0.16813130781250002 0.885626453125 0.0781457515625 0.87616391875 0.0529679 0.8105040453125 0.0496668390625 0.8414674203124999 0.1660257234375
1 1 0.0640646765625 0.9568896234375 0.060912171875 0.9929419375 0.172101715625 1 0.1730148171875 1 0.0640646765625