1 0.8103225999999999 0.14720283750000002 0.8706754265625 0.2505983984375 0.9426243421875 0.23585270937499997 0.8787628468750001 0.13263323437500002 0.8103225999999999 0.14720283750000002
1 0.7349788796875 0.167369190625 0.8001985703125 0.271226675 0.8684512734375 0.25407052812500003 0.8026465593750001 0.1503671640625 0.7349788796875 0.167369190625
1 0.5625961796875 0.2130272765625 0.48916011875 0.22793255 0.4844115515625 0.22902884218750003 0.544721071875 0.334996809375 0.6215003484375 0.31466665781250003 0.5625961796875 0.2130272765625
1 0.567112840625 0.21035364374999999 0.625426478125 0.31169876875 0.7066386812500001 0.298544540625 0.64375661875 0.19276765625 0.567112840625 0.21035364374999999
1 0.6474570749999999 0.1906668375 0.711419790625 0.3004077 0.79254545 0.2812121078125 0.7267563921875 0.17191004375000002 0.6474570749999999 0.1906668375
1 0.4089008484375 0.248074515625 0.46645716718749997 0.356535721875 0.5453176109375 0.3357250953125 0.4852103578125 0.230457078125 0.4089008484375 0.248074515625
1 0.324814775 0.269920084375 0.3821175515625 0.379765015625 0.46424245312499995 0.358851796875 0.4069517484375 0.2483760734375 0.324814775 0.269920084375
0 0 0.3524196765625 0.0517423734375 0.47752337968749997 0.13534786875 0.45763942343749997 0.077932290625 0.32467785937500004 0 0.3418894171875 0 0.3524196765625
1 0.0785492640625 0.3253559171875 0.13795338906250001 0.46034404218749997 0.2239316015625 0.44124012968750004 0.16677195 0.3066291046875 0.0785492640625 0.3253559171875
0 0.24396400625 0.2879874171875 0.30973218281250003 0.42364834218749997 0.3900613234375 0.4044518328125 0.32167063906250004 0.26758592812500004 0.24396400625 0.2879874171875
0 0.1670292390625 0.30574920781250003 0.22515945624999997 0.44187136562499996 0.30763121875 0.4208780640625 0.24213804218749999 0.290049971875 0.1670292390625 0.30574920781250003
1 0.8762558546875001 0.262803609375 0.7978148875 0.28260069374999996 0.878442903125 0.42313894375 0.9639229046875 0.40407172031250005 0.8762558546875001 0.262803609375
1 0.9682169937499999 0.40975421718750005 0.99163554375 0.40680175468749996 0.95470600625 0.246842353125 0.8797108187499999 0.2610248890625 0.9682169937499999 0.40975421718750005
1 0.547762790625 0.34612258125 0.47083434999999996 0.3650285609375 0.5408943374999999 0.5045442203125 0.6254966453125 0.4816753046875 0.547762790625 0.34612258125
1 0.7959608203124999 0.29135198125 0.712655128125 0.31080101718750003 0.796831334375 0.44598478124999996 0.8746577656250001 0.4213432640625 0.7959608203124999 0.29135198125
1 0.629324978125 0.3299620125 0.5517256921875 0.3468870515625 0.6247585546875001 0.48051093125 0.7115550875000001 0.4671462421875 0.629324978125 0.3299620125
0 0.6334863796875 0.3312134765625 0.7138347109375001 0.4672873359375 0.7954665750000001 0.4477737484375 0.7098271765625 0.31204400312499997 0.6334863796875 0.3312134765625
1 0.459156778125 0.5300886921875 0.540266509375 0.5066913265624999 0.4671976 0.36538990625 0.3883472 0.38559611718750003 0.3970308359375 0.406085190625 0.459156778125 0.5300886921875
1 0 0.5569678031249999 0.017647915625 0.6334093249999999 0.10312439843750001 0.61259575625 0.0510940453125 0.4743272046875 0 0.48458407968749995 0 0.5569678031249999
0 0.1411236328125 0.463755284375 0.055536010937500005 0.48006318437499995 0.10667785 0.611775378125 0.193250075 0.589565309375 0.1411236328125 0.463755284375
0 0.3105577265625 0.4255790015625 0.22688307812500003 0.4437657125 0.283948871875 0.5698712390625 0.3707678125 0.548492734375 0.3105577265625 0.4255790015625
0 0.2255705515625 0.44314753125 0.14214734843750002 0.4618454109375 0.19669859843749998 0.5909924515625 0.2836532109375 0.57314069375 0.2255705515625 0.44314753125
0 0.392272878125 0.40804834375 0.3125086140625 0.4266661375 0.37097708749999997 0.5477770328125 0.45553669531249996 0.5295896812499999 0.392272878125 0.40804834375
1 1 0.5831811765625 0.9671905390625 0.5290070796874999 0.8936253296875 0.5424658296875 0.9840203656250001 0.7158758765625 1 0.7118814203125 1 0.5831811765625
1 0.238808221875 0.696208434375 0.14749824218750002 0.713870596875 0.21813281875 0.8954658234374999 0.3143152171875 0.874326034375 0.238808221875 0.696208434375
1 0.81473701875 0.5602525109375 0.90309274375 0.7382893187499999 0.9821601093749999 0.71683818125 0.889804065625 0.5447418234375 0.81473701875 0.5602525109375
1 0.3379461875 0.673737315625 0.41570275624999997 0.8519845437500001 0.5097812609375 0.8307976406250001 0.42532503125 0.6488849734375 0.3379461875 0.673737315625
0 0.0537467453125 0.7393343671875 0.1207813046875 0.9208798859374999 0.21660339843749998 0.8935324640625 0.1452718 0.715799196875 0.0537467453125 0.7393343671875
0 0.706849125 0.5881432390625 0.7968478046875 0.763457440625 0.8845140359375 0.7442837625000001 0.7911068859375 0.5676345734375 0.706849125 0.5881432390625
1 0.42973230781250005 0.6537286375 0.5095979749999999 0.8287086234375 0.6008215531250001 0.8055166671875 0.5188341015625 0.6368876984375 0.42973230781250005 0.6537286375
0 0.242521703125 0.6944894296874999 0.3176724609375 0.8756822859375 0.414923853125 0.8526971984375 0.33666083125 0.679478546875 0.242521703125 0.6944894296874999
1 0.609459790625 0.614888553125 0.7028017671875 0.787833846875 0.7956117890625001 0.763742796875 0.7044918203125 0.5892297390625 0.609459790625 0.614888553125
0 0.5930639171875 0.7849286671875 0.602444528125 0.8035434765625 0.6991102875 0.787087590625 0.606805675 0.6155121921875 0.52131454375 0.6360907296875 0.5930639171875 0.7849286671875
1 0 0.24151793124999998 0.036914115625 0.2326054734375 0 0.1465618984375 0 0.24151793124999998
1 0 0.1455429453125 0.037853937500000004 0.2336383515625 0.11668811718750001 0.21460481250000002 0.0741047625 0.12028151093749999 0 0.13736600000000002 0 0.1455429453125
0 0.14998723125 0.10341391250000001 0.0748676125 0.1194379234375 0.11758960624999999 0.2156881828125 0.1973897078125 0.19987387031249998 0.14998723125 0.10341391250000001
1 0.22584908593750003 0.08850881875 0.151258834375 0.10284486562499999 0.19762136875 0.1998203875 0.2745462234375 0.184235053125 0.22584908593750003 0.08850881875
1 0.3076927296875 0.07526655156249999 0.2261018359375 0.08800023125 0.2746689859375 0.183771875 0.3527389234375 0.1657480109375 0.3076927296875 0.07526655156249999
1 0.79880428125 0.7655712453125 0.88418918125 0.9244549921875 0.9778884609375 0.902822809375 0.8867285562499999 0.7458163 0.79880428125 0.7655712453125
1 0.7060439265625 0.7926773687499999 0.7880166281250001 0.9466581765625 0.8822002609374999 0.924914171875 0.79574411875 0.7668217125 0.7060439265625 0.7926773687499999
1 1 0.7544237390624999 0.9790942625 0.7181668328125 0.8917222921875 0.742222528125 0.9806408859375001 0.9021873625 1 0.897717959375 1 0.7544237390624999
1 0.6114030578125 0.8101008265624999 0.6880687171875 0.96973296875 0.7851688953125 0.9473156265625 0.7010124390625 0.79264546875 0.6114030578125 0.8101008265624999
1 0.36707180625 1 0.3120583484375 0.878489371875 0.2219543125 0.898747553125 0.261953684375 1 0.36707180625 1
1 0.4790374234375 1 0.4113926421875 0.8571375328125 0.3158424640625 0.8796009703125 0.370644378125 1 0.4790374234375 1
1 0.5569678046875 1 0.5879425609375 0.9928489140625001 0.5111353953125 0.8364820390625001 0.4132195921875 0.8571196890625 0.48022582812500003 1 0.5569678046875 1
1 0.5134308703125 0.83461639375 0.5881012671875 0.9928122734375 0.6860919125 0.9701893500000001 0.6072286890624999 0.811134575 0.5134308703125 0.83461639375
1 0.2587087296875 1 0.2202314640625 0.8996892781250001 0.1225745828125 0.9248526781249999 0.1492760265625 1 0.2587087296875 1
1 0.597862190625 0 0.5290479 0.018086981250000002 0.5834080312500001 0.12022531562500001 0.65631338125 0.10207275 0.5987127 0 0.597862190625 0
1 0.3525874484375 0.16534815 0.42616827500000004 0.147178809375 0.377884275 0.060366053125 0.30879486875 0.0750121015625 0.3525874484375 0.16534815
1 0.6008890578125 0 0.657197925 0.103128384375 0.732198778125 0.0871953046875 0.6716039312500001 0 0.6008890578125 0
1 0.4534247515625 0.042413025 0.5049769125 0.133708928125 0.581069434375 0.11812314374999999 0.5262142546875 0.021801709375 0.4534247515625 0.042413025
1 0.45095296874999996 0.043931646875 0.3785017609375 0.05907539375 0.427741096875 0.14843239375 0.5038346140625001 0.1334738203125 0.45095296874999996 0.043931646875
1 0.7573543046875 0 0.8085458921875001 0.0708902234375 0.8796294 0.054479303125 0.839775115625 0 0.7573543046875 0
1 0.6760282046875 0 0.7330594984375 0.0916202296875 0.8065862125000001 0.0713426515625 0.7535576234375 0 0.6760282046875 0
1 0.8425285515625 0 0.8796917484375 0.05314386875 0.90884533125 0.048197945312500004 0.897717959375 0 0.8425285515625 0