1 0.9103512953124999 0.28857274843749997 0.9172647484375 0.41766608437499997 0.9887370296875 0.43666525 0.9812073531250001 0.30741558593749996 0.9103512953124999 0.28857274843749997
1 0.728648921875 0.24273476875000002 0.6535628140624999 0.21901418281249999 0.6486399234375 0.21760256562500002 0.6499643015625 0.346137471875 0.7308915140625001 0.3665592171875 0.728648921875 0.24273476875000002
1 0.7341638781250001 0.24257286718749999 0.7360140609375 0.36582452499999996 0.8173515468750001 0.39512840625 0.8135658203125 0.26545711875 0.7341638781250001 0.24257286718749999
1 0.818038403125 0.2654071953125 0.8207936734375 0.3992868875 0.9051354765624999 0.4229731140625 0.9004780625000001 0.2885663265625 0.818038403125 0.2654071953125
1 0.569534021875 0.1966431203125 0.5670558984375 0.326073328125 0.6501406796875 0.34711374687499996 0.64864486875 0.2193277921875 0.569534021875 0.1966431203125
1 0.4811193109375 0.173891059375 0.477701890625 0.3044684609375 0.563838628125 0.3270799546875 0.5675891328125 0.1959267765625 0.4811193109375 0.173891059375
0 0.2263168984375 0.09843374375 0.141805278125 0.07332337343749999 0.12423133125000001 0.22607854062500002 0.21120314375000002 0.250395078125 0.2263168984375 0.09843374375
1 0.22653769218750003 0.0993741078125 0.21221667656249998 0.2542197328125 0.3009705109375 0.2804666078125 0.3171613984375 0.12711414375000002 0.22653769218750003 0.0993741078125
0 0.3976060203125 0.14930421562500001 0.38878925625 0.30801786249999996 0.47239963749999997 0.3312968125 0.4794217640625 0.1701333421875 0.3976060203125 0.14930421562500001
0 0.3178469578125 0.12643367187500001 0.301776525 0.281675484375 0.388272859375 0.30439008749999996 0.3948753703125 0.1502753203125 0.3178469578125 0.12643367187500001
1 0.9977003812499999 0.578290140625 0.9914505312499999 0.448704375 0.90926855625 0.4269429484375 0.9116162937500001 0.5977385875000001 0.9858480625 0.6196240875 0.9977003812499999 0.578290140625
1 0.6470800265625 0.3579536828125 0.5667427218750001 0.336141946875 0.559901878125 0.5006017421875 0.6493133078125 0.522673121875 0.6470800265625 0.3579536828125
1 0.9030977921875 0.4340704390625 0.816623465625 0.4095056421875 0.824964721875 0.5771719734375 0.9090548828125 0.594150565625 0.9030977921875 0.4340704390625
1 0.7302736999999999 0.3846626328125 0.6503311609375 0.3606810625 0.6492294625 0.5212223046875 0.7358056109375 0.5531814859375 0.7302736999999999 0.3846626328125
1 0.7334586390625 0.387940575 0.7378282515625 0.5544748562499999 0.8227975093750001 0.5781260109375 0.8133904812500001 0.4092093734375 0.7334586390625 0.387940575
1 0.4717570125 0.48246048124999996 0.55822899375 0.5022622109375 0.5632165984374999 0.33461961875 0.4804495703125 0.31302671718749997 0.4779699078125 0.3363599421875 0.4717570125 0.48246048124999996
1 0.12526710937500002 0.222799078125 0.0648502015625 0.2035700515625 0.02150490625 0.3547330609375 0.1024961015625 0.376908534375 0.12526710937500002 0.222799078125
0 0.2133884109375 0.2589844453125 0.1264207109375 0.2303573953125 0.10618000000000001 0.377964875 0.19706520156250001 0.4016492484375 0.2133884109375 0.2589844453125
0 0.3885623046875 0.31022024375 0.30239331875 0.2843026203125 0.290457853125 0.429760396875 0.38114527656249997 0.4543378234375 0.3885623046875 0.31022024375
0 0.3015028375 0.2830625828125 0.21530396718749997 0.2577448421875 0.1995054296875 0.40472551093750003 0.288517275 0.43262578593749995 0.3015028375 0.2830625828125
1 0.47259589843749994 0.3357432625 0.38979996875 0.31221865000000004 0.3817029046875 0.45378433281249997 0.468685375 0.48015292968749995 0.47259589843749994 0.3357432625
1 0.9405074093750001 0.7777457390625 0.9391223484375001 0.7406922453125 0.8646559546875 0.715571259375 0.859198696875 0.9216766828124999 0.8963862828125 0.9316143890624999 0.9405074093750001 0.7777457390625
1 0.1844904546875 0.52327998125 0.09157340625 0.492982421875 0.063780840625 0.69655614375 0.16295014375 0.7261316015625 0.1844904546875 0.52327998125
1 0.7830891515625 0.6917268640625001 0.7733962953125 0.9010601515625 0.8569981656250001 0.9216152484375 0.859982946875 0.7157211484375 0.7830891515625 0.6917268640625001
1 0.2870550984375 0.5531353250000001 0.2675156671875 0.7572544031249999 0.36477582656249996 0.7857128624999999 0.3800302328125 0.5747936390625 0.2870550984375 0.5531353250000001
0 0 0.6792925828125 0.0633624046875 0.693992109375 0.088543146875 0.493625596875 0 0.4706045078125 0 0.6792925828125
1 0.6697180625 0.6624066703125 0.6629246234374999 0.8700665359374999 0.753265128125 0.8971103765624999 0.757608103125 0.6864797015625 0.6697180625 0.6624066703125
1 0.3816074453125 0.581511046875 0.3656737609375 0.783692103125 0.46133412500000004 0.808844034375 0.472076278125 0.6114394812499999 0.3816074453125 0.581511046875
0 0.18878010781250001 0.5235889453125 0.1653426828125 0.7290958890625 0.26643618281250003 0.7575144234375 0.2829433984375 0.5577760609375 0.18878010781250001 0.5235889453125
1 0.5665783890625 0.6373867671875 0.5640662 0.8445671359375 0.661643234375 0.8696991031250001 0.6669974140625 0.6622061859375 0.5665783890625 0.6373867671875
0 0.46471515312499995 0.7858920453125 0.463832640625 0.8078517968750001 0.561055165625 0.84199505625 0.5638212828125 0.6366078171875 0.47476227968750007 0.6119699046875 0.46471515312499995 0.7858920453125
1 0.876777025 1 0.89638431875 0.9316212421875001 0.8568496187499999 0.92300889375 0.8569354515625 1 0.876777025 1
0 0.320008815625 0 0.318390753125 0.018120279687499997 0.3997885625 0.0442495484375 0.40201009374999996 0 0.320008815625 0
1 0.40273226875 0 0.400028728125 0.044318415625 0.4786676984375 0.0691918 0.4811855546875 0 0.40273226875 0
1 0.481608821875 0 0.47901693125 0.068827134375 0.5599528328125001 0.09203513125 0.5640984734375001 0 0.481608821875 0
1 0.7564152890625 1 0.7545176765625 0.899654209375 0.6636433562499999 0.87301495 0.661876378125 1 0.7564152890625 1
1 0.6593497937499999 1 0.66019318125 0.8726070953124999 0.564572903125 0.8506899000000001 0.5619108234375 1 0.6593497937499999 1
1 0.8547555593749999 1 0.8535028546874999 0.9212766218749999 0.7609406921875 0.8988868640625001 0.7609665046874999 1 0.8547555593749999 1
1 0.5586371578125 1 0.5599659406249999 0.8480931015625 0.468717071875 0.8184725015625001 0.45796533281249996 1 0.5586371578125 1
1 0.065617096875 0.7015336796875 0.041083709375 0.8885575890625 0.1432746015625 0.91786035625 0.15875119843750002 0.7288209203125 0.065617096875 0.7015336796875
1 0.1616608609375 0.7317773187500001 0.146722425 0.918849003125 0.24873352187500003 0.9481002140625 0.2609248984375 0.7598090390625 0.1616608609375 0.7317773187500001
1 0.26261272343750003 0.7607248 0.24976523125 0.948396053125 0.3537190109375 0.9782043187499999 0.36311846718749996 0.791647996875 0.26261272343750003 0.7607248
1 0.4558274640625 1 0.4643537203125 0.8172961750000001 0.36618002031249997 0.7910981265625 0.3538360359375 0.9782378749999999 0.42972958281249996 1 0.4558274640625 1
1 0 0.876777025 0.037282257812500004 0.8874675406250001 0.0635533265625 0.7015233703125 0 0.685033246875 0 0.876777025
1 0.8713993500000001 0.1881932515625 0.8707191375000001 0.086152284375 0.7969857390625 0.065009571875 0.7951432984375 0.16773927500000002 0.8713993500000001 0.1881932515625
1 0.5651074390625 0 0.5600177609375 0.091588946875 0.6369030437500001 0.112372115625 0.63685634375 0.0190932078125 0.570270415625 0 0.5651074390625 0
1 0.9487218578125001 0.2131893109375 0.9379130015625 0.1054198140625 0.8724232781250001 0.0866409390625 0.8716732703125001 0.18961848125 0.9487218578125001 0.2131893109375
1 0.794067509375 0.1646066109375 0.7930013421875 0.0638670640625 0.715509528125 0.0416466453125 0.7161931109374999 0.1401583453125 0.794067509375 0.1646066109375
1 0.7152635078125 0.13935857499999998 0.7126708828125 0.040832676562499996 0.638033446875 0.0194307359375 0.6377083531250001 0.1143311671875 0.7152635078125 0.13935857499999998
1 1 0.12322297499999998 0.9417386343749999 0.106516796875 0.94725401875 0.217710740625 1 0.2304454515625 1 0.12322297499999998