1 0.8674053546874999 0.2068753515625 0.9048164999999999 0.3199083546875 0.9780227312499999 0.320437653125 0.9371541609375 0.206850728125 0.8674053546874999 0.2068753515625
1 0.7897655890624999 0.210916375 0.831826140625 0.3254045203125 0.9019282437499999 0.3228255453125 0.8592653546875001 0.2083663796875 0.7897655890624999 0.210916375
0 0.6122294625 0.21969371718750003 0.5375401953125001 0.21901226093749998 0.53268313125 0.219097040625 0.5695188296875 0.334622934375 0.64859220625 0.33071930625 0.6122294625 0.21969371718750003
1 0.6171873765625 0.2180269359375 0.6530353546875001 0.328644290625 0.7349433359375 0.3326359375 0.69555981875 0.2167641890625 0.6171873765625 0.2180269359375
1 0.6996032078125001 0.21548581718749998 0.7392186765625001 0.33543615312499997 0.8222945671874999 0.3335342765625 0.780807471875 0.2136332296875 0.6996032078125001 0.21548581718749998
1 0.45511285937499996 0.22201361562500002 0.4887473921875 0.33939531875 0.5699494859375 0.335454534375 0.5331659078125 0.22065119531250002 0.45511285937499996 0.22201361562500002
1 0.3686012828125 0.2258809109375 0.4017017890625 0.3445559796875 0.4861079734375 0.34119012031249996 0.45314999062499994 0.221904059375 0.3686012828125 0.2258809109375
0 0.11654218281249999 0.22811062031249998 0.032917426562500005 0.22877527187500002 0.0593245203125 0.37135031875 0.144960921875 0.36929149843750003 0.11654218281249999 0.22811062031249998
0 0.1170031734375 0.2288975953125 0.14694065625 0.3724604359375 0.23472874687499998 0.37165065625000004 0.2069014421875 0.228918459375 0.1170031734375 0.2288975953125
0 0.2860272828125 0.22674229218750003 0.32203020625 0.3722748078125 0.4043296859375 0.37020741562500004 0.3660196109375 0.2229609515625 0.2860272828125 0.22674229218750003
0 0.20733468593749999 0.2281158765625 0.23579504999999998 0.37251835 0.32055601875 0.36914629374999997 0.2838194421875 0.22837087500000003 0.20733468593749999 0.2281158765625
1 0.9077274125000001 0.332932121875 0.8271443953125001 0.33597386406249996 0.876624553125 0.4893211578125 0.9639192828125 0.488444090625 0.9077274125000001 0.332932121875
1 1 0.49563657968749997 0.9971758203125001 0.3338394375 0.9114646796875 0.331916271875 0.9669280890625 0.49485821249999995 1 0.49763530312500004 1 0.49563657968749997
1 0.5701782718749999 0.34607216875 0.49125466875 0.34855986250000004 0.53064304375 0.49872840468749996 0.6178700687500001 0.49397253125 0.5701782718749999 0.34607216875
1 0.8235226765625001 0.3441018859375 0.7382687359375 0.3457996796875 0.792318259375 0.49467271718749994 0.8733062875 0.4867924203125 0.8235226765625001 0.3441018859375
1 0.6530506546875 0.3472122828125 0.57388360625 0.3476347234375 0.61739179375 0.49268754843749996 0.7047880796875 0.4976286859375 0.6530506546875 0.3472122828125
0 0.6568485796875 0.3492894984375 0.7069814484375 0.498237065625 0.7906168015625 0.496130540625 0.73525385 0.346424084375 0.6568485796875 0.3492894984375
1 0.44565452499999997 0.5066785312500001 0.5295858531250001 0.500686853125 0.4876339640625 0.34815964843749997 0.40656694687500006 0.351514671875 0.4107863375 0.37323643125 0.44565452499999997 0.5066785312500001
1 0 0.50436341875 0.00019830625 0.515724378125 0.0814230515625 0.5133370859374999 0.059354928125 0.3681078265625 0 0.36743972343750003 0 0.50436341875
0 0.14932451875 0.37643333125 0.062496825 0.37460452499999997 0.0850576921875 0.5132736437500001 0.1740688015625 0.5095656859375 0.14932451875 0.37643333125
1 0.32243490625 0.374323128125 0.237082896875 0.37471697187499997 0.2665817578125 0.50915759375 0.3556610390625 0.50630938125 0.32243490625 0.374323128125
0 0.23593133281249998 0.373844475 0.1507185234375 0.37478743125 0.17713525937500002 0.5116664234375 0.26561577812500003 0.512276253125 0.23593133281249998 0.373844475
1 0.405740428125 0.374162353125 0.324111659375 0.37578365625 0.35601343750000003 0.505656565625 0.4422284078125 0.50544500625 0.405740428125 0.374162353125
1 1 0.7790477296875 0.9412078968750001 0.6106275812499999 0.8666925531249999 0.6085125875 0.9188816296875 0.7958485984375 1 0.792970346875 1 0.7790477296875
1 0.19638206875 0.6226993859375 0.1036944 0.621004990625 0.1349205046875 0.81221753125 0.233079609375 0.811536734375 0.19638206875 0.6226993859375
1 0.786090109375 0.6095066203124999 0.8353318125 0.800920984375 0.9168684234375 0.7964000265625 0.86249506875 0.6099363640625 0.786090109375 0.6095066203124999
1 0.29769879375 0.62133464375 0.33656278125 0.81076300625 0.43268036875 0.8096015546875 0.38804405625 0.6152236078125 0.29769879375 0.62133464375
0 0.0070091078125 0.6263935734375 0.034735525 0.8168137140624999 0.1338300875 0.8100211046875 0.1011238609375 0.622420521875 0.0070091078125 0.6263935734375
1 0.675118859375 0.6143338609375 0.726526790625 0.8034398703125 0.8159751468750001 0.80291111875 0.7615207093749999 0.6118022765625 0.675118859375 0.6143338609375
1 0.39133709687499996 0.6208453 0.4329346890625 0.8075319609375 0.526684365625 0.8038304000000001 0.48170157343750003 0.6228820015625 0.39133709687499996 0.6208453
0 0.20035901093750003 0.6217950437499999 0.2360717640625 0.8135496609375 0.3356556328125 0.811295128125 0.29525550625 0.6266527187500001 0.20035901093750003 0.6217950437499999
0 0.5746210578125 0.6202169578125 0.6297797171874999 0.8077100390625 0.725262534375 0.8034619375000001 0.6725952890625 0.6149033421875 0.5746210578125 0.6202169578125
0 0.523388325 0.7822038124999999 0.52867576875 0.8022467750000001 0.626335240625 0.8062212953125 0.57190404375 0.620274934375 0.484285184375 0.6226195578125 0.523388325 0.7822038124999999
1 0 0.043376276562499996 0.014826928125 0.13230415625 0.09563504843750001 0.13008628125 0.07571876250000001 0.029917175 0 0.031529918750000004 0 0.043376276562499996
1 0.15517880312500001 0.0285301953125 0.076116128125 0.0298860390625 0.09633726875000001 0.1312850703125 0.177145390625 0.1290671953125 0.15517880312500001 0.0285301953125
1 1 0.7909006 0.9171200374999999 0.79769754375 0.9752425828125 0.9859743640625 1 0.9860311796874999 1 0.7909006
0 0.23266005937499998 0.0278087828125 0.1560974390625 0.027867415625000003 0.1777997703125 0.1303071671875 0.2588823578125 0.13141985 0.23266005937499998 0.0278087828125
1 0.3097144203125 0.028991779687500004 0.23401782031249999 0.0275181609375 0.25911931250000003 0.13141571406250002 0.33735109531249996 0.13215683125 0.3097144203125 0.028991779687500004
1 0.3922563015625 0.033028309374999995 0.310066275 0.028549382812500003 0.33756679843750004 0.1317317328125 0.41742049999999997 0.13033788125 0.3922563015625 0.033028309374999995
1 0.8178166140625001 0.804859315625 0.7279961796875 0.805900053125 0.7818311296875 0.9901164703124999 0.8783545625 0.989197740625 0.8178166140625001 0.804859315625
1 0.7247533374999999 0.806483740625 0.6319368062499999 0.8130907875 0.6840686265625 0.994121209375 0.7801211046875001 0.9909124125 0.7247533374999999 0.806483740625
1 0.8234304078125 0.802396240625 0.8822154921875001 0.9934045671874999 0.976893378125 0.991751959375 0.913603834375 0.7970585781249999 0.8234304078125 0.802396240625
1 0.682109703125 0.9968974265625 0.6270377546875 0.8120198500000001 0.536051025 0.810475803125 0.58157360625 0.9974424562499999 0.6346663609375 0.9977255546875 0.682109703125 0.9968974265625
1 0.270618315625 1 0.230016178125 0.815119409375 0.137966178125 0.816199065625 0.16897948437500002 1 0.270618315625 1
1 0.3752819609375 1 0.331292309375 0.8148838203125001 0.23347524531250002 0.816982621875 0.2740546765625 1 0.3752819609375 1
1 0.47950380625 1 0.4328223453125 0.8154098921875 0.333077271875 0.8152440625 0.3762570453125 1 0.47950380625 1
1 0.5043634640625 1 0.58007243125 0.9986784953125 0.5317667640625 0.8106184296875 0.435447140625 0.8140698578125001 0.47939155624999996 1 0.5043634640625 1
1 0.16513231875 1 0.13609120624999999 0.8167588765625 0.03566045625 0.821048159375 0.05946638125 1 0.16513231875 1
1 0.6199284625 0.023167228125 0.6517573796875 0.1337389171875 0.726602325 0.1311524734375 0.691533546875 0.0197627703125 0.6199284625 0.023167228125
1 0.4173556984375 0.1299176828125 0.49286270468750004 0.12745452968749998 0.4637812 0.03304383125 0.393383625 0.0330086328125 0.4173556984375 0.1299176828125
1 0.6937043468749999 0.020364890625 0.7272459296875 0.13236196718749998 0.8036739078125 0.132367225 0.7570982546875 0.0218183875 0.6937043468749999 0.020364890625
1 0.5411540125000001 0.031196082812499998 0.5724926578125 0.1306424140625 0.6499130140625 0.13121106875 0.616395671875 0.02619439375 0.5411540125000001 0.031196082812499998
1 0.5384292546875 0.032162173437500004 0.4646507796875 0.0319162 0.49413634531249995 0.12899880156250002 0.5714276593750001 0.1301776640625 0.5384292546875 0.032162173437500004
1 0.8323763312500001 0.021378096875 0.8814915890625 0.1322889328125 0.954199234375 0.131019815625 0.905879728125 0.023701471874999998 0.8323763312500001 0.021378096875
1 0.8035958796875 0.136848659375 0.8794871343749999 0.1323239203125 0.839814765625 0.045974984375 0.8282322765625001 0.0218567578125 0.76274574375 0.0242798515625 0.8035958796875 0.136848659375
1 0.9545368390625001 0.129733903125 0.9936413109375 0.13134755468749998 0.9917247265625001 0.0215464875 0.9090822781250001 0.0227265359375 0.9545368390625001 0.129733903125