1 1 0.20635956875 0.9375668859375 0.2041970390625 0.9724609015624999 0.32393817187499996 1 0.325102059375 1 0.20635956875
1 0.856442125 0.2055954828125 0.8961323046875 0.32703022187499997 0.9693420187499999 0.3268878375 0.9290225515625 0.20546146250000002 0.856442125 0.2055954828125
0 0.6709538921875 0.20830822968749999 0.59307881875 0.20486865625 0.5880098671875 0.2047801765625 0.6222127203125 0.3271110265625 0.7048277015625 0.3259088 0.6709538921875 0.20830822968749999
1 0.676185765625 0.2067436125 0.7095375796875001 0.3238978625 0.794820865625 0.3310675515625 0.757973296875 0.20828151093749997 0.676185765625 0.2067436125
1 0.762237153125 0.2070902828125 0.7991777953125 0.334156159375 0.8858942890625 0.33519637812499997 0.8469997671874999 0.2081138125 0.762237153125 0.2070902828125
0 0.5069986296875 0.20500355468749998 0.537794975 0.329161103125 0.6226315390625 0.327997653125 0.5884566765625 0.20642540937499998 0.5069986296875 0.20500355468749998
1 0.416627028125 0.2058962640625 0.44681918906250007 0.3313888203125 0.5349765921875 0.33094440937499997 0.5049553812500001 0.20481718125 0.416627028125 0.2058962640625
0 0.1536512578125 0.19903205468750002 0.0664074578125 0.1966760984375 0.08874620625 0.34695403125 0.178139009375 0.34792333750000004 0.1536512578125 0.19903205468750002
0 0.1541033453125 0.1998730515625 0.1800881921875 0.351314315625 0.27167959218750004 0.35367023125 0.24786531875 0.20317588749999999 0.1541033453125 0.1998730515625
0 0.330471971875 0.20378468593750002 0.3627111078125 0.35751009375 0.44862385937499993 0.3583486359375 0.414040946875 0.2027440640625 0.330471971875 0.20378468593750002
0 0.2483464765625 0.20235118124999998 0.2727600640625 0.354617853125 0.36128773125 0.3541799015625 0.32810978749999997 0.20540966875 0.2483464765625 0.20235118124999998
0 1 0.415506071875 0.9750216203125 0.3376837734375 0.8908635593750001 0.3379282796875 0.9368740656250001 0.500329721875 1 0.5019012578125001 1 0.415506071875
1 0.62248265 0.3391255015625 0.5400755578124999 0.338850334375 0.575676478125 0.497554459375 0.6668267140624999 0.49575728281250003 0.62248265 0.3391255015625
1 0.886789509375 0.3463083109375 0.7978087828125 0.344974871875 0.8487483750000001 0.5028573375 0.9335054484375 0.4975603546875 0.886789509375 0.3463083109375
1 0.7088758687500001 0.34334406875 0.6262902390625 0.340897146875 0.6663747765625 0.49439410625 0.7573476421875001 0.50275846875 0.7088758687500001 0.34334406875
1 0.7127612437499999 0.34565808124999997 0.75961309375 0.5034756546875 0.8469205703125 0.5043219703124999 0.794641509375 0.34551875625 0.7127612437499999 0.34565808124999997
1 0.486744396875 0.5027785687499999 0.574502365625 0.49956689218749994 0.536313815625 0.3382990609375 0.451639515625 0.3388539921875 0.4552475125 0.36175647187500004 0.486744396875 0.5027785687499999
1 0.0022043125 0.36935158437500004 0.012395178125 0.4959427890625 0.1066126484375 0.4964586296875 0.0888962609375 0.343559384375 0.0027241781249999998 0.33956850156249996 0.0022043125 0.36935158437500004
0 0.18242953281250002 0.3555620015625 0.0919361125 0.3504778328125 0.11040584843750001 0.49652484062499996 0.203378615625 0.495890225 0.18242953281250002 0.3555620015625
1 0.3630584484375 0.359670003125 0.27402302968750003 0.3569674 0.2998833296875 0.49883925468749996 0.392895825 0.4991075109375 0.3630584484375 0.359670003125
0 0.27285380625 0.3560116328125 0.1839435296875 0.3538891796875 0.206500221875 0.49820217343750006 0.29876200625 0.5020700687499999 0.27285380625 0.3560116328125
1 0.44995090312499997 0.36254200000000003 0.36475397656249997 0.3612607625 0.3932871953125 0.49843669999999995 0.48321601875000003 0.501361696875 0.44995090312499997 0.36254200000000003
1 0.9697604312499999 0.8228880796875 0.9944404046875001 0.82287241875 0.99781398125 0.6296004015625 0.9221650312499999 0.6247925046875 0.9697604312499999 0.8228880796875
1 0.222522065625 0.615185790625 0.1259118609375 0.6100285171875 0.1515016703125 0.8114187749999999 0.253905196875 0.814288278125 0.222522065625 0.615185790625
1 0.8380614421875 0.6228918046875 0.8824339203125 0.825150934375 0.9676405546875 0.823392096875 0.9177351437500001 0.6261303859375 0.8380614421875 0.6228918046875
1 0.32824391249999996 0.617454259375 0.36186505 0.817254765625 0.46215684375 0.8195463843749999 0.42269588750000003 0.614351671875 0.32824391249999996 0.617454259375
0 0.024873681249999998 0.6121431140625 0.046842282812500004 0.812575790625 0.1504445421875 0.8090787328125 0.1231791609375 0.611417140625 0.024873681249999998 0.6121431140625
1 0.7221436812500001 0.6238971359375001 0.7688597546875 0.8238178625 0.8621725359375001 0.8265286843749999 0.812352090625 0.62439926875 0.7221436812500001 0.6238971359375001
1 0.4259253140625 0.6203592718750001 0.46249763125000004 0.8173882484374999 0.5604124296874999 0.8169332734375001 0.5200999656249999 0.6257902421875 0.4259253140625 0.6203592718750001
0 0.22670296875 0.614383846875 0.2569525109375 0.816505553125 0.3608994859375 0.81777893125 0.3255015046875 0.6229345359375 0.22670296875 0.614383846875
0 0.61711105625 0.6263904796875 0.6677979578125 0.8247589281250001 0.7675403453125 0.8237948328125 0.7194908453125 0.624401434375 0.61711105625 0.6263904796875
1 0.5577639984375 0.794164165625 0.562547234375 0.815347475 0.664259746875 0.8230741046875 0.614275128125 0.6263520328125 0.5228042171875 0.625609684375 0.5577639984375 0.794164165625
1 0.0386702515625 0 0.051060175 0.0949848265625 0.135422946875 0.0956113453125 0.11992990781249999 0 0.0386702515625 0
1 0.1203542953125 0 0.1361116 0.096892425 0.2204743765625 0.0975189421875 0.2027874421875 0 0.1203542953125 0
0 0.203829365625 0 0.22111162968750003 0.09884140625 0.30563911718750003 0.10296592499999999 0.28347041562499997 0 0.203829365625 0
1 0.28487597187499997 0 0.3058864078125 0.10297024218749999 0.38745409999999997 0.1066015875 0.36295722656249996 0 0.28487597187499997 0
1 0.3634399953125 0 0.3876945890625 0.10616426875 0.471031840625 0.10761892656250001 0.448337378125 0.0047914015625 0.3950298375 0 0.3634399953125 0
1 0.9135305265625 1 0.864022059375 0.8286361734375 0.7703025203125 0.826447959375 0.8143172140624999 1 0.9135305265625 1
1 0.812136834375 1 0.7668989765625 0.8269408828125 0.6698513953125 0.8304727359375 0.7121387953125 1 0.812136834375 1
1 0.99134863125 1 0.9926817203124999 0.923627396875 0.9642115953125 0.8239626296875 0.86996706875 0.826261559375 0.9166631015625001 1 0.99134863125 1
1 0.7090468000000001 1 0.664780834375 0.8291723781250001 0.5699392 0.8242346390625 0.606127215625 1 0.7090468000000001 1
1 0.15453295625000002 0.8156996624999999 0.178203484375 0.994459184375 0.2831249328125 0.9962905953125001 0.2505793234375 0.8179284906250001 0.15453295625000002 0.8156996624999999
1 0.25411908437499997 0.820006015625 0.2866625546875 0.9963523453124999 0.3916061703125 0.9981841421875 0.3562176203125 0.821378003125 0.25411908437499997 0.820006015625
1 0.49960137031249996 1 0.462092940625 0.8256344484374999 0.35806616562500004 0.82182041875 0.39269168125 0.9982030906249999 0.4956365421875 1 0.49960137031249996 1
1 0.6039603046875001 1 0.565465565625 0.8242276453124999 0.46487947343749997 0.8243268703125001 0.49982006874999996 1 0.6039603046875001 1
1 0.0476524296875 0.8170441453124999 0.0647021703125 0.9924780125 0.1743500203125 0.994391921875 0.152556953125 0.816217503125 0.0476524296875 0.8170441453124999
1 0.7934747703125 0.1197561203125 0.7616999765625 0.0044918265625000005 0.68625650625 0.0031749546875 0.7153180609375 0.11973322812500001 0.7934747703125 0.1197561203125
1 0.470979590625 0.10717650000000001 0.5498223203125 0.10735267500000001 0.5229363609375001 0.0074180750000000005 0.44951388124999997 0.0048119375 0.470979590625 0.10717650000000001
1 0.7637263015625 0.0045271953125 0.7941018984375 0.12104627187500001 0.873815103125 0.12384114375 0.829271959375 0.0063671234374999995 0.8121359734375 0.005372189062499999 0.7637263015625 0.0045271953125
1 0.6037026437499999 0.0083068359375 0.6327589890625 0.11359746562499999 0.71348666875 0.1170185828125 0.68236126875 0.0058147984375 0.6037026437499999 0.0083068359375
1 0.600825496875 0.0092191484375 0.5238844765625 0.006268879687499999 0.55109435 0.109016421875 0.631665171875 0.11307188125 0.600825496875 0.0092191484375
1 1 0.05213097343749999 0.9843803921875001 0.013769240625000002 0.907802090625 0.008653418749999999 0.9549808000000001 0.126599234375 1 0.1273850484375 1 0.05213097343749999
1 0.8735701625000001 0.12853155624999998 0.9528889015625 0.1265627203125 0.914662578125 0.034684409375 0.9034624265625 0.0090034625 0.8350723828125 0.0091510484375 0.8735701625000001 0.12853155624999998