1 0.8677981921875 0.189777253125 0.9110737546875001 0.3006974015625 0.9842073625 0.2973946578125 0.9374501203125 0.18610229375 0.8677981921875 0.189777253125
1 0.79047631875 0.1978760921875 0.8384710734375 0.31000605625 0.9083421312500001 0.3037617546875 0.85974738125 0.1916922546875 0.79047631875 0.1978760921875
1 0.6136428703125001 0.2159329265625 0.5390202984375 0.21916133906250002 0.5341743265625001 0.2195002015625 0.5770057015625001 0.3329399375 0.655766409375 0.32490328125 0.6136428703125001 0.2159329265625
1 0.618506759375 0.21400895156250002 0.6600948703125 0.3225985703125 0.74209950625 0.322298015625 0.6967057062500001 0.20864624062499998 0.618506759375 0.21400895156250002
1 0.7006766468750001 0.20715800468749998 0.746515540625 0.3248706390625 0.8293780421875001 0.3186235140625 0.7816726671875001 0.2010580546875 0.7006766468750001 0.20715800468749998
1 0.45686300312499994 0.22647249375 0.496594725 0.341933034375 0.577479290625 0.33374786093750003 0.5347377796874999 0.2210269578125 0.45686300312499994 0.22647249375
1 0.37067238593749996 0.23486215625 0.40993850312499996 0.3516422375 0.49405285625 0.3438635109375 0.454897090625 0.22646581562499998 0.37067238593749996 0.23486215625
0 0.11907541875000001 0.2502805625 0.0356000515625 0.255320884375 0.0694327578125 0.396318496875 0.154844046875 0.3897806359375 0.11907541875000001 0.2502805625
1 0.119576965625 0.25104233125 0.1569869203125 0.39284161875 0.2446123171875 0.387438475 0.20935312343749998 0.24635825625000002 0.119576965625 0.25104233125
0 0.28825663281249997 0.2400439453125 0.33182679843749996 0.3834927671875 0.413905290625 0.37712098437499997 0.367941434375 0.2320813109375 0.28825663281249997 0.2400439453125
0 0.20974376874999998 0.2455340984375 0.24572257187500002 0.388249175 0.3301908984375 0.38044569375 0.2861370515625 0.2417858453125 0.20974376874999998 0.2455340984375
1 0.914662290625 0.313550975 0.8343489015625 0.32080593749999997 0.891786825 0.4713534828125 0.978916021875 0.4659089625 0.914662290625 0.313550975
1 0.9822563921875 0.472156828125 0.9993114421874999 0.4726927859375 0.9879528343749999 0.31025711562499997 0.9183412703125 0.312340921875 0.9822563921875 0.472156828125
1 0.5782634453125 0.3443389703125 0.49957820000000003 0.350953796875 0.546771809375 0.4988551125 0.633630390625 0.48954064375 0.5782634453125 0.3443389703125
1 0.8311575343750001 0.3291123671875 0.7461092859375 0.33526968125 0.8078761515625 0.4811099578125 0.888340765625 0.46900187656250003 0.8311575343750001 0.3291123671875
1 0.661081925 0.341140315625 0.5820454796875 0.3457054625 0.6330855203125 0.4882824546875 0.72062063125 0.4886428515625 0.661081925 0.341140315625
1 0.6649833562499999 0.3430159171875 0.7228428359375 0.4891356046875 0.8062533203125 0.48265483124999997 0.7431312125 0.336051015625 0.6649833562499999 0.3430159171875
1 0.4623158421875 0.511242296875 0.5458185656250001 0.500866203125 0.49594151249999996 0.350743625 0.4151611828125 0.35833676875 0.4205116203125 0.3798079359375 0.4623158421875 0.511242296875
1 0 0.49153405625 0.00895305 0.5443256703125 0.0989320171875 0.5369541296875 0.06929342499999999 0.3930788578125 0 0.3959287171875 0 0.49153405625
0 0.1595754390625 0.3966843078125 0.0727710265625 0.39940221875000004 0.10255835625000001 0.5367005515625001 0.1912534203125 0.5283391953125001 0.1595754390625 0.3966843078125
0 0.3323381453125 0.3855171 0.2471237203125 0.39037738125 0.28361823125 0.52308990625 0.37242637031250003 0.5155835468750001 0.3323381453125 0.3855171
0 0.24592807031250002 0.3895663484375 0.16088139375 0.39496770625 0.1944256203125 0.5302765671875 0.2828167953125 0.5262548484375 0.24592807031250002 0.3895663484375
0 0.4155210859375 0.380996671875 0.33408903749999996 0.3868878703125 0.37274411875 0.514913184375 0.4588298625 0.5101897703125 0.4155210859375 0.380996671875
1 1 0.6804887468749999 0.9626303484375001 0.589113628125 0.8881064359374999 0.5909013671875 0.9500283984375001 0.775249275 1 0.7708490921875 1 0.6804887468749999
1 0.21945706718750002 0.6401500609374999 0.12680774687500002 0.6433088859375 0.1679983484375 0.832625128125 0.2659872984375 0.8268080140625 0.21945706718750002 0.6401500609374999
1 0.807666478125 0.5961124421874999 0.8668585500000001 0.7846873671875 0.9480468109375 0.775905309375 0.8839892171875 0.5925428703125 0.807666478125 0.5961124421874999
1 0.3205635171875 0.63348468125 0.36928815625 0.82061945625 0.4652132328125 0.8144291906250001 0.41046513593749995 0.6226537140625 0.3205635171875 0.63348468125
0 0.030536975 0.6537502015625 0.0681912140625 0.8424582890625001 0.16679447187500002 0.8304887796875 0.12431481562499999 0.644857009375 0.030536975 0.6537502015625
1 0.6970999484375 0.6067408515625 0.7583344703125 0.792897215625 0.8476325671874999 0.787687825 0.78325089375 0.599690815625 0.6970999484375 0.6067408515625
1 0.41404787968749995 0.6280953578124999 0.465358890625 0.8123491218750001 0.5587863609375 0.8037461562500001 0.504395109375 0.6253999578125 0.41404787968749995 0.6280953578124999
0 0.22338122968750002 0.639038821875 0.26908070156249997 0.828661584375 0.3684101 0.8211983249999999 0.3184019046875 0.6389233421875 0.22338122968750002 0.639038821875
1 0.5970477734374999 0.6178755359375 0.66194346875 0.8022248859375001 0.7570731015625001 0.7929854187500001 0.694609640625 0.6074416296875 0.5970477734374999 0.6178755359375
0 0.5543629890624999 0.782321709375 0.5606921546875 0.802060478125 0.6584257984375 0.8009184515625 0.594337515625 0.61807563125 0.5069614437500001 0.6250026562500001 0.5543629890624999 0.782321709375
1 0 0.1034512671875 0.012485439062500001 0.15992876250000002 0.093066740625 0.153484759375 0.067935303125 0.054495268750000006 0 0.059508165625 0 0.1034512671875
1 0.14721385625 0.048951571875 0.06833049375 0.054443378125 0.09383073750000001 0.1546451515625 0.1744120390625 0.1482011453125 0.14721385625 0.048951571875
1 1 0.7702174171875 0.9483659875000001 0.7771878796875 1 0.9178592546875001 1 0.7702174171875
0 0.224551171875 0.0441760921875 0.148096546875 0.0482416234375 0.1751304171875 0.1494051703125 0.2561601203125 0.14627279375 0.224551171875 0.0441760921875
1 0.3015618453125 0.041324753125 0.22589186093750002 0.0438148109375 0.25639653125 0.14625626249999998 0.3345598875 0.14290202968750002 0.3015618453125 0.041324753125
1 0.38420186093750003 0.0410358453125 0.3018900640625 0.040864548437499995 0.334753046875 0.142466225 0.4144243625 0.13689506406250002 0.38420186093750003 0.0410358453125
1 0.8495734718750001 0.7895369765625 0.7599306015625 0.7952771265624999 0.8233329156250001 0.9764235765624999 0.919675984375 0.9704544609375001 0.8495734718750001 0.7895369765625
1 0.7331352843750001 0.9849185421875 0.821666890625 0.9773079250000001 0.756722753125 0.79602973125 0.6643792093750001 0.8074853640624999 0.7258749015625 0.9854262374999999 0.7331352843750001 0.9849185421875
1 1 0.920420084375 0.9448211609375001 0.7767338140625 0.8550506656250001 0.7867834734375 0.9227294796875001 0.9716608234375 1 0.9662575421874999 1 0.920420084375
1 0.5684879781250001 0.8098922390625001 0.6232484328125001 0.9926025796875001 0.7231086 0.9856196765625 0.6594308234375 0.8066722921875 0.5684879781250001 0.8098922390625001
1 0.3097472125 1 0.26311556875000003 0.8305461078124999 0.171248225 0.836441809375 0.20774032656250002 1 0.3097472125 1
1 0.4156346703125 1 0.364240575 0.82501045625 0.2666674078125 0.8322257328125 0.3132004640625 1 0.4156346703125 1
1 0.517460384375 1 0.52120150625 0.9997383953125001 0.46565900156250006 0.8202221375000001 0.3660419453125 0.8252767890625 0.41665370937499996 1 0.517460384375 1
1 0.468210065625 0.8187465671874999 0.5211296375 0.9997434203125 0.62142020625 0.992730421875 0.5642170531249999 0.8102588921875 0.468210065625 0.8187465671874999
1 0.204047634375 1 0.1694051203125 0.8370989812499999 0.069336490625 0.846638525 0.09797513125 1 0.204047634375 1
1 0.6110459171875 0.0192728359375 0.6486180890625 0.12802719375 0.723225096875 0.12152721250000001 0.68237469375 0.0121255234375 0.6110459171875 0.0192728359375
1 0.414337659375 0.13647883125 0.4896122734375 0.130067325 0.45562955 0.0373080203125 0.3853266109375 0.0409571953125 0.414337659375 0.13647883125
1 0.68457403125 0.012613209375 0.7239311203125001 0.122701365625 0.80025463125 0.11870668437500001 0.7479571296875 0.01074693125 0.68457403125 0.012613209375
1 0.5327996234375 0.0314134234375 0.5692999375000001 0.1290833296875 0.646643953125 0.12559933750000002 0.607676396875 0.02248074375 0.5327996234375 0.0314134234375
1 0.530129159375 0.0325207953125 0.45643892187499996 0.036136425 0.4909649890625 0.131542821875 0.5682120765625001 0.1286749546875 0.530129159375 0.0325207953125
1 0.823108996875 0.006367495312500001 0.8779615703125 0.1145558359375 0.9505031515625 0.109483234375 0.89663325625 0.0048408140625 0.823108996875 0.006367495312500001
1 0.80041125 0.1231860625 0.8759616921875001 0.11469568125 0.8318245390625 0.030541375 0.8189956734375 0.0070623843749999995 0.7537257015625001 0.012909454687499999 0.80041125 0.1231860625
1 0.9552162453124999 0 0.8997803937500001 0.0036996078124999997 0.95077299375 0.10818141562500001 0.9738044171875 0.1079253375 0.96625754375 0 0.9552162453124999 0