1 0.8808121999999999 0.22659055 0.9156843015625 0.3383434890625 0.9877121437499999 0.3401198796875 0.949447353125 0.227763115625 0.8808121999999999 0.22659055
1 0.8043431375000001 0.2292307 0.843765390625 0.3424938125 0.9127920734374999 0.3411615203125 0.8727766062500001 0.22791655937500002 0.8043431375000001 0.2292307
0 0.629491978125 0.23481258125 0.556007403125 0.23286117343749999 0.5512264625000001 0.23286117343749999 0.58548949375 0.3470547390625 0.6633669046875 0.34457425 0.629491978125 0.23481258125
1 0.63439933125 0.23325921093750002 0.6677747265625 0.342610753125 0.74830585625 0.3479399265625 0.7115416437500001 0.233362671875 0.63439933125 0.23325921093750002
1 0.7155424046875 0.2321754125 0.7524648109375 0.350765884375 0.8342464234375001 0.35032178593749996 0.7954814406249999 0.23174765156250002 0.7155424046875 0.2321754125
1 0.4748451 0.23439718593749997 0.5059262203125 0.350360078125 0.5858989875 0.34787959062499996 0.551674834375 0.23439718593749997 0.4748451 0.23439718593749997
1 0.38964891874999996 0.236714334375 0.4201823296875 0.3539394375 0.50329813125 0.3520790734375 0.47291546562500003 0.2342558125 0.38964891874999996 0.236714334375
0 0.14157758125 0.2345812328125 0.05927711875 0.233799728125 0.082813515625 0.3744035765625 0.1671174359375 0.373849134375 0.14157758125 0.2345812328125
0 0.1420176921875 0.23536273593749998 0.1690111203125 0.3769981578125 0.25541090624999996 0.3777084375 0.23047968437500002 0.23692574375 0.1420176921875 0.23536273593749998
0 0.3083790515625 0.23614424218750002 0.3413072078125 0.37981991875 0.4223276546875 0.37919979531250003 0.38715863906250003 0.233799728125 0.3083790515625 0.23614424218750002
0 0.23091979375 0.23614424218750002 0.25644527500000003 0.3785796734375 0.33991030312500004 0.37671930625 0.30617850468749996 0.23770725 0.23091979375 0.23614424218750002
1 0.9183250203125001 0.35119575 0.838976884375 0.35280310625 0.885032778125 0.5043919265625 0.97094824375 0.5050275984375 0.9183250203125001 0.35119575
1 1 0.3533700984375 0.9220200406249999 0.3502612984375 0.9737988203124999 0.5113842843749999 1 0.5140428874999999 1 0.3533700984375
1 0.585941746875 0.358320609375 0.5082360359375 0.3594118125 0.544415940625 0.507702775 0.630331403125 0.5045244328125 0.585941746875 0.358320609375
1 0.8352734046875 0.36073078125 0.7513520359375 0.3609368953125 0.8019811625000001 0.508205940625 0.88181095 0.501849253125 0.8352734046875 0.36073078125
1 0.6674708546875 0.36086328437500004 0.5895610578125 0.3599201734375 0.6298828390625 0.5032530921875 0.7157983015625 0.50960978125 0.6674708546875 0.36086328437500004
1 0.6711724359375 0.3629703453125 0.7179461890625001 0.51024545 0.8002818421875 0.50960978125 0.7483745828125 0.3614989515625 0.6711724359375 0.3629703453125
1 0.4606483625 0.5140594640625 0.543341996875 0.50960978125 0.5046800375 0.35895627812500003 0.4248502515625 0.36086328437500004 0.4286291484375 0.3822880921875 0.4606483625 0.5140594640625
1 0 0.380783496875 0.013274660937499998 0.5154140359375 0.10212027187499999 0.51435521875 0.08289913125000001 0.37121673906249997 0 0.368838634375 0 0.380783496875
0 0.171288665625 0.3809444015625 0.08587925468749999 0.3776568796875 0.1056979484375 0.51435521875 0.193351 0.5122375875 0.171288665625 0.3809444015625
1 0.3416702609375 0.3818403546875 0.2576747875 0.3807630078125 0.284393284375 0.5134237953125 0.3720986546875 0.5121524578125001 0.3416702609375 0.3818403546875
0 0.256556603125 0.3798855875 0.1726886734375 0.37935040781249996 0.1963323953125 0.51435521875 0.28338916875 0.5164728515625 0.256556603125 0.3798855875
1 0.4236479328125 0.383111690625 0.3432951453125 0.3833048171875 0.3724566359375 0.5115167890625 0.45729815625 0.5127881265625 0.4236479328125 0.383111690625
1 1 0.7868807 0.9465009625 0.624743834375 0.8732121562499999 0.62138625 0.9213499015625001 0.8064323343750001 1 0.805016865625 1 0.7868807
1 0.21336465 0.6238304546875 0.12218655468749999 0.6205745109375 0.1496295796875 0.8090715218750001 0.2462325125 0.8100865421875 0.21336465 0.6238304546875
1 0.7938800765625 0.62098038125 0.8390474734375 0.8099849015625 0.9193593796874999 0.8069398421875 0.8690572609375 0.6227137953125 0.7938800765625 0.62098038125
1 0.3130865171875 0.6242273375 0.348076071875 0.8111015625 0.442678353125 0.8116090703125 0.40209368906250004 0.6197703796875 0.3130865171875 0.6242273375
0 0.0269530296875 0.6242125171875 0.0509658765625 0.8118705531250001 0.14859430468749998 0.8068937328124999 0.11963276249999999 0.62192186875 0.0269530296875 0.6242125171875
1 0.6845984203125 0.6238214656250001 0.7319370937499999 0.8105940500000001 0.8199658015625 0.8116090703125 0.7696636828125001 0.6228154359375 0.6845984203125 0.6238214656250001
1 0.40523757031249996 0.6253529859375 0.44296415937500005 0.80957903125 0.53527998125 0.8075489921875001 0.4941237015625 0.628905553125 0.40523757031249996 0.6253529859375
0 0.21729360312499998 0.623009728125 0.2491423 0.81211658125 0.347174271875 0.8116090703125 0.3105909109375 0.6294130640625 0.21729360312499998 0.623009728125
0 0.5856047875 0.6278801625 0.6366619859375 0.8131316015625 0.7306926515625001 0.8105940500000001 0.6821053765625 0.624337965625 0.5856047875 0.6278801625
0 0.53240805 0.78623358125 0.5372667765625 0.8060264640625 0.633298096875 0.8116090703125 0.582930175 0.627890534375 0.49667055312499997 0.6286919015625 0.53240805 0.78623358125
1 0.10481044375 0.039057345312500005 0.028335976562499997 0.0393509015625 0.0431325890625 0.13865857343750002 0.12268808281250002 0.1378649375 0.10481044375 0.039057345312500005
1 0.18302511562499998 0.039057345312500005 0.1052019953125 0.039033556250000004 0.12335849375 0.139055390625 0.20291398906250002 0.13826175624999998 0.18302511562499998 0.039057345312500005
1 1 0.8030413 0.919584690625 0.8082196156249999 0.9735449703124999 0.9942923203125 1 0.99481428125 1 0.8030413
0 0.2592811796875 0.039677643750000005 0.1839404640625 0.038421598437499996 0.2035366171875 0.13949187031250002 0.2833049890625 0.1419768703125 0.2592811796875 0.039677643750000005
1 0.33508445781249996 0.04216264375 0.2606222453125 0.0394152609375 0.28353822968750003 0.1419768703125 0.3605077109375 0.1440477078125 0.33508445781249996 0.04216264375
1 0.416238590625 0.0475468140625 0.3354382890625 0.04173380625 0.36072726875 0.1436335390625 0.439329434375 0.1436335390625 0.416238590625 0.0475468140625
1 0.8217443937500001 0.8135557359375 0.73334075625 0.813037615625 0.78315166875 0.9950453906250001 0.87814914375 0.9957984578125 0.8217443937500001 0.8135557359375
1 0.7301396859375 0.8135557359375 0.6386922 0.81845786875 0.6868819078125 0.9973045984375 0.7814552859375 0.9957984578125 0.7301396859375 0.8135557359375
1 0.975070159375 1 0.9161356234375001 0.8075311828125 0.827310828125 0.811230865625 0.881876146875 1 0.975070159375 1
1 0.684906590625 1 0.63388979375 0.81732108125 0.5443828859375001 0.814242115625 0.5859669625 0.9988107359375 0.638206821875 1 0.684906590625 1
1 0.28074306875 1 0.2431564765625 0.8135557359375 0.1525582171875 0.813037615625 0.18078804375 1 0.28074306875 1
1 0.383412565625 1 0.342819003125 0.8150618734374999 0.24652828906250002 0.81544661875 0.284120946875 1 0.383412565625 1
1 0.48558365 1 0.44271829687500003 0.81732108125 0.3445692671875 0.81544661875 0.3843598453125 1 0.48558365 1
1 0.5844685328125 1 0.5401646078125 0.81430880625 0.44532418125 0.8160488687499999 0.48546660781249995 1 0.5844685328125 1
1 0.1769529078125 1 0.150703578125 0.8135557359375 0.0518033015625 0.8160488687499999 0.07303639687499999 1 0.1769529078125 1
1 0.6404435953125 0.041759865624999996 0.669864909375 0.15099755937499998 0.7435588046875 0.149739303125 0.710963428125 0.039641915625 0.6404435953125 0.041759865624999996
1 0.43927288593749997 0.1432193734375 0.51361615 0.14209367343749998 0.486620778125 0.0487893140625 0.4173482453125 0.0475468140625 0.43927288593749997 0.1432193734375
1 0.7130892140625 0.040271045312499996 0.7441713562500001 0.15093927499999998 0.819378484375 0.1522558140625 0.7754455859375 0.04278755625 0.7130892140625 0.040271045312499996
1 0.562789478125 0.0483005671875 0.5919194453125 0.1465936625 0.668093421875 0.1484810484375 0.6369152359375 0.044674940625 0.562789478125 0.0483005671875
1 0.560091646875 0.0492034796875 0.48749583750000003 0.047695778125 0.5148429218749999 0.1436335390625 0.590879440625 0.1461185421875 0.560091646875 0.0492034796875
1 0.84952883125 0.04364639375 0.895954553125 0.1535140703125 0.9675226609375001 0.1535140703125 0.921818275 0.0471914515625 0.84952883125 0.04364639375
1 0.8192247281249999 0.1566597109375 0.8939815140625 0.1535140703125 0.856425971875 0.0679526734375 0.845442746875 0.044045812499999996 0.780960590625 0.045304067187500005 0.8192247281249999 0.1566597109375
1 1 0.0465259859375 0.9249864171875 0.0462880453125 0.9678769609375 0.1522558140625 1 0.15414146875 1 0.0465259859375