1 1 0.27301726249999997 0.9487722734374999 0.2640021 0.9662487750000001 0.383863009375 1 0.39006713125000003 1 0.27301726249999997
1 0.870349034375 0.25434738281249997 0.8922220484375 0.37648696875 0.9628425859374999 0.3862762078125 0.9403615750000001 0.2640593453125 0.870349034375 0.25434738281249997
1 0.6911031828125 0.23180623437499998 0.6164673515625 0.2179404265625 0.6115909546875 0.21716808125 0.6280511078125001 0.3394252671875 0.70788496875 0.34947069218750004 0.6911031828125 0.23180623437499998
1 0.6963599921875 0.231011234375 0.71269866875 0.3481757890625 0.7939749140625 0.3666325015625 0.775025759375 0.243579071875 0.6963599921875 0.231011234375
1 0.77929860625 0.24301183437499999 0.7977594078125 0.3701928984375 0.8812457453125001 0.3829505171875 0.8609029328125001 0.255488490625 0.77929860625 0.24301183437499999
1 0.5334359140625 0.206398946875 0.5463641875 0.3299506109375 0.628335240625 0.340334534375 0.6117996125 0.2188105375 0.5334359140625 0.206398946875
1 0.44616360312500003 0.1950042421875 0.458328890625 0.319757584375 0.5434053375000001 0.331283109375 0.5314906406250001 0.20594271718749999 0.44616360312500003 0.1950042421875
0 0.19348466875 0.15274880156249998 0.1096675359375 0.13865462343749999 0.1109112890625 0.28617403124999996 0.196988159375 0.299226334375 0.19348466875 0.15274880156249998
1 0.19380704843750002 0.15361870625000001 0.1984098515625 0.3027510015625 0.286419684375 0.31743461093750003 0.2837822125 0.16950706875 0.19380704843750002 0.15361870625000001
0 0.36336341562499996 0.181292646875 0.3736891390625 0.333469109375 0.4564276125 0.345923840625 0.4440954515625 0.1916228015625 0.36336341562499996 0.181292646875
0 0.28435762656249997 0.168779359375 0.287333659375 0.3184922375 0.37276630625 0.33007417656250004 0.3608658953125 0.182534771875 0.28435762656249997 0.168779359375
1 0.9668615468749999 0.39742645312499997 0.88566895 0.3862509703125 0.90810344375 0.5486365375 0.995631365625 0.56316564375 0.9668615468749999 0.39742645312499997
0 1 0.40290019218750006 0.9707816203125 0.39706822656249996 0.9963329156249999 0.562503915625 1 0.5393508546875 1 0.40290019218750006
1 0.626688540625 0.351013653125 0.547254721875 0.3395759171875 0.560149940625 0.49699516875 0.6482953171875 0.507625809375 0.626688540625 0.351013653125
1 0.8806081046875001 0.3937559 0.7949778140625 0.38040935781249996 0.8227761859375 0.5391182890625 0.9052289265625 0.5455170859375 0.8806081046875001 0.3937559
1 0.7094338 0.3667833875 0.630121159375 0.35323332343749997 0.648043615625 0.5062538546875001 0.7346453515625 0.5266306562499999 0.7094338 0.3667833875
0 0.7128681734375 0.369535084375 0.7367332109375 0.5276273828125 0.8208156656250001 0.54027869375 0.791849921875 0.38050286093749996 0.7128681734375 0.369535084375
1 0.47368078750000003 0.4899602359375 0.558745828125 0.498770909375 0.543701475 0.33853583593750003 0.46196909843749995 0.32758882968749997 0.4623549515625 0.35009850781249996 0.47368078750000003 0.4899602359375
1 0.0234433703125 0.3126335328125 0.0171556484375 0.41907305624999996 0.107946540625 0.43234350781249997 0.1115145359375 0.28293046093749996 0.0305583 0.26771163124999997 0.0234433703125 0.3126335328125
0 0.20009400781250003 0.30715255625000004 0.11351155625 0.28999463125 0.11159564687500001 0.43292147031250006 0.20134158281249998 0.444917009375 0.20009400781250003 0.30715255625000004
0 0.37373234843750003 0.3355929328125 0.2882342578125 0.3209225390625 0.29400955781250004 0.4608370640625 0.38367185 0.473706090625 0.37373234843750003 0.3355929328125
0 0.28723579374999997 0.3198450515625 0.20178002031250003 0.305749434375 0.204039678125 0.447563165625 0.292491778125 0.46379142343749996 0.28723579374999997 0.3198450515625
0 0.45714094843749997 0.35013564375 0.37515259218749997 0.33735231875 0.3841398875 0.4731141765625 0.47046951249999996 0.48811953125 0.45714094843749997 0.35013564375
1 0.9645577109374999 0.7631246609375 0.9513149375 0.6815833296875 0.87710643125 0.666311834375 0.8962478968750001 0.8632318109374999 0.947564815625 0.8704135765625001 0.9645577109374999 0.7631246609375
1 0.20368888749999997 0.562213971875 0.1112174640625 0.5441564109375 0.108692346875 0.7412605640625001 0.20705970625 0.7579039437499999 0.20368888749999997 0.562213971875
1 0.7962561328125 0.6530811437499999 0.811727109375 0.8535673546875 0.8941354703125001 0.8634289953125001 0.8726536625 0.666997565625 0.7962561328125 0.6530811437499999
1 0.3053375234375 0.5787293796874999 0.3107723234375 0.77539393125 0.40718124843750003 0.7911953640625 0.39684333125000004 0.5885525484375 0.3053375234375 0.5787293796874999
0 0.0134935671875 0.5324903109375 0.0076056125 0.728182778125 0.10798896875 0.7388673078125 0.10839455625000001 0.5451210453125 0.0134935671875 0.5324903109375
0 0.684332640625 0.6383310453125 0.7023795765624999 0.8368866640625001 0.7920015203124999 0.8521449062500001 0.7712591625 0.6510447515625 0.684332640625 0.6383310453125
1 0.3991462046875 0.5947666515625001 0.4078014078125 0.7891665453125001 0.502289028125 0.8020048718749999 0.489231884375 0.6127571453125 0.3991462046875 0.5947666515625001
0 0.2078291515625 0.5620097796875 0.20969894375 0.760449 0.3097703578125 0.77576699375 0.3019525640625 0.583626775 0.2078291515625 0.5620097796875
1 0.582705459375 0.6264875171875001 0.6047914234375 0.8240890234375 0.7011102890625 0.8366856281249999 0.6817062046875 0.6384562390624999 0.582705459375 0.6264875171875001
0 0.502810540625 0.77975353125 0.5045619765625 0.8007695921875 0.60160685625 0.8219893546874999 0.57997576875 0.6260660421875001 0.491864175 0.6129501984375 0.502810540625 0.77975353125
1 0.10897105468749999 0 0.1086032109375 0.038798701562499996 0.18987557187499998 0.050839421875 0.1887800875 0 0.10897105468749999 0
1 0.1892127796875 0 0.19036664375 0.0521645359375 0.27163900625 0.06420525625 0.26904559687499996 0 0.1892127796875 0
1 0.9270403421875001 1 0.9476707109375001 0.8697449781250001 0.8941580953124999 0.8647735031250001 0.911095609375 1 0.9270403421875001 1
0 0.26984276875 0 0.2720749203125 0.0655631921875 0.3530336265625 0.080989534375 0.3471022890625 0 0.26984276875 0
1 0.3482175828125 0 0.3532715234375 0.08102721406249999 0.43144250624999997 0.0955780703125 0.42311049218749996 0 0.3482175828125 0
1 0.4235573140625 0 0.4317335 0.0951902 0.511905015625 0.10788812031249999 0.5039087656250001 0.0059435375 0.4784156828125 0 0.4235573140625 0
1 0.8143826437499999 1 0.7935004734375 0.8544220015624999 0.703415671875 0.83961109375 0.721050684375 1 0.8143826437499999 1
1 0.7188903359375 1 0.7000668109375 0.8396235640624999 0.60599989375 0.8298612015625 0.62403046875 1 0.7188903359375 1
1 0.909910784375 1 0.8907516171875001 0.863512640625 0.799554421875 0.8529448921875 0.8178445953125 1 0.909910784375 1
1 0.62110991875 1 0.601285640625 0.82792343125 0.5104901203125001 0.8103167421874999 0.5226593234375 1 0.62110991875 1
1 0.11103738125 0.7457875890625 0.10954107187499999 0.9443899437500001 0.21163675781250002 0.9605603125 0.203360621875 0.7609530312499999 0.11103738125 0.7457875890625
1 0.2064936375 0.7634304890625 0.21508809062499998 0.9611069499999999 0.3164074140625 0.9771543546875 0.30476915312499997 0.778592671875 0.2064936375 0.7634304890625
1 0.30649207500000003 0.7792686843750001 0.317362453125 0.9773056171875 0.42066182812499997 0.99366663125 0.40629726406250005 0.79704030625 0.30649207500000003 0.7792686843750001
1 0.5207917265625001 1 0.5061768234375 0.8097034609374999 0.40916113750000005 0.79616089375 0.4204953890625 0.9936402703124999 0.4606491453125 1 0.5207917265625001 1
1 0 0.9270403437500001 0.10560013125 0.9437657609375 0.1090618328125 0.7460175703124999 0.007783323437500001 0.73258889375 0 0.9160352515625 0 0.9270403437500001
1 0.733527046875 0.036248028125 0.745851128125 0.1526574453125 0.8212200781250001 0.163276334375 0.805797740625 0.0454754296875 0.733527046875 0.036248028125
1 0.5119143875 0.1074556484375 0.5879242109375 0.11831493281250001 0.5754950359375 0.0185835609375 0.5050405765625 0.0061227984375 0.5119143875 0.1074556484375
1 0.8078641171875001 0.046461903124999995 0.8216505937499999 0.16460183281250002 0.89814615 0.1780969859375 0.8710580765625 0.059107603125 0.8078641171875001 0.046461903124999995
1 0.653263625 0.030388793749999997 0.667062378125 0.135564203125 0.7444516734375 0.149799034375 0.729456315625 0.0386576578125 0.653263625 0.030388793749999997
1 0.65036575625 0.0308758734375 0.5765646015625 0.017607171875 0.5889261859375 0.120087075 0.6660785265625 0.1349105515625 0.65036575625 0.0308758734375
1 1 0.0831471421875 0.9464814109375 0.071953359375 0.9760474171875 0.1917537140625 1 0.19554743125000001 1 0.0831471421875
0 0.8972763718750001 0.18257355625 0.974034984375 0.191434975 0.9495812796875001 0.09791205625 0.9422490828125 0.0717015296875 0.8762757921875 0.062570765625 0.8972763718750001 0.18257355625