1 0.9440092140624999 0.3094695578125 0.97993003125 0.3059619171875 0.9652825078125 0.1866674015625 0.8922408359375 0.1943628328125 0.9440092140624999 0.3094695578125
1 0.8112858812500001 0.2071724015625 0.8680905328125 0.32330214218750003 0.9413046796875 0.312864521875 0.883871709375 0.1968316578125 0.8112858812500001 0.2071724015625
1 0.6261176390625 0.23597509218749999 0.5477321390625 0.24347865624999998 0.5426490328125 0.24410278437500002 0.59409071875 0.3619023125 0.6765640234375 0.349079846875 0.6261176390625 0.23597509218749999
1 0.631130921875 0.2336711953125 0.680992284375 0.3464020203125 0.7673137734375 0.341595296875 0.713162384375 0.22371144843750002 0.631130921875 0.2336711953125
1 0.7172599109375 0.2219179171875 0.772107115625 0.3440782515625 0.8589990999999999 0.33292657187499997 0.8021950125 0.21102426875 0.7172599109375 0.2219179171875
1 0.4616421578125 0.2557186515625 0.5099334453125001 0.37582806562500004 0.5946345359375 0.3627320609375 0.5433276828125 0.2456889296875 0.4616421578125 0.2557186515625
1 0.3713660484375 0.2693216484375 0.419240953125 0.39085407031249997 0.5073652531249999 0.37801175468750003 0.45957198125 0.2558191796875 0.3713660484375 0.2693216484375
0 0.10733567031249999 0.29942205781250003 0.019730910937500002 0.309329159375 0.06324020625 0.4568077203125 0.152799409375 0.4452086171875 0.10733567031249999 0.29942205781250003
1 0.10790634218749999 0.3002013953125 0.1552267828125 0.44833321093749995 0.2471805875 0.4378147 0.2021647984375 0.2903267296875 0.10790634218749999 0.3002013953125
0 0.2848848140625 0.27932058125000003 0.3387833046875 0.4288622484375 0.42484287500000006 0.4176214546875 0.3683351921875 0.26652593593749996 0.2848848140625 0.27932058125000003
0 0.202529978125 0.2894324828125 0.24839487343750002 0.43861254218749995 0.3368904734375 0.42572463593750004 0.2827506796875 0.2812814375 0.202529978125 0.2894324828125
1 1 0.46941868906249995 0.9934407828125 0.415998153125 0.9485065328125 0.32288634374999997 0.8643547593750001 0.3349659015625 0.9332510359375 0.49126678124999995 1 0.48357544375000006 1 0.46941868906249995
1 0.596052690625 0.3739061671875 0.5135792875 0.38521864375 0.57154181875 0.5392776140625 0.66246945 0.5246585984375 0.596052690625 0.3739061671875
1 0.861459471875 0.34393790156250004 0.7722612046874999 0.355114096875 0.8454518265625 0.50619258125 0.9294912921874999 0.4889648140625 0.861459471875 0.34393790156250004
1 0.6830688890625 0.3659855265625 0.600111046875 0.3751464140625 0.661825390625 0.5233558734375 0.7540066015625 0.5189464609375001 0.6830688890625 0.3659855265625
1 0.6872814359375 0.3677584359375 0.7563738109375 0.51934670625 0.84382966875 0.507917575 0.7691694640625 0.3561046078125 0.6872814359375 0.3677584359375
1 0.4833156859375 0.5570194390625 0.5706507171874999 0.5414597328124999 0.509738653125 0.3851951 0.4251141828125 0.3976583828125 0.431948659375 0.4201056125 0.4833156859375 0.5570194390625
1 0 0.530581309375 0.010550346875 0.6165069875 0.10216679531249999 0.604140090625 0.06291225624999999 0.45338424843749997 0 0.4592704703125 0 0.530581309375
0 0.158167090625 0.45226131875000003 0.066927421875 0.45989096875 0.1059705859375 0.60367304375 0.198885078125 0.5899629484375 0.158167090625 0.45226131875000003
0 0.33943493281250003 0.43097822656250007 0.24998913906250003 0.440789834375 0.2958373671875 0.57934798125 0.3889187453125 0.566537221875 0.33943493281250003 0.43097822656250007
0 0.24868492656250002 0.43999631250000004 0.15944601875 0.45037179062500005 0.202333309375 0.5918411890625 0.2951706515625 0.5827438296875 0.24868492656250002 0.43999631250000004
0 0.4267609 0.4216377484375 0.3413550484375 0.4323341765625 0.3892157796875 0.5658098500000001 0.47958659687500005 0.5560955109375 0.4267609 0.4216377484375
1 1 0.6132083875000001 0.93606470625 0.6180811937499999 1 0.7805294203125 1 0.6132083875000001
1 0.234834875 0.706837971875 0.13746608124999998 0.71525450625 0.19142548125 0.9135045249999999 0.2942673578125 0.9019803453125 0.234834875 0.706837971875
1 1 0.787365659375 0.9318217484375 0.6200450578125001 0.8516653218749999 0.628003003125 0.9245360328125001 0.8244826109375 1 0.8122780281249999 1 0.787365659375
1 0.340911540625 0.6942447609375 0.4026810765625 0.8897720281250001 0.50332913125 0.8779656062500001 0.43495817968750006 0.6778530671875 0.340911540625 0.6942447609375
0 0.036691901562500004 0.731582128125 0.0868940296875 0.9293816109374999 0.190038459375 0.9113078140624999 0.134928021875 0.71703056875 0.036691901562500004 0.731582128125
1 0.735850371875 0.645311234375 0.8107361515625 0.8391175562500001 0.9044618953124999 0.8287126953125 0.8261596609374999 0.633129203125 0.735850371875 0.645311234375
1 0.4390347125 0.6834202078125 0.503366109375 0.8757546375 0.6012495828125 0.86152963125 0.5340056828125 0.6756204859375 0.4390347125 0.6834202078125
0 0.2389042421875 0.7054462765625 0.29762794062500003 0.9037741468749999 0.4017890046875 0.890433165625 0.3389399796875 0.7001231515625 0.2389042421875 0.7054462765625
1 0.631133746875 0.6625801734375 0.709773084375 0.8542723000000001 0.8094130578125001 0.8392800109375 0.733267665625 0.646189728125 0.631133746875 0.6625801734375
0 0.5953937796875 0.839081140625 0.6031617796875001 0.859640021875 0.7059964203125 0.8530811921874999 0.62829145625 0.662940434375 0.5366854125 0.675059240625 0.5953937796875 0.839081140625
1 0 0.20824238125 0.0745369140625 0.198329325 0.042539021875 0.094865246875 0 0.100255390625 0 0.20824238125
1 0.125697015625 0.084654728125 0.04295219375 0.094788659375 0.07540620625 0.199516478125 0.1598854265625 0.188281140625 0.125697015625 0.084654728125
0 0.2068541671875 0.0753640796875 0.126586634375 0.0838545109375 0.16070913125 0.1895170015625 0.245845728125 0.1817644609375 0.2068541671875 0.0753640796875
1 0.2877750671875 0.06812916249999999 0.20824549375 0.07490806562499999 0.24609370937500002 0.18173401250000001 0.32820006875 0.1739033921875 0.2877750671875 0.06812916249999999
1 0.3747661640625 0.063299996875 0.2880948828125 0.0676237953125 0.32837905156249997 0.1734312609375 0.41194903125 0.1631701578125 0.3747661640625 0.063299996875
1 0.8125497875000001 0.8415507546875001 0.8606781124999999 0.959469209375 0.958838453125 0.9474166343749999 0.906608828125 0.8305648968750001 0.8125497875000001 0.8415507546875001
1 0.7126318609375 0.8597103468749999 0.757982709375 0.97207861875 0.8580769828125 0.9597885875 0.809214521875 0.8425234140625 0.7126318609375 0.8597103468749999
1 1 0.8128141125000001 0.9122214171874999 0.8273488812500001 0.9630059734374999 0.9469049281249999 1 0.9423626328125 1 0.8128141125000001
1 0.6118077625 0.867507934375 0.653630121875 0.98489150625 0.7543476 0.9725249546875 0.7073764796875001 0.8591200656250001 0.6118077625 0.867507934375
1 0.32254434375 1 0.2914530078125 0.906096534375 0.195060640625 0.9173688890625 0.2180178046875 1 0.32254434375 1
1 0.4344789109375 1 0.39761241875 0.8946988031249999 0.295286521875 0.9076810156249999 0.3260585109375 1 0.4344789109375 1
1 0.53058130625 1 0.5458919125 0.9981200937500001 0.504122565625 0.884076509375 0.399523884375 0.8948822765625 0.4358908546875 1 0.53058130625 1
1 0.5067258890625 0.88237410625 0.5470428890625 0.997978771875 0.6507205234375 0.985248759375 0.6073316484375 0.86813001875 0.5067258890625 0.88237410625
1 0.21502035468749997 1 0.193156903125 0.9181657781249999 0.088333709375 0.93374620625 0.10428680937499998 1 0.21502035468749997 1
1 0.6123805515625 0.027834843749999998 0.6580229609375 0.14095995156250002 0.73620903125 0.129992325 0.6870789312500001 0.016361060937499998 0.6123805515625 0.027834843749999998
1 0.41183445625 0.1627340734375 0.490728365625 0.15182360625 0.44975999843750003 0.055442373437500005 0.3759459515625 0.0631551359375 0.41183445625 0.1627340734375
1 0.68942178125 0.0167571890625 0.737018059375 0.1311972265625 0.8171515125000001 0.12278900625 0.756050046875 0.0113114359375 0.68942178125 0.0167571890625
1 0.5306784546875 0.044975621874999996 0.574572203125 0.14641986875 0.6558086624999999 0.1384966640625 0.60901244375 0.031416760937499996 0.5306784546875 0.044975621874999996
1 0.5279288234374999 0.046294600000000005 0.4505465953125 0.054157235937500006 0.49223512031250005 0.153312265625 0.5734040031250001 0.1460469015625 0.5279288234374999 0.046294600000000005
1 0.8700167921874999 0 0.8349284140625001 0.00255985 0.898732765625 0.1141396734375 0.9555210781250001 0.1071669453125 0.9499683265625001 0.061943412499999996 0.914039978125 0 0.8700167921874999 0
1 0.8175670234375 0.1275245359375 0.8966350265624999 0.11439724375 0.8454570421875 0.0276853375 0.8306365937500001 0.0035209437500000004 0.7622444609375 0.0132860265625 0.8175670234375 0.1275245359375