1 0.68671875 0.259375 0.109375 0.16875
1 0.5171875 0.290625 0.0984375 0.140625
1 0.59609375 0.278125 0.1015625 0.146875
1 0.428125 0.31015625 0.1171875 0.15
1 0.17578125 0.3578125 0.11875 0.159375
1 0.928125 0.22265625 0.0875 0.1625
1 0.778125 0.253125 0.109375 0.16875
0 0.35546875 0.3296875 0.1078125 0.15625
1 0.859375 0.240625 0.1046875 0.1640625
0 0.26796875 0.35078125 0.1078125 0.1640625
0 0.0875 0.3875 0.1125 0.1453125
1 0.58671875 0.42734375 0.1078125 0.16875
1 0.490625 0.446875 0.1140625 0.15625
0 0.31484375 0.48046875 0.10625 0.140625
1 0.67578125 0.4171875 0.115625 0.16875
1 0.85078125 0.3875 0.1125 0.171875
0 0.22578125 0.49921875 0.1125 0.1546875
0 0.40234375 0.46875 0.1078125 0.1484375
1 0.940625 0.3734375 0.115625 0.18125
0 0.76015625 0.40859375 0.1203125 0.15625
1 0.05234375 0.5375 0.1046875 0.15
0 0.13984375 0.5234375 0.115625 0.1515625
1 0.084375 0.1296875 0.0953125 0.1375
1 0.025 0.1453125 0.05 0.140625
1 0.8609375 0.03203125 0.1 0.0640625
1 0.4109375 0.07734375 0.096875 0.146875
1 0.33046875 0.09140625 0.0984375 0.146875
1 0.92109375 0.67734375 0.1171875 0.1875
1 0.97734375 0.66875 0.0453125 0.171875
1 0.82109375 0.7046875 0.1203125 0.1796875
0 0.1703125 0.12265625 0.10625 0.1546875
1 0.4890625 0.07109375 0.096875 0.1421875
1 0.72265625 0.05078125 0.0953125 0.1015625
1 0.25 0.11015625 0.103125 0.15625
1 0.72578125 0.72578125 0.1296875 0.1859375
0 0.1421875 0.8375 0.1359375 0.2
0 0.6359375 0.75390625 0.13125 0.1734375
0 0.34453125 0.80625 0.1265625 0.184375
1 0.2453125 0.828125 0.1328125 0.1828125
1 0.43984375 0.7953125 0.1375 0.1890625
1 0.54453125 0.78359375 0.1203125 0.1890625
1 0.565625 0.06484375 0.103125 0.1296875
1 0.64453125 0.0578125 0.0984375 0.115625
0 0.79375 0.04453125 0.103125 0.0890625
1 0.9171875 0.86328125 0.1140625 0.153125
1 0.97578125 0.84609375 0.0484375 0.1546875
1 0.61328125 0.91875 0.1203125 0.1515625
1 0.81796875 0.8828125 0.1203125 0.1515625
1 0.4015625 0.94140625 0.128125 0.1171875
1 0.51171875 0.93203125 0.1265625 0.1359375
1 0.71953125 0.90234375 0.1265625 0.146875
1 0.2984375 0.953125 0.11875 0.09375
1 0.1921875 0.96171875 0.13125 0.0765625