1 0.9523546265625 0.2067412828125 0.917360909375 0.1453595046875 0.8426706546875 0.1585489265625 0.9042151203125 0.27323799375 0.9633410390625 0.2632614671875 0.9523546265625 0.2067412828125
1 0.760293125 0.1775536359375 0.8270932343749999 0.2929326234375 0.901676421875 0.276925203125 0.83423676875 0.16169110312499999 0.760293125 0.1775536359375
1 0.5718353125 0.2205121953125 0.49172007031250003 0.23387344687499997 0.48653468593750004 0.234881384375 0.5479366390625 0.35236416875 0.6318755515625 0.333236903125 0.5718353125 0.2205121953125
1 0.5768280625 0.2177812328125 0.6362394515625 0.330163371875 0.7247143687500001 0.3190052625 0.660518196875 0.20163077343750002 0.5768280625 0.2177812328125
1 0.664605378125 0.199490759375 0.72982503125 0.321214571875 0.8184306937500001 0.30348806875 0.75121605625 0.1821705578125 0.664605378125 0.199490759375
1 0.40401789375 0.25266181875 0.462344346875 0.372747640625 0.5485558703125 0.353178625 0.48734704375 0.23646427343749998 0.40401789375 0.25266181875
1 0.312106409375 0.273153678125 0.370106753125 0.39473338125 0.459858834375 0.37517895 0.4018950109375 0.25291424375 0.312106409375 0.273153678125
0 0 0.465285446875 0.008542228124999999 0.48820686875 0.09986015000000001 0.46982810312499995 0.0425966546875 0.3231235765625 0 0.33098165156250003 0 0.465285446875
1 0.043239889062499995 0.32388423906249997 0.1025824890625 0.47286779062499995 0.196442046875 0.45542831875 0.13951712031250002 0.30694123281249996 0.043239889062499995 0.32388423906249997
0 0.22384049374999998 0.28966473593750003 0.2900529640625 0.4396251875 0.37779570625000003 0.42186692499999995 0.30878676562499996 0.2704957625 0.22384049374999998 0.28966473593750003
0 0.13982856562499998 0.305995 0.197748859375 0.456161690625 0.2878797078125 0.43653363125 0.22178557968749998 0.2918355625 0.13982856562499998 0.305995
1 0.9978121890624999 0.4406001671875 0.9098074453124999 0.2867167109375 0.82408805 0.3052005265625 0.9062185625 0.461034965625 0.9984382953125 0.44382120468749997 0.9978121890624999 0.4406001671875
1 0.9136166843750001 0.2849172328125 0.9972381390624999 0.4376469328125 0.9659923718750001 0.2769013921875 0.9136166843750001 0.2849172328125
1 0.550818615625 0.3645718328125 0.4667710203125 0.38214571406250003 0.5374900296875 0.536460790625 0.6299988359375 0.5148768125000001 0.550818615625 0.3645718328125
1 0.821754121875 0.31463880624999996 0.730777171875 0.332556528125 0.816950809375 0.482709365625 0.9021844375000001 0.45893744999999997 0.821754121875 0.31463880624999996
1 0.639784428125 0.3501603 0.55508365 0.365555615625 0.62924245 0.5135830015625 0.7237753046875001 0.502411853125 0.639784428125 0.3501603
1 0.6442464234374999 0.35168095625 0.726239828125 0.502653215625 0.8154057343750001 0.4846007015625 0.72766715 0.33379804687500003 0.6442464234374999 0.35168095625
1 0.44798549374999996 0.5610628859375 0.5367300453125 0.53876976875 0.46281750156249996 0.3823979328125 0.37663932031249997 0.4013105265625 0.38528584375 0.4239110265625 0.44798549374999996 0.5610628859375
1 0 0.5481445234375 0.018886948437500002 0.6453094515625 0.059190476562500004 0.6369721687500001 0.0079586 0.4847086015625 0 0.486018365625 0 0.5481445234375
0 0.10589039375 0.476697165625 0.0125579078125 0.491113340625 0.06307080625 0.6362179078125 0.15768935312500001 0.615425965625 0.10589039375 0.476697165625
0 0.29087561875 0.441755084375 0.19954585 0.45828681250000003 0.25668516874999997 0.597527484375 0.3515401078125 0.5776487171875 0.29087561875 0.441755084375
0 0.1981468171875 0.45756435624999997 0.10707046875 0.4746612734375 0.16137248125 0.6171099984375 0.2562433484375 0.6010689296875 0.1981468171875 0.45756435624999997
1 0.380058071875 0.42586060625 0.29294883125000004 0.44301180156250003 0.3517934359375 0.5768790578125 0.44408200468750003 0.5603808124999999 0.380058071875 0.42586060625
1 1 0.5823153343749999 0.998434353125 0.579507534375 0.9182329453125 0.591291884375 1 0.7628262609375 1 0.5823153343749999
1 0.2030844375 0.73307274375 0.10350196874999999 0.74873958125 0.173279740625 0.9488040265625 0.2782702703125 0.9295462796875 0.2030844375 0.73307274375
1 1 0.76858740625 0.9140083718750001 0.59361759375 0.8321036062499999 0.607573753125 0.921212878125 0.80445570625 1 0.7859962515625 1 0.76858740625
1 0.31132653125 0.7124824078125 0.3889447546875 0.9091836843750001 0.49165765468749995 0.8897934890625001 0.40691716875 0.6888503 0.31132653125 0.7124824078125
0 0.10101814843750001 0.7507493765625 0.0419137296875 0.763771971875 0.08179729531249999 0.9689551296875001 0.17169459843749998 0.9466440109375001 0.10101814843750001 0.7507493765625
1 0.714180353125 0.633715575 0.8051707968749999 0.8277023640625 0.9008617624999999 0.81025226875 0.8062281625000001 0.6146831359375 0.714180353125 0.633715575
1 0.41151205468749996 0.6942840375 0.49153671250000003 0.887516309375 0.591231071875 0.865837 0.508671634375 0.6794243328125 0.41151205468749996 0.6942840375
0 0.207171540625 0.73134814375 0.2818571390625 0.9311497531249999 0.3880744 0.9099280343749999 0.309720609375 0.71867166875 0.207171540625 0.73134814375
1 0.6076739078125 0.6590181421875 0.70237454375 0.8505597937499999 0.80382108125 0.827964721875 0.71158605 0.6348052171874999 0.6076739078125 0.6590181421875
0 0.5835914609375 0.843164759375 0.5930627453125 0.86375544375 0.6984028890625 0.8496062875 0.6047752375 0.6595933406250001 0.5113885875 0.6786540750000001 0.5835914609375 0.843164759375
1 0 0.216054971875 0.002558571875 0.222644621875 0.0886756015625 0.20500572187500002 0.046045610937499995 0.10086158125 0 0.109797234375 0 0.216054971875
0 0.1288842375 0.0854623796875 0.046903440625 0.0999743296875 0.089612025 0.20621781718749999 0.176655909375 0.19211450624999998 0.1288842375 0.0854623796875
1 0.2116276 0.07219500625 0.130283053125 0.0848931140625 0.17690888124999998 0.1920653328125 0.26082918906249997 0.1780998046875 0.2116276 0.07219500625
1 0.30078989843750004 0.0609656125 0.21192033437500002 0.07165209375 0.260979403125 0.17760121874999998 0.346230925 0.1610300015625 0.30078989843750004 0.0609656125
1 0.8072119093750001 0.8300749578125 0.8609229546874999 0.9392020328124999 0.9607309468749999 0.9198013234375001 0.9032040421875 0.8120031750000001 0.8072119093750001 0.8300749578125
1 0.705707134375 0.85594838125 0.7561998187500001 0.959558146875 0.8581972484374999 0.9397318562500001 0.8038500281250001 0.8313156390625001 0.705707134375 0.85594838125
1 1 0.7865489359375 0.9087478578124999 0.8082907390624999 0.9651691890625 0.9189386171875 1 0.91216819375 1 0.7865489359375
1 0.6025248203125 0.8712271843750001 0.650150971875 0.9801719546875001 0.7524017828125 0.9602964109375 0.700257159375 0.855719403125 0.6025248203125 0.8712271843750001
1 0.3027754421875 1 0.2756704390625 0.9339833515624999 0.1772980296875 0.9525178125 0.1941389546875 1 0.3027754421875 1
1 0.42085177500000004 1 0.384083640625 0.9146168984375 0.27972887812499997 0.9353374484374999 0.30642938750000004 1 0.42085177500000004 1
1 0.5394646171875 1 0.49291349531249995 0.896022928125 0.386063640625 0.914668065625 0.42243663593749997 1 0.5394646171875 1
1 0.5481445234375 1 0.6470614046875001 0.9807725062499999 0.597963853125 0.872189328125 0.4954697671875 0.8940842124999999 0.5409280890625 1 0.5481445234375 1
1 0.19138001093749998 1 0.17539648125 0.9534746343749999 0.082764803125 0.9739325265625001 0.08783180625 1 0.19138001093749998 1
1 0.5753871687500001 0 0.5427331171875001 0.0073781359375 0.5978317609375 0.12046956093750001 0.6774927015625 0.103559034375 0.623846690625 0 0.5753871687500001 0
1 0.34608167500000003 0.16058962968749999 0.42647505468749997 0.143686959375 0.3773898234375 0.0474842484375 0.3019934234375 0.0607316703125 0.34608167500000003 0.16058962968749999
1 0.6259940875 0 0.6784117953125001 0.10474033437500001 0.7602605437500001 0.0903226140625 0.7022041671875 0 0.6259940875 0
1 0.4598982703125 0.030892321875 0.5123576562500001 0.1320930109375 0.595376221875 0.11809485156249999 0.5395250734375 0.0113054375 0.4598982703125 0.030892321875
1 0.4571638828125 0.032447125 0.378106778125 0.046105557812499996 0.42813248125000003 0.1451099515625 0.5111288171874999 0.13179340781249999 0.4571638828125 0.032447125
1 0.7930676875 0 0.8435816671874999 0.07555263749999999 0.921204084375 0.0604643671875 0.8802374937499999 0 0.7930676875 0
1 0.7064318453125 0 0.7610286171875 0.0951643484375 0.8414417171874999 0.0759686015625 0.78912474375 0 0.7064318453125 0
1 0.8831433328125 0 0.9213212578125001 0.059015581250000004 0.9235809171874999 0.05871337812500001 0.9121681921875 0 0.8831433328125 0