1 1 0.36539828750000003 0.9914509171875 0.3102194796875 0.9240621000000001 0.2971463578125 0.9389987234375001 0.41325699687500006 1 0.42557116562499997 1 0.36539828750000003
1 0.8482963171875 0.286467684375 0.8674517234374999 0.404855678125 0.9356610859375 0.415529984375 0.915918325 0.29705685625 0.8482963171875 0.286467684375
1 0.6751322562500001 0.2616021796875 0.6031029343750001 0.24691995625000002 0.598394628125 0.2460897546875 0.612307621875 0.364498175 0.6894326328125 0.375578640625 0.6751322562500001 0.2616021796875
1 0.6802347953125001 0.2609245609375 0.694114446875 0.374410384375 0.7724967265625 0.3936426796875 0.7561871765625 0.27442207343749997 0.6802347953125001 0.2609245609375
1 0.7603333218749999 0.273947575 0.7761017765625 0.3971479 0.8567180593750001 0.4109117765625 0.8391321843749999 0.28740758125 0.7603333218749999 0.273947575
1 0.52290694375 0.23433894687499998 0.5333791265625 0.35393728125 0.6125676609374999 0.365381603125 0.5985694625 0.24768029062500002 0.52290694375 0.23433894687499998
1 0.4386027171875 0.22182673125000002 0.4483163296875 0.3425729921875 0.5304924640625 0.35517379843749997 0.5210311734374999 0.23386464375 0.4386027171875 0.22182673125000002
0 0.1946705484375 0.1766489 0.11375612187499999 0.1615879421875 0.1125193453125 0.3041427546875 0.19563877968750001 0.31823595937500004 0.1946705484375 0.1766489
1 0.194968265625 0.1774949546875 0.1969568703125 0.32166597656249996 0.28192071093750004 0.3373686296875 0.281814909375 0.19439548125 0.194968265625 0.1774949546875
0 0.3586665171875 0.2071529359375 0.3661454 0.3543637703125 0.44604264687499995 0.3678221203125 0.436656384375 0.218523971875 0.3586665171875 0.2071529359375
0 0.2823840390625 0.1937022765625 0.2827880765625 0.338406246875 0.365308134375 0.3510676921875 0.3562279859375 0.20831007656249997 0.2823840390625 0.1937022765625
1 0.93936755 0.42637255781250005 0.8609457765625 0.4141768359375 0.8799788546875 0.571460203125 0.9644786875 0.58700528125 0.93936755 0.42637255781250005
1 1 0.43846748125 0.9431687015625 0.4260939375 0.9661821312500001 0.5937603921875 0.9899932343750001 0.600495521875 1 0.5437443328125 1 0.43846748125
1 0.61079670625 0.375671425 0.5340820359375 0.3632525953125 0.5439618296875001 0.515573259375 0.6291239562500001 0.5273622671875 0.61079670625 0.375671425
1 0.855921934375 0.42134096874999993 0.7732397296875 0.406971159375 0.797526684375 0.5607945125 0.8772475046875 0.56839669375 0.855921934375 0.42134096874999993
1 0.6906456734375 0.39233285156250003 0.614083271875 0.377875175 0.6289029734375 0.5260323484375 0.7124093609375 0.547211528125 0.6906456734375 0.39233285156250003
0 0.6939251328125 0.395050675 0.7144142328124999 0.5482105171875 0.7956094046875 0.5618819421875 0.770209909375 0.407007646875 0.6939251328125 0.395050675
1 0.46036304218749996 0.5072872890625 0.542573053125 0.51726480625 0.5306591640625 0.3621864890625 0.451711021875 0.3502022265625 0.45171212968749996 0.3719577421875 0.46036304218749996 0.5072872890625
1 0.1131570484375 0.3010192 0.030773009375 0.2840434765625 0.019550734375 0.43093565468749995 0.107230440625 0.4453208 0.1131570484375 0.3010192
0 0.1985145578125 0.325947759375 0.1149735796875 0.30787899375 0.1107537640625 0.4459420578125 0.1974428921875 0.45907739062499997 0.1985145578125 0.325947759375
0 0.3661520921875 0.3564165546875 0.2836197796875 0.3407699140625 0.2868960578125 0.4760549046875 0.3734897515625 0.490032759375 0.3661520921875 0.3564165546875
0 0.28267094375 0.339711653125 0.200170090625 0.324621090625 0.20001127031250002 0.4616805640625 0.285377734375 0.4788832765625 0.28267094375 0.339711653125
0 0.446663575 0.37190385 0.3674979890625 0.3581409265625 0.3739526765625 0.48946890937500004 0.4572844984375 0.5054535078125 0.446663575 0.37190385
1 0.9434202656249999 0.864623946875 0.9196143093750001 0.7006575328125 0.8480219640625 0.684624490625 0.8632954734375 0.8752183406249999 0.9394333093749999 0.88723510625 0.9434202656249999 0.864623946875
1 0.1977745921875 0.5724502453125 0.1085470875 0.55341085625 0.10284102656250001 0.7438096062499999 0.1978000875 0.761584128125 0.1977745921875 0.5724502453125
1 0.7699655953125 0.6704489171875 0.7816265062500001 0.8644252703124999 0.8612470640625001 0.8753724875 0.8436996640625001 0.6852103781250001 0.7699655953125 0.6704489171875
1 0.2959125421875 0.59015761875 0.29792015781250003 0.7802686765625 0.390997090625 0.7971959890625 0.3843414375 0.60122430625 0.2959125421875 0.59015761875
0 0.0141286390625 0.5404564656249999 0.0051902 0.729433340625 0.10219965 0.741485128125 0.105798125 0.554294284375 0.0141286390625 0.5404564656249999
0 0.6618508249999999 0.654270278125 0.676037596875 0.8464256421874999 0.762552696875 0.8627112671875 0.74579845 0.6680509609375 0.6618508249999999 0.654270278125
1 0.38646814687500003 0.607268028125 0.39163106875000003 0.7952464203125 0.48289691718750005 0.809277696875 0.4733870015625 0.6262015390625 0.38646814687500003 0.607268028125
0 0.2017863734375 0.57232424375 0.2003131578125 0.76408860625 0.29694393125 0.780611878125 0.292554359375 0.5948312062500001 0.2017863734375 0.57232424375
1 0.5636563421874999 0.6410772515625001 0.5817692906249999 0.83238029375 0.6748120609375 0.846209546875 0.659305965625 0.65434601875 0.5636563421874999 0.6410772515625001
0 0.48377 0.787787409375 0.48511791249999997 0.8081233015624999 0.5787208921875 0.8302967593749999 0.5610205625 0.6406230234375 0.47593226250000004 0.626433390625 0.48377 0.787787409375
1 0.11611124375 0 0.1143779515625 0.065088728125 0.1928626328125 0.07812181562500001 0.1925138609375 0 0.11611124375 0
1 0.1929161359375 0 0.1933161375 0.07941059843750001 0.2718008203125 0.0924436890625 0.2696439265625 0 0.1929161359375 0
1 0.919549815625 1 0.9397636140625 0.8853618531249999 0.861246721875 0.8766719437500001 0.8745833078125 1 0.919549815625 1
0 0.270608378125 0 0.27220038125 0.0937632328125 0.35032537656249996 0.1100621125 0.34443061875000003 0.00514535 0.3178489390625 0 0.270608378125 0
1 0.4186507578125 0.0207556984375 0.345796871875 0.005119826562500001 0.3505550734375 0.11010261406249999 0.42599561875 0.12550760156250002 0.4186507578125 0.0207556984375
1 0.49763702500000007 0.0401503375 0.41907368125 0.020394818749999998 0.4262837609375 0.12513785 0.5036917843750001 0.1387869734375 0.49763702500000007 0.0401503375
1 0.7810225859375 1 0.76396623125 0.8649372078124999 0.6769956140625 0.849075828125 0.6910113828125 1 0.7810225859375 1
1 0.6888913703124999 1 0.67375320625 0.8490302171874999 0.5828437656250001 0.8379781859375001 0.597246928125 1 0.6888913703124999 1
1 0.8733237968750001 1 0.8579695984375 0.8753950453125 0.7698518078125 0.8636142578125 0.7844811375 1 0.8733237968750001 1
1 0.5943996609375 1 0.5783117203125 0.8360247390625 0.49069927968749993 0.8174498390625 0.49929844843750004 1 0.5943996609375 1
1 0.1050364671875 0.7482239984375 0.10037174374999999 0.9372480624999999 0.198808225 0.9546050703125 0.1941683640625 0.7644664703124999 0.1050364671875 0.7482239984375
1 0.19716060468750002 0.766914134375 0.2021347859375 0.9551916328125 0.2999179421875 0.9724334406249999 0.29205525468750004 0.7832559421874999 0.19716060468750002 0.766914134375
1 0.29371211875 0.783938771875 0.3008508296875 0.972597934375 0.4005368171875 0.9901752640625 0.3900445484375 0.8028281578125 0.29371211875 0.783938771875
1 0.49748047656249994 1 0.48653350624999997 0.8167830203124999 0.3928317609375 0.8020277796874999 0.400421553125 0.9901549390625 0.456255665625 1 0.49748047656249994 1
1 0 0.919549815625 0.0965948703125 0.936582096875 0.1031200328125 0.7484121921875 0.0052893484375 0.733693596875 0 0.822315671875 0 0.919549815625
1 0.7194407453125 0.073384096875 0.729446159375 0.18607118281249999 0.802238971875 0.197628853125 0.789257003125 0.0835439640625 0.7194407453125 0.073384096875
1 0.5037080125 0.13836927968749999 0.5771173109375 0.1501702546875 0.5667341921875 0.0535957 0.49872982187500003 0.040343028125 0.5037080125 0.13836927968749999
1 0.7912412453125001 0.084532675 0.80263384375 0.1989169625 0.8764697921875 0.21327308125000002 0.8522132953125 0.097839025 0.7912412453125001 0.084532675
1 0.6418305875 0.06634093437500001 0.6534495890625001 0.168199103125 0.728138571875 0.1832852875 0.7154597921875 0.0756421921875 0.6418305875 0.06634093437500001
1 0.639016953125 0.06676165625 0.567785846875 0.052670729687499994 0.578058053125 0.15189975312499998 0.6525078875 0.16755060625 0.639016953125 0.06676165625
1 1 0.14627365781249999 0.9955975265625 0.127593365625 0.9250219140624999 0.111549234375 0.9516640046875 0.2278095171875 1 0.23633245625 1 0.14627365781249999
1 0.8755536421875 0.21758337343749998 0.9497209390625001 0.2274669015625 0.92759353125 0.1366839234375 0.9209285484375 0.11123304375000001 0.8572075281249999 0.101274975 0.8755536421875 0.21758337343749998