1 0.78249296875 0.14053109531250002 0.8516306531250001 0.24612230781250002 0.926325253125 0.2266975515625 0.8535146015624999 0.1214818953125 0.78249296875 0.14053109531250002
1 0.7045385625 0.165847103125 0.7788105484375001 0.27166088906249997 0.8494905046874999 0.24989855625000001 0.7746130906250001 0.1442787453125 0.7045385625 0.165847103125
1 0.5261557828125001 0.22326187812499998 0.44990915468750003 0.24293525625 0.444986265625 0.244346871875 0.5142225234375 0.352648840625 0.5936745703125 0.32708257343749997 0.5261557828125001 0.22326187812499998
1 0.530746934375 0.22020209687499998 0.5976294078125 0.32374498281249997 0.6821362 0.3054937828125 0.61021040625 0.1975324234375 0.530746934375 0.22020209687499998
1 0.613976915625 0.19511997812499998 0.6872589453125 0.307196325 0.771336640625 0.2825890390625 0.6961621828125 0.171073671875 0.613976915625 0.19511997812499998
1 0.3667938421875 0.2684919953125 0.43327983437500006 0.3795682421875 0.5148894484375 0.353383303125 0.4459046875 0.245807325 0.3667938421875 0.2684919953125
1 0.2797571578125 0.2960498125 0.3460545015625 0.40859668437499996 0.43108486562500004 0.38212680312499997 0.364764878125 0.268915134375 0.2797571578125 0.2960498125
0 0 0.51943366875 0.0047541390625 0.5294291203125 0.0913962203125 0.5039626765625 0.023686171875000002 0.3670830859375 0 0.37363051875000003 0 0.51943366875
1 0.024371732812499998 0.3677635578125 0.094282503125 0.5066690765625 0.183458746875 0.48189532343749997 0.11592497500000001 0.34326519375000003 0.024371732812499998 0.3677635578125
0 0.1959048296875 0.3194542875 0.27253320937500003 0.4587232671875 0.355774796875 0.4341581828125 0.27632626875 0.29376265 0.1959048296875 0.3194542875
0 0.1161457671875 0.3423248296875 0.1847828921875 0.482493384375 0.27017285156250004 0.45592038749999997 0.1941037125 0.3217248546875 0.1161457671875 0.3423248296875
1 0.8581714500000001 0.258670375 0.77694538125 0.2837654515625 0.8694442765625 0.4273642546875 0.958099634375 0.40265613125 0.8581714500000001 0.258670375
1 0.9629250328125 0.4084063390625 0.9923716828125 0.40312648125 0.9445659640624999 0.2364081265625 0.8616983140625001 0.2566103609375 0.9629250328125 0.4084063390625
1 0.518038159375 0.3641979890625 0.43834980156250003 0.38827287187500004 0.5196988499999999 0.5313677828125 0.6072200921875 0.5027045359375 0.518038159375 0.3641979890625
1 0.7754892703125 0.2930799140625 0.689137525 0.31807219375 0.78506093125 0.455841115625 0.8653707140625 0.4256787828125 0.7754892703125 0.2930799140625
1 0.60274398125 0.3427625328125 0.5222405671875 0.3647880984375 0.6063801718749999 0.5015186046875 0.6967366953125 0.482743159375 0.60274398125 0.3427625328125
1 0.607182009375 0.34385462499999997 0.699137371875 0.48276816250000004 0.78372859375 0.457798634375 0.6862387984375 0.3195341640625 0.607182009375 0.34385462499999997
1 0.435334359375 0.562692784375 0.5191600765625 0.5336624343749999 0.43455276875 0.3888504265625 0.352919853125 0.4143984484375 0.3631817046875 0.43550016718749995 0.435334359375 0.562692784375
1 0 0.570270415625 0.0312758984375 0.6793424359375 0.0662493375 0.6688581265625 0.0038946765625 0.5260990999999999 0 0.5270951109374999 0 0.570270415625
0 0.097801103125 0.51008885625 0.0088782859375 0.5318976015625 0.0699332359375 0.6678017859375001 0.1595590640625 0.6397254546875 0.097801103125 0.51008885625
0 0.27350782812499996 0.4607112578125 0.1866981328125 0.48439447187500007 0.2536571640625 0.6140744953125 0.3435885125 0.5868603218749999 0.27350782812499996 0.4607112578125
0 0.18528584374999998 0.48381474375 0.0987686984375 0.5080225234375 0.163258665625 0.6410411500000001 0.253529884375 0.6175328328125 0.18528584374999998 0.48381474375
0 0.35829749375 0.43782498593749997 0.27561641875 0.46175014062499997 0.343768103125 0.5860954390625001 0.43150664687500007 0.5623635890625 0.35829749375 0.43782498593749997
1 1 0.5804376765625 0.9685246296875001 0.5340198453125 0.8920614515624999 0.5521772171875 0.9966526671875 0.7298564359374999 1 0.728830603125 1 0.5804376765625
1 0.21334954218750002 0.749537765625 0.11849615468750001 0.7730825125 0.2028043609375 0.9604506359375 0.3025773046875 0.9329803234374999 0.21334954218750002 0.749537765625
1 0.8102532765625 0.57517984375 0.9129630109375 0.7578409703125 0.99475395625 0.7309704406249999 0.8881779468750001 0.5547806484375 0.8102532765625 0.57517984375
1 0.316150215625 0.720505553125 0.40774646875 0.9039626703125 0.5053084484375 0.8765567796875 0.4064747578125 0.68960353125 0.316150215625 0.720505553125
0 0.11626718124999999 0.7752337484375 0.06351970625 0.7917899578125 0.11936378125 0.9865413937499999 0.20109077343749998 0.9584979484374999 0.11626718124999999 0.7752337484375
1 0.698571803125 0.610392434375 0.8028536046875001 0.7900979609375 0.8937977500000001 0.765159265625 0.785863546875 0.584232896875 0.698571803125 0.610392434375
1 0.41137199375 0.6944644203125 0.5049991 0.8743672468750001 0.5994521828125 0.8450050250000001 0.5039535703125 0.6719039921875 0.41137199375 0.6944644203125
0 0.2171511 0.7475266140625 0.3061771265625 0.9342263281250001 0.4069688046875 0.9047552187499999 0.3151225109375 0.7266199890625 0.2171511 0.7475266140625
1 0.5978458718749999 0.6438300515625001 0.7055042828125 0.8208602265625 0.8015722140625 0.79046539375 0.6961583234375001 0.6116641359375 0.5978458718749999 0.6438300515625001
0 0.5901567562500001 0.8237489609375 0.6010452390625 0.8428395468750001 0.7015877875000001 0.8202745859375 0.59509493125 0.644630509375 0.506512509375 0.67093045625 0.5901567562500001 0.8237489609375
1 0 0.26641390781249996 0.058202684375 0.24908990625 0.0082244484375 0.152087553125 0 0.1544431359375 0 0.26641390781249996
0 0.086929040625 0.1302155109375 0.00897793125 0.1511580203125 0.059209578124999995 0.2501816953125 0.1420852375 0.22920630625 0.086929040625 0.1302155109375
1 0.16572188125 0.11041084999999999 0.088231903125 0.129547459375 0.1423254046875 0.2291374390625 0.22219591875 0.208558959375 0.16572188125 0.11041084999999999
1 0.2508865265625 0.09203273437500001 0.165958703125 0.10986167499999999 0.222298840625 0.2080646421875 0.3032347453125 0.18485664531249998 0.2508865265625 0.09203273437500001
1 0.805025546875 0.7922174875 0.877515196875 0.9118989765625001 0.9729961046875 0.8845202671875001 0.8962079968750001 0.7666528078125 0.805025546875 0.7922174875
1 0.7091785609375 0.8257841140625001 0.7780077765625 0.9404322703125001 0.8750874937500001 0.912595109375 0.8018835015624999 0.7936999218749999 0.7091785609375 0.8257841140625001
1 1 0.7454981859375 0.9916103218749999 0.7325355 0.9012483906250001 0.7625983828125 0.9767957296875001 0.8834307421875 1 0.876777025 1 0.7454981859375
1 0.6108155875 0.8492580625 0.6764336078125 0.9695581953125 0.7746008953125 0.941409178125 0.7038955437500001 0.826023221875 0.6108155875 0.8492580625
1 0.3327345078125 1 0.3004415171875 0.937486096875 0.2069992859375 0.9636987578125 0.2235631765625 1 0.3327345078125 1
1 0.45216530156249995 1 0.40351093125000004 0.9096217 0.304475703125 0.938451378125 0.3364263578125 1 0.45216530156249995 1
1 0.570270415625 1 0.572199353125 0.9994468859375001 0.5070480703125 0.8824683265625 0.40542756718749995 0.909503896875 0.4537150859375 1 0.570270415625 1
1 0.509353025 0.8803796343749999 0.5731240171875001 0.99918174375 0.673769421875 0.9703221375 0.6064918953125 0.8505727046875 0.509353025 0.8803796343749999
1 0.5420515734375 0 0.4800275140625 0.0198331375 0.5428046546874999 0.1244254421875 0.6183124109375 0.10136184687500001 0.5540310546875 0 0.5420515734375 0
1 0.3030533625 0.184443853125 0.379269184375 0.1613259875 0.32372785937500004 0.0725402296875 0.2520291265625 0.0917051 0.3030533625 0.184443853125
1 0.5563300640625 0 0.619299965625 0.1024253546875 0.6971315078125 0.081585021875 0.634013121875 0 0.5563300640625 0
1 0.4020127140625 0.049543906250000005 0.46123543125 0.1428727125 0.5402322749999999 0.12233887343750001 0.47726120625 0.02389784375 0.4020127140625 0.049543906250000005
1 0.39950326875000003 0.0512767828125 0.32430373125 0.071147865625 0.3809902640625 0.16256060781249998 0.46002326875 0.142687084375 0.39950326875000003 0.0512767828125
1 0.7279545374999999 0 0.7763553078125 0.060280054687499994 0.85004830625 0.039148928124999996 0.8182163328125001 0 0.7279545374999999 0
1 0.6382855968750001 0 0.6982827031250001 0.086197246875 0.7743236859375 0.0608626125 0.7240642125 0 0.6382855968750001 0
1 0.8206647140625 0 0.850038978125 0.037739509375 0.8853333484375 0.0298394484375 0.876777025 0 0.8206647140625 0