1 0.9825825109374999 0.2790867171875 0.9343613734374999 0.169696490625 0.8647841906249999 0.1745864828125 0.9099889859375001 0.284734475 0.982678109375 0.28017941875 0.9825825109374999 0.2790867171875
1 0.7876154375 0.184033540625 0.8375598203125 0.295308803125 0.907311259375 0.287846034375 0.8567680265625001 0.17664169999999998 0.7876154375 0.184033540625
0 0.6111240578125 0.20517379375 0.53656919375 0.2097040578125 0.5317298734375 0.21012744374999998 0.576534521875 0.3228023921875 0.655142975 0.31339239375 0.6111240578125 0.20517379375
1 0.6159536250000001 0.2031652265625 0.6594305546875 0.31101249375 0.74141745625 0.30928080625 0.694047071875 0.196438571875 0.6159536250000001 0.2031652265625
1 0.6979914359375 0.1948812609375 0.7458777171875 0.3117759671875 0.8286185703125 0.3040836421875 0.7788686593749999 0.1873686625 0.6979914359375 0.1948812609375
0 0.45455200937500007 0.2184479421875 0.49629274375000004 0.3331974828125 0.5770221390625 0.3236019265625 0.5323198875 0.21164413437500001 0.45455200937500007 0.2184479421875
1 0.3685209390625 0.2283405609375 0.4098191703125 0.3444175671875 0.49378495312500004 0.335172028125 0.4525862796875 0.21847557499999998 0.3685209390625 0.2283405609375
0 0.1172313796875 0.2481475921875 0.033856690625000005 0.2546439921875 0.07014499375 0.39502966875 0.155429171875 0.3870021703125 0.1172313796875 0.2481475921875
0 0.11774614531250001 0.2489004921875 0.1576251390625 0.3900252890625 0.24514289374999998 0.38309369375 0.20742688125000003 0.24265032031249997 0.11774614531250001 0.2489004921875
0 0.2862081734375 0.2349599140625 0.332275228125 0.377626484375 0.41423001875 0.36982320468749996 0.36574187187499996 0.2256078015625 0.2862081734375 0.2349599140625
0 0.2078030828125 0.2418194703125 0.246267128125 0.3838848921875 0.3305864 0.3746084234375 0.28411931562500004 0.236738540625 0.2078030828125 0.2418194703125
0 0.9138013 0.2975234625 0.8336267609375 0.30617898125 0.893683353125 0.45570116718750003 0.9807042578124999 0.4487368640625 0.9138013 0.2975234625
1 0.9841531609375 0.454925478125 0.9979833031249999 0.4551185828125 0.9838088125000001 0.2931034171875 0.9174586 0.29624938749999996 0.9841531609375 0.454925478125
1 0.577991015625 0.3341777375 0.4994332 0.342164803125 0.5492008546875 0.48921995 0.6358836453125 0.4783910109375 0.577991015625 0.3341777375
1 0.8305808453125 0.3145398421875 0.7456530124999999 0.3221805140625 0.8099557328125 0.4669206015625 0.8901967765625001 0.4534100625 0.8305808453125 0.3145398421875
1 0.66074105625 0.3295341890625 0.581796321875 0.3354780171875 0.6353168984375 0.47714252031250004 0.7228449703125001 0.475975165625 0.66074105625 0.3295341890625
1 0.664674628125 0.33134141562499997 0.725075434375 0.47642906093750004 0.8083601109374999 0.46849356093749994 0.7426890265625 0.32301370625 0.664674628125 0.33134141562499997
1 0.4649739359375 0.503079209375 0.548282853125 0.491247371875 0.495793396875 0.3420181328125 0.4151578890625 0.35101993125000003 0.42088223437499994 0.37239445 0.4649739359375 0.503079209375
1 0 0.47873185312500005 0.0122575765625 0.5440698140625 0.102094190625 0.5351290468750001 0.06994914218750001 0.391792953125 0 0.3958936921875 0 0.47873185312500005
0 0.1602803296875 0.393822215625 0.073536571875 0.398054659375 0.10571555156250001 0.53481221875 0.1942511796875 0.5249041921875001 0.1602803296875 0.393822215625
1 0.332821828125 0.3796415828125 0.24770520624999998 0.385988321875 0.2865103109375 0.5180437171875 0.3751739203125 0.5089885859375001 0.332821828125 0.3796415828125
0 0.2464955828125 0.3851982796875 0.1615561265625 0.392083084375 0.1974567078125 0.5267859078125 0.28576423281249996 0.5212221625 0.2464955828125 0.3851982796875
1 0.4159132078125 0.3736701 0.334596378125 0.3809815890625 0.375479921875 0.508312778125 0.46147011875 0.5020876828125 0.4159132078125 0.3736701
1 1 0.65004038125 0.9665712843750001 0.5722069890625 0.892089921875 0.575295075 0.9572197687499999 0.7585342171875 1 0.7540135828125 1 0.65004038125
1 0.22440190000000002 0.636205809375 0.1318218203125 0.6409811078125001 0.176310171875 0.8295496390625001 0.2741826734375 0.82202326875 0.22440190000000002 0.636205809375
1 0.8117531625 0.581909228125 0.8742273046875001 0.7694223890624999 0.95524993125 0.7592247375000001 0.8880019796875 0.577008184375 0.8117531625 0.581909228125
1 0.3253766234375 0.62777689375 0.37735979531249997 0.8140328046875001 0.4731622265625 0.8061693578125 0.41507552499999995 0.615378578125 0.3253766234375 0.62777689375
0 0.0357479359375 0.6531009890624999 0.0766898515625 0.8411231796875 0.1750691953125 0.827434628125 0.12935628593749998 0.6425725015625 0.0357479359375 0.6531009890624999
1 0.7013889640625 0.594465671875 0.7658630328125 0.7795249937500001 0.8550566156249999 0.772757928125 0.7874037484375 0.5859131671875 0.7013889640625 0.594465671875
1 0.56153058125 0.77013949375 0.5682032718750001 0.7897647984375 0.665902096875 0.7869172578125 0.59863253125 0.6052207796875 0.5113906609375001 0.6136716734375 0.56153058125 0.77013949375
1 0.41875269375 0.620756865625 0.4732715609375 0.804087065625 0.566534659375 0.793854875 0.5090391203125 0.6164850984375 0.41875269375 0.620756865625
0 0.2283060703125 0.635026253125 0.27730795625 0.8238225703125 0.376491975 0.814626909375 0.3233102578125 0.6332524515625 0.2283060703125 0.635026253125
0 0.601546353125 0.6073448109374999 0.6696495046875001 0.790533496875 0.764603396875 0.7796351968749999 0.6989112656249999 0.5952098015625 0.601546353125 0.6073448109374999
1 0 0.1217460546875 0.009080778125 0.1596698046875 0.08953734218750001 0.15182044374999998 0.062682128125 0.053284634374999994 0 0.059011400000000006 0 0.1217460546875
1 0.14185185625000002 0.046358181250000005 0.0630763515625 0.0532258546875 0.090321475 0.1529673265625 0.170778040625 0.14511796562499998 0.14185185625000002 0.046358181250000005
1 1 0.753715353125 0.95559144375 0.7605015421875 1 0.8752557015625 1 0.753715353125
0 0.21909404999999998 0.04023370625 0.142722021875 0.045632934375 0.171517321875 0.14630926875 0.2524800140625 0.14176320625 0.21909404999999998 0.04023370625
1 0.29604323125 0.0360387796875 0.22042822968750003 0.0398490796875 0.252716103125 0.14174255156249999 0.3308090140625 0.137024690625 0.29604323125 0.0360387796875
1 0.37866561875000004 0.034307646875 0.29636336874999997 0.035572917187500004 0.3309945390625 0.13658558125 0.410556490625 0.1296248125 0.37866561875000004 0.034307646875
1 0.857029496875 0.774572925 0.767500459375 0.781876684375 0.8340545578125 0.9618890234374999 0.9302787765625 0.954239396875 0.857029496875 0.774572925
1 0.7643062328125 0.7826851593749999 0.6721766812500001 0.795750665625 0.7368095546875 0.9727035734375 0.8324042203124999 0.9628023109375 0.7643062328125 0.7826851593749999
1 1 0.878769128125 0.9520392328125 0.7601094109375001 0.8624578015625 0.7717242515625 0.9359800515625001 0.9621985531249999 1 0.9576338203124999 1 0.878769128125
1 0.667214859375 0.795024078125 0.5763420609375001 0.7998307046875001 0.6347958859375 0.9831664203124999 0.735446365625 0.9766673609375 0.667214859375 0.795024078125
1 0.3225978515625 1 0.271376621875 0.8258109109375 0.1796261640625 0.8333090203125 0.2198836171875 1 0.3225978515625 1
1 0.429151409375 1 0.372389615625 0.8185112296874999 0.2749572328125 0.8274282921875 0.326080634375 1 0.429151409375 1
1 0.5218304671875 1 0.535124634375 0.9988369109375 0.47370902656249997 0.8119536453125 0.374195359375 0.8187460812499999 0.43014555625 1 0.5218304671875 1
1 0.47623395 0.8104337765625 0.5349127578124999 0.9988554484375 0.6352393765625 0.9900780062500001 0.5720781859375 0.8002718390625001 0.47623395 0.8104337765625
1 0.21613661718750002 1 0.177794809375 0.8339982593749999 0.077907909375 0.8452827890625001 0.10960363125000001 1 0.21613661718750002 1
1 0.6050953078125 0.0085889796875 0.64455978125 0.11667104843750001 0.7190419859375 0.1088699859375 0.6762884828125 0.00019789687499999998 0.6050953078125 0.0085889796875
1 0.41046253593750004 0.1292101578125 0.485613790625 0.121485903125 0.45001736875000004 0.02933380625 0.3797888234375 0.0342093796875 0.41046253593750004 0.1292101578125
1 0.6922870078125001 0 0.678495996875 0.0006471234375 0.7197683953125 0.1100316375 0.7960105640624999 0.10470553593750001 0.7430137015625 0 0.6922870078125001 0
1 0.5270728140625 0.022093304687500002 0.56527214375 0.11911131562499999 0.642543575 0.1142780140625 0.6017822875000001 0.01185520625 0.5270728140625 0.022093304687500002
1 0.5244220828125 0.023247110937500003 0.4508061703125 0.0281482625 0.48699205 0.1229375671875 0.5641773203125 0.1187219890625 0.5244220828125 0.023247110937500003
1 0.8211421953125001 0 0.8736332250000001 0.099199146875 0.9460752296875 0.09286129374999999 0.89620119375 0 0.8211421953125001 0
1 0.7477593390624999 0 0.7962453359375 0.1091814984375 0.87163609375 0.09937387343750001 0.8260369671875001 0.016002684375 0.8169269234375 0 0.7477593390624999 0
1 0.89964293125 0 0.9463223093750001 0.0915549625 0.9661260921875 0.0909889859375 0.9581655859374999 0 0.89964293125 0