1 0.9716588765624999 0.20414833593749998 0.9477205609375 0.152144175 0.8752077234375 0.1585088984375 0.9244344171875 0.2731049875 0.9784517171875 0.2687778875 0.9716588765624999 0.20414833593749998
1 0.79485808125 0.1697835375 0.8490515875 0.28547610625000003 0.92169825625 0.2764127640625 0.866881171875 0.16080518906250002 0.79485808125 0.1697835375
1 0.61108305 0.19508139375 0.5333692671875 0.20115804218750002 0.5283273171875 0.20168797187499998 0.57718360625 0.3189387078125 0.6590362734374999 0.30767720781249996 0.61108305 0.19508139375
1 0.616085246875 0.1928908328125 0.6634659734375 0.305107271875 0.7489873359375 0.3018300984375 0.6974505703125 0.184449875 0.616085246875 0.1928908328125
1 0.7015374703125 0.18274789375 0.7536881953125001 0.30436470781249997 0.8398850890625 0.2948290921875 0.7857930125 0.17343383125 0.7015374703125 0.18274789375
1 0.447947146875 0.21178247187500002 0.49364493906250007 0.3312614375 0.57770735625 0.319767684375 0.5289712984375 0.203266490625 0.447947146875 0.21178247187500002
1 0.3583579546875 0.22368205468750002 0.4036187640625 0.3445597109375 0.49106489375000006 0.333374925 0.44589641562500004 0.211846496875 0.3583579546875 0.22368205468750002
0 0.0965058296875 0.24891769375 0.009625212499999999 0.2572116453125 0.050111724999999996 0.4036470203125 0.1389563359375 0.393714859375 0.0965058296875 0.24891769375
1 0.09705703906249999 0.24969732812499998 0.141304246875 0.3968430140625 0.23250005156250003 0.388019184375 0.1905226390625 0.241548834375 0.09705703906249999 0.24969732812499998
0 0.27258775 0.23208587656250002 0.32332099531249997 0.3807364765625 0.4086955578125 0.3710986375 0.35540699375 0.220868515625 0.27258775 0.23208587656250002
0 0.1908997046875 0.2406716359375 0.2336879578125 0.38882806875 0.3215023796875 0.37760457187499996 0.2704412078125 0.233986625 0.1908997046875 0.2406716359375
1 0.9955220921875 0.4311916703125 0.9286512171875 0.2864360578125 0.8451502546875 0.2969350296875 0.9106095625 0.4525186859375 0.99687876875 0.44409958437499997 0.9955220921875 0.4311916703125
1 0.9324438531249999 0.2850359453125 0.99515434375 0.42769276874999995 0.9798379203125 0.28196673906249997 0.9324438531249999 0.2850359453125
1 0.5789157203124999 0.33083073281250003 0.49708934375 0.340600515625 0.5517660671875 0.4937830234375 0.6420178625 0.480890821875 0.5789157203124999 0.33083073281250003
1 0.842127840625 0.3057491 0.7536478578125 0.315269621875 0.8234487843749999 0.46576728125000005 0.906928553125 0.45018049062500004 0.842127840625 0.3057491
1 0.6651790906249999 0.3244891703125 0.5829108375 0.3321251453125 0.6414031640625 0.479592884375 0.7327172921875 0.476808096875 0.6651790906249999 0.3244891703125
1 0.6693175124999999 0.32631242656250004 0.7350532609375 0.477243846875 0.8218130984375 0.46744375 0.750570475 0.3161954453125 0.6693175124999999 0.32631242656250004
1 0.46413353125 0.5098062875 0.5508459609374999 0.49592354375000003 0.49328845781249997 0.3405117921875 0.4093129359375 0.3513817859375 0.41568515 0.3736738515625 0.46413353125 0.5098062875
1 0 0.5262038890625 0.0035036187500000005 0.559538596875 0.08606502031249999 0.5498598609375 0.049846957812499995 0.40025938906249997 0 0.4040497125 0 0.5262038890625
0 0.144145796875 0.40077369999999995 0.053707296875 0.406755803125 0.089838015625 0.549463303125 0.1820404375 0.5375028890625 0.144145796875 0.40077369999999995
1 0.32392897187499997 0.3828379546875 0.23522784687499998 0.3910061859375 0.278185215625 0.5286689703125 0.370537103125 0.5175998546875 0.32392897187499997 0.3828379546875
0 0.23395085781249997 0.3902000359375 0.14544464375 0.398928840625 0.18542053125 0.539417175 0.2774659875 0.5320123578125 0.23395085781249997 0.3902000359375
1 0.410523753125 0.37509901874999996 0.325805728125 0.3842102234375 0.3708438046875 0.516886346875 0.46045878125 0.5088299765625 0.410523753125 0.37509901874999996
1 1 0.5981396250000001 0.9888423578125 0.5732819640625 0.9111783640625 0.5778463234375 0.982560771875 0.768664903125 1 0.7665124015625 1 0.5981396250000001
1 0.21557966718750002 0.6535762421875 0.11906106718750001 0.6602312343750001 0.16900343125 0.8570017468750001 0.2709933640625 0.8473700093750001 0.21557966718750002 0.6535762421875
1 0.8274700328125 0.5862094390625 0.8961609546875 0.781553315625 0.9805181234375 0.7694235109374999 0.9069445437500001 0.579714096875 0.8274700328125 0.5862094390625
1 0.3207899375 0.6429435531250001 0.378510025 0.8371573890624999 0.4783335359375 0.8272094328125 0.41415977187499997 0.628353290625 0.3207899375 0.6429435531250001
0 0.019033715625 0.6746435265625 0.0652651640625 0.870904909375 0.16766900468749998 0.854807978125 0.1165179671875 0.6619425390625 0.019033715625 0.6746435265625
1 0.7125388265625 0.6013340984375 0.783270890625 0.7940713875000001 0.8762185 0.7853900375 0.8021360296875001 0.5908388484375 0.7125388265625 0.6013340984375
1 0.41809726718749995 0.633922540625 0.478408771875 0.8250258515625 0.57553828125 0.8126414562500001 0.512231825 0.6278360281250001 0.41809726718749995 0.633922540625
0 0.21963167499999997 0.652270753125 0.27428818125 0.8491993843750001 0.3776155359375 0.8377953203124999 0.318735846875 0.64871719375 0.21963167499999997 0.652270753125
1 0.608592959375 0.6166091140625001 0.68307708125 0.8073217749999999 0.7819585109375 0.794209325 0.709967221875 0.6021579375 0.608592959375 0.6166091140625001
0 0.5701347359375 0.790364828125 0.5774639125000001 0.8108073109375 0.679359915625 0.806080709375 0.605773484375 0.616916565625 0.514893915625 0.6273272515625 0.5701347359375 0.790364828125
1 0 0.156074090625 0.0658095765625 0.14848934062500002 0.036028571875 0.046011221875 0 0.049797978124999996 0 0.156074090625
1 0.150459521875 0.1400175578125 0.11851880625 0.037341150000000004 0.0364462203125 0.045967324999999996 0.06664922031250001 0.14967694375 0.150459521875 0.1400175578125
0 0.1196122515625 0.0372262234375 0.15125319375 0.1412525015625 0.23565327812499998 0.13504496875 0.1989204 0.029267640625 0.17662729531250002 0.0312337015625 0.1196122515625 0.0372262234375
1 0.27913891875 0.02349960625 0.2003054453125 0.028840859375 0.23589925156249997 0.135019115625 0.3173015 0.12868279062500002 0.27913891875 0.02349960625
1 0.36532342500000003 0.020211678125 0.279464290625 0.02300580625 0.31748690156250003 0.128219425 0.4003802484375 0.11950698281250001 0.36532342500000003 0.020211678125
1 0.7850234328125001 0.796506053125 0.8508244109374999 0.9658810078125001 0.950100459375 0.9554466749999999 0.8783110765625001 0.7872564171875001 0.7850234328125001 0.796506053125
1 0.68581155 0.812742740625 0.7487350609375001 0.97661103125 0.8486657828125 0.9661078890624999 0.7817053296875 0.797410090625 0.68581155 0.812742740625
1 1 0.8243086453125 0.977184253125 0.7704076765625001 0.8839223796875 0.7841749890624999 0.95314406875 0.9551267796875 1 0.9502020218749999 1 0.8243086453125
1 0.585883853125 0.8187273749999999 0.64287358125 0.987737521875 0.7456531828124999 0.9769349500000001 0.6806203109375 0.8120700234375 0.585883853125 0.8187273749999999
1 0.314539825 1 0.2681359109375 0.8513884109375001 0.1725338328125 0.8608813046874999 0.20862370000000002 1 0.314539825 1
1 0.42573760624999996 1 0.3734071859375 0.841938140625 0.2719024734375 0.8530190624999999 0.3181210234375 1 0.42573760624999996 1
1 0.526203884375 1 0.5365059484375 0.998917209375 0.4790120578125 0.8332599046875 0.37529586875 0.842151978125 0.42690821406249996 1 0.526203884375 1
1 0.481618465625 0.831622478125 0.536771775 0.9988892703125 0.6406959328124999 0.9879664015625 0.5814427125 0.819265634375 0.481618465625 0.831622478125
1 0.2050654078125 1 0.17063566562500002 0.8616360999999999 0.066613828125 0.8752412234375001 0.0943885390625 1 0.2050654078125 1
1 0.6052596640625 0 0.6443219578125 0.10175998593749999 0.7218988890625 0.09225779843750001 0.683850584375 0 0.6052596640625 0
1 0.40027446875 0.11907422187500001 0.4785509890625 0.1096405734375 0.43968646875 0.0137274421875 0.366493659375 0.02008868125 0.40027446875 0.11907422187500001
1 0.6856529671875 0 0.7226785734375001 0.0934619078125 0.8021382156250001 0.08652135 0.7565873453124999 0 0.6856529671875 0
1 0.550697828125 0 0.51995904375 0.004766646875000001 0.5616305078125 0.105731378125 0.642173384375 0.099288765625 0.6007688718749999 0 0.550697828125 0
1 0.5172145265625 0.00602279375 0.44048746406249994 0.01247126875 0.48001629531249995 0.11113689687499999 0.560480790625 0.1053430125 0.5172145265625 0.00602279375
1 0.8393996828124999 0 0.8830350421875 0.0793672734375 0.957718834375 0.07151769062499999 0.957524315625 0.069666965625 0.9186613375 0 0.8393996828124999 0
1 0.7601813546875 0 0.8024667203125 0.09120665312500001 0.8809542875 0.07958596875 0.8357616468750001 0 0.7601813546875 0
1 0.9215957921875001 0 0.9572745328125001 0.0672904453125 0.9502020218749999 0 0.9215957921875001 0