1 0.734375 0.31796875 0.1375 0.184375
1 0.5640625 0.25859375 0.1203125 0.153125
1 0.64140625 0.2890625 0.1265625 0.1609375
1 0.47265625 0.2296875 0.140625 0.1671875
1 0.2203125 0.140625 0.1453125 0.1765625
1 0.95703125 0.41796875 0.0859375 0.1796875
1 0.81953125 0.3609375 0.1375 0.184375
0 0.396875 0.209375 0.134375 0.171875
1 0.9 0.3921875 0.1328125 0.178125
0 0.3078125 0.1828125 0.134375 0.178125
0 0.13828125 0.12578125 0.10625 0.15
1 0.5546875 0.41796875 0.1359375 0.1828125
1 0.45859375 0.38515625 0.1390625 0.171875
0 0.28203125 0.32421875 0.1296875 0.1546875
1 0.64140625 0.4546875 0.14375 0.184375
1 0.815625 0.5203125 0.1421875 0.1859375
0 0.1921875 0.29453125 0.1390625 0.1703125
0 0.3671875 0.359375 0.1328125 0.1625
1 0.90703125 0.55625 0.146875 0.196875
0 0.72265625 0.4921875 0.146875 0.175
0 0.10234375 0.26953125 0.1375 0.165625
1 0.984375 0.1984375 0.03125 0.1
1 0.56796875 0.04453125 0.1015625 0.0890625
1 0.4890625 0.0296875 0.103125 0.059375
1 0.72734375 0.81875 0.1484375 0.203125
1 0.81953125 0.86015625 0.146875 0.190625
0 0.62265625 0.790625 0.15 0.1953125
1 0.64609375 0.06875 0.103125 0.109375
1 0.87734375 0.15234375 0.1015625 0.109375
1 0.40625 0.0203125 0.109375 0.040625
1 0.52578125 0.76015625 0.1609375 0.203125
0 0.01171875 0.56640625 0.0234375 0.1953125
0 0.4296875 0.7390625 0.159375 0.1921875
0 0.13828125 0.634375 0.1578125 0.2015625
1 0.059375 0.6015625 0.11875 0.2
1 0.23125 0.67421875 0.16875 0.209375
1 0.33203125 0.7171875 0.1515625 0.20625
1 0.721875 0.09609375 0.109375 0.1125
1 0.80078125 0.125 0.103125 0.1109375
0 0.94609375 0.178125 0.1078125 0.1125
1 0.625 0.95 0.14375 0.1
1 0.72265625 0.96640625 0.1578125 0.0671875
1 0.32109375 0.8828125 0.15 0.1828125
1 0.525 0.9328125 0.15 0.134375
1 0.10859375 0.80703125 0.1578125 0.1828125
1 0.21875 0.84765625 0.15625 0.1828125
1 0.42578125 0.9171875 0.1546875 0.165625
1 0.03984375 0.7734375 0.0796875 0.175