1 0.8160251765625001 0.147565709375 0.8733699828124999 0.249626259375 0.944193175 0.23638840156250002 0.883404278125 0.1344426 0.8160251765625001 0.147565709375
1 0.741776065625 0.1660469765625 0.803885571875 0.2686386703125 0.8711268578125001 0.2529840390625 0.8084408734374999 0.150533434375 0.741776065625 0.1660469765625
0 0.5719063609374999 0.2078604828125 0.49962187968749994 0.22123001874999998 0.4949454140625 0.22222403281249997 0.5522018937500001 0.326798509375 0.6278617734374999 0.30818059999999997 0.5719063609374999 0.2078604828125
1 0.5763835125 0.205320759375 0.631765040625 0.30534357343749996 0.71164436875 0.2938129296875 0.6518615921875 0.18938317031250002 0.5763835125 0.205320759375
1 0.6555280812500001 0.1873900515625 0.7162999921875 0.2957124375 0.796202146875 0.278274690625 0.733631321875 0.1703513765625 0.6555280812500001 0.1873900515625
1 0.4205525234375 0.23960705624999998 0.47506448749999997 0.34657375468749996 0.5527739359375 0.327520196875 0.49570334374999997 0.22363325625 0.4205525234375 0.23960705624999998
1 0.337699846875 0.2595868515625 0.39193849687500004 0.367902053125 0.47285122812499997 0.3488015953125 0.4186356625 0.239869965625 0.337699846875 0.2595868515625
0 0.094605965625 0.309077296875 0.013941481250000002 0.325424096875 0.066196734375 0.458061921875 0.1485431390625 0.439991825 0.094605965625 0.309077296875
0 0.0951989421875 0.309750215625 0.151050159375 0.442678315625 0.23570957812499999 0.4254095484375 0.182052796875 0.29288678749999997 0.0951989421875 0.309750215625
0 0.2580873921875 0.2759261734375 0.32016784062500003 0.40961604218750003 0.399288865625 0.392164371875 0.334658003125 0.25725369531250003 0.2580873921875 0.2759261734375
0 0.1823208046875 0.29203085781250004 0.2369024828125 0.4260466890625 0.318156809375 0.40687361875 0.2562598984375 0.2779125453125 0.1823208046875 0.29203085781250004
1 0.8786251296875 0.26164863125000004 0.8013451296874999 0.27971827031249996 0.8779116796875 0.41841895156250003 0.96208185 0.4011779015625 0.8786251296875 0.26164863125000004
1 0.9661917640625 0.4068030109375 0.9907920578124999 0.40412791718749996 0.9574065703124999 0.247061553125 0.8820451234375 0.2599663625 0.9661917640625 0.4068030109375
1 0.5549865703125 0.3377241640625 0.479205790625 0.354947446875 0.5454265015625 0.49247567343750004 0.6288036906250001 0.47150395468750006 0.5549865703125 0.3377241640625
1 0.7993708359375 0.2882427015625 0.71732620625 0.305892546875 0.7974679203124999 0.43941702187500004 0.8742316046875 0.41660169687500004 0.7993708359375 0.2882427015625
1 0.6352627234375 0.3232604203125 0.5588593609375 0.338536278125 0.6281006015624999 0.470353659375 0.7134602359375 0.4587086078125 0.6352627234375 0.3232604203125
1 0.6393215 0.3245518375 0.7156933484375 0.45888381562499997 0.7960976078125 0.44114349375 0.7145306734375 0.3070613671875 0.6393215 0.3245518375
1 0.46481107499999996 0.5161097109375 0.5447725140624999 0.49456429062499996 0.4756327890625 0.3552412015625 0.39794396249999997 0.37370408125 0.40609475 0.3938750296875 0.46481107499999996 0.5161097109375
1 0 0.523936553125 0.027495195312499998 0.61044890625 0.11417917500000001 0.5909411859375 0.0656178984375 0.4549269234375 0 0.4669189546875 0 0.523936553125
0 0.15409840625 0.4460647953125 0.0698718796875 0.460606728125 0.11767867031250001 0.5901973453125 0.20297601250000002 0.56990189375 0.15409840625 0.4460647953125
1 0.3209430328125 0.41151684375 0.2385590703125 0.4279266828125 0.2922754328125 0.5521334234374999 0.3777999015625 0.532654896875 0.3209430328125 0.41151684375
0 0.23728289375 0.42730091718749996 0.1551364109375 0.44421455625000006 0.20633253749999997 0.5713533828124999 0.29192719375 0.55532461875 0.23728289375 0.42730091718749996
1 0.40139362343749996 0.3957162828125 0.3228368875 0.41261147343750004 0.3780178984375 0.5319586921874999 0.461269753125 0.5155627015625 0.40139362343749996 0.3957162828125
1 1 0.586676578125 0.9630592046875 0.5233609265625 0.8906738531249999 0.5353143125 0.9762329187500001 0.706308296875 1 0.70080766875 1 0.586676578125
1 0.24575377812500002 0.6748951187500001 0.1558911953125 0.6906673156250001 0.2219252546875 0.8693394890624999 0.3166282171875 0.8502474484375 0.24575377812500002 0.6748951187500001
1 0.8129909859375 0.55141138125 0.896467615625 0.72689486875 0.9743914109375 0.70721856875 0.886885765625 0.5374767 0.8129909859375 0.55141138125
1 0.343379 0.654549984375 0.416457284375 0.830065821875 0.5090977953125 0.81089331875 0.429514496875 0.6316847906249999 0.343379 0.654549984375
0 0.063495134375 0.7140259859375 0.1259995421875 0.8925906921875001 0.2204598171875 0.8674245359375 0.1536733390625 0.6925161921874999 0.063495134375 0.7140259859375
1 0.7066880921875 0.5769113156250001 0.7918245046875 0.7497602078125001 0.878140609375 0.7324508468750001 0.789685309375 0.5582412062500001 0.7066880921875 0.5769113156250001
1 0.433750365625 0.636491753125 0.5089552890625 0.80884821875 0.59883171875 0.7876690015625 0.5214327421875 0.6214862250000001 0.433750365625 0.636491753125
0 0.249426234375 0.67327545 0.3198964890625 0.8516281484375 0.41568070781250005 0.8307497343750001 0.342016103125 0.6601412578125 0.249426234375 0.67327545
0 0.6107015578125 0.601463253125 0.699158971875 0.7720511140624999 0.7906072562500001 0.750018940625 0.7043569125 0.5779348609375 0.6107015578125 0.601463253125
0 0.591590825 0.76741649375 0.6004585453125 0.7857666671875 0.695552040625 0.7712612453125 0.6080875484375 0.6020294796875 0.5238795203125 0.62074771875 0.591590825 0.76741649375
1 0 0.230894765625 0.0560207984375 0.21840183125 0.017990575 0.1254703921875 0 0.1293666453125 0 0.230894765625
1 0.09449606875 0.1092086484375 0.018368625 0.12536571406250002 0.05692406875 0.21942688281249997 0.13457607968750002 0.2021100734375 0.09449606875 0.1092086484375
0 0.1692147234375 0.09396086249999999 0.09525923593749999 0.10839648125000001 0.13544085781249998 0.20318385625 0.21398275937500003 0.1890297765625 0.1692147234375 0.09396086249999999
1 0.24387817812499998 0.08063117187499999 0.1704719296875 0.0934253921875 0.214210903125 0.18898128281249998 0.2899289671875 0.1750040109375 0.24387817812499998 0.08063117187499999
1 0.3243783296875 0.06902479375000001 0.2441351171875 0.0801381390625 0.2900576171875 0.1745532453125 0.3669421390625 0.1582109359375 0.3243783296875 0.06902479375000001
1 0.8802850687499999 0.733985184375 0.7937055390625 0.7518585359375 0.8802695093749999 0.9195327328125 0.97334763125 0.9005182578125 0.8802850687499999 0.733985184375
1 0.7906821453124999 0.7530308734375 0.7022522140625 0.776838884375 0.7865731874999999 0.9417581796875 0.87876676875 0.9206220406250001 0.7906821453124999 0.7530308734375
1 1 0.7600806906249999 0.9713610484374999 0.7084672421875 0.8852464953125001 0.7305537906249999 0.9798696953125001 0.9076007765625 1 0.9036589015625 1 0.7600806906249999
1 0.6973184031249999 0.776725415625 0.6091272812499999 0.7923232640625 0.6881766203125 0.9642128015625 0.7857161687499999 0.9457898109375 0.6973184031249999 0.776725415625
1 0.37739280625 1 0.31434068593750003 0.8542803765625001 0.2256144921875 0.8726100156250001 0.27346259375000004 1 0.37739280625 1
1 0.486901546875 1 0.412138490625 0.8350325968750001 0.318031953125 0.8554288984375 0.3809333734375 1 0.486901546875 1
1 0.5525521171875 1 0.5926916734375001 0.9914680734375001 0.5103244625000001 0.8164722046874999 0.41393050000000003 0.835045034375 0.4879500078125 1 0.5525521171875 1
1 0.51260889375 0.8146859984375 0.592486928125 0.99151159375 0.6894373390624999 0.9709041484375 0.6050150484375 0.7932655265624999 0.51260889375 0.8146859984375
1 0.26998434531250004 1 0.2239081046875 0.8735024140625001 0.1276873890625 0.8965035890624999 0.162486396875 1 0.26998434531250004 1
1 0.5424807421875 0.0167494609375 0.593970925 0.1174830125 0.6657928265625 0.1009304328125 0.611019203125 0.0000158953125 0.5424807421875 0.0167494609375
1 0.3668007140625 0.1578175765625 0.439285353125 0.14125964375 0.393480828125 0.0556068625 0.3254637359375 0.0687940828125 0.3668007140625 0.1578175765625
1 0.61433808125 0 0.6132293375 0.00018930156249999998 0.6666414796875 0.10197682500000001 0.740478875 0.087628153125 0.68166826875 0 0.61433808125 0
1 0.46788344375 0.0392924328125 0.516813134375 0.1293811265625 0.5917149375 0.1153898078125 0.539635565625 0.0203344234375 0.46788344375 0.0392924328125
1 0.4654322921875 0.040736525 0.39410940625 0.0543552859375 0.440805475 0.1425108 0.5156970734375 0.1291326171875 0.4654322921875 0.040736525
1 0.7647477968749999 0 0.8156431796874999 0.0729378515625 0.885647353125 0.05805800625 0.844599015625 0 0.7647477968749999 0
1 0.686063340625 0 0.7412441000000001 0.09196778125 0.8137132546875 0.0733480703125 0.7610108999999999 0 0.686063340625 0
1 0.84740008125 0 0.8857323031250001 0.056753584375 0.9159784140625 0.0521573984375 0.9048920171875 0 0.84740008125 0