1 1 0.367755671875 0.943095021875 0.3492875640625 0.9437183250000001 0.4676651984375 1 0.486404271875 1 0.367755671875
1 0.8684857125000001 0.3292693640625 0.8730555046875 0.4504506828125 0.9400926890625 0.46953700625000006 0.9349447984375001 0.34819814375 0.8684857125000001 0.3292693640625
1 0.6980215265624999 0.28305648906249997 0.6276513484375 0.25947840625 0.623035490625 0.258067196875 0.6223490765624999 0.37862555468750003 0.69827089375 0.3992138828125 0.6980215265624999 0.28305648906249997
1 0.703218753125 0.2830026359375 0.703107109375 0.39861591875 0.77928174375 0.42754084062500003 0.777666796875 0.305873103125 0.703218753125 0.2830026359375
1 0.78188048125 0.3059057421875 0.7824614750000001 0.4315016421875 0.8615505359375 0.4552119265625 0.8591857562499999 0.329087946875 0.78188048125 0.3059057421875
1 0.5488373390625 0.23700699374999998 0.544555703125 0.358337378125 0.6225005265625 0.3795442 0.623014190625 0.2596851328125 0.5488373390625 0.23700699374999998
1 0.46589776406250005 0.214100378125 0.46071410156250003 0.33648986875000003 0.5415100640625 0.35922419843750003 0.5470161375 0.2363006828125 0.46589776406250005 0.214100378125
0 0.2270229203125 0.138813096875 0.14779532812500001 0.1137642890625 0.12894329843750002 0.2566997078125 0.210500203125 0.2810477921875 0.2270229203125 0.138813096875
1 0.2272167484375 0.13969885312500002 0.21139735 0.28465240468749997 0.29460378125000003 0.3108423375 0.31216203125 0.1673222296875 0.2272167484375 0.13969885312500002
0 0.3876026671875 0.1895602484375 0.3769097828125 0.33823885625 0.45531601093749996 0.36155421875 0.46435530312499995 0.2105463859375 0.3876026671875 0.1895602484375
0 0.31281803125 0.166696290625 0.2953448140625 0.311990290625 0.3764779453125 0.33482770156249997 0.38501593125 0.190422403125 0.31281803125 0.166696290625
1 0.942467525 0.480875015625 0.86538394375 0.45900809843749996 0.8650256359374999 0.6192150421875 0.9477865281250001 0.64518985625 0.942467525 0.480875015625
1 1 0.49984976562499994 0.9463112703125001 0.4810619140625 0.9486590421875001 0.6521792796875 0.9731693781249999 0.6624845125000001 1 0.5747255015625 1 0.49984976562499994
1 0.6194544609375 0.38965508125000003 0.54410921875 0.3677737578125 0.5351910875 0.5218759703125 0.6190797609375001 0.544161978125 0.6194544609375 0.38965508125000003
1 0.8594641781249999 0.465582353125 0.778379615625 0.44101029531249997 0.783713959375 0.5983891734375 0.8626669078125 0.6158048390624999 0.8594641781249999 0.465582353125
1 0.6974165640625001 0.41617955625 0.62247581875 0.39227046250000003 0.6190226109375 0.5427999671875 0.7000918328125 0.5743079875 0.6974165640625001 0.41617955625
0 0.7003672875 0.419310059375 0.7019775890625 0.5755567890625 0.7816582078125001 0.59924533125 0.7753387734375 0.440675034375 0.7003672875 0.419310059375
1 0.45243631874999996 0.5032979703125 0.5335903375 0.523403371875 0.54081070625 0.3662835390625 0.4631735015625 0.344564265625 0.4604867265625 0.36640117031249997 0.45243631874999996 0.5032979703125
1 0.027798014062499998 0.3343512890625 0.020109615625 0.37255499375 0.1062005296875 0.39775585 0.1299682875 0.253642759375 0.059720134375 0.22993874375 0.027798014062499998 0.3343512890625
0 0.2124293734375 0.289141371875 0.13094119843750002 0.2607511359375 0.10965466875 0.3988118875 0.1949072875 0.42263667343750005 0.2124293734375 0.289141371875
0 0.37666286875 0.34030012656249997 0.29588627343749996 0.31446487031250003 0.28245518281250004 0.45065725468749995 0.36750806874999997 0.47531599687500004 0.37666286875 0.34030012656249997
0 0.29506614531249997 0.31328619375 0.2142523734375 0.2880129515625 0.197159565625 0.42556481875 0.2805841515625 0.453309828125 0.29506614531249997 0.31328619375
0 0.45543397656250006 0.3657274046875 0.3777986140625 0.3421961390625 0.3680416515625 0.47480686250000004 0.4495777203125 0.5010794749999999 0.45543397656250006 0.3657274046875
1 0.89249284375 0.926365565625 0.8887840109375 0.7537598296875 0.819018640625 0.72887951875 0.81077718125 0.92205989375 0.8871300859375 0.9439063546875 0.89249284375 0.926365565625
1 0.181232525 0.5364736640625 0.094165515625 0.5064112046875 0.06492349375 0.696820675 0.15789065156249998 0.7263170484375 0.181232525 0.5364736640625
1 0.7425458593750001 0.7050702078125 0.73026613125 0.9012023015624999 0.8087053234375 0.9219631906249999 0.8146146625 0.728937065625 0.7425458593750001 0.7050702078125
1 0.2773937015625 0.56629281875 0.2559174796875 0.7573603140625 0.3471031359375 0.785775296875 0.3646454046875 0.5882547765624999 0.2773937015625 0.56629281875
0 0 0.6782184609375 0.0645679265625 0.6944087921875 0.09130149843749999 0.5069605171875 0.001144609375 0.48181932187500004 0 0.4885010203125 0 0.6782184609375
0 0.6361975421875 0.675560921875 0.626674084375 0.870175253125 0.71136308125 0.8971407375 0.7186230296875 0.6996969703125 0.6361975421875 0.675560921875
1 0.36602998750000004 0.5945821078125 0.34797934375 0.7838962609375 0.43770782812500003 0.8091820937499999 0.45079646249999994 0.624254925 0.36602998750000004 0.5945821078125
0 0.185268496875 0.5368396046874999 0.16009969531249998 0.7291393375 0.25489675156249997 0.7575849765625 0.273450878125 0.5705716703125 0.185268496875 0.5368396046874999
1 0.5394219640625 0.650266034375 0.5339384296875 0.8445067671875 0.6254726140625 0.8698079265625 0.633637853125 0.675324584375 0.5394219640625 0.650266034375
0 0.4412379046875 0.7877187109375 0.44007622343749997 0.808295996875 0.531140896875 0.8420412859375 0.5368366390625 0.6494865875 0.4533185484375 0.6248000515625 0.4412379046875 0.7877187109375
1 0.16289091718749998 0 0.1603409390625 0.0169809984375 0.237384103125 0.0396961296875 0.24209078593750002 0 0.16289091718749998 0
1 0.24252222343750002 0 0.2376793578125 0.0410453890625 0.3147225234375 0.0637605203125 0.32106738749999997 0 0.24252222343750002 0
1 0.8699805375 1 0.8877142484375 0.94199564375 0.8085444328125 0.92326745625 0.8073992578125001 1 0.8699805375 1
0 0.3218587703125 0 0.3149599140625 0.06513403749999999 0.3912391328125 0.0910830078125 0.3972994703125 0 0.3218587703125 0
1 0.398520278125 0 0.3914643203125 0.0911518546875 0.4651637578125 0.1158740984375 0.47074516875 0.0098294484375 0.44238625468750004 0 0.398520278125 0
1 0.5475050296874999 0.03899145625 0.47121358750000003 0.00951913125 0.465498203125 0.11553833437500001 0.5413862843749999 0.1387396484375 0.5475050296874999 0.03899145625
1 0.7128009468750001 1 0.7125046421875 0.8995484921875001 0.6273067328125 0.8729529265625 0.6234916015625 1 0.7128009468750001 1
1 0.6211693109375 1 0.6240629890625 0.8725091640624999 0.5343235953125001 0.85025745 0.5292376437499999 1 0.6211693109375 1
1 0.805413275 1 0.805418025 0.9215835484375001 0.7185663203125 0.898943009375 0.7169708453125 1 0.805413275 1
1 0.526241803125 1 0.53002315625 0.8477404375 0.44451729687499997 0.8183424359375 0.43077982343750004 1 0.526241803125 1
1 0.06657825625 0.7015210265625 0.039812984375 0.8821525890625 0.1359049 0.9115308359375 0.1538950078125 0.7287643874999999 0.06657825625 0.7015210265625
1 0.156591271875 0.7315884671874999 0.139149071875 0.912522678125 0.23488364062499997 0.9417916734375 0.24967089374999998 0.7596388671875001 0.156591271875 0.7315884671874999
1 0.25124695625000004 0.7605276140624999 0.2358298890625 0.9420809703125 0.3334035578125 0.971912234375 0.34545269218749997 0.7913115828125 0.25124695625000004 0.7605276140624999
1 0.42891062968749993 1 0.44042495312499996 0.8171618109375001 0.34834478281250003 0.7908503234375 0.333424190625 0.9719185421875001 0.425274496875 1 0.42891062968749993 1
1 0 0.8699805375 0.036193284375 0.8810459343750001 0.0646344515625 0.701474696875 0 0.6834850640625 0 0.8699805375
1 0.7656795421875 0.0995739671875 0.7617840124999999 0.213909996875 0.8333053640625 0.23444556875 0.8343906343749999 0.11834116718750001 0.7656795421875 0.0995739671875
1 0.5414541546875 0.1383223875 0.6135632546875 0.159177840625 0.6150895656250001 0.060968159375 0.5485763703125001 0.0393189984375 0.5414541546875 0.1383223875
1 0.8362569875 0.11957711875000002 0.8335419390625001 0.23578695781249998 0.9057629171875 0.259259465625 0.8957161140625001 0.140416996875 0.8362569875 0.11957711875000002
1 0.688772725 0.082978475 0.6878321640625 0.1866431984375 0.7608178125 0.21095320156250003 0.76141104375 0.1013518671875 0.688772725 0.082978475
1 0.6859010640625 0.08305541718750001 0.6162577609375 0.060168815625000004 0.6142923375 0.161029265625 0.686968559375 0.1858766921875 0.6859010640625 0.08305541718750001
1 1 0.1750084828125 0.9669873578124999 0.16311508749999998 0.9793228031250001 0.283079678125 1 0.28940133125 1 0.1750084828125
1 0.904312265625 0.263473403125 0.9774178921875001 0.28249728749999997 0.9664591203124999 0.1886592953125 0.9629242578125 0.1622952875 0.900296571875 0.14447878125 0.904312265625 0.263473403125