1 0.734375 0.2859375 0.1171875 0.1765625
1 0.559375 0.25078125 0.1046875 0.146875
1 0.640625 0.26953125 0.109375 0.1546875
1 0.4671875 0.23515625 0.125 0.159375
1 0.20703125 0.18203125 0.128125 0.1671875
1 0.9671875 0.34921875 0.065625 0.1734375
1 0.825 0.315625 0.1171875 0.1765625
0 0.38984375 0.225 0.115625 0.1640625
1 0.90703125 0.33515625 0.1125 0.171875
0 0.2984375 0.21171875 0.115625 0.171875
0 0.11015625 0.17734375 0.1203125 0.153125
1 0.57265625 0.40859375 0.115625 0.1765625
1 0.475 0.38984375 0.121875 0.1640625
0 0.29296875 0.3546875 0.1140625 0.146875
1 0.6625 0.4328125 0.125 0.178125
1 0.8421875 0.47265625 0.121875 0.1796875
0 0.20078125 0.3375 0.1203125 0.1625
0 0.38203125 0.3765625 0.115625 0.1546875
1 0.93671875 0.4953125 0.1265625 0.1890625
0 0.746875 0.45859375 0.1296875 0.165625
1 0.04453125 0.3125 0.059375 0.1453125
0 0.10859375 0.328125 0.1234375 0.159375
1 0.97578125 0.13046875 0.0484375 0.0859375
1 0.53515625 0.03984375 0.0921875 0.0796875
1 0.4515625 0.03125 0.09375 0.0625
1 0.796875 0.77890625 0.1265625 0.1953125
1 0.8921875 0.80625 0.128125 0.1828125
1 0.68984375 0.76640625 0.1296875 0.1875
0 0.28515625 0.0171875 0.1015625 0.034375
1 0.6140625 0.05546875 0.090625 0.096875
1 0.85390625 0.10625 0.0890625 0.096875
1 0.36796875 0.02734375 0.0984375 0.0546875
1 0.59140625 0.75 0.1390625 0.1953125
0 0.03046875 0.63125 0.0609375 0.203125
0 0.49453125 0.74140625 0.140625 0.1828125
0 0.1953125 0.6796875 0.1359375 0.19375
1 0.090625 0.6625 0.1421875 0.190625
1 0.290625 0.70625 0.146875 0.1984375
1 0.3953125 0.734375 0.1296875 0.1984375
1 0.69296875 0.071875 0.0984375 0.0984375
1 0.77421875 0.0890625 0.0921875 0.096875
0 0.925 0.12109375 0.0984375 0.0984375
1 0.71875 0.9375 0.128125 0.125
1 0.81953125 0.94765625 0.1421875 0.1046875
1 0.40625 0.9046875 0.134375 0.1859375
1 0.615625 0.928125 0.134375 0.14375
1 0.1875 0.86015625 0.1421875 0.184375
1 0.3015625 0.884375 0.140625 0.184375
1 0.5140625 0.9203125 0.140625 0.159375
1 0.0828125 0.840625 0.1328125 0.1765625
1 0.02265625 0.81875 0.0453125 0.178125