1 0.758350946875 0.083102259375 0.8338386984374999 0.182385340625 0.9062586078124999 0.158041559375 0.8271700781250001 0.059384153125000005 0.758350946875 0.083102259375
1 0.683115615625 0.11348033125000001 0.7636879078125001 0.212625740625 0.8319840390625 0.18625679687500002 0.7508272515625001 0.087344715625 0.683115615625 0.11348033125000001
1 0.5109195921875 0.1824859375 0.436984315625 0.2071827484375 0.432220334375 0.20891669531249998 0.507990903125 0.3108651765625 0.5846877921875 0.280136240625 0.5109195921875 0.1824859375
1 0.5152432578125 0.17915030468749998 0.5883641875000001 0.2765709984375 0.67055238125 0.2527016828125 0.5921496312500001 0.1512760265625 0.5152432578125 0.17915030468749998
1 0.5957033859374999 0.148635890625 0.6757267812500001 0.2540237640625 0.7570563859375 0.22391848125 0.675202903125 0.11921523437499999 0.5957033859374999 0.148635890625
1 0.35666987968749997 0.23815706875 0.42991483124999996 0.343031703125 0.5086996421875 0.3115428234375 0.433227065625 0.21029253125 0.35666987968749997 0.23815706875
1 0.2726206390625 0.27137677031249996 0.345779959375 0.3777142625 0.427922721875 0.34570657968749996 0.354695553125 0.238715309375 0.2726206390625 0.27137677031249996
0 0 0.4903444828125 0.0170681046875 0.52056751875 0.10087084375 0.48943692812500006 0.0246516953125 0.359210565625 0 0.3679175078125 0 0.4903444828125
1 0.025375140624999997 0.35983369062500004 0.10390578125000001 0.49190415468750004 0.1902580015625 0.46128016875 0.11409311562499999 0.3293158671875 0.025375140624999997 0.35983369062500004
0 0.19143124375 0.300280653125 0.2766193296875 0.43224221093750004 0.3571262984375 0.40223668124999995 0.26907667812499997 0.26936070624999997 0.19143124375 0.300280653125
0 0.1142467671875 0.3283735046875 0.191606309375 0.46177764374999997 0.274097059375 0.4296433015625 0.1898082953125 0.30264423749999997 0.1142467671875 0.3283735046875
1 0.8411553218750001 0.194300284375 0.762674625 0.224688103125 0.8638286046875001 0.35981421875 0.949671025 0.3292911578125 0.8411553218750001 0.194300284375
1 0.9548288078124999 0.334624096875 0.9704598703125 0.330675671875 0.9121355921875001 0.17043103125 0.8444965812499999 0.192024240625 0.9548288078124999 0.334624096875
1 0.5125485078125 0.3219849203125 0.4355162484375 0.3512600921875 0.5256270421875 0.4866649265625 0.6100790671875 0.4523217953125 0.5125485078125 0.3219849203125
1 0.7618743046875001 0.23397154531250003 0.67832578125 0.2646145125 0.7824620015625 0.39375537656250004 0.8596912765625 0.358435996875 0.7618743046875001 0.23397154531250003
1 0.594715325 0.2949627328125 0.5167380984375 0.32227437812500004 0.6091686281250001 0.45121112031250005 0.6970966359374999 0.426418165625 0.594715325 0.2949627328125
1 0.599171903125 0.2957306546875 0.6994686328124999 0.42627585156250003 0.7812804765625 0.395777753125 0.6755637859375 0.266257321875 0.599171903125 0.2957306546875
1 0.4444739453125 0.5234124609374999 0.5252521046874999 0.488964459375 0.43180680000000005 0.3520935203125 0.35295540000000003 0.38295615 0.364531271875 0.403044465625 0.4444739453125 0.5234124609374999
1 0 0.5881634906250001 0.031535121875 0.6748055265625 0.087325521875 0.653739325 0.0159916609375 0.5173445671875 0 0.52264828125 0 0.5881634906250001
0 0.1076138453125 0.4950306484375 0.0213089546875 0.5227141109375 0.09089050625 0.6524417765625 0.17746063750000002 0.6185308515625 0.1076138453125 0.4950306484375
0 0.2777176421875 0.43413418593750003 0.1936273921875 0.463518528125 0.2686123859375 0.5866998125 0.355543165625 0.5536175531249999 0.2777176421875 0.43413418593750003
0 0.1921933109375 0.4630452546875 0.10842779843749999 0.49292636874999995 0.1812034359375 0.6195705593749999 0.26872336093750004 0.5901178828125 0.1921933109375 0.4630452546875
1 0.35986796875 0.4056759546875 0.27987063125 0.4350116625 0.35566814375 0.5528510421874999 0.44067215937500004 0.5233541546875 0.35986796875 0.4056759546875
1 1 0.49755561718749997 0.96895283125 0.45806408750000005 0.8947000109375001 0.481281484375 1 0.63443619375 1 0.49755561718749997
1 0.23808429375 0.7230424578125 0.1460426953125 0.7528497296875 0.2421046546875 0.931693165625 0.338734921875 0.897673934375 0.23808429375 0.7230424578125
1 1 0.638588084375 0.891043809375 0.4841180328125 0.8155013953125 0.5096470578125001 0.9294098640625 0.6825705484375 1 0.653788346875 1 0.638588084375
1 0.3375970875 0.6872729359374999 0.440587221875 0.8617540375000001 0.5350389203125 0.8279520843749999 0.424663734375 0.650527859375 0.3375970875 0.6872729359374999
0 0.12527766093749998 0.932361034375 0.1448113359375 0.970279903125 0.2402791453125 0.9298873875 0.1439891390625 0.7551254328125 0.07116852812499999 0.7836974140625 0.12527766093749998 0.932361034375
1 0.7076431234375 0.552126825 0.8229015140625 0.722027359375 0.9109879718749999 0.6911178203125 0.7920398750000001 0.5202678046875 0.7076431234375 0.552126825
1 0.4298315953125 0.6549791140625 0.534583665625 0.8258151640625 0.62583195625 0.7903008828125 0.5196974921875 0.626300184375 0.4298315953125 0.6549791140625
0 0.2417001140625 0.720795478125 0.34237443437500004 0.8986518796875 0.43987363281249997 0.862589415625 0.337000784375 0.6933720046875 0.2417001140625 0.720795478125
1 0.610480253125 0.5920948890625 0.728889446875 0.759123228125 0.8216614874999999 0.7224786921875 0.7053472109375 0.5535483203125 0.610480253125 0.5920948890625
0 0.6151997140625001 0.7699932015625001 0.6272566687500001 0.7880553671875 0.7249824546875 0.7588182921875 0.6078189078125 0.5930753015625 0.5221574234374999 0.625162503125 0.6151997140625001 0.7699932015625001
1 0 0.25950779062499996 0.0506574046875 0.24049264843749998 0 0.1571101171875 0 0.25950779062499996
0 0 0.1551315875 0.051726260937500004 0.24149890312500003 0.1321175640625 0.21505753125 0.072356715625 0.12356054062499999 0 0.14989623125 0 0.1551315875
1 0.073723521875 0.1230630640625 0.1323499765625 0.214972940625 0.20980133437499998 0.1891318453125 0.1473262296875 0.09630541406250001 0.14656498281250002 0.0965509390625 0.073723521875 0.1230630640625
1 0.1477678375 0.09611313593750001 0.2098691296875 0.188637390625 0.288192459375 0.1601300296875 0.23015526562500002 0.0722652328125 0.153223109375 0.09412757968749999 0.1477678375 0.09611313593750001
1 1 0.8067758312500001 0.9134699078124999 0.6924225203125001 0.8251909953125001 0.7239657265624999 0.9318029484375 0.8749254656250001 1 0.8501037703125001 1 0.8067758312500001
1 0.732854140625 0.7637216421875 0.8353300828125001 0.9100387171875 0.9297854515624999 0.8756597749999999 0.8221901609375 0.72564563125 0.732854140625 0.7637216421875
1 1 0.6543512734375 0.9181690671875 0.6880751265625 1 0.8005241359375 1 0.6543512734375
1 0.6373425375 0.79370320625 0.735181325 0.9464898843749999 0.8324456109374999 0.9110885796874999 0.727654359375 0.7643247796875 0.6373425375 0.79370320625
1 0.39645448125 1 0.3369344859375 0.902264253125 0.2464687375 0.9346034015625 0.28203971875 1 0.39645448125 1
1 0.5205347515625001 1 0.43679252812499997 0.8676272703125001 0.34098365625 0.902935253125 0.40036228281249997 1 0.5205347515625001 1
1 0.5881634921875001 1 0.634704034375 0.9830606281250001 0.537161028125 0.8336586828125 0.438676840625 0.8673778406249999 0.5218913609375 1 0.5881634921875001 1
1 0.5392938859374999 0.8314393484375 0.6349092296875 0.9829859421875 0.73316091875 0.9472252515624999 0.6331635343750001 0.795299884375 0.5392938859374999 0.8314393484375
1 0.278909725 1 0.24480955624999998 0.935794984375 0.1471689890625 0.9741611390625 0.16008045625 1 0.278909725 1
1 0.46185019531249993 0 0.5205946703125 0.083895353125 0.5935684484375 0.055907865625 0.552331715625 0 0.46185019531249993 0
1 0.287985128125 0.1597357140625 0.36165429375 0.1316454796875 0.30074073125 0.047983559375 0.23126098437499998 0.071862784375 0.287985128125 0.1597357140625
1 0.5538717156249999 0 0.5946162734375 0.056887582812500004 0.6700365515625 0.030930162500000004 0.6424153421875001 0 0.5538717156249999 0
1 0.4236943734375 0 0.3764610546875 0.0198692421875 0.4413202765625 0.10775365156250001 0.5179120765625 0.082017325 0.4569191390625 0 0.4236943734375 0
1 0.37410195 0.0217520359375 0.3012140375 0.0465709203125 0.36343806875 0.1327428671875 0.4401107578125 0.1076549640625 0.37410195 0.0217520359375
1 0.6429542109375 0 0.671488775 0.035396818749999996 0.744833628125 0.0051334578125000006 0.7399468203125 0 0.6429542109375 0