1 0.973515046875 0.2537160546875 0.925361628125 0.1539161046875 0.8553215968749999 0.161300425 0.9048456625 0.2710659265625 0.9748056296875 0.26422700625 0.973515046875 0.2537160546875
1 0.777782171875 0.17355792187500002 0.832129140625 0.2842967359375 0.9022537875 0.2743054203125 0.8473050093750001 0.1636593171875 0.777782171875 0.17355792187500002
1 0.6004265109375 0.2011207984375 0.525350525 0.208316084375 0.5204819671875 0.20891386875 0.5696918328125 0.3212479734375 0.6486854390625 0.3089774328125 0.6004265109375 0.2011207984375
1 0.60522901875 0.19892085625 0.6529278328125 0.30642111562499996 0.73560305625 0.301794246875 0.6837980609375001 0.189381040625 0.60522901875 0.19892085625
1 0.68772326875 0.18766834062499999 0.7401925828125 0.3041601953125 0.8234172859375001 0.2934811203125 0.769073675 0.1772363359375 0.68772326875 0.18766834062499999
1 0.4428933984375 0.22003282031250002 0.48908490000000004 0.3345716703125 0.5702122609375 0.3220391375 0.5211311578125 0.21042643125 0.4428933984375 0.22003282031250002
1 0.356426415625 0.23305165468750003 0.4022184390625 0.348947996875 0.48662419375 0.336655765625 0.4409106734375 0.2201297171875 0.356426415625 0.23305165468750003
0 0.10354130624999999 0.2618908078125 0.019634565625 0.2713831296875 0.061232842187500004 0.41202947500000003 0.1470122421875 0.4009223390625 0.10354130624999999 0.2618908078125
1 0.10408747812500001 0.262633875 0.1493354921875 0.40390144687499996 0.23740775468750003 0.39382382968749996 0.1943666640625 0.25316924375 0.10408747812500001 0.262633875
0 0.273595665625 0.2426310171875 0.3251430015625 0.3852401171875 0.4075705171875 0.374476453125 0.3535250296875 0.230386534375 0.273595665625 0.2426310171875
0 0.1947168453125 0.25231611875 0.2385703234375 0.39458423125 0.32333170624999996 0.38224833125 0.2715507765625 0.24450235625 0.1947168453125 0.25231611875
1 0.90914634375 0.2838608921875 0.8285455765625 0.29542365312499996 0.8944534781250001 0.4444724875 0.9820231875 0.434379234375 0.90914634375 0.2838608921875
1 0.9857230796875 0.4405144671875 0.9964237234375 0.44029225 0.9763989296875 0.277203396875 0.9127919062500001 0.2824445921875 0.9857230796875 0.4405144671875
1 0.5715650203125 0.3326964984375 0.4925720578125 0.3435267859375 0.5480094531249999 0.49044258437500005 0.6351009140625 0.4764543375 0.5715650203125 0.3326964984375
1 0.8257682875000001 0.303982715625 0.7403347734375 0.314686296875 0.8103580562499999 0.4587518234375 0.8908537734375 0.44227866718750003 0.8257682875000001 0.303982715625
1 0.65490710625 0.3250991875 0.575451234375 0.3338774875 0.6344847140625001 0.4752120890625 0.7227717890625 0.47096132500000004 0.65490710625 0.3250991875
1 0.6589407328125 0.32678816093749996 0.7250387453125 0.4713419296875 0.808803621875 0.46039794375 0.7373732296875 0.31563257031249997 0.6589407328125 0.32678816093749996
1 0.46350377812500004 0.5074081015624999 0.54715495 0.4925243609375 0.48889377031250003 0.34350620468750004 0.40784010156250006 0.3554352 0.41437474218750003 0.376842415625 0.46350377812500004 0.5074081015624999
1 0 0.5285317984375 0.008101104687500001 0.564728709375 0.0984421828125 0.55253861875 0.0609204234375 0.40876426875 0 0.41447160156249996 0 0.5285317984375
0 0.152149603125 0.4076467078125 0.064762703125 0.4149685296875 0.102085425 0.552091284375 0.1910793234375 0.5389690109374999 0.152149603125 0.4076467078125
0 0.325766053125 0.3872580578125 0.240096140625 0.39666019218750004 0.2839388421875 0.5287969515625 0.3730921359375 0.5165323984375 0.325766053125 0.3872580578125
0 0.23884744375000003 0.39590395312500004 0.1533753953125 0.40584381875000003 0.194380890625 0.5407588265625 0.28329865 0.532036296875 0.23884744375000003 0.39590395312500004
1 0.409405509375 0.3783063265625 0.327604346875 0.38855044843750003 0.3733769703125 0.515838475 0.4599327609375 0.5065286625 0.409405509375 0.3783063265625
1 1 0.6188678750000001 0.972139278125 0.5596941 0.8970863281250001 0.5654288765625 0.9693094921875 0.7483850515625 1 0.7440532171875 1 0.6188678750000001
1 0.22545256249999998 0.6504288671875 0.1321952171875 0.6585042234375 0.1837771140625 0.84757215625 0.28227772500000003 0.8365300015624999 0.22545256249999998 0.6504288671875
1 0.8162494703125001 0.5749336609375 0.8859442062499999 0.7623037140625 0.9673461296875001 0.74915221875 0.89302175 0.5673041140625 0.8162494703125001 0.5749336609375
1 0.3270517546875 0.638365471875 0.3861150015625 0.8248325843750001 0.48251465624999995 0.81352229375 0.41713125624999997 0.6226848921875 0.3270517546875 0.638365471875
0 0.0356725625 0.674126975 0.0836562203125 0.8627670125 0.182449790625 0.8454775734375 0.12976356875 0.6601995015625 0.0356725625 0.674126975
1 0.7053213046875 0.591499075 0.776947240625 0.7763183203125 0.8667164906249999 0.766348240625 0.791819375 0.5798355671875 0.7053213046875 0.591499075
1 0.42103276562499997 0.6279929359375 0.48255115000000004 0.8114134156249999 0.576304253125 0.7977975859375 0.5119933375 0.620507075 0.42103276562499997 0.6279929359375
0 0.22935060625 0.64909945625 0.28549538750000003 0.83823931875 0.3852603125 0.825463625 0.325160659375 0.64397334375 0.22935060625 0.64909945625
1 0.605022384375 0.6080215953125 0.68024425625 0.7908224500000001 0.7756799937500001 0.77647391875 0.7028473359375 0.5923382593750001 0.605022384375 0.6080215953125
0 0.57070691875 0.7763886875 0.5781365484375 0.7959943125 0.6766278046875 0.7896881953125 0.60230005625 0.6083666062499999 0.514560075 0.6199704406250001 0.57070691875 0.7763886875
1 0 0.1750790859375 0.0721782203125 0.1654828328125 0.0415833046875 0.06681263750000001 0 0.07208099375 0 0.1750790859375
1 0.121231384375 0.057033084375 0.041979050000000004 0.06673938593749999 0.0730101890625 0.1666147359375 0.15392414999999998 0.155857046875 0.121231384375 0.057033084375
0 0.198962740625 0.048131892187500004 0.12208378906249999 0.056269389062499994 0.1547124359375 0.1570354296875 0.236254284375 0.149599371875 0.198962740625 0.048131892187500004
1 0.27646683125 0.041191609375 0.20029548125000002 0.047696259375 0.23649179999999997 0.1495702078125 0.3151315328125 0.14206115156250002 0.27646683125 0.041191609375
1 0.35978336875 0.036543009375000005 0.276773375 0.040709425 0.3153031828125 0.1416107375 0.3953458578125 0.1317827328125 0.35978336875 0.036543009375000005
1 0.8687717718749999 0.768113853125 0.77868303125 0.7786382609375 0.85222905 0.9582824125 0.9490619312499999 0.9471734812499999 0.8687717718749999 0.768113853125
1 0.76172709375 0.9716188671875001 0.8505960078125 0.9592635765624999 0.7754882640625 0.7795676281249999 0.6829795437499999 0.7960079609374999 0.7544328703125001 0.972514484375 0.76172709375 0.9716188671875001
1 1 0.8307869859375 0.964137440625 0.750159196875 0.8741486999999999 0.7650436218750001 0.952205009375 0.9482311187500001 1 0.9423626328125 1 0.8307869859375
1 0.5864132468750001 0.8034946421875 0.651328046875 0.985174165625 0.7516536734375 0.9728557265625 0.677946584375 0.7954475046875 0.5864132468750001 0.8034946421875
1 0.332548846875 1 0.27958032187500004 0.8404574671875 0.1872567390625 0.851256278125 0.22868118124999998 1 0.332548846875 1
1 0.44110756718750005 1 0.381258178125 0.8295343000000001 0.28325102968750004 0.8419669015625001 0.33607136875 1 0.44110756718750005 1
1 0.5305813078125 1 0.5488054671875 0.9977623546875 0.4832715703125 0.8193505906249999 0.3830887640625 0.8297083703125001 0.4421687171875 1 0.5305813078125 1
1 0.4857656875 0.8177255390625 0.5487332640625 0.9977712203125 0.6494912984375001 0.9853996890625 0.582126021875 0.80409018125 0.4857656875 0.8177255390625
1 0.22506123906250003 1 0.1854330796875 0.85201729375 0.08503291874999999 0.8669293359375001 0.1171420859375 1 0.22506123906250003 1
1 0.6043114093749999 0 0.5873716499999999 0.002599765625 0.6310296421875 0.11047815624999999 0.70591631875 0.0999788859375 0.6625531515625 0 0.6043114093749999 0
1 0.3952363375 0.1313668453125 0.47080090781250006 0.12092175000000001 0.4316112203125 0.029011670312499998 0.36091336093750004 0.036404264062500004 0.3952363375 0.1313668453125
1 0.664501071875 0 0.7066905625000001 0.10112774531249999 0.7834410625 0.09306873125000001 0.7322534640625 0 0.664501071875 0
1 0.509114546875 0.0189888078125 0.5511034921875 0.11572665 0.6289101406250001 0.10812971093749998 0.5841441515625 0.006017903125 0.509114546875 0.0189888078125
1 0.5064804921875 0.020248215625 0.4323651953125 0.0277855015625 0.4722432484375 0.12234092187500001 0.549984853125 0.11537147656249999 0.5064804921875 0.020248215625
1 0.8129295015625001 0 0.8615782828125 0.08477903125 0.9344579906250001 0.07583052812499999 0.890320015625 0 0.8129295015625001 0
1 0.73642300625 0 0.7838366999999999 0.0975853578125 0.8595690843750001 0.0850257296875 0.8105966 0.002343403125 0.809154196875 0 0.73642300625 0
1 0.89340004375 0 0.9346610078124999 0.07450125625000001 0.9513799687500001 0.07344031250000001 0.9423626328125 0 0.89340004375 0