1 1 0.3857999453125 0.9694344812500001 0.3746865828125 0.965831846875 0.4957613 1 0.5084790406249999 1 0.3857999453125
1 0.893879190625 0.351560490625 0.8942105874999999 0.4756427109375 0.96205835625 0.4975463578125 0.9611416187499999 0.37328245625 0.893879190625 0.351560490625
1 0.721270715625 0.2982360765625 0.6501765421875 0.2716205453125 0.6455083453125 0.2700131578125 0.64048869375 0.39327125625 0.7173653296875 0.4170270734375 0.721270715625 0.2982360765625
1 0.7265857125 0.298365990625 0.72233075625 0.4165877328125 0.7991672578125 0.44887751875 0.8018739859374999 0.3244030625 0.7265857125 0.298365990625
1 0.80618041875 0.32458641250000003 0.802276 0.453040996875 0.8822786562499999 0.4801020484375 0.8843784453125 0.35104396250000003 0.80618041875 0.32458641250000003
1 0.570410696875 0.24583615 0.5616880390625 0.36975575781250003 0.6406106171875 0.39421605 0.645428621875 0.27166689375 0.570410696875 0.24583615
1 0.4864429171875 0.21945987812499998 0.47676019375 0.344430415625 0.558542753125 0.3705542140625 0.5685742 0.24504905781250003 0.4864429171875 0.21945987812499998
0 0.2449403234375 0.13396915468749998 0.1648439890625 0.10553440624999999 0.14045237187499998 0.251028640625 0.2229550328125 0.278829740625 0.2449403234375 0.13396915468749998
1 0.24510674687499998 0.1348818265625 0.223743075 0.28254773437499997 0.3078660578125 0.312291015625 0.3309560015625 0.16615283125 0.24510674687499998 0.1348818265625
0 0.4072816453125 0.19157849062500001 0.39102533125 0.34323609374999997 0.470344078125 0.36986899375000004 0.4849933671875 0.215770678125 0.4072816453125 0.19157849062500001
0 0.331649040625 0.16553609687499998 0.3085824921875 0.313491284375 0.39070604375 0.33973248906250003 0.4046063734375 0.19236805625 0.331649040625 0.16553609687499998
1 0.964080040625 0.5092250890625001 0.8860615421875 0.4841204421875 0.87995725 0.647934715625 0.9636324734375 0.6774421562499999 0.964080040625 0.5092250890625001
0 1 0.522020403125 0.9680027656249999 0.5095530203124999 0.9642740984374999 0.6846205703125 0.9651077140625001 0.6850058625 1 0.5836713062500001 1 0.522020403125
1 0.637134525 0.4044469828125 0.560893628125 0.379389471875 0.546257371875 0.5366564046875 0.63121763125 0.562431825 0.637134525 0.4044469828125
1 0.8797743656250001 0.490632546875 0.797762596875 0.46261922499999997 0.79757913125 0.623744146875 0.8776680906250001 0.6443635015625 0.8797743656250001 0.490632546875
1 0.7158843125 0.43434570156249996 0.640129553125 0.4072289984375 0.6312079890625 0.5610370062500001 0.71295565625 0.596142471875 0.7158843125 0.43434570156249996
0 0.7187886812500001 0.43765196562500003 0.7148387171875 0.5974866109375 0.79544689375 0.6245464828125 0.7946659875 0.4621681546875 0.7187886812500001 0.43765196562500003
1 0.462323484375 0.5147131359375 0.5445662375 0.53816134375 0.55757496875 0.377748178125 0.47898521875 0.352774803125 0.47545644375 0.3750095109375 0.462323484375 0.5147131359375
1 0.041995065625 0.2943661671875 0.025043415625 0.3656281328125 0.11215059999999999 0.39446265 0.14160969375000002 0.2479390984375 0.0675854296875 0.220046353125 0.041995065625 0.2943661671875
0 0.2246373203125 0.2871748703125 0.14234969375 0.255242728125 0.11564390625000001 0.39566549218749997 0.2019433984375 0.42306301093750004 0.2246373203125 0.2871748703125
0 0.3906990859375 0.3453351546875 0.3090473890625 0.3160410515625 0.2904390484375 0.4548328296875 0.376504484375 0.48307603906249996 0.3906990859375 0.3453351546875
0 0.3082512 0.31480655 0.22654137031250002 0.2860858375 0.20414100156249998 0.42613748593749995 0.288431309375 0.45747874531250005 0.3082512 0.31480655
0 0.47031520625 0.37414067968750003 0.3917922390625 0.347314434375 0.377068196875 0.48257439375000005 0.45948062968750003 0.5123427656249999 0.47031520625 0.37414067968750003
1 0.8981669703125 0.8794158953125001 0.8994262953125001 0.78636534375 0.8289970515625 0.7584396859375 0.8136529203125 0.9556918859374999 0.8660522390625 0.9726838499999999 0.8981669703125 0.8794158953125001
1 0.18388663593750001 0.538985575 0.0959557234375 0.50514485625 0.059242193750000005 0.6988160703124999 0.1532250390625 0.7322879140625 0.18388663593750001 0.538985575
1 0.7516725359375 0.7313704921874999 0.7320944078125 0.931497375 0.8115383453125 0.9555192546875 0.824492853125 0.7583417828125001 0.7516725359375 0.7313704921874999
1 0.2811231296875 0.572901178125 0.2523249234375 0.76752169375 0.344525290625 0.7998243015625001 0.36953298437500004 0.5984649281250001 0.2811231296875 0.572901178125
0 0 0.6793449109374999 0.058965084375 0.696337034375 0.093008196875 0.5056046421875 0.0017422703125 0.4766864125 0 0.48508225937500005 0 0.6793449109374999
0 0.644010740625 0.6974091703124999 0.6273046796874999 0.8960821015624999 0.7129154984375 0.9266712234375 0.7274089421875 0.7250243578125 0.644010740625 0.6974091703124999
1 0.3707218046875 0.6049845140625 0.34548832812499997 0.7979339953125 0.43631111875000006 0.8269848812499999 0.45631486250000003 0.6383449031249999 0.3707218046875 0.6049845140625
0 0.187999459375 0.539503434375 0.155382234375 0.735252603125 0.2512733984375 0.7677151 0.2769391734375 0.5771363796875 0.187999459375 0.539503434375
1 0.5459841109375 0.6680981984375001 0.5334213984375 0.8665328796875 0.6260895843750001 0.8956637109375001 0.6414024671874999 0.6970763859375 0.5459841109375 0.6680981984375001
0 0.44068861249999997 0.8051621515624999 0.4387640390625 0.8261630625 0.530649815625 0.863912115625 0.543369078125 0.6672091203125 0.45887364062499997 0.6389921171874999 0.44068861249999997 0.8051621515624999
1 0.26461569375 0 0.2593359421875 0.034371551562500005 0.33728274687500004 0.06034214375 0.34542731875 0 0.26461569375 0
1 0.856646534375 1 0.8663220953125 0.9719001296875 0.8113271546874999 0.956847265625 0.8091707937500001 1 0.856646534375 1
0 0.346210396875 0 0.337476234375 0.061755146875 0.41452623906249997 0.091005459375 0.4237884875 0 0.346210396875 0
1 0.42502040625 0 0.41475398124999996 0.0910838765625 0.48921064062499997 0.118987921875 0.49871456406250003 0.0107457125 0.47089177656250003 0 0.42502040625 0
1 0.5761408484375 0.043298771874999996 0.49920454062499997 0.01044505625 0.48956456406250004 0.1186564734375 0.5663131234375001 0.145083121875 0.5761408484375 0.043298771874999996
1 0.71172469375 1 0.7139962671875 0.929174015625 0.6278519421875 0.8989450546875 0.6212719484375 1 0.71172469375 1
1 0.618681909375 1 0.62455179375 0.8983758140625 0.53360918125 0.8724272140625 0.5247989015625001 1 0.618681909375 1
1 0.8066130250000001 1 0.808191375 0.95501403125 0.720214740625 0.9287706015625 0.7165937390625 1 0.8066130250000001 1
1 0.5214975703125 1 0.5293030390625 0.8697002609375 0.442944275 0.83659458125 0.4248198578125 1 0.5214975703125 1
1 0.0607654890625 0.7036815296875 0.0306601234375 0.8672036609375 0.12687003125000001 0.9003313890625 0.1490526828125 0.7346483390625 0.0607654890625 0.7036815296875
1 0.1517078953125 0.7376322 0.1301106984375 0.901447240625 0.22662737968750002 0.9346805984375001 0.24585749843750002 0.7696294 0.1517078953125 0.7376322
1 0.2474368578125 0.770594325 0.22765910625000002 0.93503585 0.3259735140625 0.9688882156249999 0.3426397734375 0.80542694375 0.2474368578125 0.770594325
1 0.4226243015625 1 0.438803003125 0.835241621875 0.34561284531249997 0.8050582000000001 0.3263097359375 0.9690039859375 0.41632869531249994 1 0.4226243015625 1
1 0 0.856646534375 0.0271952671875 0.866010615625 0.058780018749999996 0.7035649687500001 0 0.6849720375 0 0.856646534375
1 0.7970083921875 0.1130156671875 0.788930959375 0.22979661562499998 0.8613109343750001 0.2533418609375 0.8665788078125001 0.13465255781250002 0.7970083921875 0.1130156671875
1 0.5663974515625 0.14465884843750001 0.6393668203125 0.168552121875 0.6444446453125 0.06817759062499999 0.5772243359375 0.043671846874999996 0.5663974515625 0.14465884843750001
1 0.8684424921874999 0.135982865625 0.8615047390624999 0.2547219796875 0.9344947484375 0.281295428125 0.9284804937500001 0.159409965625 0.8684424921874999 0.135982865625
1 0.718981796875 0.0933078484375 0.7143073984375 0.1992815359375 0.7880491234375 0.22673861875 0.792581075 0.11468181250000001 0.718981796875 0.0933078484375
1 0.7160433734375 0.09328431875 0.6456675093750001 0.067401765625 0.6400458437500001 0.1704713328125 0.7134519984375001 0.198466971875 0.7160433734375 0.09328431875
0 1 0.2226564765625 0.999072428125 0.2112603015625 0.996403034375 0.18417475156250002 0.933017565625 0.1637265625 0.932860834375 0.285552953125 1 0.3055493484375 1 0.2226564765625