1 0.908625875 0.1509589671875 0.83717573125 0.0585010890625 0.76677136875 0.08139726093750001 0.8418209359375 0.18383742187500002 0.912262809375 0.16152139375000002 0.908625875 0.1509589671875
1 0.6897257203125 0.110956846875 0.7699488921875 0.213349128125 0.8398673921875 0.1877449140625 0.7590457109375001 0.0855795515625 0.6897257203125 0.110956846875
1 0.5133953859375 0.1780797234375 0.4377706640625 0.201879371875 0.4328953453125 0.2035580796875 0.5081862375 0.3087167515625 0.5867244546875 0.27882650937500003 0.5133953859375 0.1780797234375
1 0.5178507109375 0.1747625078125 0.5905254656250001 0.2752638078125 0.6745294125 0.25245631562500004 0.5965523859374999 0.1477821125 0.5178507109375 0.1747625078125
1 0.6002125921875 0.1451589421875 0.6797690484375 0.25389609687500003 0.763008115625 0.22472480468749997 0.6815784828125 0.11665138906250001 0.6002125921875 0.1451589421875
1 0.3555489671875 0.23195376875 0.428220346875 0.340045434375 0.508895284375 0.30941945937500004 0.433895334375 0.2049769515625 0.3555489671875 0.23195376875
1 0.2694897890625 0.2642461875 0.3420486625 0.373825490625 0.426147803125 0.3427323109375 0.3535312859375 0.23248622812500003 0.2694897890625 0.2642461875
0 0 0.503590584375 0.00525135 0.5132849984375001 0.0910235265625 0.4831148234375 0.0157677265625 0.3491611 0 0.35442237187500003 0 0.503590584375
1 0.0164926765625 0.34980857187500003 0.0940673328125 0.4856815375 0.18242365 0.45607335156250006 0.10725323125 0.3203513921875 0.0164926765625 0.34980857187500003
0 0.1864141921875 0.2921969953125 0.2707616734375 0.4280799125 0.35316234999999996 0.398995240625 0.26592044375 0.26212951875 0.1864141921875 0.2921969953125
0 0.107425875 0.3193948546875 0.1837862984375 0.4566042515625 0.268241559375 0.4253884453125 0.1847225125 0.2945736734375 0.107425875 0.3193948546875
1 0.8490552640625 0.1960996234375 0.7687087578125 0.22561023750000003 0.8692393125000001 0.3650044109375 0.9570753859375 0.3354897171875 0.8490552640625 0.1960996234375
0 0.9622284343749999 0.341012253125 0.9731838187499999 0.338448853125 0.9167528203125 0.17456133125 0.852493025 0.19384324375 0.9622284343749999 0.341012253125
1 0.51262833125 0.3201193703125 0.4337742859375 0.3485235921875 0.5230685640625 0.48800109999999997 0.6095569109375 0.4545723375 0.51262833125 0.3201193703125
1 0.7677335000000001 0.235046265625 0.682228340625 0.2647246515625 0.7858959671875 0.3980799546875 0.865055403125 0.3635262984375 0.7677335000000001 0.235046265625
1 0.5966653171875 0.2941018640625 0.5168843125 0.3204900671875 0.60865025 0.453425146875 0.698507903125 0.42978155312500005 0.5966653171875 0.2941018640625
0 0.6011845234375001 0.294964484375 0.700922809375 0.42967972187500003 0.7846591625 0.400117296875 0.6793907203125 0.26634691093749996 0.6011845234375001 0.294964484375
1 0.4398936015625 0.5239374125 0.52264728125 0.490335221875 0.4299871234375 0.3493047078125 0.34925534375 0.37929195 0.36067951875 0.3999519453125 0.4398936015625 0.5239374125
1 0 0.5836713062500001 0.028533106250000002 0.6665374625 0.074392615625 0.65012899375 0.004212553125 0.509984496875 0 0.5113003015625 0 0.5836713062500001
0 0.097784284375 0.488931603125 0.009527196875000001 0.5155471921875 0.078040915625 0.648872784375 0.166675965625 0.6159224484375 0.097784284375 0.488931603125
0 0.2718458359375 0.43002587343750004 0.1858115859375 0.45841315 0.2599346 0.5851725796875 0.3489220484375 0.55307236875 0.2718458359375 0.43002587343750004
0 0.18436128125 0.4579053328125 0.09864867499999999 0.486804215625 0.17046450156249998 0.617048790625 0.2599880796875 0.5886541937499999 0.18436128125 0.4579053328125
0 0.3558910015625 0.40254617656249997 0.27402027812499996 0.43095821718750005 0.3490624765625 0.552294328125 0.43602802343749997 0.5238090640624999 0.3558910015625 0.40254617656249997
1 1 0.50065084375 0.9744485062500001 0.4669305828125 0.8985265296874999 0.4892184265625 1 0.6425669546874999 1 0.50065084375
1 0.22651720625 0.7234155078125 0.13238871875 0.7520890312499999 0.22698088125 0.9358950703125 0.325849440625 0.9030170406250001 0.22651720625 0.7234155078125
1 1 0.6470142453125 0.89475871875 0.492039684375 0.8174850015624999 0.5166573640625 0.9303307546875 0.6947607609374999 1 0.667758590625 1 0.6470142453125
1 0.32834784375 0.6888079921875 0.4300620765625 0.8682988999999999 0.5267111578125 0.8356025234375 0.4175371171875 0.6529814968750001 0.32834784375 0.6888079921875
0 0.130260615625 0.754368434375 0.06690008750000001 0.7779632671875001 0.1333651109375 0.9709917125 0.22515562656250002 0.934023659375 0.130260615625 0.754368434375
0 0.7070500359375 0.5579444671875 0.821321246875 0.7329949874999999 0.911446325 0.70312758125 0.793439009375 0.52704353125 0.7070500359375 0.5579444671875
1 0.4227157328125 0.6576066593750001 0.5262852703124999 0.8334188749999999 0.619706084375 0.798921215625 0.5146118296875 0.6300423078125 0.4227157328125 0.6576066593750001
0 0.23023370468749998 0.7211936984375 0.3295340046875 0.9040786375 0.42932180937500003 0.869136365625 0.32763540468749996 0.6950060296875 0.23023370468749998 0.7211936984375
1 0.6075364359375001 0.59686875 0.7250620624999999 0.76905255 0.8200522390625 0.7334319421875 0.7046902890625 0.5593498875 0.6075364359375001 0.59686875
0 0.6092454375 0.77805503125 0.6211941000000001 0.7966611328125001 0.7210937656249999 0.7686712234375 0.604812690625 0.5978185140625001 0.517133459375 0.6289287890625 0.6092454375 0.77805503125
1 0 0.2445236875 0.044279421875 0.228778090625 0 0.152901715625 0 0.2445236875
0 0 0.1509733359375 0.0453490140625 0.22982185624999998 0.127570128125 0.2043634015625 0.0733760796875 0.11808805625 0 0.143353465625 0 0.1509733359375
1 0.207028596875 0.17938078125 0.1502064546875 0.0916332359375 0.07467684687500001 0.11764016562499999 0.1278079734375 0.2042815046875 0.207028596875 0.17938078125
1 0.28725992499999997 0.15127949375 0.23156422031249999 0.0636195109375 0.150664203125 0.09147562031249999 0.20710613906250003 0.17887865625 0.28725992499999997 0.15127949375
1 1 0.822529225 0.9139479015624999 0.7045008078125 0.8236160781249999 0.735009796875 0.924093015625 0.8827834046874999 1 0.856646534375 1 0.822529225
1 0.7290144453125 0.7738056875 0.8254018593750001 0.9167654953125 0.92196045 0.8835177062499999 0.8205349015625 0.7366654828125 0.7290144453125 0.7738056875
1 1 0.6683391624999999 0.9188027 0.7001604343750001 1 0.8160118765625001 1 0.6683391624999999
1 0.6313537703125001 0.8025936687499999 0.723291909375 0.9519247703125 0.8223655609374999 0.9178109765625001 0.72371554375 0.7743253218749999 0.6313537703125001 0.8025936687499999
1 0.37795903124999997 1 0.323938559375 0.9076573171875 0.2313687921875 0.9389368906250001 0.26320070156250003 1 0.37795903124999997 1
1 0.5025949468750001 1 0.4261006515625 0.8742089921874999 0.3280450953125 0.9084138765625 0.3818695984375 1 0.5025949468750001 1
1 0.5836713046875001 1 0.6203861125000001 0.987358078125 0.5287702890625 0.8414503546875001 0.4280214203125 0.8739892671874999 0.504012796875 1 0.5836713046875001 1
1 0.530978065625 0.8392297781250001 0.6207372515625 0.9872371703124999 0.721110121875 0.9526760203125001 0.6270757875 0.8041432515625001 0.530978065625 0.8392297781250001
1 0.2601235921875 1 0.229660625 0.9401198125000001 0.1349036203125 0.9754598671875 0.143353465625 1 0.2601235921875 1
1 0.47244476718749995 0 0.5249483640625 0.0778899984375 0.599652371875 0.050722987500000004 0.5636145390625 0 0.47244476718749995 0
1 0.36246894531249996 0.12361533281249999 0.30311987500000004 0.038980923437499995 0.23266150468750002 0.0632416859375 0.287055909375 0.15087431874999999 0.36246894531249996 0.12361533281249999
1 0.5650171828125 0 0.6007010359375 0.0517393578125 0.6778579796875001 0.0266833546875 0.6548729046874999 0 0.5650171828125 0
1 0.41632869531249994 0 0.38095257031249996 0.0121809765625 0.44390807812500005 0.10073915156249999 0.5222526703125 0.075929484375 0.46785696874999994 0 0.41632869531249994 0
1 0.4426796546875 0.1006167375 0.377958146875 0.0132120390625 0.3043223453125 0.0385668796875 0.36426406093749997 0.12476484375 0.4426796546875 0.1006167375