1 0.9501509625000001 0.1954044125 0.9072350546875001 0.1202416671875 0.8371981421875001 0.132612053125 0.8948604765624999 0.23990852031249998 0.9567704656249999 0.2294588046875 0.9501509625000001 0.1954044125
1 0.7599511890625 0.1504270046875 0.8225411140625001 0.2583670609375 0.892478709375 0.24335978125 0.8292890734375 0.1355555453125 0.7599511890625 0.1504270046875
1 0.5832309625 0.19069706718749999 0.5081073484374999 0.2032303109375 0.5032449875 0.2041754578125 0.5607726359375 0.3140861890625 0.639483634375 0.2961559640625 0.5832309625 0.19069706718749999
1 0.5879133578125 0.18813967812500001 0.6435765328125 0.29327825625 0.7265375984375 0.2828034140625 0.6663899640625 0.1729950828125 0.5879133578125 0.18813967812500001
1 0.6702230453125 0.1709910171875 0.731328671875 0.284868821875 0.8144148296875 0.2682475796875 0.751438490625 0.1547507265625 0.6702230453125 0.1709910171875
1 0.425867921875 0.22084484999999998 0.4805108953125 0.333192534375 0.561352934375 0.314848078125 0.5040060765625001 0.20565633125 0.425867921875 0.22084484999999998
1 0.33968107187499996 0.2400550234375 0.39401770625 0.3538007265625 0.47817947656250004 0.3354685703125 0.423877346875 0.2210818640625 0.33968107187499996 0.2400550234375
0 0.08696136875 0.286916778125 0.003104096875 0.3023882578125 0.054968043749999994 0.44140585625 0.14059754687499998 0.424173228125 0.08696136875 0.286916778125
1 0.087564196875 0.28762832031249996 0.14314893906249998 0.42701656874999994 0.23116120156250003 0.4106619125 0.1778431546875 0.2717373109375 0.087564196875 0.28762832031249996
0 0.2569139359375 0.2555387890625 0.318939709375 0.395838553125 0.4012167765625 0.37918792031250004 0.3365694828125 0.23756915312500002 0.2569139359375 0.2555387890625
0 0.1781355359375 0.2708517578125 0.23238622968749997 0.41134766718750004 0.31690317343749996 0.39294646875 0.2549863578125 0.257570915625 0.1781355359375 0.2708517578125
1 0.9000988828125 0.2525190546875 0.819718690625 0.2698478515625 0.8966674765624999 0.41563811875 0.98417235 0.39930297187499997 0.9000988828125 0.2525190546875
1 0.9883340359374999 0.40523476875000003 0.990892771875 0.4050028484375 0.9592703578125 0.2423196328125 0.9036712281250001 0.25083375 0.9883340359374999 0.40523476875000003
1 0.5634702171875 0.325508371875 0.484657903125 0.3419850640625 0.5509074890625001 0.48635793749999995 0.637654821875 0.46612559062500003 0.5634702171875 0.325508371875
1 0.8175267328125001 0.2786805765625 0.7322171109375 0.29548165625 0.8129590203125 0.43595384531250003 0.8928857546875 0.4136769125 0.8175267328125001 0.2786805765625
1 0.6468928015625 0.31198896249999997 0.5674688703124999 0.3264273203125 0.636946103125 0.4649151984375 0.725587284375 0.4544258484375 0.6468928015625 0.31198896249999997
1 0.651075925 0.3134102125 0.72789800625 0.45465076406250005 0.8115095906249999 0.4377242453125 0.7293005859374999 0.2966445859375 0.651075925 0.3134102125
1 0.466975903125 0.509413334375 0.5501940265624999 0.4885188453125 0.480950865625 0.3422225828125 0.4001403375 0.35995278124999996 0.4082389828125 0.3810978296875 0.466975903125 0.509413334375
1 0 0.548144525 0.0055872015625 0.5768881859375 0.0122524140625 0.5992390421875 0.10240077656249999 0.5805931859375 0.054422146875 0.4381325875 0 0.44709245312499996 0 0.548144525
0 0.1462490734375 0.4305986359375 0.0587321625 0.44412404843750003 0.10603937968749999 0.5798859125 0.1947645703125 0.5603939062500001 0.1462490734375 0.4305986359375
0 0.3197102453125 0.3978312828125 0.23407033593749998 0.41333555781250003 0.287592921875 0.5436077796875 0.3765394140625 0.5249701828125 0.3197102453125 0.3978312828125
0 0.232758834375 0.41266005312500004 0.147356325 0.4286931046875 0.19821734375 0.56196833125 0.2871773109375 0.5469218421875001 0.232758834375 0.41266005312500004
0 0.4033365203125 0.38292413125 0.321653671875 0.3990064640625 0.376777234375 0.5242498796875 0.46331612968749997 0.5087765734375 0.4033365203125 0.38292413125
1 1 0.556749409375 0.9830867546875 0.5264633078125 0.9078829468749999 0.537521003125 0.9935943171874999 0.7170867000000001 1 0.7157209359375 1 0.556749409375
1 0.2372836203125 0.6704641875 0.1439060546875 0.685162284375 0.2092556921875 0.8723453296875 0.307705390625 0.8542849921875 0.2372836203125 0.6704641875
1 0.8271192171875 0.5527894921875001 0.9105958781249999 0.7369871703124999 0.9916706984375001 0.717998784375 0.9039209703125 0.5396988859375 0.8271192171875 0.5527894921875001
1 0.3387825921875 0.651155646875 0.4114849609375 0.83518863125 0.5077991328125 0.817005225 0.4284203265625 0.6290055953125 0.3387825921875 0.651155646875
0 0.0477732703125 0.7077064125 0.1094676765625 0.8947102984375 0.2077702359375 0.8703247031249999 0.14157638125 0.6870438890624999 0.0477732703125 0.7077064125
1 0.7165407765625 0.5772965015625 0.8017823828124999 0.7587843234375 0.8915118359375 0.7424190312500001 0.8028548953125 0.559451921875 0.7165407765625 0.5772965015625
1 0.432726565625 0.6340884484375 0.5076866 0.8148744078125001 0.6011713671875001 0.7945501171875 0.5238320484375001 0.62014654375 0.432726565625 0.6340884484375
0 0.24111646874999998 0.6688488421875001 0.3110679375 0.85578406875 0.4106686046875 0.8358854875 0.3372744734375 0.6569478375 0.24111646874999998 0.6688488421875001
1 0.616667409375 0.601013834375 0.7053887375000001 0.780212215625 0.8005167500000001 0.7590303375 0.7141078640625 0.57831711875 0.616667409375 0.601013834375
0 0.5940168609375001 0.77333755625 0.6028895921874999 0.7926016125 0.7016651546875 0.7793214875000001 0.61394930625 0.601553178125 0.526379840625 0.6194247421875 0.5940168609375001 0.77333755625
1 0 0.201766478125 0.0485404 0.1918253046875 0.0107331484375 0.0943968875 0 0.096526190625 0 0.201766478125
1 0.09027982812499999 0.07893457968749999 0.011126645312499999 0.094295171875 0.049458675 0.1929091875 0.13021138125 0.1763708671875 0.09027982812499999 0.07893457968749999
0 0.167957746875 0.0644932953125 0.0910844921875 0.078104009375 0.1310889375 0.177504725 0.21270934531250002 0.1642744640625 0.167957746875 0.0644932953125
1 0.245545534375 0.052046896875000005 0.1692695359375 0.063960075 0.2129465578125 0.16422835468750002 0.29163815 0.1511282125 0.245545534375 0.052046896875000005
1 0.3291511359375 0.041505090625000005 0.2458202171875 0.0515387578125 0.291779184375 0.1506616078125 0.37171995625 0.1351226953125 0.3291511359375 0.041505090625000005
1 0.8036952921875 0.76100369375 0.888848696875 0.9337738171875 0.985100415625 0.9150643781250001 0.8937073640625 0.74405654375 0.8036952921875 0.76100369375
1 0.708511428125 0.7852532984375 0.790335275 0.9529228875 0.8868798531250001 0.9341565218750001 0.8005426171875 0.7621659359375 0.708511428125 0.7852532984375
1 1 0.7408967 0.9885094921875 0.7192403281249999 0.8989068296875 0.740580534375 0.987743575 0.9145505999999999 1 0.9121681921875 1 0.7408967
1 0.6117586828125 0.7995896640625 0.6876139328125 0.97288989375 0.787503490625 0.9534733296875 0.70340145 0.7850411078125 0.6117586828125 0.7995896640625
1 0.363457496875 1 0.3052660171875 0.8584379546875001 0.21302195 0.8758189609375 0.25711086875 1 0.363457496875 1
1 0.4757923796875 1 0.4069249609375 0.8402745953125 0.309070821875 0.859703503125 0.3670714859375 1 0.4757923796875 1
1 0.5481445218750001 1 0.585168484375 0.9928032703125 0.508974275 0.8228339218749999 0.40878144843750003 0.8403217203125 0.4769287234375 1 0.5481445218750001 1
1 0.5113718515625 0.8210188015625001 0.5851902203125 0.9927990453125 0.6857036171875001 0.9732612203125001 0.6074818109375 0.800491725 0.5113718515625 0.8210188015625001
1 0.253633565625 1 0.21123863437499998 0.8767150265625 0.111149259375 0.89881419375 0.14315761875 1 0.253633565625 1
1 0.56028476875 0 0.6076441203125 0.0970726265625 0.6823431171875 0.0812183328125 0.64020955 0 0.56028476875 0
1 0.37158018125000003 0.134710675 0.4469659359375 0.11886345625000001 0.400978728125 0.028860790625 0.3302796890625 0.041285721875 0.37158018125000003 0.134710675
1 0.64194750625 0 0.6832044374999999 0.0823233828125 0.7599538453125 0.06880089218749999 0.7156582671875 0 0.64194750625 0
1 0.5324554171875 0 0.478347515625 0.013303545312500002 0.52749653125 0.10798176562499999 0.6053426359375 0.094851434375 0.5556631984375 0 0.5324554171875 0
1 0.4757830765625 0.014759487499999998 0.40165148906250003 0.027570412500000002 0.44851944843749997 0.12019438593750001 0.5263444484375001 0.10770188124999999 0.4757830765625 0.014759487499999998
1 0.8012842859375 0 0.8380839296874999 0.0549482203125 0.9108708515625 0.040799875 0.883180896875 0 0.8012842859375 0
1 0.718536559375 0 0.760672171875 0.07333123750000001 0.8360772890625 0.055338271875 0.797902790625 0 0.718536559375 0
1 0.8854222953124999 0 0.9109812703125 0.039444134375 0.9196108031250001 0.0382889109375 0.9121681921875 0 0.8854222953124999 0