1 0.8509536000000001 0.202411621875 0.8942291640625 0.3133317703125 0.967362771875 0.3100290234375 0.9206055296875 0.1987366625 0.8509536000000001 0.202411621875
1 0.7736317265625 0.21051045937500001 0.8216264828125001 0.3226404234375 0.8914975406250001 0.316396121875 0.8429027906250001 0.2043266234375 0.7736317265625 0.21051045937500001
1 0.5967982796875 0.22856729374999998 0.52217570625 0.23179570625 0.5173297359375 0.2321345703125 0.5601611109375 0.34557430624999996 0.63892181875 0.337537646875 0.5967982796875 0.22856729374999998
1 0.6016621671875 0.22664331875000002 0.6432502796875 0.3352329390625 0.725254915625 0.334932384375 0.6798611140624999 0.22128060781249997 0.6016621671875 0.22664331875000002
1 0.68383205625 0.21979237187499998 0.72967095 0.33750500625 0.8125334515624999 0.33125788125 0.7648280765625 0.21369242187499998 0.68383205625 0.21979237187499998
1 0.4400184125 0.2391068609375 0.47975013437499997 0.3545674 0.5606346984374999 0.3463822296875 0.5178931890625 0.2336613265625 0.4400184125 0.2391068609375
1 0.3538277953125 0.2474965234375 0.39309391250000003 0.3642766046875 0.47720826406250005 0.3564978796875 0.43805249999999996 0.23910018281249998 0.3538277953125 0.2474965234375
0 0.10223082812499999 0.2629149296875 0.0187554609375 0.267955253125 0.0525881671875 0.408952865625 0.13799945625 0.40241500312499995 0.10223082812499999 0.2629149296875
1 0.1027323734375 0.2636767 0.1401423296875 0.4054759875 0.227767725 0.40007284218750006 0.1925085328125 0.258992625 0.1027323734375 0.2636767
0 0.27141204218750004 0.2526783125 0.3149822078125 0.396127134375 0.39706070000000004 0.389755353125 0.35109684375 0.2447156796875 0.27141204218750004 0.2526783125
0 0.192899178125 0.25816846718750003 0.2288779796875 0.4008835421875 0.31334630625000004 0.393080059375 0.2692924609375 0.2544202140625 0.192899178125 0.25816846718750003
1 0.8978176984375 0.3261853421875 0.8175043109375 0.33344030468749997 0.874942234375 0.48398785 0.9620714296875 0.47854333125000004 0.8978176984375 0.3261853421875
1 1 0.48253960625000003 0.9887992828125001 0.32236190625 0.9014966781249999 0.32497529062499997 0.9654118015625001 0.48479119375 1 0.48587813906250005 1 0.48253960625000003
1 0.5614188546875 0.35697333750000004 0.482733609375 0.3635881640625 0.5299272187499999 0.511489478125 0.6167857999999999 0.5021750125 0.5614188546875 0.35697333750000004
1 0.8143129437500001 0.34174673437499997 0.7292646953124999 0.347904046875 0.791031559375 0.4937443265625 0.8714961734375001 0.48163624374999997 0.8143129437500001 0.34174673437499997
1 0.644237334375 0.3537746828125 0.5652008890625 0.35833983125 0.6162409281250001 0.500916821875 0.703776040625 0.5012772187500001 0.644237334375 0.3537746828125
0 0.648138765625 0.355650284375 0.7059982453125 0.501769971875 0.7894087296875 0.4952891984375 0.7262866203125 0.3486853828125 0.648138765625 0.355650284375
1 0.4454712515625 0.5238766640625 0.528973975 0.5135005703125 0.4790969203125 0.3633779921875 0.3983165921875 0.3709711375 0.4036670296875 0.392442303125 0.4454712515625 0.5238766640625
1 0 0.5174603906249999 0.0027014 0.556092209375 0.0820874265625 0.549588496875 0.052448834374999996 0.40571322500000007 0 0.4078703109375 0 0.5174603906249999
0 0.1427308484375 0.409318675 0.0559264375 0.41203658593750003 0.08571376562500001 0.54933491875 0.174408828125 0.5409735609374999 0.1427308484375 0.409318675
0 0.315493553125 0.3981514671875 0.23027912968750003 0.40301175 0.266773640625 0.5357242734375001 0.3555817796875 0.528217915625 0.315493553125 0.3981514671875
0 0.2290834796875 0.402200715625 0.1440368015625 0.40760207499999995 0.177581028125 0.5429109328124999 0.265972203125 0.5388892140625 0.2290834796875 0.402200715625
0 0.3986764953125 0.3936310375 0.31724444687500003 0.3995222375 0.35589952812500003 0.5275475515625 0.441985271875 0.5228241390624999 0.3986764953125 0.3936310375
1 1 0.7343109890624999 0.9457857578125 0.601747996875 0.8712618437499999 0.6035357328125001 0.93318380625 0.7878836406249999 1 0.78200023125 1 0.7343109890624999
1 0.2026124765625 0.652784428125 0.1099631546875 0.655943253125 0.15115375625 0.8452594953125001 0.2491427078125 0.8394423812499999 0.2026124765625 0.652784428125
1 0.7908218875 0.608746809375 0.8500139593749999 0.7973217359375 0.93120221875 0.7885396765625 0.8671446265625 0.6051772375 0.7908218875 0.608746809375
1 0.3037189265625 0.6461190484375 0.352443565625 0.8332538234375001 0.44836864218750005 0.82706355625 0.3936205453125 0.6352880828125 0.3037189265625 0.6461190484375
0 0.0136923828125 0.6663845687500001 0.051346621875 0.8550926578125001 0.14994988125 0.8431231468749999 0.107470225 0.6574913765625 0.0136923828125 0.6663845687500001
1 0.6802553578125 0.6193752203125 0.741489878125 0.8055315828125 0.8307879765624999 0.8003221921874999 0.766406303125 0.6123251828125 0.6802553578125 0.6193752203125
1 0.3972032890625 0.6407297265625 0.4485143 0.824983490625 0.5419417703125 0.816380521875 0.4875505171875 0.638034325 0.3972032890625 0.6407297265625
0 0.2065366390625 0.6516731890624999 0.2522361109375 0.8412959531249999 0.351565509375 0.833832690625 0.3015573125 0.6515577078125 0.2065366390625 0.6516731890624999
1 0.58020318125 0.6305099046875 0.645098878125 0.814859253125 0.7402285109375 0.8056197875000001 0.67776505 0.6200759953125 0.58020318125 0.6305099046875
0 0.5375183984375 0.794956075 0.5438475640625 0.814694846875 0.6415812062499999 0.8135528187500001 0.5774929249999999 0.6307099984375 0.490116853125 0.637637025 0.5375183984375 0.794956075
1 0 0.172214534375 0.0762221484375 0.16611912499999998 0.05109071093749999 0.0671296359375 0 0.07089958125 0 0.172214534375
1 0.130369265625 0.061585940625 0.051485903124999996 0.06707774375 0.0769861453125 0.16727951875 0.15756744843749998 0.16083551406250002 0.130369265625 0.061585940625
1 1 0.7805778078125 0.9315213968749999 0.789822246875 0.9963757296875 0.9665109765625 1 0.9662575421874999 1 0.7805778078125
0 0.20770658125 0.056810459375 0.13125195625 0.060875990625 0.1582858265625 0.1620395390625 0.23931552812499998 0.15890716093749999 0.20770658125 0.056810459375
1 0.2847172546875 0.053959121875 0.2090472703125 0.0564491765625 0.23955194062500001 0.1588906296875 0.3177152953125 0.155536396875 0.2847172546875 0.053959121875
1 0.3673572703125 0.0536702109375 0.2850454734375 0.053498915625 0.3179084546875 0.1551005921875 0.397579771875 0.14952943125 0.3673572703125 0.0536702109375
1 0.7430860109374999 0.80791149375 0.8033217109375 0.9800106281250001 0.8990449734375 0.97331700625 0.8327288812500001 0.8021713437500001 0.7430860109374999 0.80791149375
1 0.64753461875 0.8201197328125 0.7051644203125 0.9868744546875 0.8013144984375 0.9801509875000001 0.7398781609375 0.8086640984375 0.64753461875 0.8201197328125
1 0.8382060750000001 0.799417840625 0.901795646875 0.9731246609375 0.9960132187499999 0.9665363265625 0.9279765687499999 0.78936818125 0.8382060750000001 0.799417840625
1 0.5516433859375 0.82252660625 0.6030406828125 0.9940156421875 0.7022862421875 0.9870757171875001 0.6425862312499999 0.819306659375 0.5516433859375 0.82252660625
1 0.289425796875 1 0.246270978125 0.8431804749999999 0.1544036328125 0.8490761750000001 0.1880768328125 1 0.289425796875 1
1 0.3950793890625 1 0.34739598437499997 0.8376448234374999 0.24982281562500003 0.8448601 0.29285166406249996 1 0.3950793890625 1
1 0.5005287703125 1 0.44881441093749996 0.83285650625 0.349197353125 0.8379111546875 0.39614934375 1 0.5005287703125 1
1 0.5174603828125 1 0.60106115625 0.9941540640625 0.5473724625 0.8228932578125001 0.4513654734375 0.831380934375 0.5006660468749999 1 0.5174603828125 1
1 0.1845162171875 1 0.1525605296875 0.8497333484375 0.0524919 0.8592728921875 0.07877120625 1 0.1845162171875 1
1 0.5942013265625 0.031907203125 0.631773496875 0.14066156093749999 0.70638050625 0.1341615796875 0.6655301015624999 0.024759890625 0.5942013265625 0.031907203125
1 0.3974930671875 0.1491132 0.47276768281250003 0.14270169375 0.43878495937500006 0.049942387500000004 0.36848201875000003 0.053591560937500005 0.3974930671875 0.1491132
1 0.6677294390624999 0.025247575 0.7070865296875 0.1353357328125 0.783410040625 0.1313410515625 0.7311125390625001 0.0233812984375 0.6677294390624999 0.025247575
1 0.5159550312500001 0.044047790625 0.552455346875 0.141717696875 0.6297993625 0.138233703125 0.59083180625 0.035115112500000004 0.5159550312500001 0.044047790625
1 0.51328456875 0.0451551609375 0.43959433125 0.048770790625 0.4741203984375 0.14417718906250002 0.5513674843749999 0.141309321875 0.51328456875 0.0451551609375
1 0.8062644062500001 0.0190018625 0.861116978125 0.1271902046875 0.933658559375 0.122117603125 0.8797886640625 0.01747518125 0.8062644062500001 0.0190018625
1 0.783566659375 0.13582042968750002 0.8591171015624999 0.1273300484375 0.8149799484375 0.04317574375 0.8021510828125 0.0196967515625 0.7368811109375 0.0255438234375 0.783566659375 0.13582042968750002
1 0.9339284015624999 0.12081578281250001 0.9746741265625 0.120362746875 0.967007390625 0.010723315625 0.8829358031250001 0.0163339734375 0.9339284015624999 0.12081578281250001