1 0.8111382875 0.145362846875 0.8690740578125 0.24859607343749998 0.940576725 0.23523442656250002 0.8791636281249999 0.132115996875 0.8111382875 0.145362846875
1 0.7361785000000001 0.1640258453125 0.7989252 0.267797934375 0.8668104765625 0.25199093906250003 0.8034817828125 0.1483613234375 0.7361785000000001 0.1640258453125
0 0.5646827171875 0.20624983125 0.4917046921875 0.219744115625 0.486983403125 0.22074765625 0.544830903125 0.3265231515625 0.621215040625 0.30772248125 0.5646827171875 0.20624983125
1 0.5692022046874999 0.20368306406249997 0.6251549921875 0.30485484375 0.7058019078125 0.29322295625 0.6454037546875 0.187592896875 0.5692022046874999 0.20368306406249997
1 0.649104946875 0.18557860937499998 0.7105032 0.2951455890625 0.7911710249999999 0.2775399328125 0.727956621875 0.16837588125 0.649104946875 0.18557860937499998
0 0.4118780484375 0.2382999640625 0.46695538281250004 0.3464936875 0.5454087328125 0.32725319218750004 0.4877491640625 0.22217305937499998 0.4118780484375 0.2382999640625
1 0.3282321140625 0.25847529062499996 0.38303398125 0.36803264062499996 0.464721546875 0.3487458734375 0.40994276249999995 0.238565146875 0.3282321140625 0.25847529062499996
0 0.08280747031249999 0.308436371875 0.0013695546875000001 0.324938490625 0.0541776640625 0.45909226875 0.1373131234375 0.44084801249999994 0.08280747031249999 0.308436371875
0 0.0834064203125 0.309117103125 0.13984533906250002 0.44356573125 0.2253164546875 0.4261326859375 0.1710933171875 0.29209476093750003 0.0834064203125 0.309117103125
0 0.2478563890625 0.2749702265625 0.310585 0.41019147812499995 0.3904641453125 0.3925714609375 0.3251600375 0.25611470000000003 0.2478563890625 0.2749702265625
0 0.17136360625 0.2912292703125 0.226521115625 0.4267774484375 0.308553546875 0.4074173734375 0.246011959375 0.2769783578125 0.17136360625 0.2912292703125
0 0.8743843281249999 0.26075604218750004 0.7963642203125 0.2790016671875 0.8737207031249999 0.419295528125 0.9586978500000001 0.4018903359375 0.8743843281249999 0.26075604218750004
1 0.9628495062500001 0.4075804203125 0.990879103125 0.404537434375 0.95707324375 0.24549337499999999 0.8778367546875 0.25905602031249997 0.9628495062500001 0.4075804203125
1 0.5476464375 0.33757312968750003 0.4711397265625 0.354963390625 0.5380499890625 0.49406781874999994 0.6222251453125 0.4728895640625 0.5476464375 0.33757312968750003
1 0.7943739359374999 0.287621596875 0.7115430093749999 0.30544096875000004 0.7925073265625 0.44050149375 0.8700044140625 0.4174564296875 0.7943739359374999 0.287621596875
1 0.62869295 0.32297518125 0.5515569375 0.338395809375 0.621514846875 0.47172603124999996 0.7076949765625 0.4599804265625 0.62869295 0.32297518125
1 0.6327914078125 0.3242826390625 0.709949728125 0.46015841875 0.7911243984375 0.44224695468749997 0.7087208921875 0.3066219703125 0.6327914078125 0.3242826390625
1 0.45666424375 0.5179394421875 0.5373904406250001 0.49617977343749997 0.46753231093750003 0.35525916875 0.38909957031250003 0.3739023265625 0.397336403125 0.3943038875 0.45666424375 0.5179394421875
1 0 0.55255211875 0.00829711875 0.5915869921875 0.015157337500000001 0.6131852046875 0.10267176250000001 0.593488665625 0.05359210156250001 0.45592167968749997 0 0.4657131328125 0 0.55255211875
0 0.1429242609375 0.44699153750000004 0.0578892375 0.4616671296875 0.10620480000000002 0.5927376953125 0.1923189046875 0.5722440343749999 0.1429242609375 0.44699153750000004
1 0.31136836875 0.41211401406250003 0.22819438593750002 0.42867926093750003 0.28247466875 0.554307325 0.3688183921875 0.5346398906250001 0.31136836875 0.41211401406250003
0 0.226905653125 0.42804597187500004 0.143971625 0.44512078906249997 0.195708384375 0.5737131203125 0.2821242203125 0.5575344125 0.226905653125 0.42804597187500004
1 0.392590521875 0.396164221875 0.3132809203125 0.41322168281250005 0.3690382421875 0.5339359046875 0.453088509375 0.5173849796875001 0.392590521875 0.396164221875
1 1 0.5945596484375 0.9597288515625 0.5254527609374999 0.886648471875 0.5375148734375 0.973096034375 0.710469775 1 0.7042422515625 1 0.5945596484375
1 0.23554795624999997 0.678437765625 0.144822865625 0.6943554703125 0.211559559375 0.875068159375 0.3071705921875 0.8557948953125001 0.23554795624999997 0.678437765625
1 0.8082208890624999 0.5537655203125 0.8925675203125 0.7312598453125 0.9712370625 0.711389653125 0.8828245656249999 0.5397002953125 0.8082208890624999 0.5537655203125
1 0.3341090296875 0.6578983234375 0.40795686406250004 0.8354215999999999 0.501485490625 0.81606621875 0.4210684578125 0.6348062171875 0.3341090296875 0.6578983234375
0 0.051542565625 0.7179443546875001 0.1147154671875 0.8985470875000001 0.2100792703125 0.8731310625 0.14258425156250001 0.6962244125 0.051542565625 0.7179443546875001
1 0.7009001671874999 0.57951480625 0.786921665625 0.7543453999999999 0.87406545625 0.7368719015625 0.7846925125 0.5606639984374999 0.7009001671874999 0.57951480625
1 0.42534699062500003 0.63966896875 0.5013408671875 0.813997984375 0.59207798125 0.7926122390625 0.5138710875 0.624525796875 0.42534699062500003 0.63966896875
0 0.239255309375 0.6768011453125 0.310470940625 0.857192359375 0.40717303281249995 0.8361129500000001 0.33273498749999997 0.6635522093749999 0.239255309375 0.6768011453125
0 0.6039951359375 0.6043091281249999 0.6933689046875 0.7768543734375 0.7856927515625001 0.7546066140625001 0.698546834375 0.5805490625 0.6039951359375 0.6043091281249999
1 0.5847598015625 0.7721285250000001 0.5937198390625 0.7906890203125 0.6897268375000001 0.776054284375 0.6013560765625 0.6048808015625 0.5163412375 0.6237798437500001 0.5847598015625 0.7721285250000001
1 0 0.2264956828125 0.04381670625 0.2167235171875 0.0053854296875 0.12272942656250001 0 0.123895796875 0 0.2264956828125
1 0.08262420312499999 0.10631181875 0.00576709375 0.12262370468749999 0.0447290734375 0.21776046718750003 0.123125059375 0.2002762984375 0.08262420312499999 0.10631181875
0 0.158059240625 0.09091896875 0.0833944484375 0.10549076093750001 0.12399858125 0.2013625140625 0.20329419999999998 0.1870770953125 0.158059240625 0.09091896875
1 0.2334392375 0.0774658421875 0.15932839999999998 0.0903779078125 0.20352452968749998 0.1870281375 0.2799690921875 0.172920503125 0.2334392375 0.0774658421875
1 0.31471294843750003 0.0657575890625 0.23369848124999998 0.0769673375 0.28009882343750003 0.1724646953125 0.3577202546875 0.15596575 0.31471294843750003 0.0657575890625
1 0.876231190625 0.7384243328125 0.7888216328125 0.756468090625 0.8762826078125 0.9260661015625 0.9702531328124999 0.9068706890625 0.876231190625 0.7384243328125
1 0.7857694515625 0.75765256875 0.6964937625000001 0.7816973 0.7816890765625 0.948508503125 0.8747657406249999 0.9271671609375 0.7857694515625 0.75765256875
1 1 0.7700681656249999 0.9681778734375 0.7126513265625001 0.881239309375 0.7349560046875 0.9748171093750001 0.9102448046875 1 0.904892015625 1 0.7700681656249999
1 0.780305178125 0.9515895921874999 0.691512240625 0.781580765625 0.6024746999999999 0.7973227578125 0.682349965625 0.9711809671875 0.734188090625 0.9613920828125 0.780305178125 0.9515895921874999
1 0.36543816875 1 0.30486241875000003 0.8598725140625 0.21528562343750002 0.8783769328125001 0.260931615625 1 0.36543816875 1
1 0.47583842968749995 1 0.40359814062500005 0.8404428718749999 0.30858976562499996 0.8610353343750001 0.36899502968750003 1 0.47583842968749995 1
1 0.55255211875 1 0.5834692265625 0.993428365625 0.5027260265625 0.8217085140625 0.4054074671875 0.8404560968749999 0.4769294390625 1 0.55255211875 1
1 0.5050318828125 0.819902975 0.58335364375 0.9934529328125 0.6811203046875 0.9726719875000001 0.5983230765625 0.79827416875 0.5050318828125 0.819902975
1 0.25750209062499996 1 0.21356307343749997 0.8792787890625 0.1164210359375 0.902504759375 0.149180503125 1 0.25750209062499996 1
1 0.588019559375 0 0.5349036593750001 0.012971145312499998 0.5869277609375 0.11486027968750001 0.659437584375 0.09814685625 0.6062270109375001 0 0.588019559375 0
1 0.35757732343750004 0.1555679015625 0.43075628750000006 0.1388493078125 0.38447823125 0.052213212499999995 0.3158087578125 0.0655246671875 0.35757732343750004 0.1555679015625
1 0.6082955671875 0 0.660294815625 0.0992053671875 0.73484040625 0.084721459375 0.6780552937500001 0 0.6082955671875 0
1 0.45959378749999996 0.035741564062499995 0.5090288109375 0.12686476875 0.5846492203125 0.1127426296875 0.5320322890625 0.016595540625 0.45959378749999996 0.035741564062499995
1 0.4571194796875 0.0372010703125 0.385112428125 0.0509477390625 0.432291546875 0.14011513281250002 0.5079018750000001 0.12661305 0.4571194796875 0.0372010703125
1 0.762020734375 0 0.8107256015625 0.06989254687499999 0.881400740625 0.0548700828125 0.8426588531249999 0 0.762020734375 0
1 0.6822138062499999 0 0.7356145953125 0.08911034531249999 0.8087771796875 0.07030669687499999 0.758329121875 0 0.6822138062499999 0
1 0.845364609375 0 0.881486040625 0.0535509671875 0.9151868453124999 0.0484333640625 0.9048920171875 0 0.845364609375 0