1 0.8940061125 0.12062069687500002 0.8469726984375001 0.06195964375 0.776010528125 0.08641670312500001 0.8538377984375 0.1887605640625 0.9117245296875 0.1693016484375 0.8940061125 0.12062069687500002
1 0.6984319609375 0.1177400703125 0.7815019624999999 0.2199415515625 0.8519250953125 0.192751803125 0.7682523984375 0.0907909078125 0.6984319609375 0.1177400703125
1 0.520872865625 0.1888930875 0.44463530625000003 0.2143595453125 0.439722965625 0.2161474921875 0.5178416125 0.3212390796875 0.5969272375 0.2895538765625 0.520872865625 0.1888930875
1 0.5253313375 0.185454009375 0.6007183203124999 0.285878153125 0.68546546875 0.26126402031249996 0.6046327078125 0.15671164531249998 0.5253313375 0.185454009375
1 0.608297253125 0.15398961875 0.6908007234375 0.2626264875 0.774663128125 0.2315837921875 0.690272578125 0.12365286874999999 0.608297253125 0.15398961875
1 0.361819571875 0.24629803749999998 0.43733377031250004 0.3544064125 0.518572340625 0.3219376 0.44076089218750003 0.217565746875 0.361819571875 0.24629803749999998
1 0.27515264687499996 0.28055161875 0.3505784203125 0.3901680578125 0.4352794484375 0.3571641109375 0.3597837765625 0.2468737015625 0.27515264687499996 0.28055161875
0 0 0.5168767359374999 0.0116277921875 0.5374643390625 0.0980403609375 0.5053644390625001 0.0194617046875 0.3711213140625 0 0.377995215625 0 0.5168767359374999
1 0.0202076 0.37176362812499997 0.10116949374999999 0.507907621875 0.1902108109375 0.47632975 0.11168825625 0.3402949875 0.0202076 0.37176362812499997
0 0.1914349203125 0.3103557796875 0.279261378125 0.44638691093749994 0.36227554687499997 0.41544712500000003 0.271498615625 0.27847358125 0.1914349203125 0.3103557796875
0 0.1118467734375 0.33932349687499996 0.19160102031249998 0.4768424765625 0.276660871875 0.443707928125 0.189761271875 0.3127925359375 0.1118467734375 0.33932349687499996
1 0.8613809734375 0.2010429875 0.7804560796875 0.23237669218749998 0.8847448375000001 0.3716687296875 0.9732604874999999 0.34019494687499996 0.8613809734375 0.2010429875
1 0.86482638125 0.19869632343750002 0.973569728125 0.33921993281249996 0.9164273421875 0.1822225203125 0.86482638125 0.19869632343750002
1 0.5225400078125 0.33270198125 0.44310871093750004 0.36288853125 0.5360107125 0.5024688859374999 0.6230930531250001 0.467057128125 0.5225400078125 0.33270198125
1 0.779630034375 0.24194703281250002 0.69347963125 0.273544221875 0.800843940625 0.406665815625 0.8804789234375001 0.3702482921875 0.779630034375 0.24194703281250002
1 0.607265396875 0.3048375640625 0.5268599093749999 0.33300000625 0.622154390625 0.46591221875000005 0.7128199953125 0.440345396875 0.607265396875 0.3048375640625
1 0.611860546875 0.305628815625 0.7152657984374999 0.44019847343749996 0.7996254781250001 0.408750784375 0.6906315640625 0.2752380359375 0.611860546875 0.305628815625
1 0.4523297125 0.5403590390625 0.53562390625 0.5048394984375 0.4392837890625 0.3637480421875 0.357976615625 0.395571259375 0.3699108140625 0.4162792046875 0.4523297125 0.5403590390625
1 0 0.5881634890624999 0.037861860937500005 0.6921880984375 0.0840589890625 0.6747444406249999 0.010518146875 0.53414190625 0 0.5376303921875001 0 0.5881634890624999
0 0.1049926328125 0.511130384375 0.01600038125 0.539676875 0.0877349953125 0.673406484375 0.17700129375 0.6384401000000001 0.1049926328125 0.511130384375
0 0.2803936890625 0.448337240625 0.1936848203125 0.4786369671875 0.27099155937499997 0.6056174515625 0.36062965468749997 0.571505303125 0.2803936890625 0.448337240625
0 0.19220616875000002 0.4781492 0.1058320953125 0.508961015625 0.1808604359375 0.6395115953125 0.27110568281249997 0.609141121875 0.19220616875000002 0.4781492
1 0.365102203125 0.418992415625 0.282613578125 0.4492416375 0.36075858906249997 0.5707150984375 0.4484096609375 0.54029926875 0.365102203125 0.418992415625
1 1 0.48168108906249996 0.993130646875 0.4729448109375 0.91656579375 0.49688617500000004 1 0.6182209765625 1 0.48168108906249996
1 0.2395015890625 0.7461753578125 0.14459397499999999 0.7769117875 0.2436284015625 0.9612723187500001 0.3432678109375 0.9261933843750001 0.2395015890625 0.7461753578125
1 1 0.6234247734375 0.9127955968749999 0.49981068906250004 0.8349008281250001 0.52613521875 0.9523374875 0.70439130625 1 0.6849581109375 1 0.6234247734375
1 0.3421133578125 0.7092917953125 0.44829187968750006 0.88915459375 0.5456849312500001 0.8542998421875 0.431891875 0.6714036484375 0.3421133578125 0.7092917953125
0 0.1424763296875 0.7792579875000001 0.07866524999999999 0.8042944875 0.14935098125 0.998501940625 0.24174626093749998 0.9594109124999999 0.1424763296875 0.7792579875000001
1 0.7236833578125 0.56993709375 0.8425122046875 0.74507670625 0.9333417374999999 0.713204303125 0.8107084859375 0.5370862046875 0.7236833578125 0.56993709375
1 0.43722010625 0.6759919703125 0.545215703125 0.8520969390625 0.6393058421875 0.8154772421875001 0.5298842359375 0.6464189375 0.43722010625 0.6759919703125
0 0.2432300953125 0.74385863125 0.3470204609375 0.9272012203125 0.44755601718750004 0.8900158453125 0.341497959375 0.7155793578125 0.2432300953125 0.74385863125
1 0.6234942453125 0.6111487109375 0.7455721703125 0.7833271046875 0.8412335625 0.7455420937499999 0.7213158953125001 0.5714027140625 0.6234942453125 0.6111487109375
0 0.6283446500000001 0.7945430703125 0.6407750765625 0.8131622203125 0.7415436609375 0.7830130937499999 0.620750021875 0.612159653125 0.532420796875 0.6452458859375 0.6283446500000001 0.7945430703125
1 0 0.2661075890625 0.046287028125000004 0.2487330875 0 0.17255310468750001 0 0.2661075890625
0 0 0.17065385625 0.047389046875 0.2497703359375 0.1302836328125 0.222504840625 0.0671555140625 0.1258649765625 0.045341465625 0.13339328749999999 0 0.14989623125 0 0.17065385625
1 0.1459760296875 0.1000823203125 0.068434834375 0.12509254375 0.130523284375 0.2224176140625 0.21038641249999998 0.1957712046875 0.1459760296875 0.1000823203125
1 0.23138397031250002 0.0752919859375 0.1461784296875 0.099507221875 0.210456359375 0.195261465625 0.29121882656250003 0.16586633125 0.23138397031250002 0.0752919859375
1 1 0.7992457015625 0.9359007703125 0.71454909375 0.8448727390625 0.7470747578125 0.9344874078125001 0.8739484031250001 1 0.85010376875 1 0.7992457015625
1 0.74965979375 0.7880672375 0.8351444171875 0.91010629375 0.9321561562499999 0.8747969093749999 0.8417784015625 0.7488068343750001 0.74965979375 0.7880672375
1 1 0.6856484140625 0.9407465046875 0.7100669609375 1 0.79147865625 1 0.6856484140625
1 0.65117420625 0.8189836578125 0.733278290625 0.9471825328125 0.83185824375 0.9113023640625 0.7442981953125 0.7886894765625 0.65117420625 0.8189836578125
1 0.38348136875 1 0.34141095625 0.9309256906250001 0.24812798749999998 0.964272084375 0.2675632 1 0.38348136875 1
1 0.5106798015625 1 0.4443786125 0.895209628125 0.345586034375 0.931617059375 0.3874237078125 1 0.5106798015625 1
1 0.5881634921875001 1 0.6293752796875001 0.9850001359375 0.5478725468750001 0.860182565625 0.44632156875 0.8949523234375001 0.512242409375 1 0.5881634921875001 1
1 0.550071953125 0.857894471875 0.6301083375000001 0.9847333234375 0.7307731890625 0.9480943140625 0.64686505625 0.820630040625 0.550071953125 0.857894471875
1 0.4697516734375 0 0.5308577296875 0.08725551875000001 0.6061041734375 0.058396796875000004 0.5630250640625001 0 0.4697516734375 0
1 0.2910050796875 0.165459853125 0.366968553125 0.13649515 0.3041674734375 0.0502537890625 0.2325241234375 0.0748770046875 0.2910050796875 0.165459853125
1 0.5646294171874999 0 0.607184509375 0.0594066921875 0.6849533828125 0.03264054375 0.655799328125 0 0.5646294171874999 0
1 0.4327969171875 0 0.38224592031250004 0.021264075 0.44911502968750006 0.1118580328125 0.52809185 0.0853197046875 0.4646332765625 0 0.4327969171875 0
1 0.3798132546875 0.0232052515625 0.3046556296875 0.0487974625 0.3688077234375 0.1376262828125 0.447867890625 0.1117564046875 0.3798132546875 0.0232052515625
1 0.6564208140625001 0 0.6864503859375 0.0372450734375 0.7620796546874999 0.00604013125 0.7563286 0 0.6564208140625001 0