1 1 0.3121742125 0.9383070874999999 0.2979530140625 0.9494866015625 0.41856430937500005 1 0.4306130078125 1 0.3121742125
1 0.8604966109375001 0.2842071734375 0.8759473578125 0.4073241171875 0.9459587828125 0.42079593437499996 0.9299049171875 0.29757 0.8604966109375001 0.2842071734375
1 0.6826761218749999 0.2523159140625 0.60886825625 0.23456297187500003 0.6040389640625 0.23353647500000002 0.6140781125 0.35648756875 0.693276828125 0.370697409375 0.6826761218749999 0.2523159140625
1 0.6879673359375 0.2517971234375 0.6981517015625001 0.36965620781249997 0.778350609375 0.392341296875 0.76586754375 0.2684647859375 0.6879673359375 0.2517971234375
1 0.7701642203125 0.26812194843750004 0.78194358125 0.39609488125 0.864647821875 0.4132043515625 0.851003734375 0.2848523453125 0.7701642203125 0.26812194843750004
1 0.526554646875 0.2186917796875 0.5329990078125 0.342750734375 0.6143142687500001 0.3574104609375 0.6041613765625 0.23518759843749998 0.526554646875 0.2186917796875
1 0.439998290625 0.202745209375 0.44561782031249997 0.3279642640625 0.5299744750000001 0.34392655156249996 0.524635915625 0.2181343671875 0.439998290625 0.202745209375
0 0.189877121875 0.1473234859375 0.10691249218750001 0.1288619734375 0.100433971875 0.2762443046875 0.1857097703125 0.293783634375 0.189877121875 0.1473234859375
1 0.1901535328125 0.14820907187500001 0.18694504843749998 0.297377878125 0.2740657875 0.31664744218749996 0.2791738578125 0.16878459375 0.1901535328125 0.14820907187500001
0 0.3580291890625 0.1847189796875 0.36037645937499996 0.3372272953125 0.4423497125 0.35399515625 0.43810994687499993 0.19926016562499999 0.3580291890625 0.1847189796875
0 0.2797865703125 0.168087996875 0.2749231578125 0.31775145312499997 0.3596325703125 0.33378871875 0.355470084375 0.18582869375 0.2797865703125 0.168087996875
1 0.9493886765624999 0.43214123281249994 0.8688922296875001 0.41673177499999997 0.8827973765625 0.580068928125 0.9694449484375 0.59915898125 0.9493886765624999 0.43214123281249994
1 1 0.4438761609375 0.9533221265625 0.4319886609375 0.9709566203125 0.6062056921875 0.9874683296875 0.6115089890625 1 0.552552115625 1 0.4438761609375
1 0.612110925 0.3679887609375 0.5333845734375 0.35240945468749996 0.53802343125 0.510287853125 0.6254916421875001 0.525517096875 0.612110925 0.3679887609375
1 0.8634455437499999 0.423961553125 0.7786311125 0.40615176093749994 0.7980852031250001 0.566098040625 0.8800900578125 0.5768033109374999 0.8634455437499999 0.423961553125
1 0.6939174609375 0.3880674359375 0.6154226703125001 0.370385040625 0.6253120890625 0.52413385 0.7107287 0.549015109375 0.6939174609375 0.3880674359375
1 0.6972031125 0.3909951015625 0.7127615359374999 0.5501197421875 0.7960666390625 0.5671542484375001 0.7755026125 0.406081434375 0.6972031125 0.3909951015625
1 0.45204096250000003 0.4987371140625 0.5365283078124999 0.5119876734375 0.5298906265625 0.3511848375 0.4488431859375 0.335975290625 0.44805044218749995 0.3584743125 0.45204096250000003 0.4987371140625
1 0.101206146875 0.27303675 0.04021951875 0.258229925 0.0088412 0.405853309375 0.089823365625 0.4220582984375 0.101206146875 0.27303675
0 0.18839653750000002 0.3018615421875 0.1028307203125 0.28019575625000004 0.09343722343750001 0.4228264484375 0.18243236875 0.4395024875 0.18839653750000002 0.3018615421875
0 0.360308459375 0.33935046875 0.27569532812499997 0.32022555937499997 0.274140153125 0.460250590625 0.363006053125 0.477794540625 0.360308459375 0.33935046875
0 0.27475462500000003 0.319097290625 0.1901536734375 0.30054858125 0.1849882765625 0.442286225 0.272469834375 0.463121465625 0.27475462500000003 0.319097290625
1 0.4428416421875 0.3582385203125 0.361634675 0.3411817734375 0.363504428125 0.477227934375 0.4489304203125 0.49673086875 0.4428416421875 0.3582385203125
1 0.934746778125 0.8595443890625001 0.9189917515625 0.7150950359375 0.84568419375 0.6959606968750001 0.8544934328125 0.8936125890625 0.9246170484375 0.907201021875 0.934746778125 0.8595443890625001
1 0.17863760625 0.5567615453125 0.0872379703125 0.533889153125 0.07440068125 0.730591028125 0.171762184375 0.7523597468750001 0.17863760625 0.5567615453125
1 0.7656371390625 0.6785167609375 0.770594275 0.8795379015625 0.85237358125 0.893698946875 0.8412016375 0.6964124468749999 0.7656371390625 0.6785167609375
1 0.2792825859375 0.5785742 0.2744173109375 0.7752536640625001 0.369867128125 0.79607909375 0.3701488828125 0.59317295 0.2792825859375 0.5785742
0 0 0.7163719578125 0.0738235203125 0.7281642390624999 0.084368446875 0.5347047265625 0 0.5189443109375 0 0.7163719578125
1 0.6546389968749999 0.6579292546875 0.6622695984375 0.8571572625 0.7509701640625 0.87708504375 0.7407810046875001 0.67517491875 0.6546389968749999 0.6579292546875
1 0.3721233828125 0.5994990609374999 0.3705926171875 0.7940855109375 0.464278840625 0.8118513437500001 0.46114405156249993 0.622179615625 0.3721233828125 0.5994990609374999
0 0.182782884375 0.5567743187499999 0.1742646078125 0.75503944375 0.2733971953125 0.7755737765624999 0.27564595625 0.583287728125 0.182782884375 0.5567743187499999
1 0.5537709328125 0.6407832015625 0.5654849625 0.8392697921875 0.661012571875 0.8568900734374999 0.65200960625 0.6579168203125 0.5537709328125 0.6407832015625
0 0.4659641828125 0.78965779375 0.46661332343749995 0.8107367140624999 0.5624146484375 0.8370063328124999 0.5510670390625 0.6402194437500001 0.46376262968750004 0.62251016875 0.4659641828125 0.78965779375
1 0.112876740625 0 0.11107567968750001 0.0290871984375 0.191606496875 0.0453648828125 0.1930048734375 0 0.112876740625 0
1 0.1934407796875 0 0.1920275453125 0.0467138828125 0.2725583640625 0.06299156875 0.27331362656249997 0 0.1934407796875 0
1 0.9048920171875 1 0.9249473437500001 0.90564710625 0.8523258078125 0.8950427968750001 0.8599215703124999 1 0.9048920171875 1
0 0.27410247656250003 0 0.2729226125 0.0643704578125 0.3529630140625 0.0840127109375 0.3512198828125 0 0.27410247656250003 0
1 0.352363609375 0 0.35319861406249997 0.0840627890625 0.4305009328125 0.10268485624999998 0.4269471078125 0 0.352363609375 0
1 0.4274012 0 0.43081182656249994 0.1023127484375 0.5102089125 0.11918911875 0.507558990625 0.01696575625 0.4488708234375 0 0.4274012 0
1 0.7632414546875 1 0.7523478906250001 0.87943746875 0.6631616890625 0.8599321828125 0.6711755453125 1 0.7632414546875 1
1 0.6688708890624999 1 0.659816765625 0.8597693718749999 0.5663896859374999 0.8450973046874999 0.5746416671875 1 0.6688708890624999 1
1 0.8582806859375 1 0.8489899875000001 0.8936053812500001 0.7584708484375 0.878279221875 0.7671741828124999 1 0.8582806859375 1
1 0.571588759375 1 0.561783309375 0.8429154671875001 0.4720336828125 0.8205810359375001 0.4741343640625 1 0.571588759375 1
1 0.076505575 0.7352345765625 0.0654971234375 0.918813859375 0.16588866875 0.9401527421875 0.1679085921875 0.7552110609375 0.076505575 0.7352345765625
1 0.1709076546875 0.7578490906249999 0.1692768921875 0.94087293125 0.2693933125 0.9621533328125 0.268254959375 0.7781338390625 0.1709076546875 0.7578490906249999
1 0.2699401421875 0.7788990953125 0.270394359375 0.9623661125 0.372425725 0.9840535484374999 0.3686784546875 0.8018697625 0.2699401421875 0.7788990953125
1 0.47213776249999995 1 0.46775839374999995 0.8197428562500001 0.371584428125 0.8011414390624999 0.37249391875 0.98406804375 0.44744788281250003 1 0.47213776249999995 1
1 0 0.904892015625 0.06173900156249999 0.918015046875 0.0745206984375 0.7353608515625 0 0.7214781015625 0 0.904892015625
1 0.7352765734375 0.0592460078125 0.7414913656250001 0.17614088125 0.8162012750000001 0.19068972343749999 0.8069652953125 0.07224311875 0.7352765734375 0.0592460078125
1 0.51024090625 0.11875772968750001 0.5855782296875 0.133580178125 0.5783856265625 0.033334990625 0.5086798671875 0.01720400625 0.51024090625 0.11875772968750001
1 0.8089772125 0.0733363859375 0.816561828125 0.19203593593749999 0.8922462703124999 0.2095160640625 0.87142274375 0.089272071875 0.8089772125 0.0733363859375
1 0.655429796875 0.049194139062499996 0.6637051828125 0.1549475796875 0.7402434265625 0.1732131453125 0.7310853093749999 0.0614392890625 0.655429796875 0.049194139062499996
1 0.65251040625 0.0495288890625 0.579504825 0.03241591875 0.5864860828125 0.1354023328125 0.6627568890625 0.1542433328125 0.65251040625 0.0495288890625
1 1 0.12030998749999999 0.9460704171875 0.1060475765625 0.9693260374999999 0.2272311140625 1 0.233751065625 1 0.12030998749999999
1 0.891143396875 0.21394097968749998 0.9673330453125001 0.226807490625 0.9478074624999999 0.13213292968749998 0.9418570687500001 0.10557458906249999 0.8764520593749999 0.0930035640625 0.891143396875 0.21394097968749998