1 1 0.3363674640625 0.9627938015625 0.3264101703125 0.9697740343750001 0.448744596875 1 0.45708065781249996 1 0.3363674640625
1 0.8847440359375 0.309799196875 0.89594614375 0.4348159046875 0.9661334874999999 0.45087787968750004 0.9543264921875 0.325729946875 0.8847440359375 0.309799196875
0 0.7063937484375 0.27135495781249996 0.63252713125 0.250832153125 0.627689175 0.24962591406249998 0.6334348453125 0.3742862421875 0.7128693140625 0.3914147515625 0.7063937484375 0.27135495781249996
1 0.7117531015624999 0.2710149328125 0.7178270671875 0.3905320234375 0.7979686625 0.41626434999999995 0.789789175 0.2905831578125 0.7117531015624999 0.2710149328125
1 0.7941383875 0.2903863515625 0.8014613828125 0.4201847109375 0.8843307812500001 0.4403671390625 0.875139096875 0.3101204921875 0.7941383875 0.2903863515625
1 0.5500078375 0.23191531250000003 0.5520854703125 0.3575704015625 0.6336402828125001 0.375227571875 0.6277538109374999 0.2512995609375 0.5500078375 0.23191531250000003
1 0.46320869687500005 0.212774321875 0.464412359375 0.3395735734375 0.5489906078125 0.358653753125 0.5480910031249999 0.23128483437499997 0.46320869687500005 0.212774321875
0 0.2127192921875 0.148018440625 0.1296353109375 0.1264599453125 0.1178365296875 0.27524563281250003 0.20328626718749998 0.29595234062500003 0.2127192921875 0.148018440625
0 0.21296669218750003 0.14892345468749998 0.2044048671875 0.29962938906250003 0.2916551015625 0.32214978906249997 0.302087725 0.17283048750000002 0.21296669218750003 0.14892345468749998
0 0.381114046875 0.1916906328125 0.3780409125 0.3459667171875 0.46018465781250006 0.3657782703125 0.4614270078125 0.20918490625000002 0.381114046875 0.1916906328125
0 0.30273104375000004 0.1721475546875 0.292481115625 0.3232959015625 0.37741275625 0.3424641890625 0.37849133749999997 0.1927233796875 0.30273104375000004 0.1721475546875
1 0.9832002937500001 0.6287722203125 0.9691906828124999 0.46246819375000003 0.8884891203124999 0.4440815546875 0.89669583125 0.6097091984375 0.9824531656250001 0.631768790625 0.9832002937500001 0.6287722203125
1 1 0.47029372968749994 0.973166471875 0.462451090625 0.98388530625 0.6260247890625 1 0.5613922812500001 1 0.47029372968749994
1 0.6310387734375 0.3858459828125 0.5521299703125 0.3673493390625 0.55117828125 0.527134778125 0.6389234312500001 0.5455823093750001 0.6310387734375 0.3858459828125
1 0.88273334375 0.451201334375 0.7977589546875 0.43023726250000005 0.8116876625 0.5926300343750001 0.8940796546875 0.6063130796875 0.88273334375 0.451201334375
1 0.7128960875 0.40899913750000005 0.6342960671875 0.3883842296875 0.6387915546875 0.544177509375 0.7241214203124999 0.5723122203125001 0.7128960875 0.40899913750000005
1 0.71610808125 0.412073734375 0.7261339015625 0.5734999453125 0.8096124734375 0.593627534375 0.7946036203125 0.43005707187500003 0.71610808125 0.412073734375
1 0.4648015375 0.5124582203125 0.549608475 0.52880125625 0.548646953125 0.3659893546875 0.4673820953125 0.34778562343749997 0.4657790140625 0.3705057234375 0.4648015375 0.5124582203125
1 0.015173112499999999 0.37775168593749997 0.011749525 0.40096140625 0.10192287656250001 0.4223015640625 0.11873041250000001 0.2720295453125 0.046572603125 0.251815209375 0.015173112499999999 0.37775168593749997
0 0.20570996406250003 0.30421322968750003 0.12011474687499998 0.2793243390625 0.1055432171875 0.4232042171875 0.19477799375 0.44316777968750004 0.20570996406250003 0.30421322968750003
1 0.3778965078125 0.34811099218749997 0.2931722390625 0.32582428281250003 0.28660553437499997 0.4673430109375 0.3756788796875 0.48817957187500005 0.3778965078125 0.34811099218749997
0 0.292262975 0.3246507390625 0.2075304375 0.3029470265625 0.1972585328125 0.4460714140625 0.28481709843749997 0.47018737968749996 0.292262975 0.3246507390625
1 0.4605297734375 0.3700856953125 0.3791698109375 0.350008784375 0.37620215 0.48762408125 0.46173341562500003 0.5103213375 0.4605297734375 0.3700856953125
1 0.9341351437500001 0.8255617875000001 0.92841114375 0.7474900328125 0.855098825 0.72558800625 0.8569372718749999 0.9257320359375001 0.906325 0.93710218125 0.9341351437500001 0.8255617875000001
1 0.18676312343749998 0.5615907734375 0.0953224296875 0.5352785171875001 0.07534521718750001 0.73370723125 0.172843084375 0.7591115015625001 0.18676312343749998 0.5615907734375
1 0.774923471875 0.7051600687499999 0.7727534515625 0.9085762734375 0.85479445625 0.9257454296875001 0.8505581031249999 0.725888446875 0.774923471875 0.7051600687499999
1 0.2875736984375 0.5871539546875 0.2756440765625 0.7858379875 0.3712459890625 0.81022188125 0.3787713078125 0.6050825109375 0.2875736984375 0.5871539546875
0 0 0.71658915 0.07484924375 0.731233490625 0.09239688593749999 0.536003046875 0 0.5153862250000001 0 0.71658915
1 0.6636189046875 0.6804745734375001 0.6642114171875 0.88217104375 0.7530328078124999 0.9054120265625001 0.7499534546875 0.7009145718750001 0.6636189046875 0.6804745734375001
1 0.380538571875 0.611547403125 0.372049425 0.8082315578125 0.46598038906249994 0.829460534375 0.46958483125 0.63758275 0.380538571875 0.611547403125
0 0.1909468265625 0.5617482296875 0.17527335156249998 0.7619080765625 0.2746029671875 0.78612606875 0.28373475312499996 0.5917927828125 0.1909468265625 0.5617482296875
1 0.562416621875 0.6596218031250001 0.5671573203125 0.8607110453125 0.6629521359375 0.8818570703124999 0.6609652968749999 0.680370315625 0.562416621875 0.6596218031250001
0 0.4684735390625 0.807080409375 0.46837654375 0.828414984375 0.5641389828125 0.85831550625 0.5597074875 0.65895753125 0.47221617812499994 0.6380082640625 0.4684735390625 0.807080409375
1 0.139901915625 0 0.13739811562499998 0.0257273640625 0.21810338749999997 0.044993026562499996 0.22107923437500002 0 0.139901915625 0
1 0.22152070156249998 0 0.21848024531250002 0.0463716203125 0.2991855171875 0.0656372828125 0.3022892078125 0 0.22152070156249998 0
1 0.8906428125 1 0.9064720953125001 0.9365122156250001 0.8546982796875 0.92710246875 0.85738545 1 0.8906428125 1
0 0.3030994640625 0 0.29950397500000003 0.0670441171875 0.3795941640625 0.08969443906249999 0.3809011375 0 0.3030994640625 0
1 0.38210727499999997 0 0.37983018749999997 0.0897532875 0.45719301718749994 0.1112766734375 0.4572747203125 0.0013515390625 0.45259877656249997 0 0.38210727499999997 0
1 0.5380328171875 0.0272969234375 0.4577414 0.0010051296875 0.4575201046875 0.1109112921875 0.5370596484375 0.130742728125 0.5380328171875 0.0272969234375
1 0.7593844265625 1 0.75433950625 0.9078384953124999 0.6650128484375 0.885007746875 0.6675174328125 1 0.7593844265625 1
1 0.6649966265625 1 0.6616423609375001 0.8847265 0.5678625687500001 0.8666345265625001 0.5702438203125 1 0.6649966265625 1
1 0.855234403125 1 0.851382465625 0.9255328468749999 0.760561228125 0.9068809453125001 0.7639134546874999 1 0.855234403125 1
1 0.5669507453125 1 0.563290846875 0.864267946875 0.47349643906249994 0.838557134375 0.46968679062499996 1 0.5669507453125 1
1 0.07730414375 0.738475509375 0.061335268750000005 0.9059354125000001 0.161043875 0.9307955609375 0.1688515953125 0.7618599640625 0.07730414375 0.738475509375
1 0.17178464843750002 0.7646317296875 0.164402390625 0.9316329328125 0.2644289265625 0.9565723500000001 0.26932114218750003 0.7885351265625 0.17178464843750002 0.7646317296875
1 0.2709948203125 0.7893676046875 0.26549817343750004 0.9568389421875001 0.367387809375 0.98224288125 0.3698395203125 0.8160351140625 0.2709948203125 0.7893676046875
1 0.46741896718750003 1 0.46921096249999994 0.8375606124999999 0.3727987421875 0.8154000703125 0.36773625781249997 0.982329759375 0.43860772031249995 1 0.46741896718750003 1
1 0 0.8906428125 0.057744410937500004 0.9050401125 0.07529614375 0.73853396875 0 0.721771971875 0 0.8906428125
1 0.7663774671875 0.077984865625 0.7684790359375 0.1963886703125 0.843370496875 0.21370340937500001 0.83827478125 0.093625371875 0.7663774671875 0.077984865625
1 0.537107334375 0.130307684375 0.61262233125 0.14792093125 0.6089396203125 0.046316771875 0.5391557062500001 0.027576890625 0.537107334375 0.130307684375
1 0.8402665562499999 0.094800878125 0.84368639375 0.2150770765625 0.919456921875 0.2353894859375 0.9027291156249999 0.11309014375 0.8402665562499999 0.094800878125
1 0.6861404796875 0.0650376953125 0.6907195625 0.1722487546875 0.7673238718750001 0.19338505625 0.7620686234375 0.080056246875 0.6861404796875 0.0650376953125
1 0.6831817609375 0.06527434843749999 0.6101021156249999 0.045426565625 0.6134736765625 0.149794884375 0.68978750625 0.17150365781250002 0.6831817609375 0.06527434843749999
1 0.918185796875 0.2398248609375 0.9946309109374999 0.2554902671875 0.978300753125 0.1590882765625 0.9732423078125001 0.1320288578125 0.907672440625 0.117038253125 0.918185796875 0.2398248609375