1 1 0.33288184374999996 0.9595016359375 0.324284746875 0.973276384375 0.450525309375 1 0.4564115203125 1 0.33288184374999996
1 0.8779983546875 0.31136127343750003 0.8962775171875 0.440147178125 0.9696308218749999 0.45293252656250005 0.9507198750000001 0.3240438859375 0.8779983546875 0.31136127343750003
1 0.691730365625 0.281326221875 0.6143376109375 0.2641249625 0.6092761078125 0.26314110625 0.6219005953125001 0.3918566328125 0.704861809375 0.4052400328125 0.691730365625 0.281326221875
1 0.6972473984375 0.28068109375 0.7099349328125 0.4040551484375 0.79408823125 0.42630525468749997 0.7788952453125 0.29666622187499997 0.6972473984375 0.28068109375
1 0.7833766625 0.2962245921875 0.7979059984375 0.43017195937499997 0.8845787906250001 0.4465284125 0.8680953671875 0.3122192734375 0.7833766625 0.2962245921875
1 0.5280943359375 0.24905930468749998 0.5369837625 0.3790051234375 0.6221632953125 0.39281971875 0.6094326875 0.26486987968750003 0.5280943359375 0.24905930468749998
1 0.43741869062500005 0.23399577031250002 0.4454668671875 0.3651736671875 0.53384545 0.3802957546875 0.5260807421875 0.2485115875 0.43741869062500005 0.23399577031250002
0 0.17523148125000002 0.18067321249999999 0.088263209375 0.162904196875 0.084062084375 0.31755048750000003 0.17342805625 0.334308440625 0.17523148125000002 0.18067321249999999
1 0.17553557343749998 0.1815964140625 0.1747807125 0.33805318125 0.2661036203125 0.3565899 0.2688651078125 0.201466025 0.17553557343749998 0.1815964140625
0 0.35149770937499997 0.216664084375 0.3566033125 0.3765158796875 0.44250672812499997 0.3925281546875 0.43538588125000005 0.230378009375 0.35149770937499997 0.216664084375
0 0.269492890625 0.2007239625 0.267018259375 0.357730996875 0.35576656406249996 0.372924946875 0.34884433125 0.2178765078125 0.269492890625 0.2007239625
1 0.991067271875 0.594099425 0.9734103968750001 0.464761853125 0.889072975 0.450145540625 0.906437903125 0.621129715625 0.9828125171875 0.63656645625 0.991067271875 0.594099425
1 0.6200462546875001 0.4039526390625 0.537554534375 0.3891243921875 0.5451468953124999 0.5545625984375 0.6367623828125 0.5688566140625 0.6200462546875001 0.4039526390625
1 0.8835103625 0.45782975156249994 0.7946215296875 0.44077941093749995 0.8177226765625001 0.608102303125 0.9035535875 0.6177576765625 0.8835103625 0.45782975156249994
1 0.7058331718749999 0.4234393109375 0.62354669375 0.40640166093749996 0.6365507859374999 0.5674097875 0.7261915937500001 0.5918626609375 0.7058331718749999 0.4234393109375
1 0.7093156078125 0.42644596406249996 0.7283338796875001 0.592981925 0.8156329015624999 0.6092482890625 0.7913529484375 0.44076551718749996 0.7093156078125 0.42644596406249996
1 0.455147109375 0.5440968765624999 0.54361499375 0.5563733640625 0.5338841999999999 0.38790727812500003 0.44897480625 0.3735111015625 0.44853843437499996 0.39711526875000003 0.455147109375 0.5440968765624999
1 0 0.4568900046875 0.075518178125 0.4706315 0.08481271093750001 0.314172771875 0.0291901859375 0.30168498593750004 0 0.4518554734375 0 0.4568900046875
0 0.1763746546875 0.342726296875 0.0866339796875 0.321647528125 0.07930580468750001 0.47136773906249996 0.172541178125 0.487149434375 0.1763746546875 0.342726296875
0 0.3565692453125 0.3787432125 0.26786775937499996 0.3603101921875 0.2686804578125 0.507148584375 0.3617959546875 0.5238427109375 0.3565692453125 0.3787432125
0 0.2668656671875 0.35914525625 0.1781869328125 0.34131611875 0.175258975 0.4900191453125 0.266985965625 0.510190490625 0.2668656671875 0.35914525625
1 0.4430943421875 0.39696768125 0.3579861953125 0.3806378703125 0.3623065875 0.523239121875 0.45186359375 0.5420529328125 0.4430943421875 0.39696768125
1 0.951234225 0.7990226875 0.9465886515624999 0.762004965625 0.86969436875 0.743345815625 0.8823344000000001 0.9504046015625001 0.92050529375 0.9571093312500001 0.951234225 0.7990226875
1 0.1706186828125 0.6101617781249999 0.074764259375 0.5879295328125 0.06478045625 0.7944063109374999 0.16684215468750002 0.8153673843749999 0.1706186828125 0.6101617781249999
1 0.785790878125 0.7265878703124999 0.79446646875 0.9372528109375 0.8801219625 0.950535690625 0.8650207203125 0.7439051906249999 0.785790878125 0.7265878703124999
1 0.276110359375 0.6311061062500001 0.274452015625 0.8374069093750001 0.3745007625 0.8574155578125 0.371263784375 0.6446740875 0.276110359375 0.6311061062500001
0 0 0.78278719375 0.06413544374999999 0.7918729953125 0.07178156718749999 0.5888395015625 0 0.5767305546875 0 0.78278719375
1 0.669507840625 0.7071260671874999 0.6809443515625 0.9158598687499999 0.7739286625 0.9350564765625 0.7597733546875001 0.72355955625 0.669507840625 0.7071260671874999
1 0.37343601406250004 0.65126890625 0.3752237578125 0.85531151875 0.4733773859375 0.8721460765625 0.46680254374999997 0.6733455234375 0.37343601406250004 0.65126890625
0 0.1749481703125 0.61009588125 0.1695022828125 0.818129034375 0.2733921921875 0.8377620421875 0.27239435 0.6361175453125 0.1749481703125 0.61009588125
1 0.5638643937500001 0.6910786828125 0.5795526703125 0.89895704375 0.6796268828125 0.9156037796875 0.6667615296875 0.707163321875 0.5638643937500001 0.6910786828125
0 0.474751290625 0.8488451078124999 0.4757960859375 0.8709327953124999 0.5763066890624999 0.8966426562500001 0.5610306796875 0.69053933125 0.4695431 0.673642003125 0.474751290625 0.8488451078124999
1 0.0934962125 0 0.09087476875 0.058216131250000004 0.175263196875 0.0737420734375 0.1763028546875 0 0.0934962125 0
1 0.17674310625 0 0.17572641093750002 0.075148371875 0.2601148390625 0.090674315625 0.25969278125 0 0.17674310625 0
1 0.9121681921875 1 0.920503925 0.9571163734375 0.8800954578125 0.9519455562499999 0.8843629890625 1 0.9121681921875 1
0 0.2606720265625 0 0.2605192515625 0.0921130390625 0.344454053125 0.1111759265625 0.340309265625 0 0.2606720265625 0
1 0.34175370156249996 0 0.34470098125000004 0.111223925 0.42575841406250003 0.129269578125 0.41994339218750004 0.0154869421875 0.3535313203125 0 0.34175370156249996 0
1 0.5047448640625001 0.037923849999999995 0.42040679843750006 0.0151028625 0.42607663125000006 0.1288734953125 0.5092914265624999 0.14504881249999999 0.5047448640625001 0.037923849999999995
1 0.78208268125 1 0.7754084781249999 0.9374965124999999 0.681924328125 0.9187521593750001 0.6879097390625 1 0.78208268125 1
1 0.685018678125 1 0.678428109375 0.9186454390625001 0.5805989671875 0.9050495703125 0.5872201078125 1 0.685018678125 1
1 0.8817219062499999 1 0.8765865609375 0.9505023109374999 0.78178304375 0.9361650390625 0.78739665 1 0.8817219062499999 1
1 0.583412246875 1 0.5757501671874999 0.9028501375 0.4816283484375 0.8811503578125001 0.4849880015625 1 0.583412246875 1
1 0.06705958749999999 0.7992345609375 0.06167704375000001 0.9241569953125 0.1635850015625 0.9439658968750001 0.1628671453125 0.8184305390625 0.06705958749999999 0.7992345609375
1 0.1660452296875 0.8211390078124999 0.1669988609375 0.9446294828124999 0.2708953703125 0.96482491875 0.268066275 0.8405444859375001 0.1660452296875 0.8211390078124999
1 0.269839571875 0.8413145828124999 0.2721992734375 0.965078371875 0.377890753125 0.9856227140625 0.3733601078125 0.8635094953125 0.269839571875 0.8413145828124999
1 0.482032484375 1 0.47714871875 0.8803533437500001 0.3763823859375 0.8626903046875001 0.37903683906249996 0.9858454906249999 0.451855475 1 0.482032484375 1
1 0 0.9121681921875 0.05840573125 0.9235211171875 0.0649888109375 0.79940491875 0 0.7884749765625 0 0.9121681921875
1 0.7433054078125 0.07789680624999999 0.7518304015624999 0.2003358640625 0.8301094750000001 0.214160546875 0.8184021953125 0.09015236875 0.7433054078125 0.07789680624999999
1 0.5093173328125 0.14459591249999998 0.5882564296874999 0.15869545625 0.5789999875 0.053731392187500004 0.5059196375 0.038152203125 0.5093173328125 0.14459591249999998
1 0.8205224390625 0.0912601171875 0.8305094609375001 0.21556508281250003 0.9098573343749999 0.23244441875000002 0.8860169203125 0.10677341250000001 0.8205224390625 0.0912601171875
1 0.65973973125 0.068885209375 0.6702228796874999 0.17960366875 0.75047611875 0.1972901625 0.7389662875 0.0802765078125 0.65973973125 0.068885209375
1 0.65669659375 0.06929201874999999 0.5801528671875 0.052746387500000005 0.5892362906249999 0.16058852031249998 0.6692202390624999 0.17888344375 0.65669659375 0.06929201874999999
1 1 0.13172679062499998 0.9642697484375 0.1229338203125 0.9906665531250001 0.24954336718749998 1 0.25135760625 1 0.13172679062499998
1 0.90878251875 0.2371047953125 0.98857773125 0.249137340625 0.9665378640625001 0.1502496734375 0.9598611609375001 0.1225185078125 0.8913344015625 0.1105894828125 0.90878251875 0.2371047953125