1 1 0.319683703125 0.9828631796874999 0.314122184375 0.9835533390625001 0.44273395625 1 0.44820973750000004 1 0.319683703125
1 0.9017776703125 0.29236530781250003 0.906757065625 0.424023575 0.9796132984374999 0.444767196875 0.9740056234375001 0.3129377015625 0.9017776703125 0.29236530781250003
1 0.71651688125 0.242138815625 0.6400379593750001 0.21651475312500001 0.6350214171874999 0.21498104218749997 0.6342884468750001 0.3459619265625 0.7168004156250001 0.3683383609375 0.71651688125 0.242138815625
1 0.7221650796875 0.24208086718750002 0.7220562187499999 0.3676892203125 0.8048438421874999 0.3991229984375 0.8030756406249999 0.2669365796875 0.7221650796875 0.24208086718750002
1 0.8076549578125001 0.26697249375 0.8082999140625 0.40342656562499996 0.8942542953125001 0.4291952015625 0.8916707125000001 0.292167203125 0.8076549578125001 0.26697249375
1 0.5543826296875001 0.19209212343749998 0.5497425546875 0.323911390625 0.6344531375 0.34696000625 0.63499844375 0.2167388515625 0.5543826296875001 0.19209212343749998
1 0.464243703125 0.167196221875 0.4586234421875 0.3001660578125 0.5464327328125 0.324874546875 0.552403321875 0.19132455312500002 0.464243703125 0.167196221875
0 0.2046329546875 0.08537438124999999 0.11852787812500001 0.058151490625 0.0980554265625 0.21344203125 0.186691859375 0.2399038734375 0.2046329546875 0.08537438124999999
1 0.20484369687499998 0.086336734375 0.1876672453125 0.2438202109375 0.2780965359375 0.27228331093749997 0.29716288125 0.11635739062499999 0.20484369687499998 0.086336734375
0 0.37915209375000003 0.1405260859375 0.367547396875 0.30205721093750004 0.45275965156250003 0.3273967078125 0.462567015625 0.1633348109375 0.37915209375000003 0.1405260859375
0 0.2978757328125 0.115677409375 0.27890199375 0.2735305875 0.3670777203125 0.29835110625 0.3763409921875 0.141462496875 0.2978757328125 0.115677409375
1 0.987359215625 0.61607164375 0.9821954265624999 0.45708566250000005 0.8984207468750001 0.43331997656250004 0.8980486296875 0.607377209375 0.98196525 0.6337145109375 0.987359215625 0.61607164375
1 1 0.46205765000000004 0.9863727234375 0.45728913281250005 0.9885153859375 0.61228998125 1 0.5747255 1 0.46205765000000004
1 0.6311438484375 0.357944671875 0.5492583453125001 0.334163521875 0.5395829875 0.5015873296875 0.6307533000000001 0.5258090703125 0.6311438484375 0.357944671875
1 0.8919880156250001 0.44046195312499997 0.8038648875 0.41375682812500003 0.8096790828125 0.5847421140625 0.8954848609375 0.6036719296874999 0.8919880156250001 0.44046195312499997
1 0.7158737859375 0.3867706703125 0.634427659375 0.36078648593749996 0.630691046875 0.5243293062500001 0.7187982515625 0.5585700265625 0.7158737859375 0.3867706703125
1 0.7190808890625 0.39017213125 0.720847775 0.5599269921875 0.807445040625 0.58567206875 0.8005601468749999 0.41339225312499994 0.7190808890625 0.39017213125
1 0.44964536875 0.481394284375 0.5378435015624999 0.5032466062500001 0.54567345 0.3325441140625 0.4612971234375 0.308938775 0.45837956562500004 0.3326632484375 0.44964536875 0.481394284375
1 0.0991690265625 0.2101209140625 0.06890145625 0.1999079921875 0.022465325 0.3517937296875 0.07335442343750001 0.3666904109375 0.0991690265625 0.2101209140625
0 0.188789303125 0.24869737500000003 0.100227125 0.217843934375 0.077108403125 0.3678381171875 0.16976117968749999 0.3937318171875 0.188789303125 0.24869737500000003
0 0.3672792796875 0.30429665781250004 0.279490703125 0.27621915937499997 0.26490885625 0.42418429843750005 0.3573446578125 0.4509840328125 0.3672792796875 0.30429665781250004
0 0.2785992859375 0.2749384953125 0.19077036875 0.24747159531250001 0.172209209375 0.39691335156249996 0.2628757546875 0.42706599218749997 0.2785992859375 0.2749384953125
1 0.45288830312500006 0.3319306921875 0.36851378125 0.3063567078125 0.3579244875 0.4504309390625 0.446538484375 0.478983684375 0.45288830312500006 0.3319306921875
1 0.9252976328125 0.8190659328125 0.9238830921875 0.753556321875 0.8480613171875 0.726517515625 0.8391255640624999 0.9363979734375001 0.8853793796874999 0.9496326578125001 0.9252976328125 0.8190659328125
1 0.1549121015625 0.5174088515624999 0.060286823437500005 0.48473801875 0.028527934375 0.6916057546875 0.1295652734375 0.723662196875 0.1549121015625 0.5174088515624999
1 0.764950228125 0.7006415765625 0.7516261125 0.9137285 0.8368739156249999 0.9362926859374999 0.8432752015625 0.7265795625 0.764950228125 0.7006415765625
1 0.2594206484375 0.5498163265625 0.2361014890625 0.7573998140625 0.3352026265625 0.7882811843749999 0.354245778125 0.5736863671875 0.2594206484375 0.5498163265625
0 0 0.68192839375 0.028141253124999998 0.6889853203125 0.057174346875000004 0.4853345125 0 0.4693903046875 0 0.68192839375
1 0.649370609375 0.6685696609375 0.6390417703125 0.8800079046875 0.731082359375 0.9093137640625001 0.7389509734375 0.6948012265625 0.649370609375 0.6685696609375
1 0.355751184375 0.5805608640625 0.3361546625 0.7862397953125 0.4336718453125 0.8137213375 0.447876265625 0.6128081203125 0.355751184375 0.5805608640625
0 0.1592983265625 0.5178068640625 0.13196630625 0.7267287203125 0.234992215625 0.7576437859375 0.2551361578125 0.5544646703125 0.1592983265625 0.5178068640625
1 0.5441948375 0.641077521875 0.5382564359375 0.85211030625 0.6377360046875 0.8796086921875 0.6465887859375 0.668312615625 0.5441948375 0.641077521875
0 0.437505921875 0.790402765625 0.43624565625 0.8127588906250001 0.5352158874999999 0.849431375 0.5413850921875001 0.6402304125 0.45061725937499997 0.613400646875 0.437505921875 0.790402765625
1 0.8699805375 1 0.885495175 0.9492539062500001 0.8366992046874999 0.9377096921874999 0.835775478125 1 0.8699805375 1
0 0.3007572390625 0 0.30019251874999997 0.0053350515625 0.38309348125 0.0335356109375 0.3853221625 0 0.3007572390625 0
1 0.385937409375 0 0.383338215625 0.0336104328125 0.46343541093749996 0.0604779328125 0.46661347343750004 0 0.385937409375 0
1 0.46703448124999997 0 0.463798840625 0.0601131765625 0.546274428125 0.08532849375 0.55150174375 0 0.46703448124999997 0
1 0.7325918390624999 1 0.7323232359375 0.9119298 0.6397296156250001 0.8830257828124999 0.636227534375 1 0.7325918390624999 1
1 0.63354929375 1 0.63620435625 0.882543309375 0.53867564375 0.858358190625 0.5338774609375 1 0.63354929375 1
1 0.833303809375 1 0.8333013296875 0.9358798687500001 0.7389108359375001 0.9112726234374999 0.7375184140625 1 0.833303809375 1
1 0.53042945625 1 0.5340017703125 0.8556231109375 0.441073178125 0.8236743484375 0.42775239843749996 1 0.53042945625 1
1 0.0303267921875 0.6967126421875001 0.004459932812499999 0.8713440765625 0.10784908906249999 0.9029533125 0.12522318125 0.7263206859375 0.0303267921875 0.6967126421875001
1 0.1281537140625 0.7293892046875 0.11133157656249999 0.9040180171875001 0.21505039843749998 0.9357280421875 0.22931311718749997 0.759874678125 0.1281537140625 0.7293892046875
1 0.23102603593749999 0.7608404296875 0.21615911406250002 0.9360670109375 0.3218098078125 0.96836766875 0.33340956718750003 0.7942959203125 0.23102603593749999 0.7608404296875
1 0.4254548765625 1 0.436625603125 0.822391215625 0.3365525625 0.7937950953125 0.3221711171875 0.9684781328125001 0.4252745 1 0.4254548765625 1
1 0.863534403125 0.1893399421875 0.8644664921875 0.0885827109375 0.78925165 0.065587225 0.7858047453125 0.16702129999999998 0.863534403125 0.1893399421875
1 0.5524474015624999 0 0.5463481421874999 0.0848751671875 0.6247165859375 0.10754140937500001 0.6261349593750001 0.0157174484375 0.5747255015625 0 0.5524474015624999 0
1 0.9422819625000001 0.21630688125000003 0.9332488937500001 0.10961160156250001 0.8661582484375 0.0890999328125 0.8637916515624999 0.190797321875 0.9422819625000001 0.21630688125000003
1 0.7847543859375 0.163808775 0.7852828765625001 0.06437385 0.7063051312499999 0.040227929687500004 0.7054329625 0.13738923281249998 0.7847543859375 0.163808775
1 0.7044943390625 0.13655636875 0.703475321875 0.0393627703125 0.627321853125 0.01608031875 0.6255091328125 0.10955297343749999 0.7044943390625 0.13655636875
1 1 0.13001946250000002 0.9369772109375001 0.11075146250000001 0.9407058859375 0.22088497187499997 1 0.23631570468750002 1 0.13001946250000002