1 0.7887438171875 0.1295442140625 0.85373964375 0.22848457500000002 0.9241360734375 0.2101677015625 0.8556793984375 0.11158442500000001 0.7887438171875 0.1295442140625
1 0.7152684921875 0.1533906796875 0.78510111875 0.2525329984375 0.8517183890625001 0.232029071875 0.781315125 0.133069478125 0.7152684921875 0.1533906796875
0 0.547135859375 0.2074747515625 0.4752769203125 0.22602685625 0.4706371359375 0.2273572921875 0.5357222484374999 0.3288398859375 0.6106088484375001 0.304756725 0.547135859375 0.2074747515625
1 0.551465290625 0.2045989734375 0.614339165625 0.3016212375 0.69397823125 0.2843920390625 0.626358825 0.1832324515625 0.551465290625 0.2045989734375
1 0.6299104921875001 0.1809648875 0.6988021859375 0.285982040625 0.7780454 0.2627921703125 0.7073700859375001 0.15830365 0.6299104921875001 0.1809648875
1 0.3969391203125 0.250105928125 0.45942950312499997 0.3541940953125 0.5363495953124999 0.3295278390625 0.4715004625 0.22872580625 0.3969391203125 0.250105928125
1 0.314904303125 0.276066953125 0.3772150109375 0.3815346421875 0.45735821093749995 0.35659661875 0.3950270484375 0.2505054640625 0.314904303125 0.276066953125
0 0 0.378858940625 0.05551176875 0.49531231093750006 0.1371720609375 0.471313259375 0.073562609375 0.343026290625 0 0.36336478906249997 0 0.378858940625
0 0.0742075859375 0.34366358125 0.13988768437500002 0.4738477203125 0.22393452812499998 0.4504949765625 0.1604934640625 0.320565978125 0.0742075859375 0.34366358125
0 0.2358749984375 0.2981284359375 0.30788336250000004 0.42864456874999995 0.386338815625 0.4054953859375 0.3116750453125 0.273926409375 0.2358749984375 0.2981284359375
0 0.1607027203125 0.319683740625 0.22518123124999997 0.4510541375 0.30566334687499996 0.4260189296875 0.23417514062499997 0.3002603359375 0.1607027203125 0.319683740625
0 0.8598852156250001 0.24024449531249997 0.783327909375 0.2638880828125 0.8702823625 0.39844408124999997 0.9538383843749999 0.375153578125 0.8598852156250001 0.24024449531249997
1 0.9583768484374999 0.380540196875 0.9845455781249999 0.3758336078125 0.9397548890625 0.2196299140625 0.8632106453124999 0.2383077875 0.9583768484374999 0.380540196875
1 0.5393017312499999 0.33966654531249996 0.46419447031249994 0.3623512828125 0.540645175 0.496449434375 0.6231379671874999 0.4694510078125 0.5393017312499999 0.33966654531249996
1 0.7819437703125 0.2726258515625 0.700557634375 0.29617980781250003 0.7907460703125 0.4252635484375 0.8664468359375 0.3968686984375 0.7819437703125 0.2726258515625
1 0.6191325156249999 0.3194506359375 0.5432600921875 0.34021443906250004 0.622348234375 0.4683398546875 0.7074991015625 0.4506112421875 0.6191325156249999 0.3194506359375
1 0.62331219375 0.3204690171875 0.7097607765625 0.45063151875 0.7894882703125 0.4271012265625 0.6978247734374999 0.2975547953125 0.62331219375 0.3204690171875
1 0.4611228828125 0.525940090625 0.5401345562500001 0.49860225312499995 0.46061647343749995 0.3628979796875 0.38367527031250004 0.386966915625 0.3933151828125 0.4067442078125 0.4611228828125 0.525940090625
1 0 0.5702704171875 0.012976278124999999 0.615524078125 0.0273354734375 0.651751803125 0.11326275781249999 0.625998546875 0.0547064625 0.49219029062499997 0 0.50618964375 0 0.5702704171875
0 0.14319807812500002 0.47705040624999995 0.0593939140625 0.49762199375 0.116734803125 0.6250029546875 0.20120957343749998 0.5985521984375 0.14319807812500002 0.47705040624999995
1 0.3087989328125 0.43050777656249994 0.22698309062500002 0.45283459375 0.28989451875 0.5743702328125 0.37465598437500003 0.5487276750000001 0.3087989328125 0.43050777656249994
0 0.22565332031250002 0.45229274531249997 0.14411239375 0.47511115625 0.20469327499999998 0.5997812687499999 0.289770034375 0.5776139046875 0.22565332031250002 0.45229274531249997
1 0.3887106296875 0.40893106562500003 0.31078409218749997 0.43147933437499997 0.374826190625 0.54801006875 0.45751718124999996 0.5256364078125 0.3887106296875 0.40893106562500003
1 1 0.5520092203125 0.9634861546875 0.49834309374999997 0.891425203125 0.5154736546875001 0.9897269078125 0.6819769703125 1 0.6788297265625001 1 0.5520092203125
1 0.2517410203125 0.701471740625 0.1623472953125 0.7236793328125 0.2415273015625 0.8992964984375 0.335560996875 0.8734006953125 0.2517410203125 0.701471740625
1 0.8143222531250001 0.537155546875 0.9108447999999999 0.70833378125 0.987936634375 0.68302428125 0.887763059375 0.5179204953125 0.8143222531250001 0.537155546875
1 0.3486292453125 0.6741070578125 0.43468058593750003 0.8460465328125 0.526631221875 0.8202140734375 0.4337660203125 0.645005221875 0.3486292453125 0.6741070578125
0 0.0709396984375 0.7537176624999999 0.1465569234375 0.9294737375000001 0.23991549218750002 0.89746738125 0.1602445046875 0.72569988125 0.0709396984375 0.7537176624999999
1 0.709059140625 0.5703284234375 0.807066659375 0.7387325812500001 0.8927792828125 0.71522280625 0.79133240625 0.5456784781249999 0.709059140625 0.5703284234375
1 0.6059853265624999 0.7682992484375 0.616218253125 0.7861895125 0.7109705140625 0.764893315625 0.6108745609375 0.600301234375 0.5273851453125 0.6250845765624999 0.6059853265624999 0.7682992484375
1 0.438373340625 0.649557671875 0.526342675 0.818160965625 0.615366965625 0.7904978140625001 0.5256254625000001 0.628276259375 0.438373340625 0.649557671875
0 0.255325178125 0.699580496875 0.3389507859375 0.8745645359375 0.43394689062499997 0.846790878125 0.34765294375 0.6798430203125 0.255325178125 0.699580496875
0 0.614119728125 0.6018221015624999 0.7153119343750001 0.7677126359375 0.805858959375 0.739078884375 0.7067836859375001 0.5715243203125 0.614119728125 0.6018221015624999
1 0 0.19596530625 0.029251740625 0.2552274796875 0.1062371234375 0.23231727656249998 0.059280293750000004 0.1414068859375 0 0.15838559375 0 0.19596530625
0 0.13345782343749998 0.12078945 0.0599913890625 0.1405341 0.1071842875 0.23333991250000002 0.1852902453125 0.2135579109375 0.13345782343749998 0.12078945
1 0.20771575625 0.10211085 0.13468615 0.12016117500000001 0.1855166 0.21349300468750002 0.260790846875 0.19408723125 0.20771575625 0.10211085
1 0.2879747625 0.0847617515625 0.2079395953125 0.101595478125 0.2608884671875 0.19362348437500002 0.3371699078125 0.1717501328125 0.2879747625 0.0847617515625
1 0.8091100718750001 0.7407175687499999 0.9078274390625 0.90320708125 0.999770859375 0.8768427296875 0.8950480328125 0.7166203796875 0.8091100718750001 0.7407175687499999
1 0.718767009375 0.7723257875 0.8138119953125 0.9301655765625 0.90597026875 0.9037396171875001 0.8061479484375 0.74211206875 0.718767009375 0.7723257875
1 1 0.7076390453125 0.9849729046875 0.6844962781249999 0.8998020140625 0.712811153125 1 0.8725683156249999 1 0.7076390453125
1 0.626066946875 0.7944716203125 0.7156724390625 0.9583066406249999 0.8111366171875 0.930932728125 0.7137894921875 0.7725570296875001 0.626066946875 0.7944716203125
1 0.39691515312500003 1 0.333542884375 0.877629390625 0.245475096875 0.902337296875 0.2901297546875 1 0.39691515312500003 1
1 0.5109144859375 1 0.4306827484375 0.8513596218749999 0.33734226562499997 0.8785293718749999 0.4005587796875 1 0.5109144859375 1
1 0.5702704187500001 1 0.6179419562499999 0.9863304062499999 0.5282623203125001 0.8257560906249999 0.4324885921875 0.851246603125 0.51206980625 1 0.5702704187500001 1
1 0.5304366125 0.8237941 0.6179179218749999 0.9863372984375 0.713885784375 0.95881895625 0.621991803125 0.7957103140624999 0.5304366125 0.8237941
1 0.2868479140625 1 0.24381965156250002 0.9033571125 0.1485344109375 0.93330279375 0.1762607890625 1 0.2868479140625 1
1 0.5563397421875 0 0.503946903125 0.016744165624999998 0.562951703125 0.114756084375 0.6341190296875 0.093025346875 0.574936459375 0 0.5563397421875 0
1 0.33699957187499996 0.1713632234375 0.408834046875 0.149580646875 0.3566252921875 0.0663837890625 0.2890516546875 0.08445295781249999 0.33699957187499996 0.1713632234375
1 0.5770661203125 0 0.6350480109375 0.09402148125000001 0.7084016640625 0.0743728171875 0.6506451578125 0 0.5770661203125 0
1 0.43040886718750004 0.0447124671875 0.4860799015625 0.1321652875 0.5605309921875 0.1128025375 0.501335353125 0.020560028124999997 0.43040886718750004 0.0447124671875
1 0.4280423953125 0.0463410171875 0.3571696703125 0.065077159375 0.41045386562499997 0.150736296875 0.484938153125 0.13199279531250002 0.4280423953125 0.0463410171875
1 0.7393094609374999 0 0.7830675921875 0.054286543750000006 0.85252265625 0.034370625 0.8244660703125 0 0.7393094609374999 0
1 0.6545132859375 0 0.7094801203125 0.0786970078125 0.7811528078125 0.0548356 0.73569034375 0 0.6545132859375 0
1 0.826694621875 0 0.8525157328124999 0.0330487734375 0.8842160046875 0.025942803125000004 0.876777025 0 0.826694621875 0