1 1 0.3278089546875 0.933972575 0.311470865625 0.9435437453125 0.44287515 1 0.4568390390625 1 0.3278089546875
1 0.7470717625 0.267740478125 0.6697451625 0.2448011015625 0.6646781515625 0.2434434 0.6685167937500001 0.3743700734375 0.7517594265625 0.39385325 0.7470717625 0.267740478125
1 0.7527144984375 0.2674854453125 0.756989371875 0.39302108125 0.8408235875000001 0.4215464625 0.8344432218750001 0.28950227968750003 0.7527144984375 0.2674854453125
1 0.8390210031249999 0.28937835624999997 0.8444277453125 0.4257267953125 0.9312290765625001 0.44847996874999996 0.9238648609375 0.311625609375 0.8390210031249999 0.28937835624999997
1 0.5832896765625 0.223382675 0.5832528515625001 0.355283578125 0.6687162171875001 0.3753617984375 0.6647165390625001 0.2452009375 0.5832896765625 0.223382675
1 0.49233680468749996 0.20164774375 0.491360546875 0.3347327234375 0.579978659375 0.3563616609375 0.5812847859375 0.2226846515625 0.49233680468749996 0.20164774375
0 0.2300286625 0.12893603125 0.1430259734375 0.1047347484375 0.1279855546875 0.2606451703125 0.21749149843749999 0.2839975234375 0.2300286625 0.12893603125
1 0.2302728609375 0.12989044375 0.21860296875000002 0.287877434375 0.30997051875000003 0.313167259375 0.3235835125 0.15667092031250002 0.2302728609375 0.12989044375
0 0.40636625625 0.177963509375 0.40040598281250006 0.33980123125 0.4864506640625 0.362151428125 0.49052637656250003 0.1978472015625 0.40636625625 0.177963509375
0 0.32427220156250003 0.1559664734375 0.31081901562500003 0.31438566562500003 0.3998072515625 0.336113775 0.403589546875 0.1789974546875 0.32427220156250003 0.1559664734375
1 1 0.4683356703125 0.9355369437500001 0.4524568234375 0.9412395625000001 0.6264210109375 0.9808363390625001 0.637346003125 1 0.565826246875 1 0.4683356703125
1 0.665792303125 0.386455265625 0.5831267312499999 0.3655463625 0.579300275 0.5332058453124999 0.6712603765625 0.554231034375 0.665792303125 0.386455265625
1 0.929357384375 0.459818946875 0.8403559406250001 0.43620554375 0.8521338953125 0.6068837578124999 0.93854804375 0.6228074625 0.929357384375 0.459818946875
1 0.7514766390625 0.412306671875 0.6691732906250001 0.3891807453125 0.6711465171875 0.5527543453125 0.7603950328125 0.5838993078125 0.7514766390625 0.412306671875
0 0.754800496875 0.4155941328125 0.762490665625 0.5851839203125 0.8499336703125 0.6078911125 0.837040490625 0.43595652500000004 0.754800496875 0.4155941328125
1 0.4887127171875 0.5161638796875 0.5776197562500001 0.5349248203125 0.5794875046875 0.364053053125 0.4943387640625 0.34340678593749996 0.4922509546875 0.3672186296875 0.4887127171875 0.5161638796875
1 0.018196264062500002 0.36626437031250003 0.014185068749999998 0.39055544062499997 0.108647890625 0.41466224531250007 0.128982571875 0.257287209375 0.0534477609375 0.2347039921875 0.018196264062500002 0.36626437031250003
0 0.219894553125 0.2927124671875 0.1303095546875 0.2649686 0.1124396375 0.415678240625 0.20593965 0.43832263281249995 0.219894553125 0.2927124671875
0 0.40021618593749997 0.3420486734375 0.311501196875 0.31705205625 0.302092140625 0.46543595781249997 0.39540693125000004 0.48899340156250004 0.40021618593749997 0.3420486734375
0 0.310565628125 0.3158032796875 0.22183163281249998 0.291418296875 0.208497221875 0.4414167921875 0.300160846875 0.4683868484375 0.310565628125 0.3158032796875
0 0.486737471875 0.36667815937500003 0.4015218296875 0.34406438437500003 0.395967103125 0.4884204109375 0.4855235953125 0.513863178125 0.486737471875 0.36667815937500003
1 0.8938350515625 0.9572977312500001 0.8950261515625 0.9575939874999999 0.9470023671875 0.763616109375 0.8954406374999999 0.7472332734375 0.8938350515625 0.9572977312500001
1 0.195415884375 0.5624425515625 0.099708053125 0.5330939953125 0.07518808906249999 0.7409440828125 0.1772826328125 0.76945484375 0.195415884375 0.5624425515625
1 0.8114771218750001 0.72427363125 0.8055977484374999 0.937695753125 0.8915811 0.957271090625 0.8906596046875 0.747462315625 0.8114771218750001 0.72427363125
1 0.30099177187500004 0.5911829890625 0.2849313765625 0.79945385 0.3850498875 0.8268578265625001 0.3965921890625 0.6117291390624999 0.30099177187500004 0.5911829890625
0 0 0.7223527375 0.07471019375 0.7383387390625 0.096618290625 0.5337987484375 0 0.5104561125 0 0.7223527375
0 0.6948486171875 0.6962549250000001 0.6919051578125 0.9079248375000001 0.7849124375 0.9340006734375 0.7852898781250001 0.7193442015625 0.6948486171875 0.6962549250000001
1 0.3983365953125 0.618546909375 0.38593010156249996 0.8247844578124999 0.484346971875 0.8488459562499999 0.49153096874999996 0.6475594046875 0.3983365953125 0.618546909375
0 0.1998133265625 0.56268724375 0.179789225 0.7724357046875 0.28383129375 0.7997363859375 0.296872115625 0.595978028125 0.1998133265625 0.56268724375
1 0.5887774546875 0.6724501125 0.59020760625 0.8835615890625 0.69058625625 0.9075714390625 0.6920595171875 0.6960951203125 0.5887774546875 0.6724501125
0 0.48736490468750004 0.8254077828125 0.4868856265625 0.847794271875 0.5870754171875 0.880990403125 0.58593985625 0.671701578125 0.4942909703125 0.648055909375 0.48736490468750004 0.8254077828125
1 0.23973506093750002 0 0.23788520625 0.0223780859375 0.3224266203125 0.044128109375 0.3252639625 0 0.23973506093750002 0
0 0.3259599234375 0 0.3227366828125 0.0456104796875 0.4065713296875 0.07090065625 0.40880210312500004 0 0.3259599234375 0
1 0.40982027812500005 0 0.4068185265625 0.07096689218749999 0.487804590625 0.09502267343750001 0.48947661406250004 0 0.40982027812500005 0
1 0.4899409875 0 0.48815506875 0.09464545625000001 0.571460415625 0.11696705781250001 0.574313203125 0.0084303421875 0.5499962468749999 0 0.4899409875 0
1 0.7886525234375 1 0.7862438578125001 0.9365718093750001 0.69269790625 0.9109168703125 0.6931412421875 1 0.7886525234375 1
1 0.690258671875 1 0.68915795625 0.9105577203124999 0.5908446078125 0.8897910390625 0.5909596734375 1 0.690258671875 1
1 0.88366349375 1 0.88882650625 0.9807313750000001 0.8879962828125001 0.95698320625 0.792804509375 0.9356851296875 0.794040446875 1 0.88366349375 1
1 0.58722498125 1 0.5860781296875001 0.887220740625 0.49209115 0.858534603125 0.48635914375 1 0.58722498125 1
1 0.0771640796875 0.745985078125 0.059852707812499996 0.899700978125 0.16322744843749998 0.92740015625 0.1730359671875 0.77226325 0.0771640796875 0.745985078125
1 0.17607180312499998 0.7752276265625 0.16670124375 0.9283309578125 0.2711342234375 0.9563136906249999 0.2782335125 0.8021641171875 0.17607180312499998 0.7752276265625
1 0.27997909062500004 0.8030695 0.272335228125 0.9566354984375 0.37865197500000003 0.985122984375 0.38346783281249996 0.832931475 0.27997909062500004 0.8030695
1 0.48362131249999996 1 0.48760150468749996 0.8574074671874999 0.386591434375 0.8323212671875 0.37935921562499997 0.9853124890625 0.43417375312499995 1 0.48362131249999996 1
1 0 0.88366349375 0.0563044625 0.8987502296875001 0.0750511234375 0.7460082906250001 0 0.727915375 0 0.88366349375
1 0.892157071875 0.2098429296875 0.888994265625 0.08659260937499999 0.8135796781250001 0.06638533125 0.8136958562500001 0.190250609375 0.892157071875 0.2098429296875
1 0.5715182640625 0.11651143281250001 0.6506300078125 0.1364288484375 0.6485533859375 0.0297363140625 0.5754892546875 0.0087454640625 0.5715182640625 0.11651143281250001
1 0.8910198171875001 0.0871353546875 0.8924650249999999 0.21129044531250002 0.9717977921875001 0.23404519375000002 0.9563668953125 0.105387540625 0.9394109546875 0.1001017203125 0.8910198171875001 0.0871353546875
1 0.7294186515625001 0.050848134375 0.7323388875 0.16344153125 0.8125340203125001 0.1870767 0.8090108046875001 0.0680505453125 0.7294186515625001 0.050848134375
1 0.7263026234375001 0.051040284375 0.649791784375 0.0288242171875 0.6514922734375 0.13841152968749998 0.7313717703125 0.1626419296875 0.7263026234375001 0.051040284375
0 1 0.119139384375 0.9614962421875 0.1096245421875 0.97038245 0.2386754984375 1 0.24528881875000003 1 0.119139384375