1 0.70625 0.2515625 0.1046875 0.171875
1 0.52890625 0.275 0.0953125 0.1421875
1 0.61171875 0.26640625 0.0984375 0.15
1 0.43671875 0.290625 0.1140625 0.1515625
1 0.17421875 0.32578125 0.115625 0.1609375
1 0.9484375 0.22734375 0.0625 0.1640625
1 0.80078125 0.25078125 0.1046875 0.171875
0 0.36015625 0.30625 0.1046875 0.159375
1 0.88515625 0.24140625 0.1 0.1671875
0 0.26953125 0.3234375 0.103125 0.1671875
0 0.08046875 0.35234375 0.1109375 0.146875
1 0.59296875 0.4203125 0.103125 0.171875
1 0.49375 0.434375 0.1109375 0.1578125
0 0.3109375 0.46015625 0.103125 0.1421875
1 0.6859375 0.4140625 0.1125 0.171875
1 0.86875 0.39296875 0.109375 0.1734375
0 0.21796875 0.475 0.109375 0.15625
0 0.4015625 0.453125 0.1046875 0.15
1 0.95390625 0.38359375 0.090625 0.1828125
0 0.77421875 0.41015625 0.11875 0.159375
1 0.04296875 0.503125 0.0859375 0.15
0 0.128125 0.4953125 0.1125 0.153125
1 0.09375 0.09921875 0.0890625 0.1125
1 0.02578125 0.1109375 0.0515625 0.115625
1 0.9015625 0.02890625 0.090625 0.0578125
1 0.43359375 0.06171875 0.090625 0.121875
1 0.34921875 0.071875 0.0921875 0.121875
1 0.92578125 0.696875 0.1125 0.190625
1 0.9828125 0.69296875 0.034375 0.1734375
0 0.8203125 0.7203125 0.115625 0.1828125
0 0.18203125 0.09609375 0.1 0.1296875
1 0.51484375 0.059375 0.0890625 0.11875
1 0.75625 0.04453125 0.0875 0.0890625
1 0.265625 0.0875 0.096875 0.13125
1 0.72109375 0.7375 0.125 0.1890625
0 0.11328125 0.8203125 0.13125 0.203125
0 0.62734375 0.7609375 0.128125 0.1765625
0 0.3234375 0.79921875 0.1234375 0.1875
1 0.2203125 0.8171875 0.1296875 0.184375
1 0.42265625 0.79375 0.1328125 0.1921875
1 0.53125 0.7859375 0.115625 0.1921875
1 0.59375 0.0546875 0.096875 0.109375
1 0.6765625 0.04921875 0.090625 0.0984375
0 0.8296875 0.03984375 0.096875 0.0796875
1 0.9109375 0.88515625 0.109375 0.146875
1 0.97578125 0.87265625 0.0484375 0.1453125
1 0.59375 0.925 0.1171875 0.14375
1 0.8078125 0.89921875 0.1171875 0.14375
1 0.3734375 0.94140625 0.125 0.1171875
1 0.48828125 0.934375 0.1234375 0.13125
1 0.70546875 0.91484375 0.1234375 0.1390625
1 0.2671875 0.9515625 0.115625 0.096875
1 0.15703125 0.9578125 0.1296875 0.084375