1 0.9724390953125001 0.2577519109375 0.9918384328125001 0.2575557703125 0.9875969515625 0.136095628125 0.9303351453125 0.13711087500000002 0.9724390953125001 0.2577519109375
1 0.84744778125 0.14289023125 0.8945473312500001 0.26500696874999996 0.969407703125 0.260937003125 0.9216650609375 0.1388625578125 0.84744778125 0.14289023125
1 0.6579034421875 0.15560853125000002 0.57808 0.1562637453125 0.5728914875 0.15644493125 0.61442745625 0.27977265 0.698849315625 0.2741141671875 0.6579034421875 0.15560853125000002
1 0.6631699421875 0.15372726875 0.70355806875 0.27180424062499997 0.7911575109375 0.2745683359375 0.7468925140625 0.1509166625 0.6631699421875 0.15372726875
1 0.7511890890624999 0.1494693171875 0.7957787125 0.2774948578125 0.8845152140625 0.2739108484375 0.83792655625 0.14597296875000002 0.7511890890624999 0.1494693171875
1 0.49005721874999997 0.161015953125 0.5282074515625 0.28639523125 0.6149032937500001 0.28065734062500003 0.573436621875 0.15810427968750002 0.49005721874999997 0.161015953125
1 0.3976864453125 0.1667735359375 0.4352903796875 0.2935510984375 0.525420834375 0.28837086875 0.487957696875 0.160934790625 0.3976864453125 0.1667735359375
0 0.1283859421875 0.1738468984375 0.0390396515625 0.17611299687499998 0.06994107656250001 0.3286703390625 0.161410703125 0.3248703171875 0.1283859421875 0.1738468984375
1 0.12889335625 0.1746831203125 0.16358583437500002 0.32823526406250003 0.2573781984375 0.32573608125 0.22495622656249997 0.173036415625 0.12889335625 0.1746831203125
0 0.30946666562499997 0.1692313046875 0.35067755625 0.3247851890625 0.43858129375 0.3210379203125 0.39487279218750004 0.16368702968749999 0.30946666562499997 0.1692313046875
0 0.22540407031249998 0.17216683593749998 0.25853395 0.3266477125 0.3490434 0.321454246875 0.30713809062499997 0.171020503125 0.22540407031249998 0.17216683593749998
1 0.9940070249999999 0.319656134375 0.975794746875 0.27167826875 0.88974350625 0.2764395859375 0.9455028437499999 0.4401320421875 0.998163615625 0.43868528281249997 0.9940070249999999 0.319656134375
1 0.6153476171875 0.2920506234375 0.53105915 0.29618638750000004 0.5759748921875001 0.45665397499999993 0.6690934453125 0.449929259375 0.6153476171875 0.2920506234375
1 0.8860264421874999 0.28523188125 0.7949587046875 0.28863725625000003 0.8555165062500001 0.4474419703125 0.941909453125 0.437479171875 0.8860264421874999 0.28523188125
1 0.703923915625 0.29173582656249997 0.619336434375 0.293659159375 0.6685581875 0.44855877031249997 0.76204013125 0.4522402 0.703923915625 0.29173582656249997
0 0.7080213578125 0.29389510625000004 0.76439535 0.4528525421875 0.8537258218750001 0.449038465625 0.79174884375 0.2893635015625 0.7080213578125 0.29389510625000004
1 0.485308459375 0.46676600781250005 0.5748820734375 0.458775903125 0.52718264375 0.2958240015625 0.4406201140625 0.30093059843750003 0.4455376828125 0.3241695515625 0.485308459375 0.46676600781250005
1 0 0.48519165781250007 0.096227428125 0.48067618437500004 0.06991253593749999 0.325189109375 0 0.3256132296875 0 0.48519165781250007
0 0.166207934375 0.332455721875 0.073392153125 0.3321046765625 0.1001100984375 0.48054059843749997 0.1951547921875 0.47490765 0.166207934375 0.332455721875
0 0.3511485609375 0.3269764515625 0.2599514859375 0.32898391875 0.29400356250000004 0.4727519328125 0.3891372875 0.4680406125 0.3511485609375 0.3269764515625
0 0.2587045375 0.3280687140625 0.1676665421875 0.3306630453125 0.19847105468749998 0.477105759375 0.29303005 0.4761176015625 0.2587045375 0.3280687140625
0 0.4401632125 0.32525716875 0.352967778125 0.328513128125 0.3895015609375 0.46733330312500004 0.4816242 0.46550548750000004 0.4401632125 0.32525716875
1 1 0.5689627125000001 0.9371333078124999 0.5682628609375 0.9964270656249999 0.768390315625 1 0.7682007609375 1 0.5689627125000001
1 0.2211275171875 0.5959370921875 0.12205247968749999 0.59583913125 0.15901882812499998 0.8005170703125 0.2638957625 0.797963790625 0.2211275171875 0.5959370921875
1 0.8510227671875 0.5708264203125 0.9072438171874999 0.77538651875 0.9942861953125 0.7690196265625 0.9326748046875 0.5698691499999999 0.8510227671875 0.5708264203125
1 0.3293657125 0.592591 0.37446008124999997 0.7952119015625 0.4771464671875 0.7921805625 0.42579081093750004 0.5843536890625 0.3293657125 0.592591
0 0.0188390265625 0.6034186375 0.052050803125 0.80731095 0.1578123 0.7981795546875 0.11933232812500001 0.5974063640625 0.0188390265625 0.6034186375
1 0.732533221875 0.5780685906249999 0.7910255859374999 0.780110559375 0.8865973500000001 0.777882221875 0.824811884375 0.5737468671875 0.732533221875 0.5780685906249999
1 0.4294154640625 0.5903271718750001 0.477379271875 0.7899542281249999 0.577487571875 0.784240165625 0.5260144546875 0.5908357171875 0.4294154640625 0.5903271718750001
0 0.22536013124999998 0.5948924843750001 0.2671309734375 0.8000690171875 0.3735007453125 0.7957999499999999 0.32685499375 0.5983450703125001 0.22536013124999998 0.5948924843750001
1 0.6252551468750001 0.586249721875 0.6877250640625 0.78649065 0.7896750546875 0.780157721875 0.72984733125 0.5787267578125 0.6252551468750001 0.586249721875
0 0.57355845625 0.761086234375 0.579585715625 0.7825032453125 0.68401638125 0.78495650625 0.622352921875 0.5863624015625 0.52877028125 0.590506025 0.57355845625 0.761086234375
1 0.10420016406249999 0.0690105390625 0.09229233437499999 0.013932693749999999 0.007586659375000001 0.01689068125 0.0178928796875 0.072891653125 0.10420016406249999 0.0690105390625
1 0.191280384375 0.0664032296875 0.178193584375 0.01093295625 0.092752778125 0.013916614062499999 0.1049730984375 0.07028434375 0.191280384375 0.0664032296875
0 0.2786662375 0.06741111875 0.26258273125 0.007986021875 0.178976915625 0.0109056015625 0.1920029734375 0.06772213125 0.2786662375 0.06741111875
1 0.362529346875 0.0667453375 0.3449309234375 0.005110359375 0.2635151875 0.007953459375 0.27891936093749997 0.0674022796875 0.362529346875 0.0667453375
1 0.44805477031249996 0.063306165625 0.4311499453125 0.002099525 0.3453644359375 0.0050952203125 0.3627518375 0.06628500937500001 0.44805477031249996 0.063306165625
1 0.8886017546874999 0.7799393296875 0.7926420359375 0.782724171875 0.8536358046875 0.9794723296875001 0.9567604328125 0.9766940078124999 0.8886017546874999 0.7799393296875
1 0.7891878234374999 0.7834109406249999 0.6901313421874999 0.7922265796875 0.7492452296875001 0.98558634375 0.85182350625 0.9803584859375001 0.7891878234374999 0.7834109406249999
1 1 0.7965752515625 0.9908101531250001 0.7697871640625 0.8945541171875 0.7771911046875 0.9619535203125 0.984173 1 0.9828443874999999 1 0.7965752515625
1 0.6848762125000001 0.7911679375 0.5876215734375 0.7911997890625 0.6397847718749999 0.9910545281250001 0.7475692953124999 0.989759225 0.6848762125000001 0.7911679375
1 0.3076569578125 1 0.26068971093750004 0.8018665 0.16234828125 0.8047345140625 0.1986760375 1 0.3076569578125 1
1 0.42000076093749994 1 0.368905784375 0.799733253125 0.26442103281249996 0.80380235 0.3113451078125 1 0.42000076093749994 1
1 0.5087275265625 1 0.5317115593749999 0.9991973796875 0.47740750781249996 0.7984129046875 0.3708199203125 0.80008681875 0.4210379296875 1 0.5087275265625 1
1 0.48018705625 0.7969257062499999 0.53153446875 0.9992035640625 0.6390383078124999 0.9954494468749999 0.58304623125 0.7914324359375 0.48018705625 0.7969257062499999
1 0.19456750625000002 1 0.16035528125 0.80537025625 0.053118857812499996 0.8118392562500001 0.081400340625 1 0.19456750625000002 1
1 0.6793911453125 0 0.6985238484375 0.062606184375 0.7784521328125 0.05844014374999999 0.7590065515625 0 0.6793911453125 0
1 0.49127245625000004 0 0.43187587499999996 0.002074175 0.447977615625 0.0628563046875 0.5286156796875 0.0588103203125 0.5094493250000001 0 0.49127245625000004 0
1 0.7602113046875 0 0.779162634375 0.059726531250000006 0.86083128125 0.0583131671875 0.8351654546875 0 0.7602113046875 0
1 0.59353184375 0 0.6137657625 0.060753907812499994 0.6965054359375 0.0599269015625 0.67630375625 0 0.59353184375 0
1 0.5105693421875 0 0.5300057171875 0.060444374999999995 0.6126189890625 0.0602747953125 0.5912375 0 0.5105693421875 0
1 0.917755075 0 0.9439833484375001 0.0567843171875 0.9847775921874999 0.055359751562500004 0.9828443874999999 0 0.917755075 0
1 0.8367710546874999 0 0.8608322546875 0.0631252265625 0.941842109375 0.056859090625 0.9146242046875 0 0.8367710546874999 0