1 1 0.34404788124999997 0.9910444734375 0.29200600625 0.923223590625 0.28007034375 0.9401949234375 0.396543534375 1 0.4075373625 1 0.34404788124999997
1 0.8470408765625 0.27069234999999997 0.868283028125 0.3893796078125 0.9368859046875 0.3988887171875 0.9150531281250001 0.2801263921875 0.8470408765625 0.27069234999999997
1 0.67291604375 0.2487970765625 0.600412765625 0.235326790625 0.5956756953125 0.23457651093749998 0.611659590625 0.3533783171875 0.6892126125 0.3631359125 0.67291604375 0.2487970765625
1 0.6780227390625 0.248024278125 0.69388888125 0.36187735625 0.77284266875 0.3798084953125 0.7544409078125 0.2602330671875 0.6780227390625 0.248024278125
1 0.7585917359375001 0.25968164531250004 0.7765188875 0.3832680984375 0.8576199250000001 0.3956610671875 0.8378645328125 0.2718016828125 0.7585917359375001 0.25968164531250004
1 0.5197535765625 0.2241155734375 0.5323064093750001 0.34417545625 0.6119355625 0.354261878125 0.5958783109375 0.236172546875 0.5197535765625 0.2241155734375
1 0.43497463906249995 0.2130471953125 0.4467862171875 0.3342748390625 0.5294320078125 0.3454704515625 0.5178638890625 0.2236723328125 0.43497463906249995 0.2130471953125
0 0.1895152125 0.17199835000000002 0.10809289687500001 0.1583066046875 0.109293765625 0.3016575703125 0.1929113265625 0.31433676718750003 0.1895152125 0.17199835000000002
1 0.189828340625 0.17284365937499999 0.194292234375 0.31776176875 0.2797874625 0.3320260796875 0.2772327046875 0.1882785828125 0.189828340625 0.17284365937499999
0 0.3545402 0.199727171875 0.3645633921875 0.3476031484375 0.44493794218750005 0.35970182500000003 0.4329657296875 0.20976140625 0.3545402 0.199727171875
0 0.2777917203125 0.18757140625 0.2806752796875 0.333053778125 0.363667090625 0.3443041890625 0.35211395625 0.20093432500000002 0.2777917203125 0.18757140625
1 0.9407895140625 0.4097236921875 0.861916621875 0.398868040625 0.8837022078125001 0.5566640421875 0.9687292984375 0.5707782406249999 0.9407895140625 0.4097236921875
1 1 0.420434425 0.9445976359375001 0.4093753953125 0.97055369375 0.5775394796875 0.9930111984375 0.5834764078125 1 0.5393508515625001 1 0.420434425
1 0.610335365625 0.3646393234375 0.5331710281250001 0.35352873906250004 0.545690059375 0.506499234375 0.6313171640624999 0.51682509375 0.610335365625 0.3646393234375
1 0.8569999578124999 0.406161159375 0.7738162375 0.393196015625 0.800812671875 0.547419003125 0.8809099515625001 0.5536328796875 0.8569999578124999 0.406161159375
1 0.690716340625 0.37995933437499996 0.613669825 0.366796103125 0.6310727203125001 0.5154919171875 0.7151997875 0.535288621875 0.690716340625 0.37995933437499996
0 0.6940524781249999 0.3826331046875 0.7172279625 0.5362570828125001 0.7989080937499999 0.548546715625 0.7707776828124999 0.3932870328125 0.6940524781249999 0.3826331046875
1 0.46169112187500005 0.4996673953125 0.544325965625 0.5082248671875 0.5297193234375001 0.3525182265625 0.45032205937500003 0.3418846203125 0.4506957671875 0.363758234375 0.46169112187500005 0.4996673953125
1 0.026236479687499998 0.2949985296875 0.0182094875 0.4308060109375 0.10640640937500001 0.443696959375 0.10987994375000001 0.2985056203125 0.028115624999999998 0.283134075 0.026236479687499998 0.2949985296875
0 0.19592806406250002 0.32203886718749997 0.11181956875000001 0.3053700828125 0.10995125624999999 0.4442584078125 0.1971331328125 0.45591051875 0.19592806406250002 0.32203886718749997
0 0.3646052640625 0.34966695625 0.28155003125 0.3354153625 0.2871533890625 0.47137610625 0.3742539671875 0.48387702499999996 0.3646052640625 0.34966695625
0 0.2805801421875 0.3343683703125 0.197565990625 0.32067530781250003 0.1997540296875 0.45848176875 0.28567881562499997 0.4742470609375 0.2805801421875 0.3343683703125
0 0.4456306921875 0.3637945796875 0.3659848515625 0.3513765578125 0.374708665625 0.48330181406249995 0.4585716640625 0.497878865625 0.4456306921875 0.3637945796875
1 0.9515470953125 0.8452704515624999 0.925672796875 0.68585206875 0.853584709375 0.6710157953125 0.8721696046874999 0.86237055 0.9471761984375 0.8728672078124999 0.9515470953125 0.8452704515624999
1 0.1994075375 0.5698929640625 0.109578325 0.552350259375 0.107115503125 0.743885065625 0.20267231406250003 0.76005325625 0.1994075375 0.5698929640625
1 0.775044440625 0.6581629890625 0.7900635109375 0.85298339375 0.8701175078125001 0.8625622671875 0.8492590921875 0.671682371875 0.775044440625 0.6581629890625
1 0.29815190625 0.585936634375 0.3034216609375 0.7770438640624999 0.39707601875 0.79239399375 0.387043496875 0.5954776703125 0.29815190625 0.585936634375
0 0.014646351562500002 0.5410186765625 0.0089168140625 0.7311818546875 0.10643233437499999 0.741559471875 0.10683600156249999 0.5532877765624999 0.014646351562500002 0.5410186765625
1 0.6663186140625 0.6438352609375 0.6838401609375 0.8367794937499999 0.770901425 0.851602121875 0.7507615750000001 0.6561853859375 0.6663186140625 0.6438352609375
1 0.38928028124999997 0.6015160703125 0.3976785640625 0.790422471875 0.48946664531249995 0.80289331875 0.476791896875 0.6189937203125 0.38928028124999997 0.6015160703125
0 0.20342955312500002 0.5696943359375 0.20523603906250001 0.762526265625 0.3024482953125 0.7774064359375 0.294863390625 0.590695815625 0.20342955312500002 0.5696943359375
1 0.5675948562500001 0.6323314578125 0.5890401078124999 0.8243483375 0.6826071375 0.8365842015625 0.6637671921875 0.643957046875 0.5675948562500001 0.6323314578125
0 0.4899743703125 0.7812706984375 0.49167473125 0.8016928296874999 0.5859466078125 0.8223081562500001 0.564943153125 0.6319220296875 0.47934899218749993 0.6191811875 0.4899743703125 0.7812706984375
1 0.1076478265625 0 0.10706395312500001 0.0612723140625 0.1860142890625 0.0729687515625 0.18444620625000002 0 0.1076478265625 0
1 0.1848530671875 0 0.1864912671875 0.07425639843750001 0.2654416046875 0.0859528359375 0.2619752578125 0 0.1848530671875 0
1 0.9270403421875001 1 0.9474638921875 0.8710507796875 0.87013941875 0.8638687828125 0.887177984375 1 0.9270403421875001 1
0 0.26289915625 0 0.265865 0.0872723796875 0.34451047031250004 0.10225878906250001 0.3370290484375 0 0.26289915625 0
1 0.3383683078125 0 0.34474157031249997 0.10229539218749999 0.4206789875 0.1164311921875 0.41151740312499996 0.01124226875 0.3543115578125 0 0.3383683078125 0
1 0.4910798265625 0.029325803125 0.4119354546875 0.0108718453125 0.4209616859375 0.11605426875 0.4988425890625 0.1283893921875 0.4910798265625 0.029325803125
1 0.7933127437499999 1 0.77235745 0.8538148 0.684846525 0.8394268874999999 0.7024880718750001 1 0.7933127437499999 1
1 0.7004244046875 1 0.6815933203125 0.8394391750000001 0.5902137734374999 0.8299573546874999 0.6082198328125 1 0.7004244046875 1
1 0.8860984390625 1 0.8668303046875 0.86264371875 0.77823855 0.852379125 0.7965858296875 1 0.8860984390625 1
1 0.6054261703125 1 0.585634271875 0.8280745734374999 0.4974330703125 0.81096991875 0.5095468734375 1 0.6054261703125 1
1 0.109393328125 0.7482840562499999 0.10790818906249999 0.9441313203125 0.2072277015625 0.9598619859375 0.1990787359375 0.763016371875 0.109393328125 0.7482840562499999
1 0.2021221390625 0.76542366875 0.21058626406249997 0.9603939296874999 0.3090547328125 0.9759898031249999 0.2975898015625 0.78015251875 0.2021221390625 0.76542366875
1 0.299263478125 0.7808093453125 0.30997165 0.9761350296875 0.41037261875000003 0.9920369796875 0.3962169921875 0.7980738234375 0.299263478125 0.7808093453125
1 0.5077921203125 1 0.49324300625 0.8103741812499999 0.39899910781250003 0.79721911875 0.41016521875 0.9920041312500001 0.4606491484375 1 0.5077921203125 1
1 0.00908923125 0.7354634609375 0.0009473234375 0.927190384375 0.1040514515625 0.9435204734375 0.10747419843749999 0.7485076390625001 0.00908923125 0.7354634609375
1 0.7141378875 0.0587625421875 0.72610414375 0.1718820203125 0.799319759375 0.1821970984375 0.7843438140625001 0.0677256046875 0.7141378875 0.0587625421875
1 0.49885171406250006 0.12796913906250001 0.5726898874999999 0.1385177859375 0.560620709375 0.041605090625 0.4921793 0.0294999421875 0.49885171406250006 0.12796913906250001
1 0.7863511187500001 0.0686841 0.7997379109375 0.183485121875 0.8740478125 0.19659513281250002 0.84773940625 0.08096932500000001 0.7863511187500001 0.0686841
1 0.6361673640625 0.053072871875000004 0.6495667296875001 0.15527570468750002 0.7247448046875 0.1691044484375 0.7101833109375 0.0611042859375 0.6361673640625 0.053072871875000004
1 0.63335224375 0.0535463328125 0.5616597718749999 0.040656240625 0.5736631531249999 0.1402398046875 0.6486110125 0.154640571875 0.63335224375 0.0535463328125
1 1 0.1396057984375 0.9920761468749999 0.108314 0.9210077421875 0.09344834375 0.9497232640625001 0.2098620859375 1 0.21782513906249998 1 0.1396057984375
1 0.873202653125 0.20094525624999998 0.9477683296875 0.2095524546875 0.9240177718749999 0.11867338281249999 0.9168963171875 0.093203840625 0.8528079109375 0.08433437031249999 0.873202653125 0.20094525624999998