1 1 0.26142523125 0.974368815625 0.2564496765625 0.9902212125000001 0.38166239375 1 0.3836381921875 1 0.26142523125
1 0.893206053125 0.24503058906250003 0.9135755609375 0.3726940859375 0.9866422625 0.3841182828125 0.965643565625 0.256363728125 0.893206053125 0.24503058906250003
1 0.7077076890625 0.218436784375 0.630553434375 0.2026947765625 0.6255099578125 0.2018054765625 0.6402626375 0.32949781875 0.7228811765625001 0.3413484953125 0.7077076890625 0.218436784375
1 0.7131755109375 0.21769929999999998 0.7278988640625 0.340082375 0.811853865625 0.36072364375 0.7945345359375 0.232158425 0.7131755109375 0.21769929999999998
1 0.7989773984374999 0.2316412625 0.8157118156250001 0.36449954375 0.90206746875 0.3792398953125 0.8833862343750001 0.24605623593749998 0.7989773984374999 0.2316412625
1 0.5446465468749999 0.1892296671875 0.5557111406249999 0.3182098765625 0.640540096875 0.33045030937500003 0.6256952109375 0.2035207328125 0.5446465468749999 0.1892296671875
1 0.45433794375 0.17584409843749998 0.46458830000000007 0.3060634 0.5526167171874999 0.319547284375 0.542637434375 0.1887205421875 0.45433794375 0.17584409843749998
0 0.19304392812499999 0.1274342515625 0.1063705234375 0.11129530624999999 0.1048601125 0.26505064375 0.193897253125 0.2801429421875 0.19304392812499999 0.1274342515625
1 0.1933618078125 0.1283463828125 0.19530502031250002 0.2838407015625 0.286316196875 0.3006664921875 0.286388690625 0.1464616984375 0.1933618078125 0.1283463828125
0 0.36871212343750004 0.160121459375 0.3765337515625 0.318887259375 0.46211942031250003 0.33329901875 0.45225690781249994 0.1722844078125 0.36871212343750004 0.160121459375
0 0.2869993671875 0.1457132953125 0.28724415625 0.30178449375 0.37564097812499997 0.3153333359375 0.366097940625 0.1613726734375 0.2869993671875 0.1457132953125
1 1 0.45680560937500003 0.99059933125 0.39580781875 0.90659286875 0.382755959375 0.92678075 0.55237055625 0.9962256359375001 0.5651498109374999 1 0.5437443281250001 1 0.45680560937500003
1 0.63862929375 0.34155078906249997 0.5564521375 0.3282560734375 0.5668394984375 0.492530003125 0.6580682109375 0.5051344359375001 0.63862929375 0.34155078906249997
1 0.9012009328125 0.39048942656249996 0.8126326031250001 0.375098225 0.83845406875 0.5409741640625 0.9238583203124999 0.5490699328125 0.9012009328125 0.39048942656249996
1 0.7241590671875 0.35941731718750003 0.6421477062500001 0.343923390625 0.657833171875 0.5037003296875 0.7472756921875 0.5264347640625 0.7241590671875 0.35941731718750003
0 0.7276691984375 0.3623443859375 0.7494224453125 0.527509625 0.8363984515625 0.5421495109375 0.8093863593749999 0.37514151875 0.7276691984375 0.3623443859375
1 0.47728122031250003 0.48370177031250006 0.56534934375 0.494356240625 0.5527862046875 0.327110665625 0.46821550937499995 0.3142875625 0.46818841562499997 0.3377521609375 0.47728122031250003 0.48370177031250006
1 0.10554741875 0.2616808765625 0.03680885 0.247502309375 0.009453699999999999 0.4026410734375 0.0990099765625 0.4173263234375 0.10554741875 0.2616808765625
0 0.1969683828125 0.28845683125 0.10748475937499999 0.26907720468749996 0.1027841125 0.41799180625 0.1956471265625 0.4320463421875 0.1969683828125 0.28845683125
0 0.3765382546875 0.3211012984375 0.28813218281249997 0.304332765625 0.291466578125 0.45024130468749995 0.384226246875 0.46520467656250003 0.3765382546875 0.3211012984375
0 0.2871169609375 0.3031926015625 0.198743871875 0.2870237890625 0.19839554375 0.43485068125000004 0.2898361453125 0.4532938421875 0.2871169609375 0.3031926015625
0 0.4627793859375 0.337700596875 0.3779780296875 0.3229593875 0.384722965625 0.46459593125 0.4739852046875 0.48172793281250004 0.4627793859375 0.337700596875
1 0.9712460359374999 0.70681616875 0.96907885 0.6916659328125 0.8923945328125 0.6744664203124999 0.908511053125 0.8800132156249999 0.9398356953125001 0.88495305625 0.9712460359374999 0.70681616875
1 0.19585513906250002 0.5543251875 0.1002801421875 0.533906078125 0.09391907656250001 0.7392697171875 0.1956365953125 0.7583171421875 0.19585513906250002 0.5543251875
1 0.80878214375 0.6592787 0.8210236734375 0.8684784171875 0.9063161546874999 0.8801821359374999 0.8877627921875 0.6751039515625 0.80878214375 0.6592787
1 0.30097865625 0.57329605625 0.3028825171875 0.7783393765625 0.40258459531249996 0.7964754828125 0.39570837187499996 0.5851171765625 0.30097865625 0.57329605625
0 0 0.7252147578125 0.0932349171875 0.736763465625 0.09733371406249999 0.534862478125 0 0.520187075 0 0.7252147578125
0 0.6929673171874999 0.6419696312500001 0.7079174609375001 0.8492020218749999 0.8005899218750001 0.8666545593749999 0.7828922046875 0.6567237765625 0.6929673171874999 0.6419696312500001
1 0.3979791046875 0.5916329218749999 0.403266384375 0.7943719328125 0.5010318015624999 0.8093868484375 0.4910807140625 0.6119408375 0.3979791046875 0.5916329218749999
0 0.2001535875 0.5541840703124999 0.19832588125 0.761015103125 0.3018361265625 0.7787108093749999 0.29737456875 0.5783411609375 0.2001535875 0.5541840703124999
1 0.5877773625 0.6278678203125 0.60693518125 0.8341758296874999 0.706604684375 0.8489705437499999 0.6902406171875 0.6420546296875 0.5877773625 0.6278678203125
0 0.5019951734375 0.7862071796875 0.5034129140625 0.80813888125 0.6036717859375 0.8319325796875001 0.5849539375 0.627381334375 0.4938074453125 0.6121875921875 0.5019951734375 0.7862071796875
1 0.191633503125 0 0.19171919531249998 0.0225587984375 0.27579196875 0.036513725000000004 0.2749896578125 0 0.191633503125 0
0 0.27562420468750004 0 0.27621835 0.0379364140625 0.35990150625 0.055414154687499995 0.35687525781249996 0 0.27562420468750004 0
1 0.3577173703125 0 0.36014755468750004 0.055457539062500005 0.440955709375 0.0719746546875 0.43602883437499995 0 0.3577173703125 0
1 0.43645644375000003 0 0.4412649109375 0.07157548281250001 0.524183334375 0.0861962375 0.519030771875 0 0.43645644375000003 0
1 0.8183731765625 1 0.8021015125 0.8690535296874999 0.7089404499999999 0.85205915625 0.722411384375 1 0.8183731765625 1
1 0.7200306234375 1 0.7054665421874999 0.8520141765625 0.6080791125 0.8402120875 0.621998525 1 0.7200306234375 1
1 0.91732541875 1 0.902804596875 0.8802107234375001 0.80840913125 0.867619 0.8223571062499999 1 0.91732541875 1
1 0.6188107296875 1 0.6032259468750001 0.8381110734374999 0.5093807531250001 0.8181908421875 0.51766964375 1 0.6188107296875 1
1 0.0962655671875 0.74402804375 0.09133711718750001 0.9356550140625 0.196181125 0.954141840625 0.19174176406250001 0.7614306375 0.0962655671875 0.74402804375
1 0.1949445140625 0.7640666984375 0.19971962031249998 0.9547657734375001 0.3042763 0.9732019375000001 0.2965948859375 0.7815689406249999 0.1949445140625 0.7640666984375
1 0.29836918749999997 0.782303259375 0.305321746875 0.9733862765625 0.4118783 0.9921750734374999 0.4015567046875 0.8025513453125 0.29836918749999997 0.782303259375
1 0.515532403125 1 0.5049183453125 0.8174770546874999 0.404544009375 0.8016844671875001 0.4119495171875 0.9921876296875001 0.45625566875 1 0.515532403125 1
1 0 0.919549815625 0.0874123171875 0.934962965625 0.094212025 0.7442335140624999 0 0.7300765671875 0 0.919549815625
1 0.8439749750000001 0.14927256718749998 0.832983390625 0.05100065 0.7573647 0.037667034375000005 0.7659986390625 0.13690156874999998 0.8439749750000001 0.14927256718749998
1 0.5199786578125 0 0.524201265625 0.085745709375 0.602837796875 0.098378328125 0.5933721875 0.0087507296875 0.54374433125 0 0.5199786578125 0
1 0.9234867015624999 0.16604929375 0.90213510625 0.0631939625 0.83468423125 0.0513005546875 0.844396371875 0.1506613578125 0.9234867015624999 0.16604929375
1 0.764601290625 0.133898515625 0.7533746156250001 0.036963475 0.6739728171875 0.0229627953125 0.68459795625 0.11772427187500001 0.764601290625 0.133898515625
1 0.683589846875 0.117026053125 0.6711278140625 0.0224611453125 0.594565453125 0.008961134375 0.603843471875 0.10024246875000001 0.683589846875 0.117026053125
0 1 0.1731685421875 0.978361034375 0.0833769359375 0.9765310812499999 0.07631198125000001 0.9058834421874999 0.0638548953125 0.922499521875 0.1706993859375 1 0.181003584375 1 0.1731685421875