1 1 0.333922284375 0.9906981281249999 0.2800069609375 0.9220046875 0.26791945625 0.939219496875 0.385731609375 1 0.3969025515625 1 0.333922284375
1 0.8448427265625 0.2584170828125 0.8663836249999999 0.378469634375 0.9358685546875 0.3881029421875 0.9137294375 0.26797433593750003 0.8448427265625 0.2584170828125
1 0.6684796046875 0.23623225312499999 0.5950433687500001 0.22259149374999998 0.5902453703125 0.221831565625 0.6064605921874999 0.3419988109375 0.6850105234375 0.3518854375 0.6684796046875 0.23623225312499999
1 0.67365163125 0.23545172656250002 0.6897464953125 0.3506134890625 0.7697169671874999 0.3687676671875 0.7510526937499999 0.247817396875 0.67365163125 0.23545172656250002
1 0.7552566390625 0.2472605703125 0.7734411046874999 0.3722677453125 0.8555851406249999 0.384820740625 0.835548925 0.2595371015625 0.7552566390625 0.2472605703125
1 0.5133471093749999 0.2112338953125 0.5260875375 0.33267288125 0.6067403 0.3428925625 0.5904509390625 0.2234459421875 0.5133471093749999 0.2112338953125
1 0.42747828906249996 0.200019859375 0.439468215625 0.32263983125 0.523176553125 0.333982084375 0.511433084375 0.2107851546875 0.42747828906249996 0.200019859375
0 0.178861346875 0.1584460921875 0.096391621875 0.144579359375 0.0976396375 0.289573915625 0.18233254062499998 0.302416978125 0.178861346875 0.1584460921875
1 0.1791786796875 0.1593011609375 0.18373191875 0.30588154843750004 0.270326925 0.3203283140625 0.2677075671875 0.174932378125 0.1791786796875 0.1593011609375
0 0.3460091953125 0.186529328125 0.356193696875 0.336102721875 0.4376018640625 0.3483578921875 0.42544288437500005 0.196695959375 0.3460091953125 0.186529328125
0 0.26827359687499996 0.1742172203125 0.27122635625 0.3213679859375 0.35528516875 0.332765746875 0.3435520984375 0.18774978281250002 0.26827359687499996 0.1742172203125
1 0.9398246328125 0.3990629921875 0.859937659375 0.3880654296875 0.882037625 0.547675171875 0.9681584546875 0.5619699984375 0.9398246328125 0.3990629921875
0 1 0.4099501375 0.9436815218750001 0.39871154531249997 0.9700077484375 0.5688091515625 0.994317 0.5752319078125 1 0.5393508578125 1 0.4099501375
1 0.6051218765625 0.3533886171875 0.5269653171875001 0.34213357968749997 0.5396788015625 0.49686044531249995 0.6264065000000001 0.5073236375 0.6051218765625 0.3533886171875
1 0.8549595468750001 0.3954410640625 0.7707059875 0.38230887343750003 0.7980828453125001 0.5383057953125 0.87920888125 0.5446086421875 0.8549595468750001 0.3954410640625
1 0.686537265625 0.36890204843749996 0.6084995828124999 0.3555708609375 0.626158625 0.5059751234375 0.711369146875 0.5260173984375001 0.686537265625 0.36890204843749996
0 0.6899167859374999 0.37160721093750004 0.7134235515625 0.5269974093750001 0.7961540890625 0.5394460140625 0.767628478125 0.3824002625 0.6899167859374999 0.37160721093750004
1 0.454600925 0.48993168750000005 0.538297590625 0.4986055578125 0.523469115625 0.341110715625 0.44305109375 0.330337628125 0.4434344390625 0.3524620765625 0.454600925 0.48993168750000005
1 0.0982326359375 0.2863859625 0.029642459375000003 0.27349401875 0.006386771875 0.4203246546875 0.0947466984375 0.433240953125 0.0982326359375 0.2863859625
0 0.185389678125 0.31020804062499996 0.1001986609375 0.2933295453125 0.0983371390625 0.43380962343749996 0.18663985 0.445614615625 0.185389678125 0.31020804062499996
0 0.3562365609375 0.3381902 0.2721128515625 0.32375683906249997 0.2778181890625 0.461277428125 0.36603874531249997 0.47394094062500003 0.3562365609375 0.3381902
0 0.2711302890625 0.32269762812499997 0.18704831093750002 0.3088292125 0.1892949296875 0.448215921875 0.2763253375 0.46418096875000003 0.2711302890625 0.32269762812499997
0 0.43830440625 0.35249771875 0.3576342234375 0.339919703125 0.36649914843750003 0.47335923593749996 0.4514410578125 0.4881219625 0.43830440625 0.35249771875
1 0.9516415531250001 0.8446740734375 0.9245751625 0.6783534578125 0.8515591406249999 0.66333114375 0.8704247921875 0.8568836375 0.9479882484375001 0.8677401281250001 0.9516415531250001 0.8446740734375
1 0.188968665625 0.5609042171875 0.097983359375 0.54314051875 0.0955313609375 0.7368704671875 0.1923174265625 0.7532451640625 0.188968665625 0.5609042171875
1 0.772008615625 0.6503136078125 0.787263471875 0.8473706890624999 0.8683464140625 0.8570770968750001 0.8471781875 0.6640044031250001 0.772008615625 0.6503136078125
1 0.2889831484375 0.5771536734375 0.2943628140625 0.7704528546875 0.3892218421875 0.7859996921875 0.3790170328125 0.5868237671875 0.2889831484375 0.5771536734375
0 0 0.7244183718749999 0.09483891562499999 0.734518059375 0.0952060703125 0.5440881765625 0.0018312156249999999 0.5316580125 0 0.5927974859375 0 0.7244183718749999
1 0.6618850296875001 0.635797553125 0.6796740421874999 0.8309575109375 0.7678552921875 0.8459693390625 0.74741384375 0.6483079546875 0.6618850296875001 0.635797553125
1 0.381283846875 0.5929318859375 0.3898316828125 0.7840057015624999 0.48279985937500003 0.7966398375 0.4699218140625 0.6106292718749999 0.381283846875 0.5929318859375
0 0.1930422265625 0.5607042015625 0.19491458281250001 0.755747090625 0.29337704375 0.7708193671875 0.28565350624999997 0.581966684375 0.1930422265625 0.5607042015625
1 0.561892425 0.624140015625 0.5836552687500001 0.8183628562499999 0.6784251609374999 0.8307597078125 0.65930090625 0.6359201718749999 0.561892425 0.624140015625
0 0.48330930937499994 0.7747694546874999 0.48503600156250004 0.7954260750000001 0.5805216359375 0.816298603125 0.5592066203125 0.62372530625 0.47251174999999995 0.610819453125 0.48330930937499994 0.7747694546874999
1 0.0957608890625 0 0.0953279953125 0.046432475 0.1752935890625 0.058280478125 0.17402671249999999 0 0.0957608890625 0
1 0.1744476765625 0 0.1757769703125 0.059582990625 0.2557425671875 0.0714309953125 0.2528423703125 0 0.1744476765625 0
1 0.9270403421875001 1 0.9482909109375001 0.8658291890625 0.8683688953124999 0.8583985953125 0.8861465234375 1 0.9270403421875001 1
0 0.2536795875 0 0.25617168437500004 0.07276576093750001 0.3358292328125 0.0879413828125 0.3293674765625 0 0.2536795875 0
1 0.330555453125 0 0.33606330624999997 0.08797845625 0.412977878125 0.1022931203125 0.404034278125 0 0.330555453125 0
1 0.404484609375 0 0.4132641203125 0.1019119359375 0.49214670624999995 0.1144057109375 0.48426243593749996 0.014204775 0.42331375156249995 0 0.404484609375 0
1 0.7911514093750001 1 0.769330484375 0.8482077046875001 0.6806939015625 0.8336354765625 0.6990323375 1 0.7911514093750001 1
1 0.696971565625 1 0.6773989703125001 0.833647184375 0.5848452281250001 0.8240364328125 0.6035414625 1 0.696971565625 1
1 0.8851122796875 1 0.8650170656249999 0.8571587546874999 0.7752867 0.8467568734375 0.7943914453125 1 0.8851122796875 1
1 0.6007486984375 1 0.580206571875 0.8221310546874999 0.4908702546875 0.8048107859375 0.503234828125 0.9968419078125 0.5206031984374999 1 0.6007486984375 1
1 0.10796542656250001 0.9441403859375 0.197039275 0.9568760890625001 0.18867841093749999 0.7562414515625 0.0978393765625 0.7413203890625 0.0963572484375 0.94230183125 0.10796542656250001 0.9441403859375
1 0.288456840625 0.7735958546874999 0.191761384375 0.7586770171875 0.20044414531250002 0.9574153687500001 0.30015644375 0.97243271875 0.288456840625 0.7735958546874999
1 0.30112544531249996 0.97336171875 0.4028459640625 0.9894726671875 0.38835305625 0.7917444421875001 0.2901521296875 0.77426058125 0.30112544531249996 0.97336171875
1 0.5017114406250001 1 0.48662631562499997 0.8042072921875001 0.39117066718750004 0.7908805562500001 0.402691353125 0.9908203875 0.4606491484375 1 0.5017114406250001 1
1 0 0.9269809046875 0.00133365625 0.9272515734375 0.09242214531250001 0.941678571875 0.0958956796875 0.7415461109375 0 0.7288284843749999 0 0.9269809046875
1 0.7101881062500001 0.044028359375 0.7223328984374999 0.15844724999999998 0.7964899109375 0.16889678749999998 0.781296525 0.0531097171875 0.7101881062500001 0.044028359375
1 0.49215585624999997 0.11398064375000001 0.5669434609375 0.1246665671875 0.5546980171875 0.026640228125 0.48537605 0.014381153125 0.49215585624999997 0.11398064375000001
1 0.7833297890625001 0.0540796453125 0.7969137109375 0.17019966875 0.8721796640624999 0.183476425 0.8455082046875001 0.066519296875 0.7833297890625001 0.0540796453125
1 0.631216221875 0.0382561984375 0.6448100875 0.1416336140625 0.7209555078125 0.155637534375 0.7061833234375 0.046396071875 0.631216221875 0.0382561984375
1 0.628365096875 0.0387344640625 0.5557501968749999 0.025680729687499997 0.5679295921875 0.126408540625 0.6438419718749999 0.140990990625 0.628365096875 0.0387344640625
1 1 0.1269067984375 0.9917023593750001 0.09420940156249999 0.9197190921875 0.07915759375 0.9488287156249999 0.1969122203125 1 0.20501695625 1 0.1269067984375
0 0.8713246281249999 0.187876228125 0.9468486374999999 0.1965986078125 0.9227733171875 0.10467247187499999 0.9155548765624999 0.078909378125 0.8506424671874999 0.06992404062499999 0.8713246281249999 0.187876228125