1 1 0.34918452499999997 0.9362702031250001 0.3309358796875 0.9410302796875 0.44790649218749995 1 0.4652765125 1 0.34918452499999997
1 0.8617234421875001 0.3136944171875 0.8704877640625 0.4333014140625 0.937507240625 0.4498799375 0.92816521875 0.330136940625 0.8617234421875001 0.3136944171875
0 0.6913854921875 0.273831290625 0.62090990625 0.2529271703125 0.6162918703125 0.2516897703125 0.6198319484375 0.370860209375 0.69569775 0.38862039843749996 0.6913854921875 0.273831290625
1 0.6965276734375 0.27360096718750004 0.7004635671874999 0.3878646328125 0.7768713734375 0.41385520937500003 0.7710146484375 0.2936668015625 0.6965276734375 0.27360096718750004
1 0.7751863718750001 0.2935554703125 0.78015720625 0.4176612921875 0.8592671187500001 0.4383989671875 0.8525122625 0.3138320296875 0.7751863718750001 0.2935554703125
0 0.542115590625 0.23340449218749998 0.5421242421875 0.3534604328125 0.6200140015625 0.3717629390625 0.616327415625 0.253289490625 0.542115590625 0.23340449218749998
1 0.459222678125 0.21359229218750003 0.458375596875 0.3347256765625 0.539140796875 0.354440653125 0.540288296875 0.232768509375 0.459222678125 0.21359229218750003
0 0.220156253125 0.1473262875 0.140862378125 0.125270484375 0.127205840625 0.267175040625 0.2087806734375 0.2884589515625 0.220156253125 0.1473262875
0 0.2203791 0.1481950703125 0.20979480625 0.2919907953125 0.29306675625 0.315038784375 0.3054222875 0.1726004703125 0.2203791 0.1481950703125
0 0.38086956562499996 0.1920074359375 0.37548971875000003 0.339309915625 0.45390996250000004 0.3596805578125 0.45757160937499997 0.2101324671875 0.38086956562499996 0.1920074359375
0 0.30604966875 0.17195950468750001 0.2938403875 0.3161480484375 0.3749429125 0.33595340937499996 0.3783394640625 0.1929476421875 0.30604966875 0.17195950468750001
0 0.9402546078125 0.46100429218750005 0.8631941796874999 0.44202007187500003 0.8684466828125 0.6003637687500001 0.951270125 0.6232143390625 0.9402546078125 0.46100429218750005
1 1 0.47846143124999996 0.9440655781249999 0.461058021875 0.9523783390625 0.630092209375 0.9799722578125 0.6405707984375 1 0.565826246875 1 0.47846143124999996
1 0.6173529703125 0.38185925625 0.54201259375 0.36280155937499997 0.5385791703125 0.515403678125 0.6223897515625 0.53457019375 0.6173529703125 0.38185925625
1 0.8575650593749999 0.44871908437499997 0.7764498953125 0.427197728125 0.78723784375 0.5825524828125 0.8659927265625 0.5970738640625 0.8575650593749999 0.44871908437499997
1 0.6954459468749999 0.4054165765625 0.6204349578125 0.3843410640625 0.6222855171874999 0.5332260765625 0.7036282515625001 0.5616027234375001 0.6954459468749999 0.4054165765625
1 0.6984760546875 0.40840988125 0.7055384265625 0.562772646875 0.785233084375 0.583468671875 0.773428425 0.4269700109375 0.6984760546875 0.40840988125
1 0.456020671875 0.4998631234375 0.537048253125 0.516967746875 0.5386956640625 0.3614411875 0.46109244218749995 0.34262174375 0.459197428125 0.36429457187500003 0.456020671875 0.4998631234375
1 0.04031289375 0.2837239828125 0.023540271874999998 0.38538270625000004 0.10963258437500001 0.407354903125 0.128113353125 0.2641189515625 0.0516876703125 0.241272740625 0.04031289375 0.2837239828125
0 0.2109733828125 0.296392046875 0.1293251 0.2711109625 0.11308835312500001 0.40828087343749997 0.19830278437499999 0.42892167812500004 0.2109733828125 0.296392046875
1 0.3753174765625 0.341355471875 0.294462915625 0.318575209375 0.2859358640625 0.45363094375 0.37098179375 0.47510274687500004 0.3753174765625 0.341355471875
0 0.293609925 0.3174382765625 0.2127382421875 0.295214715625 0.20063450781249997 0.43173879531250003 0.284176809375 0.456316221875 0.293609925 0.3174382765625
1 0.4541727796875 0.363800871875 0.37650796249999996 0.3431905859375 0.3714921 0.47458138906249997 0.45311366875000003 0.497768009375 0.4541727796875 0.363800871875
1 0.906957496875 0.913065596875 0.8966710234375 0.732523921875 0.8267484796875 0.7103122046875 0.8253525203125 0.9015119625000001 0.9047605000000001 0.9212649031250001 0.906957496875 0.913065596875
1 0.1887521265625 0.5418920234375 0.1015235484375 0.515148396875 0.0792448578125 0.70432530625 0.1722934203125 0.73030841875 0.1887521265625 0.5418920234375
1 0.7502246203125 0.6893875140625 0.74493500625 0.8836420421875 0.823298471875 0.9014869937500001 0.822391565625 0.71051915 0.7502246203125 0.6893875140625
1 0.28497333281250004 0.5680853015625 0.2704040359375 0.7576479046875 0.3616514703125 0.7826229921875 0.3721012015625 0.5868169625 0.28497333281250004 0.5680853015625
0 0 0.6850849453125 0.0788085140625 0.7019537734375 0.098708053125 0.5157888734375 0.0085934421875 0.494014190625 0 0.5575057171875 0 0.6850849453125
1 0.6439313203125 0.6638476171875001 0.6413166640625 0.8565082296875 0.7260831624999999 0.88027216875 0.726358434375 0.6848923765625 0.6439313203125 0.6638476171875001
1 0.3736930734375 0.5930230421875 0.362452953125 0.780736096875 0.4521486 0.8026683218749999 0.45863101093749997 0.6194599828125 0.3736930734375 0.5930230421875
0 0.192759621875 0.54211615 0.174578646875 0.73302239375 0.2694016140625 0.7579047171875 0.281220596875 0.5724484203125 0.192759621875 0.54211615
0 0.547260346875 0.642146578125 0.5486312109375 0.8343003031249999 0.640114628125 0.8561861453124999 0.6413895453125 0.6637012703125 0.547260346875 0.642146578125
1 0.45489136406249997 0.78133590625 0.4544617578125 0.80171189375 0.5457760046875 0.8319590124999999 0.544674184375 0.64146435625 0.46114637968750005 0.6199127843750001 0.45489136406249997 0.78133590625
1 0.153231503125 0 0.149892303125 0.0291926734375 0.2269424171875 0.049016559375000004 0.231010390625 0 0.153231503125 0
1 0.23143065156249998 0 0.2272818734375 0.0503399625 0.3043319875 0.070163846875 0.3088242984375 0 0.23143065156249998 0
1 0.88366349375 1 0.9053098140625 0.9192148328125 0.8231848734374999 0.9027814734374999 0.8251736640624999 1 0.88366349375 1
0 0.3096499171875 0 0.3046150234375 0.07151319375000001 0.38102218906249996 0.09455909375 0.383967746875 0 0.3096499171875 0
1 0.3852213578125 0 0.38124748125 0.0946194609375 0.4550583203125 0.1165409046875 0.4568711375 0.0115474671875 0.41936589687500003 0 0.3852213578125 0
1 0.5338664843750001 0.0377524125 0.4573239046875 0.0112248203125 0.4553775921875 0.11619767343750001 0.5313014546875 0.1365414109375 0.5338664843750001 0.0377524125
1 0.7318016984375 1 0.7272973171875 0.8826128375 0.642040059375 0.8592318265625 0.64279095625 1 0.7318016984375 1
1 0.640602071875 1 0.6388139640625 0.8589037953125 0.5492137078125 0.839970540625 0.54943725625 1 0.640602071875 1
1 0.82352356875 1 0.8200315125 0.9012238140625 0.7332757984375 0.8818078843749999 0.7355914 1 0.82352356875 1
1 0.5465793999999999 1 0.5448691640625001 0.837629534375 0.459209025 0.8114893890625 0.45162766718749997 1 0.5465793999999999 1
1 0.081047203125 0.70891424375 0.05960836093750001 0.8996355062499999 0.1562948046875 0.9255425609374999 0.168424303125 0.732863265625 0.081047203125 0.70891424375
1 0.171191828125 0.7355624078125 0.1595632796875 0.9264183453125 0.25551449375 0.952128396875 0.2643010953125 0.7601126421875 0.171191828125 0.7355624078125
1 0.2658921421875 0.7609372796875 0.2564189328125 0.9523707390625 0.3542452921875 0.978583234375 0.360211678125 0.788150709375 0.2658921421875 0.7609372796875
1 0.44988677812500005 1 0.45511721875 0.8104620359375 0.3630580421875 0.7875962984375 0.3540876703125 0.9785410000000001 0.4341737515625 1 0.44988677812500005 1
1 0 0.88366349375 0.0558762203125 0.8986354828125 0.0791216609375 0.7089346937500001 0 0.689857509375 0 0.88366349375
1 0.7519296609375 0.09019117343750001 0.752075675 0.20332147968749997 0.8235841718750001 0.22117948125 0.82059475625 0.1063972671875 0.7519296609375 0.09019117343750001
1 0.5313540265625 0.136126721875 0.6034554578125 0.154280834375 0.6015288765625 0.0571688265625 0.5349383296875 0.0380396140625 0.5313540265625 0.136126721875
1 0.8224852765625 0.107555153125 0.823865275 0.2224971046875 0.8961690359375 0.2432338234375 0.882065584375 0.12612493281249998 0.8224852765625 0.107555153125
1 0.6752286859375001 0.0764106421875 0.6779259484375 0.178893871875 0.7510158703125 0.2004322234375 0.7477670515625 0.0920937140625 0.6752286859375001 0.0764106421875
1 0.6723890921875 0.076584540625 0.6026571453125 0.0563390328125 0.60424188125 0.156085740625 0.6770443515625 0.1781657671875 0.6723890921875 0.076584540625
1 1 0.161096321875 0.953402221875 0.14612866093750002 0.9698101796874999 0.2642685484375 1 0.2723578859375 1 0.161096321875
1 0.89488070625 0.24744786406250002 0.9679043703125 0.2637578890625 0.95377341875 0.1713918375 0.9493519906250001 0.1454569140625 0.88674135 0.129983084375 0.89488070625 0.24744786406250002