1 0.9868973921874999 0.2951635890625 0.9520821390625 0.21192012343750002 0.8781507828124999 0.2158141375 0.9241296296874999 0.3341879921875 0.9894206593750001 0.33124799843749997 0.9868973921874999 0.2951635890625
1 0.7960798171875 0.224425625 0.8470683781250001 0.34409225781249997 0.9212313218749999 0.3374567234375 0.8696059140625 0.21785437187499998 0.7960798171875 0.224425625
0 0.6083851140625 0.2436236953125 0.5291774390625 0.2470392703125 0.5240337609375 0.2473989515625 0.569542109375 0.3684611484375 0.65314036875 0.359916575 0.6083851140625 0.2436236953125
1 0.6135471859375 0.24157263437499998 0.65773395625 0.35745904375 0.744778553125 0.357170521875 0.69655020625 0.23588106406249998 0.6135471859375 0.24157263437499998
1 0.7007646203125 0.23429460781250003 0.7494670109375 0.35991735937499997 0.8374198609375 0.3532839125 0.7867363328125 0.22781746875 0.7007646203125 0.23429460781250003
1 0.441973553125 0.25480836562500003 0.48419253281249997 0.3780256359375 0.5700451234374999 0.36932342500000004 0.5246324453125 0.24902829375 0.441973553125 0.25480836562500003
1 0.3504888765625 0.26372669375 0.3922141546875 0.38835179062499997 0.4814951953125 0.3800845453125 0.4398868109375 0.25480046875 0.3504888765625 0.26372669375
0 0 0.3070504515625 0.030798156249999997 0.43588977343749996 0.12145633281249998 0.42894709531249997 0.0834345859375 0.2800801 0 0.28511373125 0 0.3070504515625
0 0.0839672578125 0.28089314062500004 0.12373210937500001 0.4322141453125 0.2167409203125 0.4264831328125 0.1792593 0.27593025 0.0839672578125 0.28089314062500004
0 0.2630098109375 0.26922355625 0.309314134375 0.42230710625 0.39643474375 0.41554033593749995 0.3475889875 0.260758334375 0.2630098109375 0.26922355625
0 0.17967363125 0.27505098906250003 0.2179197296875 0.4273486203125 0.30757649374999996 0.4190550984375 0.2607606421875 0.2710814109375 0.17967363125 0.27505098906250003
1 0.927943765625 0.34790475 0.842697090625 0.3556146078125 0.9037242828125001 0.5162782640625 0.9962063796875 0.5105029062499999 0.927943765625 0.34790475
1 1 0.4825396171875 0.9903735859375 0.344875475 0.9318483828125 0.3466150140625 0.9997545046875 0.517170975 1 0.5171788203125 1 0.4825396171875
1 0.5708816296875 0.3806249296875 0.487362915625 0.38765237343750003 0.5375151296875 0.545488359375 0.6297084609375 0.5355834859375 0.5708816296875 0.3806249296875
1 0.839312840625 0.364476696875 0.7490398671875 0.371013453125 0.8146602125 0.5266559390625 0.9000655015625 0.513767640625 0.839312840625 0.364476696875
1 0.6587889515625001 0.377244321875 0.5748966484375 0.3820845234375 0.6291296078124999 0.534240725 0.7220448484374999 0.5346596390625 0.6587889515625001 0.377244321875
1 0.66293090625 0.37924720624999997 0.724403825 0.5351863 0.8129382484375001 0.528303753125 0.7458790640624999 0.37184600625 0.66293090625 0.37924720624999997
1 0.44787328593750003 0.5586729078125 0.5365040875 0.5476339125 0.48350263125000004 0.38742668125 0.39776045 0.3954972125 0.4034481578125 0.418410028125 0.44787328593750003 0.5586729078125
1 0 0.5174603796875 0.00511745 0.5906433234375 0.0621656578125 0.585966 0.0306489890625 0.43243287343750003 0 0.43368870625 0 0.5174603796875
0 0.12648123125 0.4363154859375 0.0343428078125 0.43918155312499996 0.0660147765625 0.58569684375 0.1601578359375 0.5768097015625 0.12648123125 0.4363154859375
1 0.309857703125 0.42446736406249996 0.21940783125 0.429620065625 0.258197409375 0.5712447203125001 0.35246083125 0.5632699437500001 0.309857703125 0.42446736406249996
0 0.2181383765625 0.4287541859375 0.1278667734375 0.43448430781249997 0.1635257609375 0.5788782109375 0.25734795781250003 0.5746215421875001 0.2181383765625 0.4287541859375
1 0.39815136875 0.4196765046875 0.3117167453125 0.4259307265625 0.35279784375 0.562554759375 0.44417264218749997 0.557548446875 0.39815136875 0.4196765046875
1 1 0.69361966875 0.9789681265624999 0.641961528125 0.899864609375 0.6438398796875 0.9656646984374999 0.840571828125 1 0.83754516875 1 0.69361966875
1 0.190138784375 0.696128078125 0.09179639218749999 0.699462328125 0.135592903125 0.90148758125 0.2396020578125 0.895318909375 0.190138784375 0.696128078125
1 0.8144827859375001 0.6493687671874999 0.8773868609375001 0.850610065625 0.963561578125 0.84127106875 0.8954949875 0.6455898234374999 0.8144827859375001 0.6493687671874999
1 0.29745671093750004 0.6890554921875001 0.34924944999999996 0.8887559749999999 0.4510677375 0.8821883234375001 0.3928795125 0.6775336375000001 0.29745671093750004 0.6890554921875001
0 0.026461632812500004 0.89587935625 0.0296553921875 0.9119408437500001 0.1343141984375 0.8992075265624999 0.08915085 0.7011132671875 0.013345653125 0.7083121171875 0.026461632812500004 0.89587935625
1 0.6971249109375 0.6606663734375 0.7621960171875 0.8593277578125 0.8569804109374999 0.8538041453125 0.788568003125 0.6531774734375 0.6971249109375 0.6606663734375
1 0.396684590625 0.6833415265625 0.45122153281250005 0.8799688546875 0.5503877609375001 0.8708257609375 0.49258358125 0.6805008671875 0.396684590625 0.6833415265625
0 0.19430369218750002 0.694943875 0.2428863109375 0.89729796875 0.3483176546875 0.889373309375 0.295164378125 0.6948579421875001 0.19430369218750002 0.694943875
0 0.590927809375 0.6725083265625 0.6598843984375 0.8692429796875001 0.7608571578125 0.8594213796875 0.694481821875 0.6614131578125 0.590927809375 0.6725083265625
0 0.5456841171875 0.847963159375 0.552410025 0.8690278156250001 0.656150015625 0.8678475750000001 0.5880510546875 0.672720771875 0.495307490625 0.6800779359375 0.5456841171875 0.847963159375
1 0 0.1812487453125 0.0557894046875 0.17678434375000002 0.0290745171875 0.0711481671875 0 0.07329415156249999 0 0.1812487453125
1 0.11322342656249999 0.065263903125 0.029493976562500003 0.071092953125 0.0566008125 0.17802283593749998 0.142132184375 0.17117841250000002 0.11322342656249999 0.065263903125
1 1 0.8377539265625 0.963900875 0.84263975625 1 0.9414192859374999 1 0.8377539265625
0 0.1953120859375 0.060198598437499994 0.1141600875 0.064506703125 0.1428951859375 0.1724634421875 0.22890381718750002 0.16915285468750002 0.1953120859375 0.060198598437499994
1 0.2770547875 0.0571863125 0.1967350359375 0.0598136203125 0.229154753125 0.16913530625 0.31212078125 0.1655868609375 0.2770547875 0.0571863125
1 0.36477381875 0.056910465625 0.277402996875 0.056695381249999996 0.312325640625 0.1651219125 0.39689144062500004 0.159208496875 0.36477381875 0.056910465625
1 0.76389118125 0.8618678578125 0.805022128125 0.9798917234375001 0.9042438734375 0.9729534640624999 0.85904133125 0.8557780359375 0.76389118125 0.8618678578125
1 0.66247190625 0.8748571078125 0.7011157796874999 0.9871575640625 0.8023661171875001 0.9800774499999999 0.760486471875 0.8626696640624999 0.66247190625 0.8748571078125
1 1 0.9464154203125 0.9601380015625001 0.84215385625 0.8648540765625 0.852842071875 0.9085228390625 0.97265425 1 0.9662575421874999 1 0.9464154203125
1 0.560688059375 0.8773877203125 0.595653128125 0.99453223125 0.6974076671875 0.9874168609374999 0.6572190703125 0.8739875796875 0.560688059375 0.8773877203125
1 0.26415412968749996 1 0.2365552953125 0.8993065 0.13904401718749998 0.905561428125 0.160037303125 1 0.26415412968749996 1
1 0.37506203125000004 1 0.3438933625 0.8934393921874999 0.24032609374999997 0.9011001296875 0.2676465 1 0.37506203125000004 1
1 0.4859380265625 1 0.45154317656250004 0.8883698390625 0.3458055515625 0.8937242875000001 0.3764649453125 1 0.4859380265625 1
1 0.51746038125 1 0.5926687109375 0.994740921875 0.5561547859375 0.8777772781250001 0.4542504515625 0.8867963390625 0.48721361406249997 1 0.51746038125 1
1 0.15695080625 1 0.137087890625 0.9062619390625001 0.030872698437500002 0.9164017953125001 0.0464317546875 1 0.15695080625 1
1 0.6055513703125001 0.033777365625 0.6454754406250001 0.1498379828125 0.7246653109375 0.1429314859375 0.6812612703125 0.026178849999999997 0.6055513703125001 0.033777365625
1 0.3967992453125 0.15876432499999998 0.4766977875 0.151952496875 0.44059005312500005 0.0529607375 0.3659676640625 0.056826984375 0.3967992453125 0.15876432499999998
1 0.683595975 0.026700093749999997 0.7254151890625 0.1441846375 0.8064280437500001 0.1399520828125 0.7508739234374999 0.0247335671875 0.683595975 0.026700093749999997
1 0.522500753125 0.0467012203125 0.5612827421875 0.1509338 0.643379021875 0.1472465734375 0.601976015625 0.037199028125 0.522500753125 0.0467012203125
1 0.5196665968749999 0.0478817875 0.4414487109375 0.0517109109375 0.478134221875 0.1535274484375 0.5601278578125 0.15049761718750002 0.5196665968749999 0.0478817875
1 0.8306429703125 0.02009 0.8889092890624999 0.1355534359375 0.9659073499999999 0.13016920625 0.908685496875 0.0184898171875 0.8306429703125 0.02009
1 0.8065960453125 0.1447318453125 0.8867865531250001 0.135701871875 0.8399036656250001 0.045888056249999996 0.8262771109375 0.0208298640625 0.7569978859375001 0.027043342187500003 0.8065960453125 0.1447318453125
1 0.9661932656250001 0.128780209375 0.975255884375 0.12868226875 0.967207959375 0.013591578125 0.9120256124999999 0.017273331250000003 0.9661932656250001 0.128780209375