1 1 0.31311030156249997 0.9785482578125 0.2462257265625 0.9032741984375001 0.24362324375000002 0.9393878296875 0.367062578125 1 0.369618621875 1 0.31311030156249997
1 0.8193327937499999 0.2450593859375 0.8604092328125 0.3702449296875 0.9361608562500001 0.370103078125 0.8944332796875001 0.24492611874999998 0.8193327937499999 0.2450593859375
0 0.627404396875 0.247843378125 0.546825190625 0.244292396875 0.541580234375 0.24420084531250003 0.57697888125 0.370309784375 0.662462259375 0.3690760125 0.627404396875 0.247843378125
1 0.6328178203125 0.24623081875000002 0.667335534375 0.367003325 0.755580428125 0.37440005 0.7174452062500001 0.2478216921875 0.6328178203125 0.24623081875000002
1 0.721857028125 0.24659398281249997 0.760088840625 0.37758428125 0.8498162921875 0.378662446875 0.8095627578125001 0.2476548109375 0.721857028125 0.24659398281249997
1 0.457756215625 0.2444256640625 0.48963020156250003 0.3724174546875 0.5774123015625 0.37122380625 0.5420426671875 0.245896890625 0.457756215625 0.2444256640625
1 0.3642468765625 0.24533984375 0.395495790625 0.3747078078125 0.48671407968749997 0.3742556125 0.4556420109375 0.2442334015625 0.3642468765625 0.24533984375
0 0.0042558796875 0.251817375 0.0249911875 0.3907293390625 0.117487865625 0.3917345796875 0.0921398515625 0.23824606250000002 0.0045340078125 0.23588345 0.0042558796875 0.251817375
0 0.09260769218750001 0.2391130484375 0.1195049546875 0.395230353125 0.21427666093750003 0.3976651515625 0.1896254 0.242524140625 0.09260769218750001 0.2391130484375
0 0.2751002859375 0.243157290625 0.308469146875 0.40162966093749997 0.397364934375 0.40249986875 0.36157079375 0.2420901765625 0.2751002859375 0.243157290625
0 0.1901232109375 0.241674009375 0.21539471406250002 0.3986420953125 0.306996125 0.398196584375 0.27265619218750003 0.24483227031250002 0.1901232109375 0.241674009375
1 0.9420383875 0.381232615625 0.8549582875 0.38147900468749996 0.9025772578125 0.5488961234375 0.99681906875 0.5512396796875 0.9420383875 0.381232615625
1 1 0.383371034375 0.9461099484375 0.380276784375 0.9991007796875 0.5558797140625 1 0.504363421875 1 0.383371034375
1 0.5772589921875 0.382695109375 0.49199062031249996 0.3824059015625 0.5288383265625 0.5460108859374999 0.6231532734375 0.5441643734375 0.5772589921875 0.382695109375
1 0.8507433437499999 0.3901174125 0.758673025 0.3887368265625 0.8113919203125001 0.551495821875 0.8990914921875 0.5460410515625 0.8507433437499999 0.3901174125
1 0.66665215625 0.38704970156249996 0.5811989015625 0.3845216953125 0.62268555 0.54275909375 0.716817653125 0.5513877484374999 0.66665215625 0.38704970156249996
0 0.6706725921875 0.389435396875 0.7191618125 0.5521272234375 0.8095007515624999 0.5530055390624999 0.755395815625 0.389297284375 0.6706725921875 0.389435396875
1 0.43681877968749994 0.5513902515625 0.5276235812500001 0.5480853546875 0.488098228125 0.381837359375 0.400483984375 0.38240371875 0.40421880000000004 0.40601333593750005 0.43681877968749994 0.5513902515625
1 0 0.544609615625 0.043488034375 0.5448496546875 0.025146221875000003 0.38722992343749996 0.0019109843750000001 0.38615633437499997 0 0.4956365671875 0 0.544609615625
0 0.1219278734375 0.399609303125 0.0282920859375 0.39436211718749997 0.0474129421875 0.5449181640625 0.1436137796875 0.5442702203125 0.1219278734375 0.399609303125
1 0.30882869375 0.4038562609375 0.21670168906249998 0.40106424687500003 0.24346943593749998 0.5473167703125 0.339711440625 0.547599565625 0.30882869375 0.4038562609375
0 0.215491803125 0.4000789 0.12349432656249999 0.397884953125 0.1468439265625 0.5466537390624999 0.242309396875 0.550647228125 0.215491803125 0.4000789
1 0.3987383390625 0.4068227515625 0.3105831984375 0.40549623281249997 0.3401163546875 0.546908078125 0.43316779843750003 0.549929409375 0.3987383390625 0.4068227515625
1 0.9953394578125 0.7713657546875 0.9677033640625 0.6822915625 0.887365890625 0.6771995078125 0.9366271859375 0.8814125796875001 0.9934191453125001 0.8813803734375 0.9953394578125 0.7713657546875
1 0.163429940625 0.6672491765624999 0.06346498125 0.6619262171875 0.089956853125 0.8695341843750001 0.19591613125000001 0.8724991484375 0.163429940625 0.6672491765624999
1 0.8003420078125 0.6752344781249999 0.8462687624999999 0.8837394 0.9344337421875 0.8819320109375001 0.8827822828125 0.6785783828125 0.8003420078125 0.6752344781249999
1 0.2728227140625 0.6695947796875 0.3076246640625 0.8755644671875 0.41139884687499995 0.8779335703125 0.370553953125 0.6664027875 0.2728227140625 0.6695947796875
0 0 0.8701044281250001 0.0888628625 0.86712184375 0.06063749375000001 0.6633575171875 0 0.663799703125 0 0.8701044281250001
1 0.6803995281249999 0.6762630359374999 0.7287510921875 0.8823575359375001 0.8253039718749999 0.8851583109375 0.7737401015625001 0.676786740625 0.6803995281249999 0.6762630359374999
1 0.3738959109375 0.67259603125 0.411751321875 0.8757088453125 0.5130657937499999 0.87524641875 0.471340771875 0.6782009718750001 0.3738959109375 0.67259603125
0 0.16775595625 0.6664227625 0.1990694015625 0.874785065625 0.306625609375 0.8761047468750001 0.2699854546875 0.675244021875 0.16775595625 0.6664227625
0 0.571720228125 0.6788262656249999 0.6241803874999999 0.88332084375 0.7273858703125 0.8823337062500001 0.6776546171875 0.676782721875 0.571720228125 0.6788262656249999
0 0.510323875 0.8517743546875 0.515274615625 0.8736118171875 0.6205192109375 0.8815837796875 0.5687858328125001 0.6787864421875 0.47413890625 0.678015025 0.510323875 0.8517743546875
1 0.055553660937500006 0.0227398359375 0.008265676562500001 0.022096237499999997 0.006362440625 0.13113260625 0.073271671875 0.131632009375 0.055553660937500006 0.0227398359375
1 0.1413594671875 0.02423758125 0.055983671874999995 0.0227211984375 0.07398432187500001 0.13295267500000002 0.16127630312500002 0.1336042125 0.1413594671875 0.02423758125
1 0.99134863125 1 0.9934330953125 0.8805811125 0.9346563781249999 0.8833422796875 0.966243165625 1 0.99134863125 1
0 0.2250046765625 0.026379278125 0.1423758453125 0.023556678125 0.161935771875 0.1349675359375 0.2493984203125 0.13922505000000002 0.2250046765625 0.026379278125
1 0.308117396875 0.030560865625 0.22648093125000002 0.02611670625 0.24965429687500001 0.13922951562500002 0.3340543484375 0.14297843593749998 0.308117396875 0.030560865625
1 0.39704470625 0.038029939062500004 0.3085137953125 0.030096520312500003 0.334303159375 0.1425276359375 0.42053406718749997 0.1440328015625 0.39704470625 0.038029939062500004
1 0.8598973859375001 1 0.8272178562500001 0.8873309718750001 0.7302441281250001 0.885068909375 0.7595079515625 1 0.8598973859375001 1
1 0.75675163125 1 0.7267224437500001 0.88557681875 0.62630550625 0.8892111484375 0.6540511625 1 0.75675163125 1
1 0.964577553125 1 0.9308857640625 0.8825199234375001 0.8333691218749999 0.884883465625 0.8644319234375001 1 0.964577553125 1
1 0.6502300828124999 1 0.6210588031250001 0.8878703140624999 0.522923834375 0.8827737859375 0.547156934375 1 0.6502300828124999 1
1 0.0930936765625 0.8739474062499999 0.10895799375 0.9932505 0.21424770781250002 0.9950883390625 0.192475025 0.8762514953125 0.0930936765625 0.8739474062499999
1 0.1961378296875 0.8783933812500001 0.21777236875 0.9951498624999999 0.32533719843750003 0.9970274140625 0.3017814265625 0.8798145890625 0.1961378296875 0.8783933812500001
1 0.303694184375 0.880270784375 0.3267123578125 0.9970514171874999 0.43611724374999994 0.9989610859375 0.41133313437499996 0.8842095390625 0.303694184375 0.880270784375
1 0.54407276875 1 0.518294871875 0.8827662734375 0.4142163296875 0.8828617875000001 0.4374061 0.9989835828125001 0.49563659531250004 1 0.54407276875 1
1 0 0.99134863125 0.10563099375 0.993192428125 0.09104910000000001 0.8744810984375 0 0.8751899609375 0 0.99134863125
1 0.6431209234375 0.035965746874999996 0.6733029734375 0.1565374609375 0.7541733671874999 0.1565663203125 0.7205256828125 0.034989367187499995 0.6431209234375 0.035965746874999996
1 0.420479971875 0.14357671562500002 0.502060215625 0.1437636359375 0.47423401875 0.0407427078125 0.39826205937500003 0.0380511875 0.420479971875 0.14357671562500002
1 0.7228457203125 0.0357212359375 0.7548223578125001 0.1578963390625 0.8373034765625 0.1607828390625 0.791205840625 0.03967994375 0.7228457203125 0.0357212359375
1 0.5578046515625 0.041664337499999995 0.5878769515625 0.150206759375 0.6714078109375 0.15373890625 0.6391942187499999 0.039100678124999996 0.5578046515625 0.041664337499999995
1 0.55482766875 0.042604615624999995 0.4752149765625 0.0395581078125 0.503376525 0.145478821875 0.586745121875 0.1496648765625 0.55482766875 0.042604615624999995
1 0.8724627734375 0.042042090625 0.921287515625 0.163631525 0.999801675 0.16500199531249998 0.9517002968750001 0.0473209703125 0.8724627734375 0.042042090625
1 0.8370503484375 0.16561800625 0.9191229828124999 0.16359374375 0.8795632187500001 0.068877 0.8679724546875001 0.042402646875 0.797207846875 0.042550184375 0.8370503484375 0.16561800625
1 1 0.0473136359375 0.9551932484375 0.0463891546875 1 0.1630679234375 1 0.0473136359375