1 0.7651942703125 0.1372423328125 0.837630471875 0.23970464218749998 0.9113501875000001 0.21775448437499997 0.8352692515625 0.115795625 0.7651942703125 0.1372423328125
1 0.688428753125 0.1651616546875 0.76598520625 0.267662971875 0.8356277125 0.243532628125 0.7574749749999999 0.14124552031249998 0.688428753125 0.1651616546875
0 0.5127489703125 0.228536890625 0.43749221718750003 0.250789134375 0.4326380453125 0.2523663515625 0.5052645609375 0.3575185609375 0.583512903125 0.3292974515625 0.5127489703125 0.228536890625
1 0.5172167734374999 0.2253338328125 0.5873376234375 0.3258409375 0.6708681078125001 0.3047087296875 0.5955749640625 0.1999903609375 0.5172167734374999 0.2253338328125
1 0.5992436 0.1974597484375 0.6760271640625 0.3062186375 0.758914278125 0.2787862734375 0.6802653265624999 0.1706519046875 0.5992436 0.1974597484375
1 0.3555957078125 0.2791307328125 0.4255778515625 0.38713701875 0.5059536453125 0.358224659375 0.43360225 0.25378487031249997 0.3555957078125 0.2791307328125
1 0.2698623703125 0.3095997015625 0.3397066546875 0.4190738875 0.42347910781250003 0.389757059375 0.35358967343750003 0.2796231375 0.2698623703125 0.3095997015625
0 0 0.5436375531250001 0.0039512375 0.5512401687499999 0.0893627328125 0.5228631734375 0.0172844859375 0.3892622203125 0 0.39469659375 0 0.5436375531250001
0 0.0179902921875 0.3899140125 0.0923288671875 0.5254498515625 0.18028740468749999 0.49767121249999996 0.108325178125 0.3623246765625 0.0179902921875 0.3899140125
0 0.18715878125000002 0.3358289625 0.26819903749999996 0.4714876265625 0.350255 0.4441268546875 0.266368175 0.3074488984375 0.18715878125000002 0.3358289625
0 0.10851307343750001 0.36138250312500003 0.18162630468750002 0.4982184703125 0.2657533328125 0.46878643125 0.18544244062499998 0.33814888593750003 0.10851307343750001 0.36138250312500003
1 0.8445703078125 0.25194031250000004 0.7645393953124999 0.27975618125 0.86153053125 0.41915393125 0.9489726046875001 0.3914589796875 0.8445703078125 0.25194031250000004
1 0.9539731671875 0.3970011828125 0.9897551874999999 0.38927748906250004 0.9363538734375 0.2249251453125 0.8480122890624999 0.2497683765625 0.9539731671875 0.3970011828125
1 0.50945675 0.368858384375 0.43092238906249997 0.39560604375 0.5167935015625 0.53489866875 0.6029717781249999 0.5033141578125 0.50945675 0.368858384375
1 0.7634060687499999 0.289062646875 0.678267565625 0.3169582125 0.7784706015625 0.45044193125 0.8574168234374999 0.4176237625 0.7634060687499999 0.289062646875
1 0.5930771765625 0.344555253125 0.5136615234375 0.3692956328125 0.602095078125 0.502165615625 0.691432840625 0.48030500312499996 0.5930771765625 0.344555253125
1 0.5975336421875 0.3454829109375 0.6938242578125 0.48024468125 0.777210421875 0.45243417656249996 0.6754307453124999 0.3185136546875 0.5975336421875 0.3454829109375
1 0.43384917187500005 0.5690159015625 0.5163350046875 0.5371977375 0.42716097968750005 0.3963145984375 0.34674033125000003 0.4245949453125 0.3576763390625 0.44519748281249993 0.43384917187500005 0.5690159015625
1 0 0.5791922203125 0.03865825625 0.6981701 0.06992747499999999 0.687594684375 0.0029821890625 0.5479619625 0 0.5488368171875 0 0.5791922203125
0 0.095948909375 0.5287229078125 0.0081419359375 0.553546534375 0.07355995 0.686414421875 0.161853903125 0.6553384078125 0.095948909375 0.5287229078125
1 0.269237134375 0.47342831093750004 0.183598109375 0.5000394406249999 0.2546837484375 0.626513578125 0.34331124375 0.5962833625 0.269237134375 0.47342831093750004
0 0.182172059375 0.49951352499999996 0.0968421828125 0.52663548125 0.1655826546875 0.6565144328125 0.2546745734375 0.629954284375 0.182172059375 0.49951352499999996
1 0.3528917296875 0.44768068124999993 0.271372165625 0.47438573906250003 0.3434640765625 0.5955170062499999 0.4300263875 0.568824603125 0.3528917296875 0.44768068124999993
1 1 0.571071615625 0.963819503125 0.5216115796875 0.8882955734375001 0.5423652125 0.9984866984374999 0.7151961390625 1 0.714674015625 1 0.571071615625
1 0.21915102343749998 0.7625392265625 0.1254974703125 0.789298128125 0.215820375 0.9724754515624999 0.3142393171875 0.9416416046875 0.21915102343749998 0.7625392265625
1 0.8076138687500001 0.5681226828125 0.9161008 0.745970359375 0.9966338546875001 0.716370365625 0.8845169265624999 0.5450897375 0.8076138687500001 0.5681226828125
1 0.32053184843750004 0.7300460734375 0.4179791546875 0.90907889375 0.5141986359375 0.8783874921875 0.40942551250000003 0.696137678125 0.32053184843750004 0.7300460734375
0 0.1371716890625 1 0.21404762187499998 0.9705960593749999 0.1233510140625 0.7915146609375 0.07457560156250001 0.808712321875 0.13672873593749998 1 0.1371716890625 1
1 0.6975997453125 0.607071678125 0.8075516453124999 0.7819269140625 0.8972650296875001 0.753921675 0.7836346078124999 0.5779829875 0.6975997453125 0.607071678125
1 0.4144673765625 0.7007937078124999 0.51381615625 0.87622295625 0.606873321875 0.8436980374999999 0.5058921468750001 0.6750934171874999 0.4144673765625 0.7007937078124999
0 0.222868203125 0.7604060968749999 0.317866340625 0.9427519249999999 0.41723170937500004 0.90989395625 0.31971633593750004 0.7361578093750001 0.222868203125 0.7604060968749999
1 0.598434690625 0.6438684234375 0.71165803125 0.8159456546875001 0.80628814375 0.7823374515625 0.6952396609375 0.60842085625 0.598434690625 0.6438684234375
0 0.596894421875 0.822907859375 0.60838605 0.841489915625 0.70773811875 0.8155027015625 0.595722546875 0.6447613453125001 0.508407215625 0.6740353359375 0.596894421875 0.822907859375
1 0 0.286810340625 0.0476443921875 0.27080021875 0 0.185857046875 0 0.286810340625
0 0 0.18375106875 0.0486841640625 0.27184929687500003 0.1304977734375 0.2480682109375 0.072208571875 0.151668053125 0 0.17380046875 0 0.18375106875
1 0.14999635312499998 0.1291950375 0.073483234375 0.1509580609375 0.1307345875 0.24799126562499998 0.2095692 0.22471115625000002 0.14999635312499998 0.1291950375
1 0.23417760625 0.10791339062500001 0.15021350625000002 0.128640978125 0.20965488593749998 0.22421635312500002 0.28946100625 0.19828577187500002 0.23417760625 0.10791339062500001
1 0.809786496875 0.7839558171875 0.8860395593750001 0.90029925625 0.9801876546875 0.8697086859375001 0.8997159031249999 0.755320146875 0.809786496875 0.7839558171875
1 0.7154842296874999 0.8207076609374999 0.787921159375 0.93217985625 0.8836457453125 0.901077053125 0.806708078125 0.785540221875 0.7154842296874999 0.8207076609374999
1 1 0.727254675 0.9935566625 0.718036925 0.9045972390625 0.7511128796875 0.9839342406249999 0.8684913453125 1 0.8632712640625 1 0.727254675
1 0.618333459375 0.8475207203125 0.687764859375 0.9647226109375 0.784561834375 0.9332713671875 0.7102315859375 0.82113265625 0.618333459375 0.8475207203125
1 0.3425205953125 1 0.3122657015625 0.9461942875 0.2201080578125 0.97555395625 0.232322571875 1 0.3425205953125 1
1 0.4637644703125 1 0.4139538359375 0.9148519390625 0.316315715625 0.9470102765625 0.34625194531250003 1 0.4637644703125 1
1 0.57919221875 1 0.58498560625 0.9981176140624999 0.5161318984375 0.8841994671875 0.41585839687500004 0.9146668984374999 0.4653541234375 1 0.57919221875 1
1 0.5183561421875 0.88204238125 0.5858973625 0.9978213671875 0.6851378640625 0.9655761734375 0.61407266875 0.8489803265625 0.5183561421875 0.88204238125
1 0.459899240625 0.028047364062500003 0.5259677234375 0.129742803125 0.6003734656249999 0.10414826562499999 0.5307974390625 0.002623215625 0.459899240625 0.028047364062500003
1 0.28926635625 0.19788205625 0.3643753359375 0.1722084765625 0.306049553125 0.08596166093749999 0.23530425781250003 0.10754731875000001 0.28926635625 0.19788205625
1 0.5422972453125 0 0.53316425 0.0025635171875000003 0.601393015625 0.10516992812499999 0.678188340625 0.08170197500000001 0.6101655734375 0 0.5422972453125 0
1 0.3832229859375 0.0603354453125 0.4453691046875 0.1509656140625 0.5233352421874999 0.12776085312500002 0.45728276562500003 0.032184173437500005 0.3832229859375 0.0603354453125
1 0.38078301875 0.062146246875 0.306575665625 0.08455778593749999 0.36613114062499996 0.1733741359375 0.4441557359375 0.1508241765625 0.38078301875 0.062146246875
1 0.70650015625 0 0.7563542625 0.057722974999999996 0.8290185859375001 0.0341129046875 0.7991869687500001 0 0.70650015625 0
1 0.6147702078124999 0 0.679491484375 0.086243825 0.754351003125 0.0583738734375 0.7025147046875 0 0.6147702078124999 0
1 0.8015627125 0 0.8289613828125001 0.03271284375 0.8703877296875 0.02190223125 0.8632712640625 0 0.8015627125 0