1 0.866566959375 0.223864603125 0.903176875 0.34156888125 0.9787941437500001 0.34343987343750004 0.9386224703125 0.2250996125 0.866566959375 0.223864603125
1 0.7862871484375 0.22664535156249999 0.827673965625 0.345940228125 0.900140515625 0.3445369859375 0.8581309218750001 0.225261228125 0.7862871484375 0.22664535156249999
1 0.602722475 0.23252449375 0.525575878125 0.23046916562500003 0.520556684375 0.23046916562500003 0.5565271765625 0.35074404375 0.638285521875 0.3481314578125 0.602722475 0.23252449375
1 0.6078743796875 0.2308884 0.6429130015625 0.346063396875 0.7274573109375 0.3516763734375 0.6888609953125 0.23099737031249998 0.6078743796875 0.2308884
1 0.6930611296875 0.229746884375 0.7318235234375 0.354652825 0.81768063125 0.3541850765625 0.7769838375 0.22929634375000002 0.6930611296875 0.229746884375
1 0.4403689421875 0.2320869765625 0.47299895468750003 0.3542254078125 0.5569570765625 0.351612821875 0.5210274 0.2320869765625 0.4403689421875 0.2320869765625
1 0.3509271046875 0.2345275234375 0.3829821125 0.357995384375 0.47023989843749997 0.356035946875 0.438343146875 0.2319380734375 0.3509271046875 0.2345275234375
0 0.09049340624999999 0.232280825 0.00409159375 0.23145770156249998 0.0288009 0.37954932812500003 0.1173060140625 0.3789653609375 0.09049340624999999 0.232280825
1 0.09095545000000001 0.23310394687499997 0.11929406718749999 0.3822820828125 0.209999490625 0.38303018906249997 0.1838258484375 0.2347501921875 0.09095545000000001 0.23310394687499997
0 0.26560724375 0.23392707031249999 0.3001763375 0.385254115625 0.3852343484375 0.38460096718750003 0.348312725 0.23145770156249998 0.26560724375 0.23392707031249999
0 0.184287890625 0.23392707031249999 0.2110854046875 0.383947821875 0.2987098203125 0.38198838125 0.26329703437499996 0.2355733171875 0.184287890625 0.23392707031249999
1 0.9059491906250001 0.3551055828125 0.822646828125 0.35679853906250003 0.8709978671874999 0.5164601359375001 0.9611948343750001 0.517129659375 0.9059491906250001 0.3551055828125
1 1 0.35772792343750004 0.9098283484374999 0.3541213671875 0.964187465625 0.5238248671875 1 0.527470565625 1 0.35772792343750004
1 0.5570019671875001 0.3626098734375 0.475423878125 0.3637591859375 0.5134067671875 0.5199473015625 0.6036037328125 0.5165996984375 0.5570019671875001 0.3626098734375
1 0.818758790625 0.365148396875 0.73065529375 0.3653654875 0.7838074671874999 0.5204772640625001 0.86761548125 0.513782053125 0.818758790625 0.365148396875
1 0.6425939859375001 0.36528795625 0.5608016421875 0.364294621875 0.6031328140625 0.515260653125 0.6933297796875 0.5219558640625 0.6425939859375001 0.36528795625
1 0.6464800328125 0.367507228125 0.695584703125 0.5226253843750001 0.7820234625 0.5219558640625 0.7275294625 0.3659574765625 0.6464800328125 0.367507228125
1 0.42546472656249995 0.5266425124999999 0.5122793062500001 0.5219558640625 0.47169067187499997 0.36327939374999996 0.38788265625 0.36528795625 0.3918498703125 0.38785373125 0.42546472656249995 0.5266425124999999
1 0 0.5275407125 0.0490697875 0.5269540171875 0.028890782812499998 0.37619277812499996 0 0.3753612953125 0 0.5275407125
0 0.12168511093750001 0.3864384828125 0.032019417187499996 0.382975884375 0.052825753125 0.5269540171875 0.14484689687500002 0.5247236125 0.12168511093750001 0.3864384828125
0 0.3005574828125 0.3873821484375 0.2123761890625 0.3862474296875 0.2404261734375 0.5259729906249999 0.3325022421875 0.52463395 0.3005574828125 0.3873821484375
0 0.21120228124999998 0.38532328125 0.1231548875 0.3847596 0.1479768671875 0.5269540171875 0.23937201875 0.5291844234374999 0.21120228124999998 0.38532328125
1 0.386620421875 0.3887211890625 0.3022633421875 0.3889246 0.33287806249999996 0.5239644296875 0.42194756718750004 0.5253034703125 0.386620421875 0.3887211890625
1 0.858588178125 0.6396849265625 0.9091248140625 0.8345855359375 0.9979397328124999 0.8329819234375 0.9355292484375 0.6432213171875001 0.858588178125 0.6396849265625
1 0.1658579046875 0.6422592953125 0.0701360515625 0.6388299578125001 0.0989466671875 0.837365271875 0.2003637015625 0.838434346875 0.1658579046875 0.6422592953125
1 0.775302671875 0.63925744375 0.8227209359375 0.8383272921874999 0.9070350968750001 0.8351200703125 0.854226228125 0.64108316875 0.775302671875 0.63925744375
1 0.2705493 0.6426773140625001 0.3072825203125 0.8395034203125 0.40659920156249996 0.84003795625 0.36399204531249996 0.637983003125 0.2705493 0.6426773140625001
0 0 0.840076375 0.0978598015625 0.83507150625 0.06745499375 0.64024906875 0 0.6419217015625 0 0.840076375
1 0.6605750859375 0.642249828125 0.710272828125 0.8389688812499999 0.80268835 0.84003795625 0.74987948125 0.641190221875 0.6605750859375 0.642249828125
1 0.3672925984375 0.6438629078125 0.4068992515625 0.8378998078125001 0.503815528125 0.835761659375 0.46060827031249996 0.6476046656250001 0.3672925984375 0.6438629078125
0 0.169982653125 0.6413948609375 0.2034184953125 0.8405724937500001 0.30633578125 0.84003795625 0.26792932812500003 0.6481392046875001 0.169982653125 0.6413948609375
1 0.556648215625 0.6465246687499999 0.6102497921875 0.8416415687500001 0.708966371875 0.8389688812499999 0.6579578046875 0.642793834375 0.556648215625 0.6465246687499999
0 0.5008004781250001 0.813311109375 0.5059013343750001 0.8341580499999999 0.6067182671875 0.84003795625 0.5538403171875 0.6465355921875 0.46328204375000004 0.6473796359375 0.5008004781250001 0.813311109375
1 0 0.131121175 0.070662571875 0.1304139578125 0.0518940203125 0.026344423437499997 0 0.026544271874999997 0 0.131121175
1 0.1340064328125 0.026344423437499997 0.052305084375 0.026319367187499998 0.0713663921875 0.1316678078125 0.154886446875 0.1308319078125 0.1340064328125 0.026344423437499997
1 1 0.830477334375 0.907271634375 0.836467996875 0.9545411953125 1 1 1 1 0.830477334375
0 0.214062634375 0.026997754687499997 0.13496739687499998 0.02567481875 0.155540103125 0.1321275328125 0.23928364218749998 0.1347448703125 0.214062634375 0.026997754687499997
1 0.29364348281249997 0.029615092187499997 0.2154705296875 0.0267214 0.23952850625000002 0.1347448703125 0.3203336765625 0.1369259875 0.29364348281249997 0.029615092187499997
1 0.3788418421875 0.03528599375 0.2940149484375 0.029163417187500002 0.32056417656249997 0.1364897640625 0.40308339374999996 0.1364897640625 0.3788418421875 0.03528599375
1 0.8532710703124999 1 0.8045555765625 0.842088290625 0.7117464421874999 0.8415425765625001 0.7549713859375 1 0.8532710703124999 1
1 0.7527059625 1 0.70838585 0.842088290625 0.6123811796874999 0.8472514828125 0.653405140625 1 0.7527059625 1
1 0.9537833687499999 1 0.9036506875000001 0.835742903125 0.81039940625 0.839639609375 0.8566024000000001 1 0.9537833687499999 1
1 0.65019233125 1 0.6073394515625 0.8460541562499999 0.5133720671875001 0.842811221875 0.5486723359375001 1 0.65019233125 1
1 0.22886550312499998 1 0.1971343734375 0.842088290625 0.1020212515625 0.8415425765625001 0.12586935625 1 0.22886550312499998 1
1 0.3359651515625 1 0.301763471875 0.8436746359375 0.2006742171875 0.8440798703124999 0.2323312703125 1 0.3359651515625 1
1 0.442647 1 0.40664113593750006 0.8460541562499999 0.30360095781249996 0.8440798703124999 0.337108896875 1 0.442647 1
1 0.5463086296874999 1 0.508943575 0.8428814640625 0.40937688281250006 0.8447141921875 0.44315381406250004 1 0.5463086296874999 1
1 0.12223424218750001 1 0.1000741875 0.842088290625 0 0.8446192343750001 0 0.8773484671875 0.01411143125 1 0.12223424218750001 1
1 0.614219853125 0.0291908640625 0.6451073468749999 0.14424595 0.7224736953125 0.1429206859375 0.688253965625 0.026960125 0.614219853125 0.0291908640625
1 0.4030240265625 0.13605354218750002 0.4810721046875 0.13486789375 0.4527314484375 0.0365946625 0.38000679531250003 0.03528599375 0.4030240265625 0.13605354218750002
1 0.6904856859375 0.0276227578125 0.723116771875 0.1441845625 0.8020717640624999 0.1455712125 0.7559495187499999 0.030273284374999997 0.6904856859375 0.0276227578125
1 0.5326959296875 0.036079887500000005 0.56327755625 0.1396075265625 0.6432475796875 0.1415954234375 0.6105156625 0.03226118125 0.5326959296875 0.036079887500000005
1 0.52986365625 0.037030884375 0.4536501140625 0.035442890625 0.4823600109375 0.1364897640625 0.562185725 0.13910710312500002 0.52986365625 0.037030884375
1 0.8337246203124999 0.031177857812499998 0.8824639171875001 0.1468964765625 0.9575985421875 0.1468964765625 0.909616528125 0.0349117078125 0.8337246203124999 0.031177857812499998
1 0.8019103453125 0.1502096359375 0.880392553125 0.1468964765625 0.8409654718749999 0.05677855625 0.8294349109375 0.031598546875 0.7617393578125 0.0329238109375 0.8019103453125 0.1502096359375
1 1 0.034237234374999995 0.9129425515625 0.0339601890625 0.957970496875 0.1455712125 1 0.14804642343750002 1 0.034237234374999995