1 0.7581883203124999 0.08417600625 0.8289352624999999 0.1842225234375 0.9009516312500001 0.162778690625 0.8266442421875 0.06322425468750001 0.7581883203124999 0.08417600625
1 0.683195890625 0.111449175 0.7589445796875001 0.21153314218750002 0.8269783734375 0.18796084531249999 0.7506471718750001 0.08808613125 0.683195890625 0.111449175
0 0.5115739265625 0.173357865625 0.43805605312499996 0.19509688125 0.43331402499999994 0.196637659375 0.5042465390624999 0.299310871875 0.580687515625 0.2717428171875 0.5115739265625 0.173357865625
1 0.51593873125 0.17022948124999998 0.5844241546875 0.2683670125 0.6660241375 0.2477206859375 0.592486653125 0.14547145781249998 0.51593873125 0.17022948124999998
1 0.596070703125 0.142999825 0.6710636062499999 0.2491944796875 0.7520358984375 0.22239606093750003 0.6752207015625 0.1168114921875 0.596070703125 0.142999825
1 0.35805132500000003 0.222783053125 0.42640030937500006 0.3282436359375 0.5049195875 0.3000002984375 0.4342557359375 0.1980227390625 0.35805132500000003 0.222783053125
1 0.2742983 0.25254711093750004 0.342512428125 0.35944113125 0.42434980624999996 0.33080239843750003 0.35609165468750004 0.2232641453125 0.2742983 0.25254711093750004
0 0 0.4606295359375 0.014510842187500001 0.4885451515625 0.09794921250000001 0.460823975 0.027555848437500002 0.33037017031250004 0 0.3390340640625 0 0.4606295359375
0 0.0282452390625 0.3310065640625 0.100846378125 0.46334952031250004 0.1867727671875 0.4362123234375 0.116492959375 0.30405392343750004 0.0282452390625 0.3310065640625
0 0.193505434375 0.2781706640625 0.2726531390625 0.4106327171875 0.352813509375 0.3839043140625 0.2708852390625 0.25044726562499997 0.193505434375 0.2781706640625
0 0.116676625 0.3031338578125 0.18808061250000002 0.43674656093750003 0.270264375 0.407995278125 0.191828521875 0.280436309375 0.116676625 0.3031338578125
1 0.8357129531249999 0.1961699234375 0.7575307125 0.2233424796875 0.8522596765625 0.35945379375000003 0.9376815468749999 0.33239838437499997 0.8357129531249999 0.1961699234375
1 0.9425656828125 0.337809778125 0.9710351734374999 0.3316632109375 0.9190165125 0.17156623437500002 0.8390755484374999 0.1940485703125 0.9425656828125 0.337809778125
1 0.508340284375 0.31038381249999997 0.43162009531249995 0.336513065625 0.5154863984375 0.47252311875 0.599674209375 0.44166966875 0.508340284375 0.31038381249999997
1 0.7564224453125 0.23243049375 0.673250809375 0.2596815171875 0.7711180828125 0.39001730625 0.848241365625 0.35796008437500004 0.7564224453125 0.23243049375
1 0.5900285249999999 0.286641034375 0.5124476921875 0.3108102640625 0.5988179406249999 0.4405482140625 0.6860908968749999 0.41918986093750005 0.5900285249999999 0.286641034375
1 0.5943817390625 0.28754634375 0.6884269765625 0.41913065781250003 0.7698868171875 0.391962915625 0.6704794484375001 0.261200778125 0.5943817390625 0.28754634375
1 0.43445737656250005 0.5058493953125 0.515038225 0.47476824375 0.42794564843750005 0.33720545 0.34938263125 0.364831625 0.3600629609375 0.3849488640625 0.43445737656250005 0.5058493953125
1 0 0.57919221875 0.020256809375 0.6415362671875 0.07894306875 0.62168860625 0.01356463125 0.48534406875 0 0.48932356875 0 0.57919221875
0 0.1043822296875 0.4665452421875 0.0186042640625 0.49079681875 0.082491625 0.620535609375 0.1687460828125 0.590178446875 0.1043822296875 0.4665452421875
1 0.2736669671875 0.4125276890625 0.1900065546875 0.4385245078125 0.25943117656250003 0.56201901875 0.34601135312500003 0.5324877453125 0.2736669671875 0.4125276890625
0 0.188613575 0.43801112499999995 0.105255090625 0.4645067359375 0.1723883921875 0.5913263796875 0.2594217828125 0.565378909375 0.188613575 0.43801112499999995
1 0.3553887703125 0.387374334375 0.2757524671875 0.413462359375 0.34616074375 0.5317393703125 0.4307230859375 0.5056630703125 0.3553887703125 0.387374334375
1 1 0.524861590625 0.9521685046874999 0.4594920125 0.878389825 0.47976765156249995 0.9860090953125 0.6485251843750001 1 0.6436981265624999 1 0.524861590625
1 0.22470371406249998 0.6948540750000001 0.13321423593749998 0.7209961984375 0.22142379843749999 0.8998596031250001 0.3175688921875 0.8697376468750001 0.22470371406249998 0.6948540750000001
1 0.7995721125 0.5049302421874999 0.9055259984375 0.678586903125 0.9841989828125 0.6496720640625 0.8746982859375001 0.48242865625000003 0.7995721125 0.5049302421874999
1 0.323742353125 0.6631114140625 0.41891195468750003 0.8379267671875 0.5129084703125 0.8079441875000001 0.410582996875 0.629988321875 0.323742353125 0.6631114140625
0 0.095444990625 0.8729416984375 0.12446877812499998 0.9344437703124999 0.21969230624999997 0.8980245765625 0.13111717812499998 0.7231609375 0.055446979687499995 0.749840478125 0.095444990625 0.8729416984375
1 0.69209916875 0.5429781890625 0.7994844921875 0.7137125140625 0.8871251484375 0.6863538171875 0.7761465671875001 0.5145619515625001 0.69209916875 0.5429781890625
1 0.41550759531250003 0.6345343546875 0.5125351140625 0.8058305390625 0.60344273125 0.7740579078125001 0.5048197390625 0.609426253125 0.41550759531250003 0.6345343546875
0 0.22833513593750002 0.6927705796875 0.3211118328125 0.8708214328125001 0.41818170468750004 0.838722778125 0.32294494687499997 0.6690796953125 0.22833513593750002 0.6927705796875
1 0.5952244796875 0.578923075 0.7058058828125 0.7469442359375 0.7982501796875 0.7141135656250001 0.6897935328125 0.544295971875 0.5952244796875 0.578923075
0 0.593697384375 0.7537573156249999 0.6049207296875 0.771901459375 0.7019767453125 0.74651218125 0.592574990625 0.5797953640625 0.5072767328125 0.608392709375 0.593697384375 0.7537573156249999
1 0 0.23391712656250002 0.057228003125 0.21468686718750002 0.011412582812499999 0.1330205625 0 0.13672873593749998 0 0.23391712656250002
0 0.13816675312499999 0.192478403125 0.087295525 0.10836470000000001 0.012367459375 0.1327103046875 0.058243579687500005 0.2157111734375 0.13816675312499999 0.192478403125
1 0.2154111546875 0.1696600484375 0.16202539062500002 0.0840834953125 0.08856072968749999 0.1079536109375 0.138398096875 0.1924032359375 0.2154111546875 0.1696600484375
1 0.293457334375 0.14384533125 0.241158871875 0.05837146875 0.1624706265625 0.08393882968750001 0.21549491718749997 0.16917685625 0.293457334375 0.14384533125
1 1 0.84472380625 0.889519125 0.6877191359375 0.8016673687500001 0.7156934796875001 0.909963115625 0.8808862078124999 1 0.852421646875 1 0.84472380625
1 0.7986599953125 0.71724105625 0.709542934375 0.7515939109375 0.8152078890625001 0.9141613062499999 0.9085242015624999 0.8821828234375 0.7986599953125 0.71724105625
1 1 0.6781982 0.9811927984375 0.6512998640625 0.8942880203125 0.683610078125 1 0.8399709390625001 1 0.6781982
1 0.7044118 0.7520095796875 0.6146371671875 0.777789359375 0.7156016203125 0.948183515625 0.8147633296875 0.91845118125 0.7044118 0.7520095796875
1 0.38640075625 1 0.3156403796875 0.8741836421875 0.2256118640625 0.902865259375 0.274153234375 1 0.38640075625 1
1 0.5065110640625 1 0.41497906875 0.8435647171875 0.3195965609375 0.8749799546875 0.390239940625 1 0.5065110640625 1
1 0.5791922203125 1 0.619545403125 0.98688845625 0.5147962625 0.8136194031249999 0.41683957656250004 0.8433837828125 0.507700409375 1 0.5791922203125 1
1 0.5169693015625 0.8115127046874999 0.6193377875 0.9869559140625 0.7176474109375001 0.95501318125 0.6104748 0.77921521875 0.5169693015625 0.8115127046874999
1 0.27073640781249997 1 0.2239399609375 0.9039789140625001 0.12665131875 0.9383347046875 0.1548298796875 1 0.27073640781249997 1
1 0.47453883281250003 0 0.5244991578125 0.0768826578125 0.5971861328125 0.051879960937500004 0.5616232875 0 0.47453883281250003 0
1 0.3666411875 0.11837115312499999 0.310758225 0.03575726875 0.24222615468750003 0.058024687500000005 0.2932672390625 0.14345112499999998 0.3666411875 0.11837115312499999
1 0.5630120921875 0 0.5981819609375 0.052877496875 0.6732029484375001 0.029951132812499996 0.648258834375 0 0.5630120921875 0
1 0.4208077796875 0 0.386463009375 0.0111592921875 0.4457631765625 0.097617090625 0.5219278484375 0.074947590625 0.47011871562499996 0 0.4208077796875 0
1 0.44457790625 0.09747912812500001 0.38355045312499997 0.0121056390625 0.3119278203125 0.035377243749999995 0.3683562125 0.1195092109375 0.44457790625 0.09747912812500001
1 0.6486632453125 0 0.6744753640625001 0.0343861390625 0.7476059 0.0071614171875 0.7412444687499999 0 0.6486632453125 0