1 0.9586653437500001 0.2392071015625 0.9008011249999999 0.1380468984375 0.830993684375 0.1503799109375 0.88841106875 0.2570350078125 0.9597880125 0.24498273125 0.9586653437500001 0.2392071015625
1 0.7539978359374999 0.1681297734375 0.8163259453125 0.275422428125 0.8860356609375 0.2604676578125 0.823109790625 0.1533103328125 0.7539978359374999 0.1681297734375
0 0.5778523046874999 0.2082537125 0.5029751796874999 0.220751075 0.49812870781249996 0.22169313281249997 0.5554106125 0.330947603125 0.6338656406250001 0.313082428125 0.5778523046874999 0.2082537125
1 0.5825201828125001 0.2057087234375 0.6379461546875 0.31021923125 0.7206334109375 0.2997647578125 0.660740278125 0.19061335 0.5825201828125001 0.2057087234375
1 0.664561434375 0.188618921875 0.7254074 0.3018160640625 0.808222259375 0.28525029375 0.7455116859375 0.17243281875 0.664561434375 0.188618921875
1 0.4210037328125 0.23830405468750002 0.47540949374999997 0.3499829109375 0.555988596875 0.33170485625 0.49888653437499997 0.22316517187499998 0.4210037328125 0.23830405468750002
1 0.335097365625 0.257445421875 0.389197153125 0.3705144453125 0.47308482500000004 0.3522470359375 0.41901973281249993 0.23854066093749998 0.335097365625 0.257445421875
0 0 0.3205950140625 0.051245146875 0.45778004375 0.1365950953125 0.44060517499999996 0.0832046234375 0.3041595828125 0 0.3195127453125 0 0.3205950140625
0 0.0838050875 0.30486676562500004 0.1391365578125 0.44343103125 0.22686083906249999 0.427127975 0.173788225 0.2890236234375 0.0838050875 0.30486676562500004
0 0.25260099999999996 0.2728800703125 0.3143514203125 0.4123475640625 0.39635992343750004 0.3957529578125 0.3319974203125 0.2549752578125 0.25260099999999996 0.2728800703125
0 0.174080046875 0.288142996875 0.2280814234375 0.4278092203125 0.3123231078125 0.40947299687500005 0.2506789296875 0.2749014890625 0.174080046875 0.288142996875
1 0.8936258562500001 0.2695708953125 0.81350753125 0.28683888125 0.8901281953125 0.43175834999999996 0.9773467828125 0.4154749328125 0.8936258562500001 0.2695708953125
1 0.9814916546875001 0.4213708078125 0.9938559187499999 0.4202469203125 0.962301871875 0.2579154203125 0.897187 0.2678935296875 0.9814916546875001 0.4213708078125
1 0.55809368125 0.3423031484375 0.47953837187500004 0.358723159375 0.54549646875 0.50223844375 0.6319619203125 0.4820804859375 0.55809368125 0.3423031484375
1 0.8113187296875 0.29562211875 0.7262877921875 0.3123677546875 0.8066913671875 0.45199776406250003 0.8863601156250001 0.42981016875 0.8113187296875 0.29562211875
1 0.6412423578124999 0.3288213078125 0.5620784578125 0.343214934375 0.6312561624999999 0.48087735625 0.7196044500000001 0.47040574843750005 0.6412423578124999 0.3288213078125
1 0.645410746875 0.33023243125 0.7219073 0.470628275 0.8052459640625 0.453758725 0.7233805140625 0.313525421875 0.645410746875 0.33023243125
1 0.46183595312500003 0.5252019609375 0.544784371875 0.5043873296875 0.47584368125000004 0.3589610859375 0.39529627343749996 0.3766283828125 0.40335761875 0.39764859218750004 0.46183595312500003 0.5252019609375
1 0 0.5481445218750001 0.012775100000000001 0.6138667156250001 0.0984520984375 0.596148428125 0.0507026453125 0.45452576406249995 0 0.4628770953125 0 0.5481445218750001
0 0.14222456562500002 0.446991125 0.05499531875 0.4604808921875 0.10207881249999999 0.5954434671875 0.1905151234375 0.57602066875 0.14222456562500002 0.446991125
1 0.3151184171875 0.414328525 0.22975892031249998 0.42978493437500004 0.2830395125 0.5592863125 0.3716959734375 0.5407129312500001 0.3151184171875 0.414328525
0 0.22845215 0.42911392187499997 0.1433290046875 0.44509596875 0.1939555421875 0.5775844390625 0.2826237171875 0.5625816125 0.22845215 0.42911392187499997
1 0.3984707609375 0.3994667828125 0.3170547515625 0.41549605468750006 0.3719333375 0.5399966359375 0.458188784375 0.5245705875 0.3984707609375 0.3994667828125
1 1 0.5844429171875001 0.9762041968749999 0.5419082687500001 0.901247853125 0.5529385625 0.986585546875 0.73143604375 1 0.728576578125 1 0.5844429171875001
1 0.23283878906250002 0.6854409328125 0.13976802500000002 0.7000994671874999 0.20480878281249998 0.886180425 0.30293623593749996 0.86817646875 0.23283878906250002 0.6854409328125
1 0.8207482609375001 0.5681582093750001 0.903856546875 0.7512622375 0.98466795625 0.732343828125 0.8972981515624999 0.555105875 0.8207482609375001 0.5681582093750001
1 0.334005865625 0.666194459375 0.4063761453125 0.849139875 0.5023753078125 0.8310145703125 0.42335291875000003 0.6441283890625 0.334005865625 0.666194459375
0 0.043947562499999995 0.722560459375 0.1053454578125 0.9084650249999999 0.20332928125 0.8841720687500001 0.1374452859375 0.7019714171875 0.043947562499999995 0.722560459375
1 0.710529753125 0.592577740625 0.79539834375 0.7729865734375 0.88483405 0.7566721234375 0.79656230625 0.57479409375 0.710529753125 0.592577740625
1 0.5878619781250001 0.785178146875 0.596695703125 0.80432775625 0.695145646875 0.79107650625 0.6078093546875001 0.614367084375 0.5205256578124999 0.6321781609375 0.5878619781250001 0.785178146875
1 0.42764226250000004 0.64918010625 0.5022641703125 0.8288959984375 0.59544445625 0.808643409375 0.5184482203125 0.6352745234375 0.42764226250000004 0.64918010625
0 0.23665952968749998 0.6838330015625 0.30628676875 0.869665365625 0.4055622 0.8498331328125 0.33250005312500003 0.6719542296875 0.23665952968749998 0.6838330015625
0 0.6109807140625 0.61620700625 0.699318425 0.794337840625 0.7941368453125001 0.773231784375 0.7081045265625 0.593593678125 0.6109807140625 0.61620700625
1 0 0.2188367921875 0.044958121875 0.20963047499999998 0.0073243890625000006 0.11277749687500001 0 0.1142304765625 0 0.2188367921875
1 0.0866111109375 0.09736571875 0.0077166109375 0.1126761765625 0.0458727953125 0.21070771875 0.126362003125 0.1942255078125 0.0866111109375 0.09736571875
0 0.16403486875 0.08297001875 0.08741346875 0.09653951875 0.1272360703125 0.1953524609375 0.2085884875 0.18215897187500002 0.16403486875 0.08297001875
1 0.24136784375000003 0.07055782968749999 0.165342503125 0.082439221875 0.208824925 0.1821130125 0.28725830625 0.16905029375 0.24136784375000003 0.07055782968749999
1 0.3246975015625 0.060036465625 0.2416418453125 0.070052465625 0.2873990921875 0.168586290625 0.36707861875000003 0.153098159375 0.3246975015625 0.060036465625
1 0.7973037656249999 0.775192334375 0.8767527546875 0.9361250296874999 0.9722818390624999 0.9175560578124999 0.8870214171875 0.7582992187500001 0.7973037656249999 0.775192334375
1 0.7024282187499999 0.7993485921875 0.7786094265625 0.9552021609375 0.8747003250000001 0.9365239828125 0.7941611296875 0.77634943125 0.7024282187499999 0.7993485921875
1 1 0.7683554421875 0.9815167828125 0.733579775 0.8922050671875 0.7548406171875001 0.9751492265625 0.9169986937499999 1 0.9121681921875 1 0.7683554421875
1 0.6059937890625 0.813649075 0.676726559375 0.975006184375 0.775675009375 0.9557725546875 0.6973355125 0.799140053125 0.6059937890625 0.813649075
1 0.3530672640625 1 0.30050308281250004 0.872306834375 0.208560728125 0.8896323890625 0.24779214062500002 1 0.3530672640625 1
1 0.4647851765625 1 0.4018290453125 0.8541989140625 0.3042944953125 0.8735633281249999 0.35663914218750004 1 0.4647851765625 1
1 0.5481445218750001 1 0.5745094671875 0.9948751734375 0.5035437234375 0.8368093609375 0.4036792734375 0.854244884375 0.4659749671875 1 0.5481445218750001 1
1 0.5059341078124999 0.83500348125 0.574718215625 0.9948345968750001 0.67467116875 0.9754057109375 0.6017308625 0.8145480125000001 0.5059341078124999 0.83500348125
1 0.244472340625 1 0.206782978125 0.890524178125 0.1070194328125 0.9125446390624999 0.13471234375000002 1 0.244472340625 1
1 0.5950283656249999 0 0.550832853125 0.00997929375 0.6022280656250001 0.11515327812500001 0.676683584375 0.0993540734375 0.625054190625 0 0.5950283656249999 0
1 0.3669395109375 0.1526885625 0.442079475 0.1368960625 0.396289734375 0.0474302546875 0.325822365625 0.059817814062499995 0.3669395109375 0.1526885625
1 0.6271156109375 0 0.6775414843750001 0.10045238906250001 0.754039409375 0.08697066249999999 0.69793716875 0 0.6271156109375 0
1 0.47340592968750006 0.031925121875000004 0.5223446234375 0.126038225 0.5999353734375 0.11294589375 0.5478317578125 0.013635878125 0.47340592968750006 0.031925121875000004
1 0.47084941406249997 0.033373956249999996 0.3969608515625 0.0461469375 0.44362713125 0.1382186359375 0.52119654375 0.12576049218750002 0.47084941406249997 0.033373956249999996
1 0.7828201859374999 0 0.8319135296875 0.0731599875 0.9044625859375 0.0590578796875 0.8643014296875 0 0.7828201859374999 0
1 0.7020969874999999 0 0.7547531609375 0.09147474531250001 0.8299134484374999 0.07354876406250001 0.779074634375 0 0.7020969874999999 0
1 0.8671057609374999 0 0.9045732796875001 0.057709842187500006 0.9229082046875 0.055252567187500004 0.91216819375 0 0.8671057609374999 0