1 0.9106891421875 0.145937225 0.8490061796875 0.0633344609375 0.7800956765625 0.084426275 0.8512863984375001 0.185056609375 0.9170379750000001 0.1654769203125 0.9106891421875 0.145937225
1 0.7046043375 0.11187875 0.7808296828125 0.21254568906250002 0.8493158421875 0.1888177296875 0.772504109375 0.088361421875 0.7046043375 0.11187875
0 0.5318407140625 0.17419475 0.457834809375 0.1960796265625 0.45306127187499995 0.19763064218749998 0.5244382234375 0.30090335625 0.6013876984375 0.2731539203125 0.5318407140625 0.17419475
1 0.5362348859375 0.1710467046875 0.6051496265625 0.26975710625 0.6872905484375 0.2489697359375 0.6132914078125 0.1461241015625 0.5362348859375 0.1710467046875
1 0.6168995515625 0.14363690625 0.6923628374999999 0.2504512765625 0.7738732578125 0.22347511718750002 0.696575565625 0.11727487343750001 0.6168995515625 0.14363690625
1 0.3772981265625 0.2239486453125 0.446073965625 0.33002596875 0.5251155515625 0.301596765625 0.4540088796875 0.1990238109375 0.3772981265625 0.2239486453125
1 0.29298805625 0.2539087921875 0.3616278484375 0.3614281640625 0.444009434375 0.3326004890625 0.37532546718750004 0.22443303750000002 0.29298805625 0.2539087921875
0 0 0.43090509062500004 0.0314420328125 0.491375196875 0.115434940625 0.46347022656250003 0.0446066234375 0.33225049375000004 0 0.3462756953125 0 0.43090509062500004
0 0.0453004109375 0.33289055 0.118350615625 0.46601027500000003 0.2048477765625 0.4386922484375 0.13413412656249998 0.305757690625 0.0453004109375 0.33289055
0 0.211658496875 0.279703015625 0.2912982875 0.41294114843749996 0.3719914296875 0.3860355984375 0.2895530046875 0.2517971046875 0.211658496875 0.279703015625
0 0.134319196875 0.3048320765625 0.2061641078125 0.439229403125 0.2888943796875 0.41028843125 0.20997007499999998 0.28198258125 0.134319196875 0.3048320765625
1 0.8581060984375 0.197074084375 0.7794039953125 0.2244260265625 0.8747267125 0.36133193750000003 0.96071601875 0.334096296875 0.8581060984375 0.197074084375
1 0.9656311125 0.33953904218750003 0.973072021875 0.3379319828125 0.9211579765625 0.1781569828125 0.8614912562500001 0.19493931250000002 0.9656311125 0.33953904218750003
1 0.52855651875 0.3120417109375 0.4513263046875 0.3383437890625 0.5357149609375 0.47515015624999996 0.62046290625 0.4440939984375 0.52855651875 0.3120417109375
1 0.7782865 0.2335686828125 0.6945621796875 0.261000628125 0.7930450734375001 0.3920957671875 0.8706823 0.35983014375 0.7782865 0.2335686828125
1 0.6107869406249999 0.2881393296875 0.5326908421875001 0.3124698375 0.6196012484375 0.44296601406249997 0.7074525921875 0.42146114375000004 0.6107869406249999 0.2881393296875
1 0.6151685828125 0.289049128125 0.7098040453125 0.4214010859375 0.791805296875 0.39405328906250003 0.6917722703125 0.26252957656250003 0.6151685828125 0.289049128125
1 0.4541460421875 0.5086932640625 0.535263359375 0.47740881718750006 0.44762754843749997 0.339041103125 0.3685420703125 0.366849459375 0.3792883234375 0.38708485000000004 0.4541460421875 0.5086932640625
1 0 0.5791922203125 0.023029859375 0.6500708390625001 0.09626944531250001 0.62530195625 0.030490284375 0.488155153125 0 0.49710087812500003 0 0.5791922203125
0 0.12190903281250001 0.4692243703125 0.035561889062500004 0.49363946875 0.099841578125 0.6241413 0.18666965625 0.5935839609375 0.12190903281250001 0.4692243703125
1 0.29231837656250004 0.41484724687499996 0.208102334375 0.44101758437500005 0.2779570265625 0.5652365703125 0.3651127875 0.5355099937500001 0.29231837656250004 0.41484724687499996
0 0.206700303125 0.44050142656249996 0.12278806874999999 0.46717347499999995 0.1903356671875 0.5947379875000001 0.277946853125 0.5686165734374999 0.206700303125 0.44050142656249996
1 0.37458288125 0.38952584218749997 0.29441738906250003 0.41578706875 0.36526332031250003 0.5347571078125 0.45038723750000004 0.508506621875 0.37458288125 0.38952584218749997
1 1 0.4957286296875 0.9752710625000001 0.4619476890625 0.90100295 0.48236048125000003 1 0.63753743125 1 0.4957286296875
1 0.242972834375 0.6988742796875 0.15087621874999999 0.7251924640625 0.23962752968749998 0.9051077984375 0.3364112203125 0.8747849625 0.242972834375 0.6988742796875
1 1 0.6418525765624999 0.8972865703125 0.48503820624999994 0.821661628125 0.5076905593750001 0.9282750421875001 0.6823641859375 1 0.6560052062499999 1 0.6418525765624999
1 0.34266944375 0.6669204171875001 0.438427421875 0.8427619796875 0.5330483796875 0.8125798109375 0.4300881515625 0.6335804671874999 0.34266944375 0.6669204171875001
0 0.06238635625 0.7711976843749999 0.14202763125 0.9399197359375 0.23788504531250002 0.90326215625 0.148764909375 0.7273706109375 0.058487575 0.75919846875 0.06238635625 0.7711976843749999
1 0.7134739078125001 0.545989259375 0.8215288 0.71772275 0.909751546875 0.69018153125 0.7980799984375 0.5173849374999999 0.7134739078125001 0.545989259375
1 0.4350441546875 0.6381526625 0.5326730203125 0.8104535921875 0.6241851546875 0.7784713140624999 0.5249489015625 0.61287515625 0.4350441546875 0.6381526625
0 0.2466285796875 0.6967775359374999 0.33997722812500003 0.875874478125 0.43769220000000003 0.8435629109375 0.34186551875000004 0.6729246 0.2466285796875 0.6967775359374999
0 0.6159545796875 0.5821700437499999 0.7272271453125 0.7511734421875 0.8202862874999999 0.7181264671875 0.71115283125 0.5473154250000001 0.6159545796875 0.5821700437499999
1 0.61438006875 0.7580512749999999 0.6256733296875 0.7763016421875 0.723372921875 0.7507396171875 0.613287484375 0.5830481187500001 0.527422271875 0.6118349000000001 0.61438006875 0.7580512749999999
1 0 0.24090137656250002 0.0744986046875 0.215868296875 0.025446328125 0.12846072343749998 0 0.13672873593749998 0 0.24090137656250002
0 0.155974278125 0.1935095765625 0.1016407703125 0.103703646875 0.02644455625 0.1281363796875 0.0755206375 0.21689851718750003 0.155974278125 0.1935095765625
1 0.23373144375 0.17053810625000002 0.17678478125 0.079287878125 0.102978340625 0.1032690453125 0.1562071578125 0.193433909375 0.23373144375 0.17053810625000002
1 0.1772405671875 0.079139784375 0.2338158609375 0.170052003125 0.3122963015625 0.1445521609375 0.25796753125 0.055792709375000006 0.2209949671875 0.06492311875 0.1772405671875 0.079139784375
1 1 0.81632881875 0.9121609734374999 0.6915545109375001 0.8237256046875 0.7197151078124999 0.9323009156250001 0.8852680296875001 1 0.8632712640625 1 0.81632881875
1 0.730987775 0.755850153125 0.8355752484375 0.9166961046875001 0.93039020625 0.8858888578125 0.820698128125 0.721272590625 0.730987775 0.755850153125
1 1 0.656550134375 0.9169621015624999 0.6874198359375 1 0.8101921015625001 1 0.656550134375
1 0.6354523953125 0.7822227140625 0.73460658125 0.9495028124999999 0.8328227453125001 0.917590446875 0.7258228124999999 0.756269409375 0.6354523953125 0.7822227140625
1 0.40239777656250003 1 0.3344690796875 0.8792579859374999 0.2438424890625 0.9081305531250001 0.28976483124999997 1 0.40239777656250003 1
1 0.5231807875000001 1 0.43446747343750003 0.848434521875 0.33845110312500004 0.88005821875 0.40624727343749995 1 0.5231807875000001 1
1 0.57919221875 1 0.6340587796875 0.9821727734374999 0.534947371875 0.8182886 0.43634025000000004 0.84825210625 0.5244068359375 1 0.57919221875 1
1 0.5371351484375 0.8161688265624999 0.6340340531249999 0.9821808078125001 0.7327684203125 0.9501000671875 0.6312623562499999 0.7836579968749999 0.5371351484375 0.8161688265624999
1 0.28639747656250003 1 0.2421593578125 0.9092512328125 0.144223690625 0.9438334968750001 0.1698950953125 1 0.28639747656250003 1
1 0.494724653125 0 0.5448715515625 0.07713921875 0.61804179375 0.0519713015625 0.5824013484375 0 0.494724653125 0
1 0.3121050390625 0.1441556359375 0.3859667875 0.118909834375 0.32864512343749996 0.0342041828125 0.2590754671875 0.05543271875 0.3121050390625 0.1441556359375
1 0.5837951671875 0 0.6190439546875 0.052974596875 0.6945631125 0.029894946875 0.6696531718750001 0 0.5837951671875 0
1 0.4282289546875 0 0.40453679062500003 0.00900421875 0.46561344531250004 0.0980146125 0.5422837515625 0.0751931171875 0.49028282812499996 0 0.4282289546875 0
1 0.4021370125 0.0107838921875 0.32916290937500003 0.032824900000000004 0.38769284531250003 0.1200543390625 0.4644204109375 0.0978760765625 0.4021370125 0.0107838921875
1 0.670041378125 0 0.695842946875 0.03435623125 0.7694601390625 0.0069528921874999995 0.7632806375000001 0 0.670041378125 0