1 0.8929443546875 0.2433565296875 0.9200024125 0.3579073546875 0.9919582859375 0.3647297890625 0.9615474203125001 0.24933579374999998 0.8929443546875 0.2433565296875
1 0.8162341921875 0.24065398125 0.8477397874999999 0.35703822343749997 0.9169103828124999 0.3605320125 0.88480986875 0.24412446718749997 0.8162341921875 0.24065398125
1 0.640863659375 0.2340180046875 0.567462265625 0.22691805468749998 0.5626778296875 0.22658349531250002 0.588955159375 0.3435401359375 0.6670635 0.3465014078125 0.640863659375 0.2340180046875
1 0.64588356875 0.2328030703125 0.671612284375 0.344840078125 0.75182843125 0.35582170625 0.7230750078125 0.23830511875 0.64588356875 0.2328030703125
1 0.72716198125 0.2373940265625 0.755792184375 0.3589477421875 0.8376647265624999 0.3642251296875 0.8071894531250001 0.2425588640625 0.72716198125 0.2373940265625
1 0.4861328859375 0.2227794109375 0.5091018593750001 0.34128837968750003 0.5893070890625001 0.34439628125 0.5630187765625 0.228155796875 0.4861328859375 0.2227794109375
1 0.400711884375 0.219142125 0.423044203125 0.33887901249999997 0.5063512625000001 0.3428289671875 0.48421175937500005 0.2225025546875 0.400711884375 0.219142125
0 0.15260886406250002 0.1996426796875 0.07030307031250001 0.19309945781249999 0.0839932296875 0.3358002671875 0.1683976640625 0.341143465625 0.15260886406250002 0.1996426796875
1 0.1529944734375 0.20045748125 0.1700718265625 0.3444350796875 0.2564849359375 0.35119371093749996 0.24141148124999998 0.208215878125 0.1529944734375 0.20045748125
0 0.3194226078125 0.2128831109375 0.3422958984375 0.3593227953125 0.42341906875 0.36437032812500003 0.3984242453125 0.2160439265625 0.3194226078125 0.2128831109375
0 0.24190673437500002 0.20746267187499998 0.25745894375 0.35214012031249997 0.341115484375 0.35611450625 0.31711080625 0.21429713125 0.24190673437500002 0.20746267187499998
1 0.9217434687500001 0.3709855359375 0.842224578125 0.36704541874999996 0.8776800921874999 0.5223422203125 0.9636137625 0.5289921109375 0.9217434687500001 0.3709855359375
1 1 0.37851580625 0.9255067421875 0.3703066640625 0.9660204953125 0.5355686140625 0.9983430140625 0.5411563921875 1 0.5174603875 1 0.37851580625
1 0.5886174359375 0.354873703125 0.51077838125 0.35053071406249997 0.53658203125 0.501828003125 0.6227832546875 0.5046516765625 0.5886174359375 0.354873703125
1 0.8379622609374999 0.3747393 0.75396509375 0.36907343125000003 0.7943002171875 0.520356659375 0.874634278125 0.519565953125 0.8379622609374999 0.3747393
1 0.670027765625 0.363129753125 0.5921271828125 0.356731659375 0.6224235484375 0.503344878125 0.707955884375 0.51573409375 0.670027765625 0.363129753125
1 0.673584240625 0.36550258593749996 0.710060746875 0.5165221015625 0.7925011734375 0.5216460765625001 0.750946034375 0.3694289296875 0.673584240625 0.36550258593749996
1 0.4523073015625 0.5023431515625 0.5353735265624999 0.5036659593749999 0.5072517390625 0.34982488125 0.4272298265625 0.3461516671875 0.42950852343749996 0.367909475 0.4523073015625 0.5023431515625
1 0.0034178562500000002 0.4336619828125 0.0045115828125 0.472395778125 0.093496409375 0.47755080312500003 0.084302465625 0.3326092234375 0.010991071875 0.3253599625 0.0034178562500000002 0.4336619828125
0 0.1720742046875 0.34855333125 0.0868329875 0.339278515625 0.0970767 0.47780116093749997 0.184942371875 0.4818105328125 0.1720742046875 0.34855333125
0 0.3425174828125 0.3613751015625 0.25853619375000003 0.354416478125 0.27596798749999996 0.48937148593749996 0.3638266484375 0.49423351875000004 0.3425174828125 0.3613751015625
0 0.2574787421875 0.3534580015625 0.17358705624999998 0.34705220625 0.18777739375 0.48414357187499996 0.2747492453125 0.49236003281249996 0.2574787421875 0.3534580015625
1 0.4244658890625 0.3683871328125 0.3440408234375 0.3629579578125 0.36422948437499997 0.49362086875 0.44904383281250004 0.5008333078125 0.4244658890625 0.3683871328125
1 0.8576436093750001 0.6388837421875 0.8928354515624999 0.8278905546875001 0.9776031140624999 0.832283215625 0.9307504484375 0.64738066875 0.8576436093750001 0.6388837421875
1 0.197142346875 0.5951610109375001 0.1061260125 0.5855141953125 0.12036592187499999 0.776534803125 0.21696826093750002 0.78431314375 0.197142346875 0.5951610109375001
1 0.778282015625 0.63292508125 0.8102236515625 0.8256951375 0.890807871875 0.8282603937499999 0.8533925515625 0.639924784375 0.778282015625 0.63292508125
1 0.296909259375 0.60253749375 0.31881505468750004 0.7924582124999999 0.41345088125 0.799587415625 0.38629414687499997 0.604294809375 0.296909259375 0.60253749375
0 0.010567671875 0.5824995984375 0.0214337515625 0.7724385109374999 0.11948266406250001 0.7742775984375 0.10347583593750001 0.586687153125 0.010567671875 0.5824995984375
1 0.66872118125 0.6281279546875 0.70299225 0.8188108734374999 0.791014096875 0.8259892078125001 0.7539191953125 0.63307139375 0.66872118125 0.6281279546875
1 0.389048703125 0.6101152828124999 0.41387930468749995 0.79757088125 0.5064050109375 0.8019944140625 0.4777505875 0.6198992859375 0.389048703125 0.6101152828124999
0 0.20113174531250003 0.5946125984374999 0.219737765625 0.7865533 0.31787699375 0.7929042374999999 0.2940480484375 0.607565178125 0.20113174531250003 0.5946125984374999
1 0.569370471875 0.6252722703125 0.60746949375 0.814689390625 0.7017468984375 0.8187237890624999 0.6661900828125 0.6284716484375 0.569370471875 0.6252722703125
0 0.50502626875 0.7804098234375 0.5085000640625 0.8006060453125 0.604209953125 0.8129265890624999 0.5666931765625 0.6250955109375 0.480314290625 0.6198631734375 0.50502626875 0.7804098234375
1 0.05330224375 0 0.060820946875000004 0.096524090625 0.1404902640625 0.1012950453125 0.12953096718749998 0.0009202265625 0.11560100625 0 0.05330224375 0
1 0.20780280625 0.0063935265625 0.1299244734375 0.0009237609375000001 0.141077653125 0.10253622031250001 0.220746971875 0.107307175 0.20780280625 0.0063935265625
1 0.96625754375 1 0.9781432499999999 0.8300264765625001 0.8909435703125 0.829560028125 0.9275891625 1 0.96625754375 1
0 0.28407109531249997 0.01235205 0.20876342343749998 0.0058198 0.2212837625 0.10858479531250001 0.3009361140625 0.1166597734375 0.28407109531249997 0.01235205
1 0.359755453125 0.020149559375 0.285431546875 0.0121826734375 0.3011695234375 0.1166760953125 0.37804999375000004 0.124139721875 0.359755453125 0.020149559375
1 0.4405912015625 0.031229957812499997 0.360139628125 0.019744109375 0.378298765625 0.12373959375000002 0.456958384375 0.129240009375 0.4405912015625 0.031229957812499997
1 0.8328499609375 1 0.7926574296875 0.8280665656249999 0.704225521875 0.8213604828125 0.73982305 1 0.8328499609375 1
1 0.7378841546875 1 0.700985765625 0.8216562578125 0.60912755 0.8201747718749999 0.6442273468749999 1 0.7378841546875 1
1 0.9270581796874999 1 0.8875402765624999 0.8286280343750001 0.798391021875 0.82612378125 0.8356184828125001 1 0.9270581796874999 1
1 0.6415082390625 1 0.60440138125 0.818698284375 0.5150450421875 0.809345959375 0.5437119171875 0.9974151671874999 0.5715367265625 1 0.6415082390625 1
1 0.1230184765625 0.7807185265625 0.138608203125 0.9759499734375 0.2389207921875 0.9829645125 0.21364660937500002 0.7875781843749999 0.1230184765625 0.7807185265625
1 0.21688824062499998 0.7897110703125 0.24231293593749997 0.9832017140625 0.3417659734375 0.9901561484375 0.313276325 0.79606331875 0.21688824062499998 0.7897110703125
1 0.315000878125 0.7965717734375 0.34269205625 0.99022090625 0.44409691562500003 0.997311825 0.413090153125 0.8053205 0.315000878125 0.7965717734375
1 0.5423763921875 1 0.5108190015625 0.8091176765625001 0.41578718906249995 0.8042265703125 0.44388744375 0.9972971765624999 0.48253961562500003 1 0.5423763921875 1
1 0.0219786765625 0.776688796875 0.0305778546875 0.9683957546874999 0.1347129015625 0.9756775875000001 0.12112613593749999 0.781108521875 0.0219786765625 0.776688796875
1 0.6653660390625 0.0411138890625 0.6871457734375 0.1527599875 0.7609817999999999 0.1566546515625 0.7360859921875 0.043923995312500005 0.6653660390625 0.0411138890625
1 0.4569308484375 0.1288205609375 0.5314074203125 0.132893646875 0.510937671875 0.03740163125 0.44170166875000005 0.031307609375 0.4569308484375 0.1288205609375
1 0.7381691984375001 0.044703895312500005 0.76151061875 0.157901328125 0.8366803624999999 0.16448491875 0.8003946125000001 0.0515920296875 0.7381691984375001 0.044703895312500005
1 0.5871963296875 0.0422414484375 0.6094522703125 0.1428875375 0.6855495234375 0.15011145937499998 0.6616306078124999 0.043791385937499996 0.5871963296875 0.0422414484375
1 0.5844331875 0.0429584625 0.51189008125 0.03636583125 0.532527065625 0.13452428593750002 0.6084448359375 0.14233811875 0.5844331875 0.0429584625
1 0.874471759375 0.05763780625 0.9132241343749999 0.1711058359375 0.9848445531250001 0.1761140234375 0.9465653546875 0.0662528734375 0.874471759375 0.05763780625
1 0.8362175562499999 0.1688921484375 0.9112496531250001 0.1709677671875 0.8796688421875001 0.0825045140625 0.8703546703124999 0.057752567187500006 0.8057371140624999 0.054502520312500004 0.8362175562499999 0.1688921484375
1 1 0.069239103125 0.9497991875 0.0655682765625 0.985287378125 0.17487653281249999 1 0.1767789453125 1 0.069239103125