1 0.8619715234375 0.1977770125 0.9071763203125001 0.3079250046875 0.980241146875 0.30334640625 0.9315487078125001 0.19288701875 0.8619715234375 0.1977770125
1 0.7848027703125 0.20722407031249998 0.8347471546874999 0.3184993328125 0.9044985921875 0.311036565625 0.8539553609375 0.199832228125 0.7848027703125 0.20722407031249998
0 0.6083113906250001 0.22836432499999998 0.5337565265624999 0.2328945875 0.5289172078125 0.2333179734375 0.5737218562499999 0.345992921875 0.652330309375 0.336582925 0.6083113906250001 0.22836432499999998
1 0.6131409609375 0.2263557578125 0.6566178890625001 0.3342030234375 0.7386047890625 0.3324713359375 0.6912344046875 0.219629103125 0.6131409609375 0.2263557578125
1 0.6951787687500001 0.21807179062499998 0.74306505 0.334966496875 0.8258059031249999 0.3272741734375 0.77605599375 0.21055919374999998 0.6951787687500001 0.21807179062499998
1 0.4517393421875 0.24163847343749997 0.4934800765625 0.3563880140625 0.5742094718749999 0.3467924578125 0.5295072203125 0.234834665625 0.4517393421875 0.24163847343749997
1 0.3657082734375 0.2515310890625 0.40700650468750005 0.3676080984375 0.4909722859375 0.3583625578125 0.44977361250000003 0.2416661046875 0.3657082734375 0.2515310890625
0 0.1144187140625 0.2713381203125 0.0310440265625 0.27783452343750004 0.0673323265625 0.4182201984375 0.15261650625 0.4101926984375 0.1144187140625 0.2713381203125
0 0.11493347812500002 0.272091021875 0.1548124734375 0.41321581875 0.24233022656249997 0.406284225 0.20461421406250002 0.26584085 0.11493347812500002 0.272091021875
0 0.28339550625 0.25815044375 0.3294625625 0.4008170125 0.4114173515625 0.393013734375 0.3629292046875 0.2487983328125 0.28339550625 0.25815044375
0 0.20499041718750002 0.26501 0.2434544609375 0.407075421875 0.3277737328125 0.3977989546875 0.28130664843750003 0.2599290703125 0.20499041718750002 0.26501
1 0.910988634375 0.3207139921875 0.8308140937499999 0.3293695109375 0.8908706875 0.478891696875 0.9778915921875001 0.47192739218749996 0.910988634375 0.3207139921875
1 1 0.47816952031250004 0.9858177203125 0.31606533125 0.914645934375 0.31943991718750003 0.98134049375 0.47811600781249997 1 0.47837654374999994 1 0.47816952031250004
1 0.5751783484375 0.3573682671875 0.49662053281249996 0.365355334375 0.5463881875000001 0.5124104796875 0.6330709796875 0.5015815421875 0.5751783484375 0.3573682671875
1 0.8277681796874999 0.3377303734375 0.7428403453125 0.34537104531249996 0.8071430656249999 0.49011112968750004 0.887384109375 0.47660059062500004 0.8277681796874999 0.3377303734375
1 0.657928390625 0.3527247171875 0.5789836562499999 0.358668546875 0.6325042328125 0.5003330515625 0.720032303125 0.4991656953125 0.657928390625 0.3527247171875
0 0.6618619625 0.35453194374999997 0.7222627687500001 0.4996195890625 0.8055474437499999 0.4916840890625 0.739876359375 0.346204234375 0.6618619625 0.35453194374999997
1 0.4621612703125 0.5262697375000001 0.5454701875 0.5144379015625 0.49298072968750006 0.3652086625 0.412345221875 0.3742104609375 0.41806956875 0.3955849796875 0.4621612703125 0.5262697375000001
1 0 0.5169150578124999 0.0094449109375 0.5672603453125 0.09928152343749999 0.558319578125 0.067136475 0.41498348281249997 0 0.41891932968749995 0 0.5169150578124999
0 0.15746766406249998 0.4170127453125 0.07072390625 0.4212451875 0.10290288437499999 0.55800275 0.1914385140625 0.5480947234375 0.15746766406249998 0.4170127453125
1 0.3300091609375 0.40283211406249997 0.2448925390625 0.40917885312499996 0.2836976453125 0.541234246875 0.37236125468750003 0.532179115625 0.3300091609375 0.40283211406249997
0 0.2436829171875 0.4083888078125 0.158743459375 0.415273615625 0.1946440421875 0.5499764390624999 0.282951565625 0.54441269375 0.2436829171875 0.4083888078125
1 0.413100540625 0.39686063125 0.33178371093750003 0.40417211875000003 0.3726672546875 0.5315033078125 0.45865745156250004 0.5252782109374999 0.413100540625 0.39686063125
1 1 0.67977975 0.9637586171875 0.5953975171875 0.8892772546875 0.5984856046875 0.9544071015625001 0.7817247484375 1 0.77690689375 1 0.67977975
1 0.22158923437500003 0.6593963406250001 0.129009153125 0.6641716359375 0.1734975046875 0.8527401703124999 0.271370009375 0.8452138 0.22158923437500003 0.6593963406250001
1 0.8089404953124999 0.6050997578125 0.8714146375 0.7926129203125 0.952437265625 0.782415265625 0.8851893125 0.6001987140625 0.8089404953124999 0.6050997578125
1 0.3225639578125 0.6509674234375 0.374547128125 0.8372233343750001 0.47034955937499995 0.8293598890625 0.4122628578125 0.6385691078125 0.3225639578125 0.6509674234375
0 0.03293526875 0.67629151875 0.073877184375 0.8643137078124999 0.1722565296875 0.8506251562499999 0.1265436203125 0.6657630328125 0.03293526875 0.67629151875
1 0.698576296875 0.6176562015625 0.76305036875 0.802715521875 0.8522439484375001 0.795948459375 0.78459108125 0.609103696875 0.698576296875 0.6176562015625
1 0.4159400265625 0.643947396875 0.47045889374999994 0.8272775953125 0.5637219921875001 0.8170454046875 0.506226453125 0.6396756296875 0.4159400265625 0.643947396875
0 0.22549340468749998 0.6582167828125 0.2744952890625 0.8470131000000001 0.373679309375 0.8378174390625001 0.3204975921875 0.65644298125 0.22549340468749998 0.6582167828125
0 0.5987336859375 0.6305353421875 0.6668368390625 0.8137240265625 0.76179073125 0.8028257265625 0.6960985984375 0.6184003328125 0.5987336859375 0.6305353421875
0 0.5589253859375 0.79570141875 0.5655980765625 0.8153267234375001 0.663296903125 0.8124791828125 0.596027334375 0.63078270625 0.5087854640625 0.6392335984375 0.5589253859375 0.79570141875
1 0 0.15668303125 0.0062681109375 0.182860334375 0.086724678125 0.1750109734375 0.059869460937499994 0.0764751640625 0 0.081944959375 0 0.15668303125
1 0.13903918906249998 0.06954871093750001 0.060263687499999996 0.07641638437500001 0.0875088078125 0.17615785625 0.167965375 0.1683084953125 0.13903918906249998 0.06954871093750001
1 1 0.776476071875 0.952778778125 0.7836920703125 1 0.9057143171875 1 0.776476071875
0 0.2162813828125 0.06342423593749999 0.13990935625 0.068823465625 0.16870465625 0.16949979843750002 0.24966735 0.1649537359375 0.2162813828125 0.06342423593749999
1 0.29323056406250003 0.059229309375000004 0.21761556249999997 0.0630396109375 0.2499034375 0.16493307968749998 0.32799634843750003 0.16021521875 0.29323056406250003 0.059229309375000004
1 0.3758529515625 0.057498178125 0.29355070156249996 0.058763445312499996 0.328181871875 0.159776109375 0.40774382343750004 0.152815340625 0.3758529515625 0.057498178125
1 0.7646877921875 0.805067215625 0.8268907109375 0.9733106875 0.9223807015625001 0.9649563953125 0.8542168296874999 0.7977634546875 0.7646877921875 0.805067215625
1 0.669364015625 0.8189411953124999 0.7288801796875 0.9818854984375 0.8248637796875 0.9734880203125 0.761493565625 0.8058756890625001 0.669364015625 0.8189411953124999
1 1 0.9089184796875 0.949226565625 0.7832999421875 0.8596451343749999 0.7949147812499999 0.9251857296875 0.9647109875 1 0.9581655874999999 1 0.9089184796875
1 0.5735293953125 0.8230212359375001 0.6270221390625 0.9907969218750001 0.7259780234375001 0.9821394031249999 0.66440219375 0.8182146078124999 0.5735293953125 0.8230212359375001
1 0.3129658859375 1 0.2685639546875 0.8490014421875 0.176813496875 0.8564995515625 0.21147021718749998 1 0.3129658859375 1
1 0.41908575312499996 1 0.36957695 0.841701759375 0.2721445671875 0.8506188234375 0.316397903125 1 0.41908575312499996 1
1 0.5218304671875 1 0.524982446875 0.9997242375000001 0.4708963609375 0.8351441734374999 0.3713826921875 0.8419366125 0.42017434218750005 1 0.5218304671875 1
1 0.473421284375 0.83362430625 0.525144184375 0.9997100874999999 0.6250075546875 0.990973175 0.5692655203125 0.8234623703124999 0.473421284375 0.83362430625
1 0.20796757968750001 1 0.1749821421875 0.857188790625 0.0750952421875 0.8684733187499999 0.1020401 1 0.20796757968750001 1
1 0.6022826421875 0.0317795078125 0.6417471156250001 0.139861578125 0.7162293203125001 0.1320605140625 0.673475815625 0.023388428125 0.6022826421875 0.0317795078125
1 0.40764986875 0.1524006859375 0.48280112343750003 0.1446764328125 0.4472047015625 0.0525243359375 0.37697615624999997 0.0573999109375 0.40764986875 0.1524006859375
1 0.67568333125 0.023837653125 0.7169557281250001 0.13322216874999998 0.7931978984375 0.127896065625 0.7390242046875 0.020865475 0.67568333125 0.023837653125
1 0.524260146875 0.0452838328125 0.5624594765625 0.1423018453125 0.639730909375 0.1374685453125 0.5989696203125 0.035045734375 0.524260146875 0.0452838328125
1 0.5216094171875 0.0464376421875 0.447993503125 0.05133879375 0.48417938437499997 0.146128096875 0.5613646546875 0.14191251875 0.5216094171875 0.0464376421875
1 0.81408819375 0.015175121875 0.870820559375 0.12238967812499998 0.9432625625 0.1160518234375 0.8875746109374999 0.0123654984375 0.81408819375 0.015175121875
1 0.79343266875 0.13237202812499999 0.8688234265625001 0.1225644046875 0.8232243 0.039193214062499995 0.809987625 0.01594169375 0.744829640625 0.022926992187500002 0.79343266875 0.13237202812499999
1 0.94350964375 0.1147454921875 0.9681429250000001 0.1140414921875 0.9586417734375001 0.0054428453125 0.8907013515625 0.011169540625 0.94350964375 0.1147454921875