1 1 0.2552183796875 0.9320383890624999 0.2456871390625 0.9537220984375001 0.365550784375 1 0.37240053125 1 0.2552183796875
1 0.8530670468749999 0.2387595421875 0.8792382921874999 0.36075798593749997 0.950390403125 0.368097121875 0.9236068281250001 0.2460425296875 0.8530670468749999 0.2387595421875
1 0.6725519921875 0.2224490953125 0.597232203125 0.21115444375 0.59231575625 0.2105507796875 0.6130635171875001 0.3328591203125 0.6934628703125 0.3401294984375 0.6725519921875 0.2224490953125
1 0.677795490625 0.2214638140625 0.6982447078125 0.3386574109375 0.7803822734375 0.3543316234375 0.757111115625 0.231311053125 0.677795490625 0.2214638140625
1 0.761375884375 0.23058955937499998 0.7843006109374999 0.357776465625 0.8684564890625 0.367643759375 0.8436348875 0.2402410796875 0.761375884375 0.23058955937499998
1 0.51357466875 0.2024934859375 0.5308258796875001 0.3262280921875 0.613379978125 0.333763040625 0.5925819812500001 0.2121943640625 0.51357466875 0.2024934859375
1 0.42566983281250004 0.194130246875 0.44219768750000005 0.31909978125 0.5279052359375 0.32767228125000003 0.511608278125 0.202103778125 0.42566983281250004 0.194130246875
0 0.1708380359375 0.160603740625 0.08630407968750001 0.1494046703125 0.09267082343750001 0.297645103125 0.179434496875 0.30771687187499996 0.1708380359375 0.160603740625
1 0.17119147968749998 0.161466740625 0.1809823734375 0.3112094734375 0.269740875 0.32285255468749996 0.2619624625 0.174251225 0.17119147968749998 0.161466740625
0 0.3421688640625 0.1832797296875 0.3578038671875 0.335879753125 0.44119933749999996 0.345469071875 0.4234787125 0.190804509375 0.3421688640625 0.1832797296875
0 0.26251418593750003 0.17349936562499998 0.2706940375 0.3238833015625 0.356760709375 0.33249989375 0.339707665625 0.18461674374999998 0.26251418593750003 0.17349936562499998
1 0.954807246875 0.3791628703125 0.8730062484375001 0.3708046921875 0.9011372234374999 0.5332379578124999 0.9894071421874999 0.544742803125 0.954807246875 0.3791628703125
1 1 0.3854182609375 0.9587255390625 0.37866396562500004 0.9915321140625 0.5516703093750001 0.9972507984375 0.5529717609375 1 0.5305813109375 1 0.3854182609375
1 0.6120994203125 0.3445558578125 0.532052878125 0.33587177968750004 0.5504463078125 0.493650790625 0.6392000640625 0.501215084375 0.6120994203125 0.3445558578125
1 0.8681921125000001 0.3785277609375 0.7818660203125 0.3681444140625 0.8152478453124999 0.5266920265625 0.8981466375 0.5302041234375 0.8681921125000001 0.3785277609375
1 0.695616740625 0.35747713281250004 0.6156183984375 0.3466654828125 0.638900065625 0.4998449265625 0.7264442234375 0.5172605953125 0.695616740625 0.35747713281250004
0 0.6991559390625001 0.360121478125 0.7285723484375 0.518188553125 0.813322271875 0.5279278781250001 0.778732875 0.36834917031250003 0.6991559390625001 0.360121478125
1 0.46349811562500004 0.48964148906249993 0.54910000625 0.49548546250000003 0.5284538796875 0.3349521359375 0.4461195671875 0.32684273125 0.44728765781249996 0.3494554859375 0.46349811562500004 0.48964148906249993
1 0.093163140625 0.2943633484375 0.022808390625 0.28365925625 0.004267390625 0.4346635859375 0.0947707828125 0.444677640625 0.093163140625 0.2943633484375
0 0.182823859375 0.3155742140625 0.0954107453125 0.3013934359375 0.098449859375 0.4451293734375 0.1888558921875 0.45400896562500004 0.182823859375 0.3155742140625
0 0.357920903125 0.3380130609375 0.2716814234375 0.3262943140625 0.2823281 0.46672994843750004 0.3726805734375 0.4764905203125 0.357920903125 0.3380130609375
0 0.2706428546875 0.3252465953125 0.18446575781250002 0.31410410781250003 0.19165315 0.45657329999999996 0.2809087265625 0.46975337812499995 0.2706428546875 0.3252465953125
0 0.4420607796875 0.34967745625 0.3594060625 0.3397312765625 0.37312934062499997 0.47587896093750004 0.4602142359375 0.4879049609375 0.4420607796875 0.34967745625
1 0.970282575 0.7726103203125 0.9490799734375001 0.6653440015625 0.8741398874999999 0.652621240625 0.9001673921875 0.8498846359375 0.960026640625 0.8561381921875 0.970282575 0.7726103203125
1 0.1952803234375 0.5718311328125 0.10193102031250001 0.5569546 0.10623947656249999 0.755170403125 0.20545165468749998 0.7684166296875 0.1952803234375 0.5718311328125
1 0.79261079375 0.6421850703125 0.8150816015625001 0.8431631812499999 0.898056071875 0.8501576500000001 0.8696988203125 0.6534682109375 0.79261079375 0.6421850703125
1 0.29777825 0.5848325265625001 0.31005299062499997 0.7823245640625001 0.40727219375 0.7947938328124999 0.38987354375 0.591466159375 0.29777825 0.5848325265625001
0 0.0035367890625000002 0.548688675 0.004424279687499999 0.745604559375 0.10545112968749999 0.7527896421875 0.099133921875 0.558024203125 0.0035367890625000002 0.548688675
0 0.6798713656250001 0.6313220046875 0.7048581281249999 0.8302682859375 0.7952530624999999 0.84243189375 0.767475246875 0.6410233296875 0.6798713656250001 0.6313220046875
1 0.39239833125 0.5976309390625001 0.40782362812499995 0.7927325296875 0.503013475 0.8022913640624999 0.48335308125000004 0.6125245453125 0.39239833125 0.5976309390625001
0 0.19942474999999998 0.5714792640625 0.2081863875 0.770881421875 0.30906125 0.7827350453124999 0.294554059375 0.58987519375 0.19942474999999998 0.5714792640625
1 0.5775570875 0.6230159609375 0.6065607390625 0.8208601468750001 0.703578415625 0.8301111562499999 0.6772421375000001 0.6315408578125 0.5775570875 0.6230159609375
0 0.5027641796875 0.77990615625 0.5052497265625 0.8009691859375 0.6032946531250001 0.8188623640625 0.574805353125 0.6226889671875 0.4859992234375 0.61262538125 0.5027641796875 0.77990615625
1 0.0805417546875 0 0.0817713984375 0.0490685625 0.163682403125 0.05829364218750001 0.1604142796875 0 0.0805417546875 0
1 0.1608448796875 0 0.16422079843749998 0.0596082390625 0.2461318046875 0.06883331875000001 0.24097443593749998 0 0.1608448796875 0
1 0.9423626328125 1 0.9601561875 0.855083128125 0.8981254171874999 0.8515083296875 0.92191045625 1 0.9423626328125 1
0 0.24180359375 0 0.24661603125 0.0701828625 0.3283300265625 0.0828222296875 0.3193968359375 0 0.24180359375 0
1 0.3205366796875 0 0.328569878125 0.0828516796875 0.40745819375 0.09470974374999999 0.39591680625 0 0.3205366796875 0
1 0.396365371875 0 0.407736515625 0.09430955625000001 0.48856649531249996 0.1042342296875 0.4770105734375 0.002044109375 0.466624490625 0 0.396365371875 0
1 0.8245647984375 1 0.7968351140625 0.8446677156250001 0.7059915890624999 0.832970153125 0.7301721328124999 1 0.8245647984375 1
1 0.728042328125 1 0.7026340640625001 0.8331012812499999 0.6079728140625 0.8266194671875 0.632378978125 1 0.728042328125 1
1 0.9209157156250001 1 0.894665928125 0.8503615609375 0.8028542453125 0.8429685578124999 0.8278684640625 1 0.9209157156250001 1
1 0.6294628296875 1 0.60317850625 0.824838590625 0.5115253046875 0.8103559171875 0.5302520046875 1 0.6294628296875 1
1 0.108747990625 0.759637859375 0.1140602296875 0.9563674671875001 0.21684826875000002 0.9689882515624999 0.20184833906250002 0.771612525 0.108747990625 0.759637859375
1 0.20507584375 0.7739918828125 0.22032188593750002 0.9694147578125 0.32242771718749996 0.9819517781249999 0.3041445234375 0.785752484375 0.20507584375 0.7739918828125
1 0.30589558906250003 0.786370990625 0.3234018453125 0.9820713859374999 0.42749462656250004 0.994852371875 0.40658865625 0.8007003921875 0.30589558906250003 0.786370990625
1 0.52836445 1 0.5071790078125 0.809892203125 0.40942978906249994 0.799715003125 0.42737426718749993 0.99483759375 0.46941869062499997 1 0.52836445 1
1 0.0047553875 0.750027234375 0.0032545890624999995 0.9427622453125 0.11011639687500001 0.955883225 0.10677505624999999 0.75993899375 0.0047553875 0.750027234375
1 0.70830431875 0.024374329687499998 0.724701828125 0.140951040625 0.8006440421875001 0.148955971875 0.78109156875 0.0310902734375 0.70830431875 0.024374329687499998
1 0.4885608828125 0.10379918437499999 0.56515405625 0.1120230625 0.549229975 0.0122146125 0.47815167968749994 0.00218421875 0.4885608828125 0.10379918437499999
1 0.7831977953125 0.0320086890625 0.8011217281249999 0.1502730984375 0.8782934296875 0.1611293171875 0.8470022859374999 0.0424820921875 0.7831977953125 0.0320086890625
1 0.6276195171875 0.0213270625 0.6451058328125 0.1265592828125 0.723199371875 0.13812736406249998 0.70430615625 0.026940610937499998 0.6276195171875 0.0213270625
1 0.62473068125 0.021919290625 0.5502685609375 0.011195284375 0.5662202546875 0.11376891250000001 0.6440966234375 0.1259370828125 0.62473068125 0.021919290625
1 1 0.0759852171875 0.99696493125 0.06551378906250001 0.9230763140624999 0.0527235171875 0.9568802671875 0.17209816718749998 1 0.1773926046875 1 0.0759852171875
1 0.8775766453125 0.16565990625 0.9548513062499999 0.1718490421875 0.9270854906249999 0.07870706562499999 0.9188237499999999 0.052620259375 0.8523543625000001 0.045778443749999995 0.8775766453125 0.16565990625