1 0.9969151093749999 0.31890330625 0.9557786140625 0.2044530796875 0.8848900984375 0.20447678906250003 0.9229147203125001 0.31948198125 0.9969345859375001 0.32001914375 0.9969151093749999 0.31890330625
1 0.8059817593749999 0.208586803125 0.8487317890625 0.3250726046875 0.9199793265625 0.322449996875 0.876617115625 0.2059936703125 0.8059817593749999 0.208586803125
1 0.6255448265625 0.21751382187499999 0.5496351078124999 0.21681904375 0.544698678125 0.216905209375 0.5821385015625 0.33444675625000003 0.6625038765625 0.330476565625 0.6255448265625 0.21751382187499999
1 0.630583721875 0.2158180625 0.6670195875 0.3283654421875 0.750266040625 0.332428284375 0.7102367609375 0.21453479999999997 0.630583721875 0.2158180625
1 0.7143461921875 0.21323420781250002 0.7546112953125 0.3352774234375 0.839044625 0.3333439734375 0.796877315625 0.21135087187499998 0.7143461921875 0.21323420781250002
1 0.4658609484375 0.2198711609375 0.500047334375 0.3393008265625 0.5825762109375 0.335292871875 0.5451893734375 0.218486478125 0.4658609484375 0.2198711609375
1 0.3779358296875 0.22380424375 0.41157948749999995 0.3445498234375 0.49736481875000005 0.34112688125 0.46386600468749994 0.21975965625 0.3779358296875 0.22380424375
0 0.121758075 0.22606799687499998 0.036766884374999996 0.2267426328125 0.06360822031249999 0.3718049140625 0.15064389843749998 0.36971183124999996 0.121758075 0.22606799687499998
1 0.12222661562499999 0.22686870468749998 0.1526560421875 0.372936078125 0.241878590625 0.3721138625 0.21359383906249998 0.2268916625 0.12222661562499999 0.22686870468749998
0 0.2940125703125 0.2246790609375 0.3306065859375 0.372750578125 0.4142508171875 0.370648709375 0.3753119171875 0.2208333078125 0.2940125703125 0.2246790609375
0 0.214034146875 0.22607508906249998 0.2429623359375 0.3729967109375 0.3291082515625 0.3695674703125 0.2917686859375 0.2263360078125 0.214034146875 0.22607508906249998
1 0.9258734484375 0.3327329578125 0.8439737468749999 0.3358262046875 0.8942653703125 0.49184905937499995 0.9829864984375 0.49095837343750004 0.9258734484375 0.3327329578125
1 1 0.4956365390625 0.9971649515625 0.333216778125 0.9296717640625 0.3316994625 0.9860445906249999 0.497484425 1 0.4986578125 1 0.4956365390625
1 0.5828089390625 0.3460956953125 0.5025957562500001 0.3486252609375 0.5426306328125 0.50141373125 0.631282875 0.49657658437499996 0.5828089390625 0.3460956953125
1 0.8402930046874999 0.34409592187500004 0.7536460296875 0.3458216890625 0.8085815984375 0.49729233749999996 0.8908928359375 0.48927615312499995 0.8402930046874999 0.34409592187500004
1 0.667035496875 0.3472572890625 0.58657485 0.347685578125 0.6307967578125 0.49526917968750006 0.7196212140625 0.500298178125 0.667035496875 0.3472572890625
0 0.67089551875 0.3493708078125 0.7218504359375 0.5009172109375 0.806852365625 0.49877555312500005 0.75058189375 0.34645692499999997 0.67089551875 0.3493708078125
1 0.45625353750000003 0.509500884375 0.54155620625 0.5034063140625 0.49891587968750006 0.3482179984375 0.416524275 0.35162997812499996 0.4208130296875 0.37373068125 0.45625353750000003 0.509500884375
1 0 0.50436343125 0.0002518515625 0.5187919953125 0.08607057500000001 0.516268571875 0.0636390609375 0.3685058671875 0 0.3677875609375 0 0.50436343125
0 0.155078934375 0.3769783109375 0.066832421875 0.37511593906249996 0.08976460625 0.5162040921875 0.180230103125 0.512433175 0.155078934375 0.3769783109375
0 0.3310179390625 0.37483463125 0.24427126875 0.3752337046875 0.27425473125 0.5120197421875 0.36478953281250004 0.5091235640625 0.3310179390625 0.37483463125
0 0.2431008703125 0.374345965625 0.156495684375 0.37530373125 0.1833467078125 0.5145706109375 0.273273028125 0.5151927765625001 0.2431008703125 0.374345965625
0 0.4156846890625 0.37467265625 0.33272211875 0.376320665625 0.3651476765625 0.5084593703125 0.4527714140625 0.5082457781249999 0.4156846890625 0.37467265625
1 1 0.7302466734374999 0.9599063515624999 0.61527249375 0.884173371875 0.613119178125 0.93721883125 0.80372361875 1 0.8014947828125001 1 0.7302466734374999
1 0.2029101484375 0.6275405265625 0.1087079125 0.6258147953125001 0.1404479359375 0.8203629765624999 0.240210965625 0.8196721921875 0.2029101484375 0.6275405265625
1 0.8022538875 0.6141289999999999 0.8523038875 0.8088828687499999 0.9351727390625 0.8042846265625 0.8799073249999999 0.61456770625 0.8022538875 0.6141289999999999
1 0.305882384375 0.626153928125 0.34538505937499997 0.8188869593750001 0.4430732046875 0.8177070984375 0.39770378906250003 0.6199380453125001 0.305882384375 0.626153928125
0 0.010442865625 0.6312955046875001 0.038626 0.8250373953125001 0.1393396578125 0.8181282187500001 0.10609539999999999 0.6272549671875 0.010442865625 0.6312955046875001
0 0.6894694375 0.6190382984375 0.7417210187500001 0.81144359375 0.83263096875 0.8109073421874999 0.7772830609375 0.616464221875 0.6894694375 0.6190382984375
1 0.4010507453125 0.6256578515625 0.44333164375 0.8156014125000001 0.5386131375 0.8118370921875 0.4928918359375 0.6277318140625 0.4010507453125 0.6256578515625
0 0.2069520578125 0.6266204875 0.2432520515625 0.821720284375 0.3444630984375 0.81942834375 0.3033992765625 0.6315647140625 0.2069520578125 0.6266204875
1 0.58732959375 0.6250220750000001 0.6433931625 0.8157863843750001 0.7404361046875 0.811466021875 0.6869046421875 0.6196176671875 0.58732959375 0.6250220750000001
0 0.535262821875 0.7898332421875 0.5406370500000001 0.8102258859375 0.639892371875 0.81427160625 0.5845681828125 0.6250810109375 0.4955176609375 0.627464840625 0.535262821875 0.7898332421875
1 0.08026378125 0.0244169703125 0.0013074796875 0.0260990015625 0.01837893125 0.12858856406250002 0.1005074296875 0.12633356093749998 0.08026378125 0.0244169703125
1 0.1610221875 0.0230073265625 0.08066763906249999 0.0243852984375 0.1012211453125 0.1275532703125 0.183349646875 0.12529826875 0.1610221875 0.0230073265625
1 1 0.800304778125 0.9354284906249999 0.8056047796874999 0.992749228125 0.99147519375 1 0.99134863125 1 0.800304778125
0 0.2397694890625 0.022274821875 0.161955821875 0.022333006250000002 0.1840147421875 0.126559878125 0.26642225937499997 0.127693528125 0.2397694890625 0.022274821875
1 0.3180829578125 0.0234799328125 0.24114943125 0.021979159375 0.2666630859375 0.12768932500000002 0.34617320625 0.128444871875 0.3180829578125 0.0234799328125
1 0.4019736671875 0.027588456249999997 0.3184405515625 0.023029828125 0.3463924234375 0.1280123640625 0.42755092499999997 0.1265957375 0.4019736671875 0.027588456249999997
1 0.743214465625 0.813946715625 0.79604423125 0.9949086921875001 0.8936582265625 0.993204834375 0.8345025640625 0.812889553125 0.743214465625 0.813946715625
1 0.6455856015625 0.8212610203124999 0.6960424265625 0.99665423125 0.7940224734375 0.9949439828125 0.739918646875 0.8145405218749999 0.6455856015625 0.8212610203124999
1 0.8402080421875 0.810383625 0.8964009484375 0.993156959375 0.9924269593749999 0.99148081875 0.93185481875 0.8049546015625 0.8402080421875 0.810383625
1 0.5481329749999999 0.8185985828125 0.5918843671875 0.9984723171875001 0.6931390140625 0.9967049093749999 0.6406064796875001 0.8201713109375 0.5481329749999999 0.8185985828125
1 0.2758605 1 0.237097546875 0.8233172968750001 0.14354345156249998 0.8244140124999999 0.173141778125 1 0.2758605 1
1 0.3820282734375 1 0.340028546875 0.8230795437499999 0.24061317187500003 0.8252130718749999 0.2793289015625 1 0.3820282734375 1
1 0.48777846093750005 1 0.4432176140625 0.8236167468750001 0.34184268281249997 0.823446103125 0.38306402500000003 1 0.48777846093750005 1
1 0.5043634703125 1 0.5899064203125 0.9985068421875001 0.5437787140625 0.818743615625 0.44588527187500004 0.8222533875 0.4878532171875 1 0.5043634703125 1
1 0.169348671875 1 0.1416378515625 0.8249835515624999 0.0395661265625 0.8293457156249999 0.06224682499999999 1 0.169348671875 1
1 0.63336585 0.0175597578125 0.6657169828125 0.1300605984375 0.7417848609375 0.12743048125 0.706140909375 0.0140972984375 0.63336585 0.0175597578125
1 0.42748505625 0.1261682078125 0.504225815625 0.123663546875 0.47466729843750005 0.027605621875000003 0.4031194109375 0.02756845625 0.42748505625 0.1261682078125
1 0.7083471921875 0.014709962500000002 0.7424390046875 0.12866108437499998 0.8201158328125 0.128667903125 0.7727769984374999 0.0161900296875 0.7083471921875 0.014709962500000002
1 0.5533043640625 0.025727132812499998 0.5851569999999999 0.1269085625 0.6638424328125 0.127488625 0.6297753890625 0.020639653124999997 0.5533043640625 0.025727132812499998
1 0.5505351015625 0.0267100234375 0.47555106406250003 0.026458340625 0.505520296875 0.125234778125 0.5840745921875 0.12643568593750001 0.5505351015625 0.0267100234375
1 0.8492851234375 0.015743507812499998 0.8992050703125001 0.1285897421875 0.9731007484375 0.12729988750000001 0.923989628125 0.0181088171875 0.8492851234375 0.015743507812499998
1 0.8200366140625001 0.1332275 0.8971678609374999 0.12862530156250002 0.856845578125 0.04076954375 0.845073365625 0.016230439062499998 0.778516815625 0.018694534375 0.8200366140625001 0.1332275
1 0.9734438437499999 0.1259915515625 0.9935623359375001 0.126823025 0.9916313656250001 0.0161977828125 0.9272444890625 0.0171169390625 0.9734438437499999 0.1259915515625