1 1 0.2728354484375 0.9334830265624999 0.2682010640625 0.9654535624999999 0.3943723296875 1 0.3970441765625 1 0.2728354484375
1 0.8489548078125001 0.2667123234375 0.8858579640625001 0.39482447187499997 0.96209825625 0.397335846875 0.9245395015625 0.2692095625 0.8489548078125001 0.2667123234375
0 0.6557023828124999 0.26280275937500003 0.574734525 0.25638549374999997 0.5694593265625 0.2561090328125 0.600615721875 0.384956553125 0.6866885921875 0.3867041109375 0.6557023828124999 0.26280275937500003
1 0.661207503125 0.26136077343749997 0.6916664203125 0.3847776 0.7802126453125 0.395354953125 0.746318834375 0.265936528125 0.661207503125 0.26136077343749997
1 0.7508023234375 0.26484885937499997 0.78463701875 0.39873501718750004 0.8748991437500001 0.4029707171875 0.8390304328125 0.2689961609375 0.7508023234375 0.26484885937499997
1 0.4850921578125 0.25339869375 0.512634678125 0.38402790000000003 0.6010195234375 0.385896621875 0.5698646171874999 0.2578414296875 0.4850921578125 0.25339869375
1 0.3909534078125 0.2510464578125 0.4178181046875 0.3830462765625 0.5096348078124999 0.3857856890625 0.4829712671875 0.2531300484375 0.3909534078125 0.2510464578125
0 0.1173604328125 0.23433172500000002 0.026597178125 0.22870440625000002 0.0443803046875 0.3862728265625 0.137431921875 0.39053179375 0.1173604328125 0.23433172500000002
0 0.117800540625 0.23522540468750003 0.1393380265625 0.3941397828125 0.23462854531250002 0.39992501874999997 0.21531680937500003 0.24207725 0.117800540625 0.23522540468750003
0 0.301314984375 0.2457136078125 0.3292819421875 0.40723783906250005 0.4187144625 0.41123396406249996 0.3883753796875 0.2476643984375 0.301314984375 0.2457136078125
0 0.21584791874999998 0.24123446875000001 0.23571912187500002 0.40095275468749997 0.32792115625 0.4037123578125 0.2987959359375 0.2473228234375 0.21584791874999998 0.24123446875000001
1 0.9995398171875 0.521873775 0.967618975 0.40880357656250005 0.879974171875 0.4060009453125 0.9219652953124999 0.5770756046875001 0.996413178125 0.581533609375 0.9995398171875 0.521873775
1 0.6004587890625 0.3974988109375 0.5146562593749999 0.39421771875 0.5459424171875 0.5610574546875 0.6409249515625 0.5624945203125 0.6004587890625 0.3974988109375
1 0.87542624375 0.4145942390625 0.782817009375 0.4099704125 0.8301056656249999 0.5765103593750001 0.918558434375 0.574064453125 0.87542624375 0.4145942390625
1 0.6902684031249999 0.405038140625 0.604359134375 0.3994851765625 0.6405040359374999 0.5610561546875 0.7349314062500001 0.573086403125 0.6902684031249999 0.405038140625
0 0.694229978125 0.40759308125000004 0.73726433125 0.57391681875 0.8281489296875 0.5779717265625 0.7794990187499999 0.41042267031249996 0.694229978125 0.40759308125000004
1 0.45314476406250004 0.56327565625 0.5446464140625 0.5631139890625 0.5107591625000001 0.39350600468749997 0.42256546874999995 0.39100842343750003 0.42548759687500004 0.41502937656250005 0.45314476406250004 0.56327565625
1 0 0.5405486734375 0.05753450156249999 0.54287208125 0.044660321875 0.38273727968750004 0.0056258578125 0.37955928125 0 0.48690704374999993 0 0.5405486734375
0 0.1416212640625 0.39865566406249997 0.047573564062500004 0.3900644453125 0.061482040625 0.5430789625 0.1583200390625 0.5457949281250001 0.1416212640625 0.39865566406249997
1 0.32956489375000003 0.4095034875 0.23694862031250002 0.40344948281250004 0.258705290625 0.5523773640625 0.355551740625 0.5560365671875 0.32956489375000003 0.4095034875
0 0.23576592343749997 0.402410028125 0.14325881406250002 0.39696573281249997 0.1614863578125 0.5483199671875 0.257419840625 0.5557067265625 0.23576592343749997 0.402410028125
1 0.41994346718750003 0.41565633125 0.3312724921875 0.41122442968749995 0.355983740625 0.5553510562499999 0.44952223125 0.5616695046875 0.41994346718750003 0.41565633125
1 0.9883707656249999 0.7349919593750001 0.9827807734375 0.7143380515625 0.9021107984375 0.7063698796875 0.9444509890624999 0.91473511875 0.978889003125 0.9159147703125001 0.9883707656249999 0.7349919593750001
1 0.1739053625 0.670929159375 0.0734907703125 0.6620394453125 0.092795875 0.8730418921875 0.19932660625 0.8797556906249999 0.1739053625 0.670929159375
1 0.8146009296875001 0.7013315328124999 0.85343321875 0.9139227359375001 0.9422251375 0.9151838453125001 0.8974490718749999 0.7076044890625 0.8146009296875001 0.7013315328124999
1 0.28391345625 0.6771365765625 0.31163974375 0.8867725312499999 0.41599254218750004 0.8928068078125 0.38238176875 0.6773319109375 0.28391345625 0.6771365765625
0 0 0.8704637234374999 0.091780371875 0.87056255625 0.07059451562499999 0.66338865 0 0.6614482859375 0 0.8704637234374999
1 0.693856221875 0.698168615625 0.73521420625 0.908405746875 0.832284303125 0.914623734375 0.78777418125 0.7019699015625 0.693856221875 0.698168615625
1 0.3855256265625 0.683715846875 0.41642609375 0.8905680109375 0.518403803125 0.89365091875 0.4833940421875 0.69280256875 0.3855256265625 0.683715846875
0 0.1782882796875 0.6702445453125 0.2024190140625 0.882179275 0.31061516718750004 0.8872842140625 0.2808579203125 0.68275348125 0.1782882796875 0.6702445453125
0 0.5843922265625 0.696953346875 0.629941728125 0.90571555 0.7338411125000001 0.9083337874999999 0.6910753703125 0.698598271875 0.5843922265625 0.696953346875
0 0.5164760328125 0.8698039515625 0.52068464375 0.892074315625 0.626318725 0.9038295359375 0.58144050625 0.6968102078125 0.4862166296875 0.69271248125 0.5164760328125 0.8698039515625
1 0.0881764109375 0.0149834171875 0.0248934296875 0.011912110937500001 0.01910960625 0.122274025 0.10214930625 0.12579000625 0.0881764109375 0.0149834171875
1 0.174476984375 0.0195062390625 0.08860982656250001 0.014979629687500001 0.10281971406249998 0.1271513359375 0.190645934375 0.1308699828125 0.174476984375 0.0195062390625
0 0.258580353125 0.0246049375 0.175523978125 0.0188528703125 0.1912613078125 0.1322726140625 0.2791315203125 0.139646053125 0.258580353125 0.0246049375
1 0.34207555312500004 0.0317490921875 0.260075334375 0.0243909859375 0.279388871875 0.139659540625 0.364194953125 0.14641100625 0.34207555312500004 0.0317490921875
1 0.43130598593749997 0.042423571874999996 0.342490934375 0.031293125 0.364461325 0.145963571875 0.45118945312500003 0.1505088 0.43130598593749997 0.042423571874999996
1 0.8549890171874999 1 0.8341334249999999 0.9168892812499999 0.7366207078125 0.9112016562499999 0.7558290999999999 1 0.8549890171874999 1
1 0.7528586515625 1 0.7330585421875 0.9115921703125001 0.6318717125 0.9117502999999999 0.6506001484375 1 0.7528586515625 1
1 0.9595305937499999 1 0.9386336765625 0.91565439375 0.840410684375 0.9146282890625 0.860148309375 1 0.9595305937499999 1
1 0.6465482687499999 1 0.6266390171875 0.9102096546875 0.528058075 0.9016131968750001 0.5447218515625 1 0.6465482687499999 1
1 0.09579635625 0.8776174749999999 0.1057082546875 0.98002221875 0.2106640171875 0.9855227171875001 0.19573057656249998 0.8834320046874999 0.09579635625 0.8776174749999999
1 0.1993408765625 0.88572770625 0.214169978125 0.98570645625 0.322061171875 0.99136079375 0.30560861093749997 0.890868346875 0.1993408765625 0.88572770625
1 0.30751741718750003 0.8913969984375001 0.3235166609375 0.9914370734375 0.43319824531249995 0.9971852406249999 0.4157040421875 0.899155021875 0.30751741718750003 0.8913969984375001
1 0.5413653984375 1 0.523399825 0.9014433625 0.4186533984375 0.8978923109375 0.434799984375 0.9972691843750001 0.48690704218749997 1 0.5413653984375 1
1 0 0.9744822828125 0.10255180625 0.9798567953124999 0.09371981562500001 0.8780858484375 0 0.8755563671875001 0 0.9744822828125
1 0.6790264406250001 0.048959234375 0.7051291281250001 0.1720209296875 0.7865148234375 0.17488444218750002 0.756959990625 0.050684106250000006 0.6790264406250001 0.048959234375
1 0.451151171875 0.150045403125 0.53324565 0.1530937328125 0.5088920046875 0.0478738609375 0.43253035781250004 0.0424877390625 0.451151171875 0.150045403125
1 0.7592689125 0.051505978125 0.787120834375 0.176253003125 0.8700262875 0.182064553125 0.8279252203125 0.05790756406250001 0.7592689125 0.051505978125
1 0.592963546875 0.0517353859375 0.6193820015625 0.16262105468750002 0.7033210234375 0.169122709375 0.6749635890625 0.05199378125 0.592963546875 0.0517353859375
1 0.5899342421875 0.052582496874999995 0.5099211953125 0.0467095703125 0.534509590625 0.1548754234375 0.6182621453125 0.16203306875 0.5899342421875 0.052582496874999995
1 1 0.10081847031249999 0.9891736359375001 0.07126429375 0.9096172515625 0.06314562968750001 0.9544455984375 0.1878905125 1 0.1902779171875 1 0.10081847031249999
1 0.8696002249999999 0.1869482828125 0.9522685843750001 0.1877764203125 0.915812221875 0.090548140625 0.9050854890625001 0.0633530921875 0.83386385 0.0610222546875 0.8696002249999999 0.1869482828125