1 0.9172973750000001 0.17614283125000002 0.8545759609375001 0.09510090624999999 0.7864961234375001 0.1172441859375 0.8589783437499999 0.21604076249999998 0.9239469078125 0.195454478125 0.9172973750000001 0.17614283125000002
1 0.7119910984375 0.1458220015625 0.7894749562500001 0.24456872812500002 0.8570869953125 0.21981266718749998 0.7790243640625001 0.121285328125 0.7119910984375 0.1458220015625
1 0.5414757296875 0.210716478125 0.46834845156249993 0.23373524687499997 0.4636340328125 0.2353585515625 0.5363476406250001 0.3367781828125 0.6122958453125 0.30788024687500004 0.5414757296875 0.210716478125
1 0.5457852703125 0.2075123953125 0.615973 0.3044397421875 0.697200225 0.28237244375000004 0.621889446875 0.18142219531249998 0.5457852703125 0.2075123953125
1 0.625429815625 0.178888390625 0.7022646484374999 0.283758065625 0.7827569125 0.2555505640625 0.704110709375 0.1513226859375 0.625429815625 0.178888390625
1 0.3888390984375 0.262813478125 0.4590182140625 0.36706514375 0.53703261875 0.33745575781250003 0.4645997765625 0.236726984375 0.3888390984375 0.262813478125
1 0.30561828125 0.29403469375 0.37568758125 0.3997219328125 0.4570126796875 0.369659303125 0.386888121875 0.2633286984375 0.30561828125 0.29403469375
0 0 0.44233139218749995 0.049989125 0.53453070625 0.1329309859375 0.5053575515625 0.0602716109375 0.37615215 0 0.3962647015625 0 0.44233139218749995
1 0.060972004687500005 0.3767764140625 0.1358717875 0.50783215 0.22131148125000003 0.4791994640625 0.14873589375000001 0.34828774375 0.060972004687500005 0.3767764140625
0 0.225284915625 0.321064375 0.306732346875 0.452124934375 0.38641403125 0.42400161093750005 0.30216909531249997 0.2919947328125 0.225284915625 0.321064375
0 0.148903475 0.3473646140625 0.22262845156250002 0.47971079375 0.3042979171875 0.44952958593750003 0.2236478 0.3233589390625 0.148903475 0.3473646140625
1 0.8659635124999999 0.2278680546875 0.7882674062499999 0.2564009421875 0.8853574125 0.3908382765625 0.9702940890624999 0.3622961703125 0.8659635124999999 0.2278680546875
0 0.9752719234375 0.3676215015625 0.982634909375 0.3658968109375 0.928262046875 0.20798655156249998 0.8692885734375 0.225688340625 0.9752719234375 0.3676215015625
1 0.5406340125 0.347777990625 0.46438152656250004 0.37524221562500004 0.550608759375 0.5097678859375 0.6342452796875 0.4774498546875 0.5406340125 0.347777990625
1 0.787317915625 0.26550691249999997 0.7046345421875 0.2942053328125 0.804761584375 0.4228132515625 0.8813136437500001 0.3894149234375 0.787317915625 0.26550691249999997
1 0.6218954421875 0.322613171875 0.5447482359375 0.3481326921875 0.6333695703125 0.4763435140625 0.720256478125 0.4534652921875 0.6218954421875 0.322613171875
0 0.6262637921875001 0.32344236875 0.7225911703125 0.45336532656250006 0.8035644609375 0.424780053125 0.70189011875 0.295772728125 0.6262637921875001 0.32344236875
1 0.47017370156249993 0.5445032359375 0.5501998359375 0.5120204890625 0.460719721875 0.375998621875 0.3826508140625 0.404991703125 0.3936806109375 0.42491948125 0.47017370156249993 0.5445032359375
1 0 0.5836713062500001 0.03820444375 0.694625065625 0.1167352125 0.666529384375 0.0489871921875 0.5313466250000001 0 0.546651609375 0 0.5836713062500001
0 0.1394628734375 0.5109656765625 0.054121220312499996 0.536710590625 0.12026310625 0.6653146343749999 0.20597462187499999 0.6334567468750001 0.1394628734375 0.5109656765625
0 0.30777909375 0.45400192500000003 0.22458512968750002 0.481454859375 0.2961544546875 0.6037189359374999 0.3822060515625 0.5726811265625 0.30777909375 0.45400192500000003
0 0.2231834015625 0.480965865625 0.140300025 0.508912246875 0.209636409375 0.6345409375 0.2962037 0.6070784765624999 0.2231834015625 0.480965865625
0 0.3890494625 0.42742615937500006 0.3098805875 0.4549000546875 0.382342359375 0.5719302578125001 0.466436728125 0.5443821125 0.3890494625 0.42742615937500006
1 1 0.5062527046875 0.98699693125 0.48911761093750006 0.9135833468750001 0.5106777765625 1 0.6411090609375 1 0.5062527046875
1 0.263750571875 0.7371398359375 0.1727312703125 0.764874690625 0.2640489953125 0.9421713828125 0.3596537453125 0.910376053125 0.263750571875 0.7371398359375
1 1 0.6458526359375 0.9099388125000001 0.5134028015625 0.8352167875 0.53721209375 0.9441852609374999 0.7089931546875 1 0.6873664609375 1 0.6458526359375
1 0.36222014062499996 0.7036735468749999 0.46042619531250006 0.8768013375000001 0.553885128125 0.8451828578124999 0.44846948124999997 0.6690399218749999 0.36222014062499996 0.7036735468749999
0 0.0800630390625 0.8008116171875 0.16771231874999998 0.9784423828125 0.262285740625 0.94036685625 0.17067231249999998 0.7670756984375 0.0800630390625 0.8008116171875
0 0.7284242390625 0.5771299062499999 0.8387729343749999 0.7459640953125 0.9259227640625 0.7170800265625 0.81196290625 0.5472511671875 0.7284242390625 0.5771299062499999
1 0.453472665625 0.6734993171875 0.5534749390625 0.8430760484375 0.643814203125 0.8097216984375001 0.5423330125 0.646836328125 0.453472665625 0.6734993171875
0 0.267345078125 0.73499328125 0.3632150609375 0.9113978406250001 0.45970995 0.877609971875 0.3615270171875 0.7096548375 0.267345078125 0.73499328125
1 0.63219163125 0.614760015625 0.745688565625 0.7808256734375 0.8375458078125 0.746386628125 0.7261419546875 0.578487728125 0.63219163125 0.614760015625
0 0.6337160453124999 0.7895942796875 0.645254340625 0.8075397843750001 0.7418524703125 0.7804605109375 0.62955776875 0.6156784109375 0.5447715953125 0.6457600609374999 0.6337160453124999 0.7895942796875
1 0 0.270369175 0.0097423265625 0.2877663125 0.0879202953125 0.2599686140625 0.0344904765625 0.1685079015625 0 0.1803720859375 0 0.270369175
0 0.10989691875 0.1432302921875 0.0351763671875 0.16756770781250002 0.0889535921875 0.260975040625 0.1684591265625 0.23635095781249998 0.10989691875 0.1432302921875
1 0.18549252968750002 0.1199525015625 0.111129878125 0.1425151890625 0.16868912187500001 0.2362717640625 0.245293528125 0.212187978125 0.18549252968750002 0.1199525015625
1 0.2673528390625 0.0977281203125 0.1856952546875 0.1194078078125 0.24536884531249997 0.2117033984375 0.3228772921875 0.18501510000000002 0.2673528390625 0.0977281203125
1 1 0.8165537890625 0.92834020625 0.7184033546874999 0.8409900499999999 0.7479066640625 0.9311598906249999 0.880350084375 1 0.856646534375 1 0.8165537890625
1 0.7495061953125 0.7854094203125 0.835772709375 0.913194525 0.9290101343750001 0.8810903046874999 0.83801014375 0.749506490625 0.7495061953125 0.7854094203125
1 1 0.6879763765625 0.9330366609375 0.71421169375 1 0.809626328125 1 0.6879763765625
1 0.65507205625 0.8132572140625 0.737521809375 0.9470250218749999 0.832727778125 0.914242978125 0.744383096875 0.7859145765625 0.65507205625 0.8132572140625
1 0.4076652046875 1 0.35780311875000004 0.914855028125 0.268288878125 0.945103490625 0.29693049843749997 1 0.4076652046875 1
1 0.528120075 1 0.45659230468749995 0.882507065625 0.3617725953125 0.9155821734374999 0.4114367921875 1 0.528120075 1
1 0.5836713015624999 1 0.6379087109375 0.9813245625 0.555871678125 0.8508242640624999 0.458449371875 0.8822936890624999 0.5295108171875 1 0.5836713015624999 1
1 0.5580076187499999 0.8486799625 0.6384302468749999 0.981144984375 0.735264834375 0.9478021609375 0.6509352078124999 0.8147554984375001 0.5580076187499999 0.8486799625
1 0.29400501874999996 1 0.2666366671875 0.9462461546875 0.169962434375 0.9822946343750001 0.178429659375 1 0.29400501874999996 1
1 0.5284125515625 0 0.48646540937499994 0.015873196875000002 0.5527152656250001 0.11403038750000001 0.6249548140625001 0.0877629359375 0.5625157875 0 0.5284125515625 0
1 0.3226803453125 0.1846242703125 0.39560541250000003 0.158267565625 0.337179240625 0.075060896875 0.2684470546875 0.097351353125 0.3226803453125 0.1846242703125
1 0.5646826968750001 0 0.6259678984375 0.088742940625 0.7005773421875 0.064510771875 0.6449158296874999 0 0.5646826968750001 0
1 0.4121214734375 0.04871498125 0.47435314375 0.1361357953125 0.5501105765625 0.112140490625 0.4839798625 0.0199571671875 0.4121214734375 0.04871498125
1 0.409768975 0.050524890625 0.3376693484375 0.073681165625 0.39734003906250004 0.1593755203125 0.4731656453125 0.1360185390625 0.409768975 0.050524890625
1 0.7409389875 0 0.776516809375 0.0397560984375 0.8470890750000001 0.015456118750000001 0.8330848140624999 0 0.7409389875 0
0 0.6482837406249999 0 0.701926965625 0.0689228953125 0.7745712250000001 0.0404260171875 0.73737879375 0 0.6482837406249999 0