1 1 0.281528178125 0.939697559375 0.2642546609375 0.9446897390625001 0.3919342609375 1 0.40823469687499997 1 0.281528178125
1 0.8587422578125 0.245547565625 0.8680803031250001 0.37609895937500004 0.9408595765625 0.3940938875 0.9308941734375 0.263394915625 0.8587422578125 0.245547565625
1 0.6737616328125 0.20229273593750002 0.59723453125 0.179581203125 0.5922197578125 0.1782375 0.5958832671875001 0.308320325 0.6782706734375 0.3275916546875 0.6737616328125 0.20229273593750002
1 0.679348040625 0.20203345156250002 0.6834490343749999 0.32675936562499996 0.7664126515625 0.35501428281249997 0.760234075 0.223823765625 0.679348040625 0.20203345156250002
1 0.764766075 0.2236958609375 0.7699762984375 0.3591640375 0.855883296875 0.381680675 0.848735759375 0.245711865625 0.764766075 0.2236958609375
1 0.5116685140625 0.1583903921875 0.5114944109375 0.2894452421875 0.5960796546875 0.3093054796875 0.592255925 0.1799837234375 0.5116685140625 0.1583903921875
1 0.42165055156250003 0.136889796875 0.4205452015625 0.2691221078125 0.5082519328124999 0.2905198265625 0.5096844593750001 0.1576989375 0.42165055156250003 0.136889796875
0 0.1620491484375 0.06491823906250001 0.10331976875 0.048579123437499996 0.06365506875 0.196609803125 0.149475909375 0.21899815937499997 0.1620491484375 0.06491823906250001
1 0.1622899015625 0.065866275 0.15057218125 0.222852021875 0.24099695625 0.247884271875 0.2546367328125 0.0923775890625 0.1622899015625 0.065866275
0 0.336566971875 0.1134472046875 0.33049758906250004 0.2742530234375 0.415655946875 0.29637005781250003 0.4198622484375 0.133115521875 0.336566971875 0.1134472046875
0 0.2553192484375 0.0916769421875 0.24183567187500002 0.24909397968749997 0.32990871093749996 0.2705898453125 0.3338170359375 0.114477415625 0.2553192484375 0.0916769421875
1 0.9438270921875 0.40623319999999996 0.860143809375 0.38562752499999997 0.8656076859375 0.55846985 0.9555455390625 0.58328728125 0.9438270921875 0.40623319999999996
1 1 0.42248835625 0.94796694375 0.4062860265625 0.9567389015625001 0.5907935734375 0.9899272937499999 0.6034181000000001 1 0.5658262484375001 1 0.42248835625
1 0.593173490625 0.32033083906250004 0.5113588453125 0.2996423265625 0.5073958015625 0.46623033593749996 0.598411634375 0.4870246890625 0.593173490625 0.32033083906250004
1 0.8540185421875 0.392948871875 0.765934396875 0.36957981875 0.77741610625 0.539150909375 0.8629469328124999 0.5548822906249999 0.8540185421875 0.392948871875
1 0.6779714640625001 0.345927 0.596517721875 0.32303530625 0.5983004578125 0.4855575890625 0.6866213390625 0.5164096328125 0.6779714640625001 0.345927
1 0.6812585546875 0.3491899046875 0.6886946140625 0.5176838187499999 0.7752368953125 0.5401541 0.7626524609375 0.3693358578125 0.6812585546875 0.3491899046875
1 0.417734590625 0.4493922203125 0.50573034375 0.4679400359375 0.5077576781250001 0.29816239375000003 0.4234844953125 0.277737421875 0.421392775 0.30139870156250004 0.417734590625 0.4493922203125
0 0.1518457671875 0.2276546921875 0.063188228125 0.200182278125 0.0453402625 0.3499438265625 0.137878871875 0.37234538906250003 0.1518457671875 0.2276546921875
0 0.3303073515625 0.2764862453125 0.242508228125 0.25174255156249997 0.233038690625 0.39918445 0.3253929828125 0.42249340156250004 0.3303073515625 0.2764862453125
0 0.24158334531249998 0.2505027640625 0.15376476875 0.2263668015625 0.1404075640625 0.3754170328125 0.2311236890625 0.402118428125 0.24158334531249998 0.2505027640625
0 0.41593515468750003 0.3008674515625 0.3315977953125 0.2784876640625 0.32594813437500003 0.4219235015625 0.41457985468749997 0.44710960625 0.41593515468750003 0.3008674515625
1 0.8201420328125 0.6785549453125 0.8183333312500001 0.8872736 0.9075003390624999 0.9094445359375 0.896066353125 0.7026947125 0.8201420328125 0.6785549453125
1 0.127331128125 0.4956801125 0.0326138375 0.46661969374999995 0.0081228953125 0.67316209375 0.10916371250000001 0.701383428125 0.127331128125 0.4956801125
1 0.7370446015625001 0.6558302031250001 0.7310014734375 0.86788944375 0.8161020125 0.8872494812499999 0.8154087125 0.678787509375 0.7370446015625001 0.6558302031250001
1 0.23181813281250002 0.5241260140625 0.21570147031250003 0.7310776609375 0.3147872296875 0.758201371875 0.3264382671875 0.544440603125 0.23181813281250002 0.5241260140625
0 0 0.668938246875 0.0076525109375 0.6705739625 0.0295543296875 0.46732315 0 0.46018619374999997 0 0.668938246875
1 0.6216150781249999 0.628112934375 0.6184802484375 0.8384281453125 0.710527484375 0.8642396531250001 0.7111251515625 0.650959721875 0.6216150781249999 0.628112934375
1 0.32815806406250003 0.5512128203125 0.315660778125 0.756140384375 0.4130654515625 0.7799448328125 0.42038745312500003 0.5799419546875 0.32815806406250003 0.5512128203125
0 0.131684209375 0.49591864531249996 0.111642053125 0.7043425515624999 0.2146121265625 0.731359534375 0.22773479062500002 0.5288945953125 0.131684209375 0.49591864531249996
1 0.5166326140625 0.604571515625 0.5178281124999999 0.81432730625 0.61717494375 0.8380783890625001 0.6188541187500001 0.627957065625 0.5166326140625 0.604571515625
0 0.416077575 0.75665385625 0.41557974218749993 0.7788972453125 0.5147300218749999 0.81177588125 0.513824259375 0.60383074375 0.42311925625 0.580432396875 0.416077575 0.75665385625
1 0.88366349375 1 0.908542425 0.9071505671875 0.8159766328125 0.8886627296875 0.8180873671875 1 0.88366349375 1
1 0.33743460625 0 0.337126365625 0.0071364546875 0.4172750640625 0.0309534125 0.417850240625 0 0.33743460625 0
1 0.418229425 0 0.41762242031249996 0.0305782484375 0.50006895 0.0526697296875 0.50150356875 0 0.418229425 0
1 0.716743246875 1 0.7118428671875 0.8667929078125001 0.6192619234375 0.8414001578124999 0.6198817703125 1 0.716743246875 1
1 0.6175399546875 1 0.6157578515625 0.8410470046875 0.5184522234375 0.82051613125 0.51845041875 1 0.6175399546875 1
1 0.8163720640625 1 0.8125534515625 0.8869671859375 0.71833864375 0.8659050703125001 0.720765375 1 0.8163720640625 1
1 0.515389415625 1 0.5137362343749999 0.8179672953124999 0.42072184999999995 0.7895632484374999 0.41224890625 0.99412525625 0.43417374999999997 1 0.515389415625 1
1 0 0.8836634953125 0.091885571875 0.9082841593750001 0.10495670937499998 0.7041782515625 0.010073806250000001 0.67816869375 0 0.76712341875 0 0.8836634953125
1 0.1079590015625 0.7071204437499999 0.0954224765625 0.9092318703125001 0.1995238015625 0.9371257359375 0.20906795625000002 0.7337775343749999 0.1079590015625 0.7071204437499999
1 0.2107950796875 0.7346752875 0.200528884375 0.937395046875 0.30664735 0.965829403125 0.313214703125 0.7642377125 0.2107950796875 0.7346752875
1 0.31630761406249996 0.7636281578124999 0.306572978125 0.9658094765625 0.41035699687499994 0.9936183203125 0.416278409375 0.7884480296875 0.31630761406249996 0.7636281578124999
1 0.8174522062499999 0.144615171875 0.81554704375 0.0669124859375 0.7398074796875 0.046618129687499996 0.739798375 0.12523040624999998 0.8174522062499999 0.144615171875
1 0.5020985671875 0 0.5001266953125 0.0522169703125 0.5784241890625 0.0719240625 0.5771606046875 0.00303703125 0.56582625 0 0.5020985671875 0
1 0.896268903125 0.16857907656249999 0.886476378125 0.08591794375 0.8169246953125 0.0672816265625 0.8177555609375 0.1460530796875 0.896268903125 0.16857907656249999
1 0.7386515046875 0.12207806875 0.7364798203125 0.0457264875 0.65744756875 0.024549859375 0.6592853671875 0.09867820000000001 0.7386515046875 0.12207806875
1 0.658328784375 0.0978847375 0.6550584703125 0.0239097015625 0.578258896875 0.0033313171874999998 0.5792757390625 0.073893125 0.658328784375 0.0978847375
1 1 0.11633650625 0.964663509375 0.10686812187500001 0.9762346125000001 0.1914283390625 1 0.19779625625 1 0.11633650625
1 0.9741650734375 0.190873809375 0.9613567249999999 0.105982071875 0.8890131562500001 0.0865976703125 0.8948629234375 0.17318115625 0.9741650734375 0.190873809375