1 1 0.3603776984375 0.96289068125 0.347613021875 0.9613361578124999 0.470869528125 1 0.484498396875 1 0.3603776984375
1 0.88568074375 0.32544984375 0.888177803125 0.45169524218749996 0.9575312125 0.472754075 0.9544359531250001 0.3463344109375 0.88568074375 0.32544984375
0 0.7092836124999999 0.2743166375 0.63654796875 0.2485222953125 0.6317744328125 0.24697127812500003 0.6288174203125 0.37247497812499997 0.7073815625 0.3952549796875 0.7092836124999999 0.2743166375
1 0.7146889453124999 0.2743526453125 0.7124216234375 0.39471810625 0.7910935343750001 0.4261819921875 0.7916781203125 0.299482521875 0.7146889453124999 0.2743526453125
1 0.79605910625 0.299591153125 0.794326275 0.43036200156250004 0.8761257796875 0.45644845156249997 0.8760135703125 0.32509620625 0.79605910625 0.299591153125
1 0.5550114265625 0.22373053125000003 0.5483015625000001 0.3499743125 0.6289578140625001 0.3734340828125 0.6317221796875 0.24865536562499999 0.5550114265625 0.22373053125000003
1 0.46919301406249997 0.198412584375 0.4615254703125 0.3257430390625 0.54511805625 0.350843640625 0.5531307937500001 0.22296291250000003 0.46919301406249997 0.198412584375
0 0.22220011562500003 0.1157974078125 0.1402814671875 0.088314940625 0.1180185859375 0.23679404375000002 0.2023724046875 0.2635882421875 0.22220011562500003 0.1157974078125
0 0.22238518749999997 0.1167230203125 0.20323823281250003 0.267356975 0.2892730390625 0.2960979828125 0.3102014671875 0.14698722656250002 0.22238518749999997 0.1167230203125
0 0.3882345546875 0.17147623125 0.3743490875 0.32607924062500004 0.455445896875 0.35174243125000004 0.46765521718749997 0.19468512031250002 0.3882345546875 0.17147623125
0 0.310895253125 0.1463471703125 0.2900222421875 0.2973062703125 0.3739635140625 0.32252016562499997 0.385528696875 0.17232800937499998 0.310895253125 0.1463471703125
1 0.9597897156249999 0.4846003890625 0.880041309375 0.4604686390625 0.8766877328125 0.6272571359375 0.96226325 0.6557662859375 0.9597897156249999 0.4846003890625
1 1 0.4982531984375 0.9637831546875001 0.48486306875 0.9630404796875001 0.6630585796874999 0.9715324796875 0.6668062375 1 0.57919221875 1 0.4982531984375
1 0.6256022328124999 0.3839067703125 0.5476617015625 0.3597908171875 0.5355207937500001 0.5200719 0.622337671875 0.544760534375 0.6256022328124999 0.3839067703125
1 0.87376331875 0.46720835625 0.789904828125 0.4401893453125 0.792523375 0.6041343343750001 0.874298465625 0.6236649125 0.87376331875 0.46720835625
1 0.70617750625 0.41290316718750003 0.628695321875 0.38668322499999996 0.6223035890624999 0.54334150625 0.706017065625 0.5775814234375 0.70617750625 0.41290316718750003
1 0.7091875640625 0.416214675 0.7079547328125 0.5789149859375 0.790369771875 0.6049892781249999 0.78674905 0.43978642343749996 0.7091875640625 0.416214675
1 0.4498140078125 0.49926383750000003 0.533827834375 0.52163375 0.5442594749999999 0.35818088124999997 0.46393263593749995 0.3341930375 0.4607324734375 0.3568803015625 0.4498140078125 0.49926383750000003
1 0.1191413 0.23362955 0.06688059843750001 0.21497046250000001 0.0195200015625 0.3607313921875 0.0917448890625 0.383247665625 0.1191413 0.23362955
0 0.2042278546875 0.27204881875 0.12002071249999999 0.24104747031249998 0.09531702343750001 0.38440832187499996 0.18352356718750001 0.4107231765625 0.2042278546875 0.27204881875
1 0.3740539796875 0.3282209 0.290539234375 0.2998922 0.2740387796875 0.441447028125 0.3620221125 0.46862659375 0.3740539796875 0.3282209
0 0.28970835781250004 0.298650525 0.206144496875 0.2709062921875 0.1858111125 0.413811634375 0.27204383125 0.44417552968749996 0.28970835781250004 0.298650525
1 0.4554909125 0.356089315625 0.3751997046875 0.33021500000000004 0.3625864328125 0.4681059765625 0.4468827765625 0.49690347187499995 0.4554909125 0.356089315625
1 0.899324478125 0.8890396171875 0.8988893640625 0.767755475 0.8268068640624999 0.7406160703125 0.814642459375 0.94159424375 0.8761513937500001 0.9603590390625 0.899324478125 0.8890396171875
1 0.1671856984375 0.5289990140625 0.0772085296875 0.496157840625 0.0432582671875 0.6938791156249999 0.13938123593750001 0.7262354515625 0.1671856984375 0.5289990140625
1 0.7477297375 0.7144728734375 0.7313112203125 0.9184526 0.8124898390625 0.9414568593749999 0.8222263203125 0.740597959375 0.7477297375 0.7144728734375
1 0.2666239578125 0.5617479921874999 0.2407367140625 0.7602919328125 0.33502730937499997 0.7914908484375001 0.356943909375 0.5861588328125 0.2666239578125 0.5617479921874999
0 0 0.679799728125 0.042933409374999995 0.691361753125 0.07422016406250001 0.49667900156250006 0 0.4745818234375 0 0.679799728125
1 0.6376926234375 0.6818660265625 0.6241684546874999 0.8843144109375001 0.7117304765625 0.9138891265625 0.7229535859375 0.7084548578125001 0.6376926234375 0.6818660265625
1 0.433638815625 0.7928375796875 0.4320479578125 0.81424045 0.52611356875 0.85098671875 0.53561916875 0.6506148484375001 0.44923230781249995 0.6234335359375 0.433638815625 0.7928375796875
1 0.3582659328125 0.5927708843749999 0.3359733984375 0.78955006875 0.4288069796875 0.8174653468749999 0.44585814375000005 0.6251656359375 0.3582659328125 0.5927708843749999
0 0.17137569218749998 0.52945150625 0.14162579375 0.729212934375 0.23967112968749998 0.7605077484375 0.2624444 0.56613294375 0.17137569218749998 0.52945150625
0 0.5375312984375 0.653816471875 0.5282149890625 0.8559474687499999 0.622925940625 0.8839106937500001 0.6350353328125 0.6815746218750001 0.5375312984375 0.653816471875
1 0.2370311734375 0 0.2351003765625 0.01419816875 0.3147909765625 0.0392122984375 0.3193968671875 0 0.2370311734375 0
1 0.8632712640625 1 0.8765315499999999 0.9591890359375 0.81229826875 0.9428119078125 0.8104232703124999 1 0.8632712640625 1
0 0.32004771718749997 0 0.3150122703125 0.0406465 0.3938483078125 0.0690139125 0.3996746625 0 0.32004771718749997 0
1 0.4006662515625 0 0.3940811875 0.0690895796875 0.47025746718750006 0.0961341171875 0.477035275 0 0.4006662515625 0
1 0.47748743437499996 0 0.4706114859375 0.0957904703125 0.5490919265625 0.1212903125 0.557310525 0.01754875625 0.51415430625 0 0.47748743437499996 0
1 0.711625209375 1 0.7128727265625 0.9164161156249999 0.6247746281250001 0.8872175125 0.6193735593749999 1 0.711625209375 1
1 0.6168146609375 1 0.62140988125 0.8866980359375001 0.5285084999999999 0.8619414484375 0.521353575 1 0.6168146609375 1
1 0.8080206390625 1 0.809078609375 0.9410033671875 0.7191872218750001 0.915893125 0.7163570421875 1 0.8080206390625 1
1 0.5180740078125 1 0.524083525 0.8592447453125001 0.4357173515625 0.8271230125000001 0.4195864828125 0.9996031765625 0.4208077796875 1 0.5180740078125 1
1 0.044891510937500004 0.698802065625 0.016643275 0.8686789921875 0.11516614843749999 0.9006910140625 0.13518083281249998 0.728712640625 0.044891510937500004 0.698802065625
1 0.13793199218750002 0.7317006171875 0.11848583125 0.90176964375 0.2172247921875 0.9338518765625 0.2341988109375 0.762553515625 0.13793199218750002 0.7317006171875
1 0.23582113906250002 0.7635067296875 0.21826888125 0.9341911218750001 0.3188552265625 0.9668736078125001 0.333208084375 0.7972255546875 0.23582113906250002 0.7635067296875
1 0.3362240046875 0.796796565625 0.3191529671875 0.9669703500000001 0.41748750156250003 0.9989211765625001 0.4314839015625 0.8258213375000001 0.3362240046875 0.796796565625
1 0 0.8632712640625 0.0130716171875 0.867518490625 0.0428711109375 0.69871939375 0 0.6859786609375 0 0.8632712640625
1 0.783051815625 0.0844877484375 0.7768735906249999 0.20345639843750002 0.8508628890625 0.2261035140625 0.8541517750000001 0.1052439875 0.783051815625 0.0844877484375
1 0.549170265625 0.1208570953125 0.6237647843749999 0.143847659375 0.6271793156250001 0.04162651875 0.5584184624999999 0.017908746875 0.549170265625 0.1208570953125
1 0.8560695046875001 0.10656382812500001 0.8510839328124999 0.227504253125 0.9257460937499999 0.253221471875 0.91751025 0.129314065625 0.8560695046875001 0.10656382812500001
1 0.70338913125 0.065847321875 0.7004821859375 0.1737582 0.7759239046874999 0.200360896875 0.778580140625 0.0862631359375 0.70338913125 0.065847321875
1 0.7004016046875 0.065876553125 0.6284089359375 0.040815000000000004 0.6244884703125 0.145788134375 0.69959843125 0.172944875 0.7004016046875 0.065876553125
1 0.9241592234375 0.2575829921875 0.9998240624999999 0.278684325 0.9901746484375 0.18079345156249998 0.98698948125 0.15328270156249998 0.92219765625 0.13362402499999998 0.9241592234375 0.2575829921875