1 0.8678943468749999 0.2019400015625 0.9070236812499999 0.313665325 0.9797602875000001 0.312922978125 0.9371865203124999 0.20070687656250003 0.8678943468749999 0.2019400015625
1 0.790832571875 0.207302834375 0.8346061734375001 0.32039424375 0.9042049765625 0.316615546875 0.8598334812499999 0.20356338593749998 0.790832571875 0.207302834375
1 0.6146100765625 0.2191054140625 0.54039749375 0.2197221875 0.53557366875 0.219890640625 0.5741746125 0.33410428125 0.65266300625 0.3288532 0.6146100765625 0.2191054140625
1 0.61950661875 0.2173624421875 0.6570410609375 0.3267132953125 0.738482625 0.3292623109375 0.6973445234375 0.2147489828125 0.61950661875 0.2173624421875
1 0.7013392640625 0.2134080015625 0.74277863125 0.33197210625 0.825278121875 0.328641740625 0.7819802265625 0.21015907031249997 0.7013392640625 0.2134080015625
1 0.45856140781250004 0.2241343796875 0.49401434999999994 0.34024847812500003 0.57461689375 0.33492357031250003 0.536080278125 0.2214273609375 0.45856140781250004 0.2241343796875
1 0.372682834375 0.2294782359375 0.407627703125 0.34688740625 0.49142336249999996 0.34207854531250004 0.45660947500000004 0.2240594765625 0.372682834375 0.2294782359375
0 0.12231109062500001 0.2360627515625 0.039244837500000004 0.238172621875 0.0679551140625 0.3794583359375 0.15299564062499998 0.3759275703125 0.12231109062500001 0.2360627515625
1 0.1227827328125 0.23683714843749998 0.155017459375 0.379043715625 0.24221729218750002 0.3767174203125 0.21209336875 0.2353000859375 0.1227827328125 0.23683714843749998
0 0.29066388125 0.2317654765625 0.3289585796875 0.37582512343749996 0.4106838640625 0.37234366093750004 0.370067340625 0.22662004531250002 0.29066388125 0.2317654765625
0 0.21250984218750002 0.2344946765625 0.243291690625 0.377561575 0.3274397078125 0.37274040625 0.28849876406249997 0.23342281874999998 0.21250984218750002 0.2344946765625
1 0.9101417203125 0.3265626734375 0.8301385921875 0.33098305625 0.881958084375 0.48257835 0.9686666171875 0.48019370781250004 0.9101417203125 0.3265626734375
1 0.971767128125 0.486518275 0.9998993 0.48838880937500007 0.9942247406250001 0.325890659375 0.9138369031250001 0.3254879859375 0.971767128125 0.486518275
1 0.5750285640625 0.345475296875 0.4966643765625 0.3493161109375 0.538402890625 0.49792607499999997 0.624976803125 0.49168642656249995 0.5750285640625 0.345475296875
1 0.8266817109375 0.339126421875 0.7420148703125 0.34229163749999997 0.79829614375 0.48935959531249995 0.8786176093750001 0.480121865625 0.8266817109375 0.339126421875
1 0.6573787062500001 0.345172703125 0.5787367984375 0.34696453125 0.624479340625 0.490417228125 0.711389803125 0.49381509062499995 0.6573787062500001 0.345172703125
1 0.6611878609375 0.3471719890625 0.7135793921875 0.4943819125 0.7966311296875 0.4908383984375 0.7390305500000001 0.3429646421875 0.6611878609375 0.3471719890625
1 0.4541083140625 0.5073025484375 0.537386625 0.49989141562499995 0.493060403125 0.3489809734375 0.41258188125000006 0.353721196875 0.417150884375 0.3752431234375 0.4541083140625 0.5073025484375
1 0 0.5037358453125 0.0027696359375 0.5244344437499999 0.09237478906249999 0.520233859375 0.0679290140625 0.37623423125 0 0.3766538484375 0 0.5037358453125
0 0.15745472031250002 0.382952125 0.0711631796875 0.382638584375 0.09598455624999999 0.5201078031249999 0.18434908125 0.5148790453125 0.15745472031250002 0.382952125
0 0.329396203125 0.3778544828125 0.24460929375 0.3797250546875 0.2762498515625 0.51287021875 0.3646970359375 0.50849500625 0.329396203125 0.3778544828125
0 0.24345010937499997 0.3788776015625 0.1588110234375 0.381291671875 0.1874319625 0.5169143890625 0.27534435 0.5159874234374999 0.24345010937499997 0.3788776015625
1 0.412154059375 0.37625108281249997 0.331087353125 0.37927743281250004 0.3650357921875 0.50783989375 0.45068318281249997 0.5061355890625 0.412154059375 0.37625108281249997
1 1 0.7425425999999999 0.948225565625 0.6020579749999999 0.8741608765625 0.6012465625 0.9292618031250001 0.7865853515625 1 0.782837440625 1 0.7425425999999999
1 0.2084810375 0.6269661015625 0.11637018437499999 0.6268877328125 0.15071257031250002 0.816443696875 0.2482178234375 0.8140659171875001 0.2084810375 0.6269661015625
1 0.7941028890624999 0.6036315171875 0.846346540625 0.79307594375 0.9272713390625 0.78716845 0.8700155703125001 0.60273476875 0.7941028890624999 0.6036315171875
1 0.3091113828125 0.62385365 0.351010709375 0.8115034906249999 0.446479453125 0.8086832359375 0.3987596046875 0.6162127125 0.3091113828125 0.62385365
0 0.02041085625 0.6339202953124999 0.0512626828125 0.8227491265625 0.1495911421875 0.814278978125 0.11384104218749999 0.6283395515625 0.02041085625 0.6339202953124999
1 0.68394129375 0.6103535671875 0.7382969187499999 0.7974655671875001 0.827151040625 0.7953898921875 0.7697340546875 0.606339534375 0.68394129375 0.6103535671875
1 0.4021287296875 0.621744546875 0.44669617187500005 0.8066213093749999 0.53976838125 0.801316796875 0.4919375296875 0.6222034812499999 0.4021287296875 0.621744546875
0 0.21241626406249997 0.6259981203125 0.2512253640625 0.8160152500000001 0.35011873437499996 0.8120482265625 0.3067764296875 0.629183040625 0.21241626406249997 0.6259981203125
1 0.5842029796875 0.617943825 0.6422567921875 0.8033873125 0.737041315625 0.7975094140625 0.68144411875 0.6109634578125 0.5842029796875 0.617943825
0 0.5361183421875 0.7798734875 0.541719259375 0.7997079015625 0.6388089906250001 0.801966940625 0.5815047437499999 0.6180485453125 0.4944996875 0.6218977984375 0.5361183421875 0.7798734875
1 0.0783129375 0.0397329171875 0.00116288125 0.0427241296875 0.0195973859375 0.142577771875 0.0998384546875 0.138972546875 0.0783129375 0.0397329171875
1 0.1572291671875 0.036977101562499996 0.07870716250000001 0.0396950765625 0.100556896875 0.1401521734375 0.18079796406249998 0.13654695156250002 0.1572291671875 0.036977101562499996
1 1 0.7812335390625 0.9275438406250001 0.7884540359375001 0.9885557625000001 0.9746253296875 1 0.9744520015625 1 0.7812335390625
0 0.23419111875 0.034917259374999995 0.1581302875 0.036302271875 0.181469596875 0.13776835 0.2620411734375 0.1374694984375 0.23419111875 0.034917259374999995
1 0.310762034375 0.034758115625 0.23553495156249998 0.0346048078125 0.2622765046875 0.1374612796875 0.34000946875000004 0.13684243125 0.310762034375 0.034758115625
1 0.3928341328125 0.037340768749999996 0.31110390312499997 0.0343122015625 0.3402163796875 0.13641607656250002 0.419523578125 0.13364660781249998 0.3928341328125 0.037340768749999996
1 0.8290142953125 0.7972948125 0.7397994203125 0.7998859359375 0.79648128125 0.9820948109375 0.8923574296875 0.9795088312500001 0.8290142953125 0.7972948125
1 0.7365879265624999 0.8005224125 0.6444932125 0.808699290625 0.69942775625 0.9877702671874999 0.7947962625 0.9829157421874999 0.7365879265624999 0.8005224125
1 0.8345486 0.7947488265625 0.897184553125 0.9864347812500001 0.991263075 0.9831494875000001 0.9240395390625 0.7878797296875 0.8345486 0.7947488265625
1 0.63960760625 0.80771949375 0.549189178125 0.807761121875 0.597660796875 0.9928482296875 0.6978691046875001 0.991635153125 0.63960760625 0.80771949375
1 0.28859844375 1 0.24523664531249997 0.817680778125 0.1538074640625 0.8203492265625 0.1873355984375 1 0.28859844375 1
1 0.39302765 1 0.345846271875 0.8156915937500001 0.24870544374999998 0.8194731796875001 0.29202496093749997 1 0.39302765 1
1 0.497073840625 1 0.44672136875 0.8144552296875001 0.34762581406250004 0.816018803125 0.3939965328125 1 0.497073840625 1
1 0.5087275171875 1 0.5969662578125 0.9969186359375 0.5449354171875 0.8079771578124999 0.44930572343749997 0.8130775281249999 0.49691445625 1 0.5087275171875 1
1 0.1835280125 1 0.1519544765625 0.8209382625 0.052255096875 0.826942840625 0.07834385 1 0.1835280125 1
1 0.618845921875 0.0235919859375 0.652386796875 0.1329670859375 0.7266972890625001 0.1290987765625 0.6899235375 0.018966578125 0.618845921875 0.0235919859375
1 0.41945190468750004 0.13322998125000002 0.49442226875 0.129472775 0.46389147968750005 0.036116778125 0.393953740625 0.037301671875 0.41945190468750004 0.13322998125000002
1 0.692090596875 0.019527568749999998 0.7273576890625 0.1302900625 0.80328586875 0.12897090312499998 0.75509510625 0.0198740625 0.692090596875 0.019527568749999998
1 0.5407261343750001 0.03293905 0.5735867484375 0.1312621890625 0.6505105984374999 0.1304859453125 0.615388803125 0.0266627109375 0.5407261343750001 0.03293905
1 0.538035975 0.033946721875 0.4647357890625 0.03498065625 0.49571439687499996 0.130985965625 0.5725206453125 0.1308186046875 0.538035975 0.033946721875
1 0.829873165625 0.018131881250000002 0.880593209375 0.1275446015625 0.952803259375 0.125022971875 0.9029361484375 0.0191679953125 0.829873165625 0.018131881250000002
1 0.8032861734375001 0.1334275484375 0.8786024734375 0.1276141203125 0.8376900890625001 0.04245638125 0.8257645296874999 0.0186795625 0.7607484015625 0.0222233046875 0.8032861734375001 0.1334275484375
1 0.9531163250000001 0.1237387078125 0.9871938015625 0.12455093749999999 0.9833922953125 0.0156900453125 0.9061008218750001 0.0181432515625 0.9531163250000001 0.1237387078125