1 1 0.377668565625 0.9466932984374999 0.360365296875 0.947233478125 0.482173278125 1 0.499746221875 1 0.377668565625
1 0.8701246734374999 0.3398297140625 0.8747135109374999 0.46451931718750006 0.9435102343749999 0.4841023890625 0.9383281203125 0.3592511609375 0.8701246734374999 0.3398297140625
1 0.6951843265625001 0.29242095 0.6229701109375 0.2682187453125 0.61823318125 0.26677052031250004 0.6174271171875 0.39082353125 0.695342534375 0.4119446578125 0.6951843265625001 0.29242095
1 0.7005192578125 0.2923611609375 0.70030735 0.41132529375000004 0.7784752640625 0.4410244171875 0.7769199453125 0.31583181250000003 0.7005192578125 0.2923611609375
1 0.78124520625 0.31586185 0.78173588125 0.4450973359375 0.86289980625 0.4694282375 0.86057854375 0.3396508671875 0.78124520625 0.31586185
1 0.5420874828125 0.2451623890625 0.5375903203125 0.3700128296875 0.61758180625 0.3917686734375 0.6182099546875001 0.268435365625 0.5420874828125 0.2451623890625
1 0.45697037968750004 0.2216616921875 0.45154640781250005 0.347602690625 0.534463265625 0.37092791406250003 0.5402186375 0.24443714062500002 0.45697037968750004 0.2216616921875
0 0.2118318640625 0.14439344999999998 0.13052686875 0.11868535 0.11105520625000001 0.265779253125 0.1947518 0.2907643609375 0.2118318640625 0.14439344999999998
1 0.2120300828125 0.1453047140625 0.195669678125 0.2944726890625 0.2810579375 0.321351640625 0.29920204687499996 0.173657190625 0.2120300828125 0.1453047140625
0 0.37662214843749997 0.196476228125 0.36552090625 0.3494729015625 0.44598424375 0.3733980109375 0.45539005625 0.21800599375 0.37662214843749997 0.196476228125
0 0.29987594687499997 0.17301255937499999 0.2818176328125 0.3225322390625 0.365080503125 0.345963246875 0.3739661734375 0.1973655453125 0.29987594687499997 0.17301255937499999
1 0.945938428125 0.49576700156250003 0.8668315546875001 0.47333120624999997 0.866328915625 0.6381816406249999 0.95126001875 0.6648396109375 0.945938428125 0.49576700156250003
1 1 0.51350033125 0.949883825 0.49595608125 0.952149759375 0.6720308703125 0.9681875218749999 0.678779428125 1 0.5747255 1 0.51350033125
1 0.61444655 0.4021751578125 0.5371240687500001 0.3797230734375 0.527840021875 0.5382990515625 0.6139318828125 0.5611603546875 0.61444655 0.4021751578125
1 0.8607494578124999 0.480100978125 0.777537903125 0.454885009375 0.782881078125 0.616820621875 0.8639105828125 0.6346745859375 0.8607494578124999 0.480100978125
1 0.6944512984375 0.429402759375 0.61754573125 0.40486379531249994 0.6138743671875 0.5597589203125 0.697064334375 0.5921118875 0.6944512984375 0.429402759375
0 0.697477540625 0.43262150625 0.6989989890625 0.5933952953125 0.78077015625 0.617703325 0.7744168015625 0.454542590625 0.697477540625 0.43262150625
1 0.442908978125 0.519252265625 0.5261955875 0.53987206875 0.533739440625 0.3781924421875 0.45406415468750005 0.355909034375 0.4512878359375 0.3783810859375 0.442908978125 0.519252265625
1 0.11210991562499999 0.26263284374999996 0.055560046875000005 0.24354577187499998 0.011215971875 0.3885887109375 0.08759133125 0.41094268906250003 0.11210991562499999 0.26263284374999996
0 0.19672525624999998 0.299090890625 0.1131026125 0.269946421875 0.091136071875 0.412026425 0.1786267078125 0.436469959375 0.19672525624999998 0.299090890625
0 0.36526571875 0.3515941234375 0.28237135 0.3250780828125 0.2684698875 0.4652289609375 0.3557547984375 0.4905307875 0.36526571875 0.3515941234375
0 0.28153049375 0.3238659359375 0.1985974921875 0.29792823125 0.180936178125 0.43948107187499996 0.266547065625 0.4679599859375 0.28153049375 0.3238659359375
0 0.44610182187499997 0.377692046875 0.36642995 0.35354412968750004 0.35630294375 0.49000645 0.43997653124999997 0.5169718796875 0.44610182187499997 0.377692046875
1 0.8936153234375 0.9226941 0.8906033343749999 0.7766058671875 0.819011040625 0.7510631828125 0.8103887000000001 0.9498493343750001 0.8792872875000001 0.969558990625 0.8936153234375 0.9226941
1 0.1644939328125 0.5536177343750001 0.0751460984375 0.522757271875 0.0449692859375 0.7187098859375001 0.140374025 0.7489828890625 0.1644939328125 0.5536177343750001
1 0.740532778125 0.7266281828125 0.7277627234375 0.9284549999999999 0.8082620468749999 0.949751571875 0.8144903671874999 0.7511261046875 0.740532778125 0.7266281828125
1 0.2631770171875 0.5842201859375 0.2409711453125 0.7808433609375001 0.33454810468749996 0.8100051296874999 0.35272125781249997 0.60674521875 0.2631770171875 0.5842201859375
0 0 0.7050504984375 0.044606332812499996 0.7162284 0.072205759375 0.5233249140625 0 0.503195228125 0 0.7050504984375
1 0.6313924656250001 0.69635315625 0.621452965625 0.8966159015624999 0.7083624093750001 0.9242916328125 0.71598083125 0.721119353125 0.6313924656250001 0.69635315625
1 0.3541371875 0.6132547671874999 0.33544910156249996 0.8080709 0.42753292812500004 0.8340140578125 0.44112388124999996 0.6437162296875 0.3541371875 0.6132547671874999
0 0.16863649687499999 0.5539908828125 0.1426392046875 0.7518851171875001 0.23992319218749997 0.7810753906250001 0.259126159375 0.5886263656249999 0.16863649687499999 0.5539908828125
1 0.5320749015625 0.6704066109375 0.5262826406250001 0.8702815328125 0.62021998125 0.8962389406250001 0.62876518125 0.6961121234375 0.5320749015625 0.6704066109375
0 0.43117456875000004 0.8119256390625 0.42996480000000004 0.8331002859375 0.523413084375 0.8677469484375001 0.5294217531250001 0.6696067515624999 0.44371231250000004 0.644275034375 0.43117456875000004 0.8119256390625
1 0.1463606890625 0 0.1434862296875 0.0190864828125 0.22255090625 0.0423951109375 0.22759959687500003 0 0.1463606890625 0
1 0.228041525 0 0.22285284375 0.043783224999999995 0.3019175203125 0.0670918546875 0.308632028125 0 0.228041525 0
1 0.8699805375 1 0.879754475 0.9680308921874999 0.8080957968750001 0.9510937734375 0.8073276859374999 1 0.8699805375 1
0 0.309453746875 0 0.30216004375 0.068504978125 0.38043781718749997 0.0951418125 0.38683033125 0 0.309453746875 0
1 0.3880987296875 0 0.3806689109375 0.09521246562499999 0.45629960625 0.1205891921875 0.4621181015625 0.011466410937500001 0.42904796406249995 0 0.3880987296875 0
1 0.540886546875 0.0414089984375 0.46259919062500005 0.0111467046875 0.45664319062500003 0.12024341406250001 0.5345217796874999 0.1440532875 0.540886546875 0.0414089984375
1 0.7096877703125 1 0.7095321796875 0.926768209375 0.6221000328125 0.8994735453124999 0.61900646875 1 0.7096877703125 1
1 0.616401784375 1 0.618770746875 0.8990196546875 0.52667316875 0.8761985578125 0.5223773515625 1 0.616401784375 1
1 0.8048435203125001 1 0.8048879984375 0.94936369375 0.7157549234375 0.9261400765625 0.7145312625 1 0.8048435203125001 1
1 0.5190264124999999 1 0.5222609421875 0.8736122171874999 0.4345150484375 0.8434341562500001 0.42263793906249997 0.9991939234375 0.425274496875 1 0.5190264124999999 1
1 0.0466639234375 0.7235450718750001 0.023818928125 0.8772627140625 0.12088204843749999 0.9069378890625 0.1362704890625 0.751504521875 0.0466639234375 0.7235450718750001
1 0.13903579375 0.7544081796875 0.12414707031250001 0.90793610625 0.2219089171875 0.9378249015625 0.2345571890625 0.783193209375 0.13903579375 0.7544081796875
1 0.2361742484375 0.7841063859374999 0.22299917812499997 0.9381582281249999 0.3225491390625 0.9685937046875001 0.33284928593749996 0.8157032624999999 0.2361742484375 0.7841063859374999
1 0.3358183671875 0.8152261984375 0.323073165625 0.968753915625 0.4203701875 0.9985006015625 0.4303153046875 0.8422227578125 0.3358183671875 0.8152261984375
1 0 0.8699805375 0.0204166390625 0.8762225296875 0.044668671874999996 0.7234990359375 0 0.71107001875 0 0.8699805375
1 0.76478881875 0.10356371093750001 0.760693878125 0.2212167578125 0.8340923171875 0.24228730468749998 0.8353040546875 0.1228169984375 0.76478881875 0.10356371093750001
1 0.5345917984375 0.1436238765625 0.6085932859375001 0.16502308125 0.610242684375 0.06396575625 0.5419859859375 0.04174513125 0.5345917984375 0.1436238765625
1 0.8372187999999999 0.1240872015625 0.8343340296875 0.2436673703125 0.9084481578125001 0.2677593828125 0.8982352718750001 0.1454810265625 0.8372187999999999 0.1240872015625
1 0.685858953125 0.0865519703125 0.684806228125 0.19322194374999999 0.759704575 0.2181750796875 0.7604057640625 0.1053967296875 0.685858953125 0.0865519703125
1 0.6829111640625001 0.086633559375 0.61144249375 0.0631422640625 0.6093401234375 0.1669275515625 0.6839203953124999 0.1924339484375 0.6829111640625001 0.086633559375
1 1 0.1790942359375 0.9713751593750001 0.168776975 0.9839363640625001 0.29220805156249996 1 0.2971191984375 1 0.1790942359375
1 0.9069555359375 0.2720966734375 0.9819814875 0.2916103859375 0.9708114328124999 0.1950619609375 0.9672051312500001 0.1679368359375 0.90293363125 0.14965667656249998 0.9069555359375 0.2720966734375