1 1 0.2957670796875 0.9524187859375 0.28479565 0.9637302906249999 0.40825011875 1 0.41690488124999997 1 0.2957670796875
1 0.8730499375 0.2707850734375 0.8887168593749999 0.3968011265625 0.96012960625 0.41053724375 0.9438474875 0.2844100890625 0.8730499375 0.2707850734375
1 0.6916684625 0.23827751406250003 0.6163860390625 0.2201619875 0.6114601625 0.2191149609375 0.6216064921875 0.3449654359375 0.7023912140624999 0.3594499078125 0.6916684625 0.23827751406250003
1 0.6970667734375 0.23774235625 0.7073651937500001 0.3583803109375 0.7891637140625 0.381539653125 0.7765249 0.25474377187499997 0.6970667734375 0.23774235625
1 0.7809084859375 0.2543895 0.7928262265625 0.38537920625 0.8771849171874999 0.40282915468749997 0.8633651406249999 0.2714528546875 0.7809084859375 0.2543895
1 0.5324248984375 0.2039792953125 0.5389030953125 0.3309666109375 0.6218466953124999 0.3459099671875 0.6115837625 0.22080503125 0.5324248984375 0.2039792953125
1 0.4441355171875 0.18772272968749998 0.44977134999999996 0.315898215625 0.5358166625 0.3321725734375 0.530467909375 0.20341018906250002 0.4441355171875 0.18772272968749998
0 0.1890136734375 0.1311843453125 0.104390390625 0.1123505875 0.09766705 0.26322277031249997 0.184648821875 0.2811107515625 0.1890136734375 0.1311843453125
1 0.189294971875 0.13209065625 0.185906221875 0.284789021875 0.27476879374999996 0.3044467171875 0.280094421875 0.153083715625 0.189294971875 0.13209065625
0 0.3605275 0.169333775 0.362803946875 0.3254463109375 0.446417175 0.34254713593749997 0.44221179375 0.18415674375 0.3605275 0.169333775
0 0.280720028125 0.15237017343749998 0.275642596875 0.3055761671875 0.362047721875 0.321927003125 0.35791593125 0.1704717109375 0.280720028125 0.15237017343749998
1 0.963619871875 0.42214814375 0.8815121796875 0.40643669375 0.895571175 0.57362515625 0.983951178125 0.5930994625 0.963619871875 0.42214814375
1 1 0.43023704531250007 0.9676327578125001 0.42198891562499996 0.985487871875 0.600311621875 0.9895694 0.601624234375 1 0.55255211875 1 0.43023704531250007
1 0.6195907265625 0.35674009687499997 0.5392889515625 0.3408534125 0.5438990375 0.5024612281249999 0.6331192171875 0.5179828015625 0.6195907265625 0.35674009687499997
1 0.8759500609374999 0.41384163906250004 0.789439171875 0.3956764453125 0.80916163125 0.559389559375 0.89281179375 0.5702844218750001 0.8759500609374999 0.41384163906250004
1 0.7030313078125 0.3772301515625 0.6229673953125 0.3591904703125 0.632937115625 0.5165669859375 0.720056846875 0.541970384375 0.7030313078125 0.3772301515625
1 0.706380946875 0.3802244953125 0.72212981875 0.5430995609375 0.807101546875 0.56047230625 0.786247640625 0.39560688125 0.706380946875 0.3802244953125
1 0.4561917078125 0.4907039875 0.5423724484375 0.5042023984374999 0.5357255000000001 0.3396025453125 0.45305554687500005 0.3240961625 0.45222938749999997 0.34712778593750004 0.4561917078125 0.4907039875
1 0.09845728125 0.2599387765625 0.0427333375 0.2464033375 0.0106645265625 0.3972752296875 0.08672951718750001 0.4124927359375 0.09845728125 0.2599387765625
0 0.1873835046875 0.2893775765625 0.10010906718749998 0.26726579687499996 0.090415653125 0.41327624687500003 0.1811924359375 0.43027764218750003 0.1873835046875 0.2893775765625
1 0.36273293125 0.3276197390625 0.276428421875 0.3081081734375 0.27473340468749996 0.4514452828125 0.3653776640625 0.46933520937499995 0.36273293125 0.3276197390625
0 0.2754696234375 0.3069539578125 0.18917709062500002 0.28803220937499996 0.18379772656249999 0.43312522031249995 0.2730271796875 0.45438533281250004 0.2754696234375 0.3069539578125
1 0.4469157375 0.3468904515625 0.3640844734375 0.329493315625 0.365886528125 0.46875481875 0.45302 0.48865271562499996 0.4469157375 0.3468904515625
1 0.9437604421874999 0.8171384343750001 0.9323907890625 0.7118158953125 0.8576198312500001 0.6922859234375001 0.866453578125 0.8946044390625 0.9248885343750001 0.9059237796874999 0.9437604421874999 0.8171384343750001
1 0.177230309375 0.5503122125 0.08400535 0.5269698171874999 0.0707568078125 0.728332621875 0.170064709375 0.75054063125 0.177230309375 0.5503122125
1 0.77597216875 0.6744915406249999 0.7808735265625 0.88026195625 0.8642909140624999 0.8946944796875 0.8530465375 0.6927518265625 0.77597216875 0.6744915406249999
1 0.2798878640625 0.57256265 0.2747721078125 0.7738963390625 0.3721305046875 0.7951402359374999 0.3725751390625 0.5874361875 0.2798878640625 0.57256265
0 0 0.71465393125 0.0701698890625 0.7258489 0.0810773328125 0.527806896875 0 0.5126690375 0 0.71465393125
1 0.6627517328125 0.653503240625 0.67038185625 0.8574360546875001 0.7608556 0.8777663062500001 0.7506174078125001 0.6710899390625 0.6627517328125 0.653503240625
1 0.374584553125 0.5939103484375 0.37287216875 0.7930989546875 0.468433778125 0.8112122749999999 0.4653827234375 0.617058215625 0.374584553125 0.5939103484375
0 0.181459165625 0.550322078125 0.17261551718749998 0.75328175 0.273731171875 0.7742248125 0.2761742515625 0.577390446875 0.181459165625 0.550322078125
1 0.5598629828125 0.63602991875 0.5716594484375 0.83920061875 0.6690996890625 0.857163521875 0.6600693328125 0.6534925484375 0.5598629828125 0.63602991875
0 0.47017030000000004 0.78849265625 0.4708161984375 0.81006948125 0.5685289765625 0.8368860203124999 0.557105003125 0.635454925 0.46805385 0.6173945562500001 0.47017030000000004 0.78849265625
1 0.19215678281249998 0 0.19128540624999998 0.028194178125000004 0.273427490625 0.04479435625 0.27399664218750003 0 0.19215678281249998 0
1 0.904892015625 1 0.925097315625 0.9049415375000001 0.8642411359375 0.8960701421874999 0.8716587265625 1 0.904892015625 1
0 0.274677009375 0 0.2737980140625 0.046205567187500005 0.3554371890625 0.0662502453125 0.35411739375 0 0.274677009375 0
1 0.355071334375 0 0.3556775 0.066301325 0.43452416875 0.08530382187499999 0.43164640624999995 0 0.355071334375 0
1 0.4320845234375 0 0.43484161875 0.084922671875 0.515826646875 0.102136571875 0.5132652249999999 0 0.4320845234375 0
1 0.772959596875 1 0.762259284375 0.8801732859375001 0.6712897859375 0.8602758968750001 0.6791513874999999 1 0.772959596875 1
1 0.6767734078125 1 0.6678775390625 0.8601118265625001 0.5725778984375001 0.8451652218750001 0.5806813609375 1 0.6767734078125 1
1 0.8699324328125 1 0.8608391640624999 0.8946013234375 0.7685066078125 0.8789829078125001 0.77703908125 1 0.8699324328125 1
1 0.5775327859375 1 0.5678803265625 0.8429353624999999 0.4763382328125 0.8201423703125 0.478300784375 1 0.5775327859375 1
1 0.0729005484375 0.7330843375 0.06170968125 0.9180088140624999 0.16396260000000001 0.9397433421875 0.1661312015625 0.7534623500000001 0.0729005484375 0.7330843375
1 0.169188696875 0.7561604328125 0.16741251562499998 0.9404766453125 0.26948552812500004 0.962172934375 0.26848326093749997 0.7768493921874999 0.169188696875 0.7561604328125
1 0.2702018328125 0.7776314375 0.2705178640625 0.9623923640625 0.3745347390625 0.9845018328125 0.3709133765625 0.8010687453124999 0.2702018328125 0.7776314375
1 0.47621619062500004 1 0.47197738281249996 0.8192876828125 0.3738785109375 0.80032095 0.3746518359375 0.9845267218749999 0.44744788281250003 1 0.47621619062500004 1
1 0 0.904892015625 0.05790592343749999 0.9172003 0.07087555 0.7332151359375 0 0.72001836875 0 0.904892015625
1 0.8279338515625 0.175090734375 0.8188146640625 0.0565958515625 0.7455006156249999 0.041012468749999996 0.7517287125000001 0.1602557671875 0.8279338515625 0.175090734375
1 0.5143786734375 0 0.51585961875 0.10169495937499999 0.5927046109375 0.1168095140625 0.585444634375 0.0141996171875 0.5241035125 0 0.5143786734375 0
1 0.820783796875 0.057014403125 0.8283006328125 0.1764684984375 0.905497684375 0.19430330625 0.8843474140625001 0.0712322953125 0.8678270859375001 0.06701376406250001 0.820783796875 0.057014403125
1 0.6640300906250001 0.0303740640625 0.672390415625 0.1386216171875 0.750457878125 0.1572597734375 0.7412016859375 0.042850134375 0.6640300906250001 0.0303740640625
1 0.6610515734375 0.030718990624999998 0.586587115625 0.013257946875000001 0.5936293609375001 0.1186740484375 0.6714235453125 0.13790145468749998 0.6610515734375 0.030718990624999998
1 1 0.09880402499999999 0.9604873375 0.08834662343750001 0.9841180156249999 0.2123775078125 1 0.215753328125 1 0.09880402499999999
1 0.90436914375 0.1988337015625 0.9820851625 0.21194541249999999 0.9622392015625 0.11504741562500001 0.9561893953125 0.087865715625 0.8894752546875001 0.075048121875 0.90436914375 0.1988337015625