1 1 0.27979944375 0.9402723328124999 0.2692839890625 0.9584444234375 0.39496691875 1 0.4026101140625 1 0.27979944375
1 0.858367678125 0.2592128125 0.8811302703124999 0.3872823296875 0.9548850921875 0.397499896875 0.931487515625 0.2693497546875 0.858367678125 0.2592128125
1 0.6711649515625 0.23569671718750002 0.5932190265624999 0.221206903125 0.5881262703125001 0.220400290625 0.6052351765624999 0.3485968203125 0.6886129249999999 0.35907676093749996 0.6711649515625 0.23569671718750002
1 0.6766561078125 0.2348594390625 0.69364160625 0.3577155484375 0.7785201578125001 0.37701519375000003 0.758812090625 0.2479853609375 0.6766561078125 0.2348594390625
1 0.763275365625 0.2473876015625 0.7824705453125 0.38074630468750004 0.8696613718749999 0.39406795781250004 0.8485006687500001 0.2604158984375 0.763275365625 0.2473876015625
1 0.5065025046875 0.209160271875 0.5199215609375 0.3387166921875 0.6055313265625 0.3495501515625 0.5883430890625 0.22212254687500002 0.5065025046875 0.209160271875
1 0.4153563875 0.197270446875 0.427977703125 0.32808755624999997 0.5168302015624999 0.3401160640625 0.5044710218749999 0.2086831609375 0.4153563875 0.197270446875
0 0.151467965625 0.153130571875 0.06393254375 0.13840753125 0.0651310546875 0.2931062328125 0.1550274296875 0.30673514687500003 0.151467965625 0.153130571875
1 0.151804090625 0.1540426 0.1565099515625 0.3104304015625 0.2484241515625 0.3257687046875 0.2457702109375 0.170642953125 0.151804090625 0.1540426
0 0.32888287968749996 0.18294791562499998 0.33956411875 0.342524153125 0.42597402500000003 0.3555286875 0.4131985578125 0.193725834375 0.32888287968749996 0.18294791562499998
0 0.246371715625 0.16987943125 0.24937805625 0.32687718593750004 0.338602559375 0.33896460781250004 0.32627343125 0.1842522046875 0.246371715625 0.16987943125
1 0.9590752015625 0.40919011093749996 0.8742790546875 0.3975260375 0.897600665625 0.567800025 0.9890116234375 0.582976634375 0.9590752015625 0.40919011093749996
0 1 0.4161694953125 0.963169871875 0.408811778125 0.990968821875 0.5902719546874999 0.99189600625 0.5905174578125 1 0.5393508546875 1 0.4161694953125
1 0.6038041078124999 0.360750171875 0.52084514375 0.34880987812500003 0.5342065875 0.5138823328125001 0.6262651203125 0.52497030625 0.6038041078124999 0.360750171875
1 0.8689880046875 0.4053997 0.779558271875 0.391461921875 0.80848483125 0.557876665625 0.8946004265624999 0.5645307015625 0.8689880046875 0.4053997
1 0.6902188421875 0.377231053125 0.607387884375 0.3630755390625 0.6260031578125 0.523531746875 0.7164427515625 0.5448413046875 0.6902188421875 0.377231053125
0 0.6938040875 0.38011433906250003 0.7186227953125 0.5458851234375001 0.8064363234374999 0.5590948859375 0.776291196875 0.3915621078125 0.6938040875 0.38011433906250003
1 0.443896378125 0.506563934375 0.5327388125 0.5157454593749999 0.5171345656249999 0.3477215984375 0.431774478125 0.3362974875 0.4321621453125 0.3599025046875 0.443896378125 0.506563934375
1 0.06576334218749999 0.289704378125 0.028194334375 0.28263712343749997 0.003607890625 0.43786982031250005 0.06193480312500001 0.4463921671875 0.06576334218749999 0.289704378125
0 0.1582660125 0.3150450421875 0.0678443671875 0.29711101875 0.06574581562500001 0.44699577343749997 0.159475165625 0.4595139890625 0.1582660125 0.3150450421875
0 0.3396078046875 0.34475131875 0.2503170515625 0.3294251625 0.256253840625 0.4761457421875 0.34989523125 0.489580015625 0.3396078046875 0.34475131875
0 0.2492749140625 0.3282959109375 0.160027971875 0.3135724765625 0.162291459375 0.4622871 0.25466654218749996 0.47924493281249997 0.2492749140625 0.3282959109375
0 0.42671621875000004 0.3599450015625 0.34109001562499996 0.34659536874999997 0.35038448906249997 0.4889589734375 0.44054353125 0.5046358296875 0.42671621875000004 0.3599450015625
1 0.9581621765625 0.8035044734375001 0.9426434296874999 0.7071882171875 0.8651447937500001 0.6912240062499999 0.885003371875 0.8977155265625001 0.941978415625 0.9056847156250001 0.9581621765625 0.8035044734375001
1 0.1618469109375 0.5825184890624999 0.065274984375 0.563645059375 0.06250320000000001 0.7703444875 0.1652342546875 0.7877308875 0.1618469109375 0.5825184890624999
1 0.7807075718750001 0.6774044578125 0.796729978125 0.88763829375 0.8827968593750001 0.8979237484375 0.8604935140625001 0.6919461484375 0.7807075718750001 0.6774044578125
1 0.268005271875 0.599768453125 0.27354773125 0.8060014593749999 0.3742338234375 0.8225062671875 0.363574246875 0.6100073625 0.268005271875 0.599768453125
0 0 0.7612740234375 0.06177016875 0.767835225 0.062325867187499995 0.56465856875 0 0.5563700140625001 0 0.7612740234375
0 0.6638161625000001 0.66201273125 0.6825304125 0.87022025 0.7761280328125 0.8861600562499999 0.7546002109375001 0.6752859890625 0.6638161625000001 0.66201273125
1 0.365975309375 0.6165223531249999 0.3748829484375 0.820378278125 0.47356430156249996 0.8337770687500001 0.4600554265625 0.635327078125 0.365975309375 0.6165223531249999
0 0.1661714609375 0.5823015375 0.1679891421875 0.7903980203125001 0.2725009484375 0.8063933625 0.264466421875 0.6049065265625 0.1661714609375 0.5823015375
1 0.5576770265625 0.649662025 0.5806105984375 0.8568662375 0.6812048078124999 0.8700102953125001 0.6610728265625 0.6621458078125 0.5576770265625 0.649662025
0 0.474124178125 0.8104423468749999 0.47593918437499994 0.8324801140625 0.577285821875 0.85466654375 0.554826215625 0.649221896875 0.462804659375 0.6355277328125 0.474124178125 0.8104423468749999
1 0.0729596578125 0 0.0675148390625 0.034377234374999996 0.1477678171875 0.046263465625 0.1468049859375 0 0.0729596578125 0
1 0.147260940625 0 0.148279828125 0.04765274375 0.23315869843749998 0.0602241140625 0.230774915625 0 0.147260940625 0
1 0.9270403421875001 1 0.94211440625 0.9048261046875 0.8828195734375001 0.8993336812500001 0.8953134546875001 1 0.9270403421875001 1
0 0.23156265 0 0.2336130734375 0.061647846875 0.31816202968749996 0.077769840625 0.3125395640625 0 0.23156265 0
1 0.31362706406249996 0 0.3184104828125 0.0778091921875 0.40004832187500006 0.09301498750000001 0.39203219843750003 0 0.31362706406249996 0
1 0.392489715625 0 0.40035252187500003 0.09260804218749999 0.4840811359375 0.10586935156249999 0.4758786671875 0 0.392489715625 0
1 0.793544340625 1 0.7776921015625 0.8885469625000001 0.6836107328125001 0.873076578125 0.69742880625 1 0.793544340625 1
1 0.6948672609375001 1 0.68011291875 0.8730919374999999 0.5818688812499999 0.8629185390625 0.5962499390625 1 0.6948672609375001 1
1 0.8934562968750001 1 0.8792624453125001 0.8980137718750001 0.784016315625 0.8869938296875001 0.7979430375 1 0.8934562968750001 1
1 0.5928192796875 1 0.5769462765625 0.8608896671874999 0.482124484375 0.8424879093750001 0.49208732812499995 1 0.5928192796875 1
1 0.06494944687500001 0.77509025625 0.0636282625 0.9371180703125 0.1679824984375 0.9536461562499999 0.16136856875 0.7909309046875 0.06494944687500001 0.77509025625
1 0.16463924375 0.7935268093750001 0.17149278125 0.95420213125 0.276598228125 0.9708491984375 0.26727538125 0.8093599828125001 0.16463924375 0.7935268093750001
1 0.2690744734375 0.810067725 0.2777703859375 0.97103485 0.3847982671875 0.9879864015625 0.3733065390625 0.8286363015625 0.2690744734375 0.810067725
1 0.4896151625 1 0.47761976562499997 0.8418477187500001 0.3762983859375 0.827712134375 0.38536165625 0.9880756328125001 0.46064914375 1 0.4896151625 1
1 0 0.9270403421875001 0.0599704046875 0.936538721875 0.0628858765625 0.775332778125 0 0.767001465625 0 0.9270403421875001
1 0.715608990625 0.03059128125 0.728401853125 0.1526582359375 0.8071157156250001 0.1637425953125 0.7910877453125 0.0402185375 0.715608990625 0.03059128125
1 0.4770372703125 0 0.48409122031249996 0.1054158234375 0.5634742968750001 0.11675184218750001 0.5505603015625 0.012174765625 0.48175334843749995 0 0.4770372703125 0
1 0.79324535625 0.0412516171875 0.8075644750000001 0.165132315625 0.8874530921874999 0.17923216875 0.859241346875 0.0544697359375 0.79324535625 0.0412516171875
1 0.6317797203125 0.024501575 0.6461205 0.13478673125 0.7269421031250001 0.149661653125 0.711355565625 0.0331209671875 0.6317797203125 0.024501575
1 0.6287526328124999 0.0250143375 0.5516781015625 0.011150125 0.5645196265625 0.11860955625 0.6450933359375 0.1341019359375 0.6287526328124999 0.0250143375
1 1 0.08086825 0.93801049375 0.067889315625 0.96880983125 0.1935005015625 1 0.1984405390625 1 0.08086825
0 0.8865415765625 0.1839272171875 0.966708109375 0.1931676203125 0.9412305375000001 0.0951093734375 0.9335900984375 0.0676281140625 0.8646887671875 0.0580979046875 0.8865415765625 0.1839272171875