1 0.9429146921875 0.1788826265625 0.9110008203125 0.1251705828125 0.8395505078125 0.1390800953125 0.9004860859375 0.24790282343749998 0.955405003125 0.2376449203125 0.9429146921875 0.1788826265625
1 0.7608195515625 0.15869179375 0.8268093484374999 0.2680858234375 0.898110671875 0.2514784859375 0.8315096000000001 0.14223416875 0.7608195515625 0.15869179375
0 0.5806956046875 0.20306078906249997 0.50404273125 0.21722745 0.49908379218750004 0.21828150468750002 0.5599284828125 0.3297830546875 0.640155603125 0.3100273140625 0.5806956046875 0.20306078906249997
1 0.5854414234374999 0.20035935624999998 0.6442924062500001 0.3070084265625 0.7290027171875 0.2948097890625 0.6654786984375 0.183459646875 0.5854414234374999 0.20035935624999998
1 0.6693653046875 0.181339790625 0.7339427609375 0.296839140625 0.8186707156249999 0.27834573281249997 0.752185703125 0.16326965 0.6693653046875 0.181339790625
1 0.420199115625 0.23672272187500001 0.478135525 0.3507704484375 0.5605360140625 0.3305527453125 0.499889246875 0.2197840609375 0.420199115625 0.23672272187500001
1 0.33234454687500004 0.25792173749999997 0.38999256875 0.3734061703125 0.47579053125000004 0.353142046875 0.4181663109375 0.2370007546875 0.33234454687500004 0.25792173749999997
0 0 0.3556409125 0.0445983859375 0.469121340625 0.1319181015625 0.4499567984375 0.0745647203125 0.3103901328125 0 0.3254970078125 0 0.3556409125
0 0.0751944015625 0.31110787968750003 0.13458013124999998 0.45282239375 0.2243540140625 0.4345143453125 0.1672962390625 0.293234209375 0.0751944015625 0.31110787968750003
0 0.2479226390625 0.27524495 0.31391618125 0.4177781578125 0.397815625 0.39926904375 0.329115659375 0.25543207031250004 0.2479226390625 0.27524495
0 0.167579546875 0.2923224 0.22561996406249998 0.435194628125 0.3117801546875 0.41485350781249997 0.24598653750000002 0.27735965937499996 0.167579546875 0.2923224
1 0.9903751062499999 0.40216631875 0.9060732640625 0.2607200890625 0.8241271703124999 0.279889775 0.9054908046874999 0.427778765625 0.992051165625 0.410051559375 0.9903751062499999 0.40216631875
1 0.9096987703125 0.25893120937499997 0.9897097296874999 0.399035965625 0.9581675562499999 0.2506417046875 0.9096987703125 0.25893120937499997
1 0.5628941625 0.3414288796875 0.482537259375 0.359698328125 0.5529263890625 0.5063264125 0.641336175 0.484070953125 0.5628941625 0.3414288796875
1 0.8220426328125001 0.2889714875 0.73504251875 0.30768853281249997 0.8201923593749999 0.450065565625 0.9015855531250001 0.42583814999999997 0.8220426328125001 0.2889714875
1 0.6480221 0.326105078125 0.567002696875 0.34229859687499997 0.6405891718750001 0.48284438124999995 0.73111198125 0.470529921875 0.6480221 0.326105078125
1 0.6523284312500001 0.327485765625 0.733480703125 0.47071911093749996 0.818740871875 0.45190382656250005 0.73207876875 0.3089309578125 0.6523284312500001 0.327485765625
1 0.4674488 0.5314219921875 0.5522350687500001 0.5085513828125 0.47874792031249996 0.360007390625 0.3963686484375 0.379595671875 0.40503611250000005 0.40109954062500003 0.4674488 0.5314219921875
1 0 0.5525521203125 0.0161777171875 0.628662296875 0.095638128125 0.61077506875 0.0439809640625 0.46577994375 0 0.4738109921875 0 0.5525521203125
0 0.137816984375 0.456434525 0.048499215624999995 0.4718372546875 0.0993490015625 0.6099862984375 0.189796125 0.588453628125 0.137816984375 0.456434525
1 0.31474049375 0.41980457343750005 0.22737909374999998 0.43719985 0.28449081875000004 0.5696182359375 0.3751797515625 0.5489563578125 0.31474049375 0.41980457343750005
0 0.22602483593749997 0.4365315984375 0.138915875 0.45446400468750003 0.1933578015625 0.5900041109374999 0.28412500937499996 0.5730184890625 0.22602483593749997 0.4365315984375
1 0.400051959375 0.40305641249999996 0.31675040625 0.42097315 0.37541019375 0.5482147 0.46369212812500005 0.530835146875 0.400051959375 0.40305641249999996
1 1 0.5467235921875 0.9959182312499999 0.5397029359375 0.9191567968750001 0.5523603890625 1 0.7144353625 1 0.5467235921875
1 0.23528459375000002 0.700385315625 0.13999036874999998 0.717092790625 0.21022726406249997 0.907564975 0.3106516921875 0.8873251515625 0.23528459375000002 0.700385315625
1 1 0.7197957921875 0.9151414062500001 0.5546604859375 0.8367812125 0.56942759375 0.9255148312499999 0.7565212 1 0.7376977140625 1 0.7197957921875
1 0.338807090625 0.6788134046875001 0.41651185625 0.865929925 0.5147486812500001 0.8456020656250001 0.43014033906250004 0.6545432640625 0.338807090625 0.6788134046875001
0 0.042017471875000004 0.7418818359375 0.10851055937500001 0.9322355765625 0.20867083437499998 0.9055227109375 0.13764008125 0.7190605484375 0.042017471875000004 0.7418818359375
1 0.724060565625 0.59648298125 0.8145516875000001 0.7807709218750001 0.9060826703125 0.7624214593749999 0.8120698953125001 0.57667976875 0.724060565625 0.59648298125
1 0.43463840937500003 0.6596704250000001 0.5145952578124999 0.8434225828124999 0.6098981578125 0.8209532312500001 0.5276210734375 0.6437775140625 0.43463840937500003 0.6596704250000001
0 0.23917794374999998 0.6986634265625 0.3141196828125 0.8888001015624999 0.41568895 0.8666578625 0.3373677640625 0.684770128125 0.23917794374999998 0.6986634265625
0 0.6222808 0.6225396203125 0.7162917921874999 0.8044218265625 0.813260915625 0.781045284375 0.7215891640625001 0.5975711125000001 0.6222808 0.6225396203125
0 0.6021956734375 0.7993634609375 0.611621521875 0.81892785 0.7124652625000001 0.803576109375 0.619508909375 0.6231401046875 0.5302154015625 0.6429932609375 0.6021956734375 0.7993634609375
1 0 0.13043433124999998 0.034498184375000004 0.2148139 0.116839684375 0.19644686718749998 0.0742260015625 0.0974035828125 0 0.113156971875 0 0.13043433124999998
0 0.1534585671875 0.0812381078125 0.0750345421875 0.0965389625 0.11775809374999999 0.197592084375 0.2010469609375 0.1825963453125 0.1534585671875 0.0812381078125
1 0.23263471875000002 0.0671165546875 0.15479141406250002 0.0806688890625 0.2012888859375 0.1825449234375 0.281582878125 0.16773445781250002 0.23263471875000002 0.0671165546875
1 0.318003415625 0.054837903125 0.232906690625 0.0665914484375 0.281718828125 0.16725425 0.3632473796875 0.149924821875 0.318003415625 0.054837903125
1 0.81654911875 0.783009059375 0.891174978125 0.9280234890625 0.988190159375 0.9074022749999999 0.9083588734375001 0.7640588796875 0.81654911875 0.783009059375
1 0.719577928125 0.809527265625 0.790840384375 0.9493502656249999 0.8889137234375 0.928504134375 0.8133436921874999 0.7842549796875 0.719577928125 0.809527265625
1 1 0.73823275 0.913617340625 0.7604077921875 0.9915410640625 0.90669001875 1 0.9048920171875 1 0.73823275
1 0.6208232078125 0.8259244062500001 0.6874935375 0.9713173156250001 0.787637521875 0.9500310546874999 0.7143448078125 0.809400865625 0.6208232078125 0.8259244062500001
1 0.354997503125 1 0.3082299296875 0.8916202249999999 0.21414384687500002 0.9110542531249999 0.24747534531249998 1 0.354997503125 1
1 0.4701339703125 1 0.4119366953125 0.8712178796875 0.3121463078125 0.8928482296875 0.35863917968750003 1 0.4701339703125 1
1 0.55255211875 1 0.5827138390625 0.9935889281250001 0.5160559296875 0.8515484687500001 0.4138373859375 0.871233125 0.4714549828125 1 0.55255211875 1
1 0.5184769015625 0.84964756875 0.583262425 0.9934723218749999 0.6851195015625 0.9718219328125001 0.6164626609375 0.826923940625 0.5184769015625 0.84964756875
1 0.24431686875 1 0.212334978125 0.9120033265625 0.11030510625 0.9364071609375 0.1316458375 1 0.24431686875 1
1 0.54959215625 0 0.6039976828125 0.10677619375 0.680156390625 0.0892170625 0.6318929921875001 0 0.54959215625 0
1 0.3630969421875 0.1495054890625 0.439958571875 0.13194139375 0.39128130156249996 0.040616134375 0.31915438281249997 0.0545932578125 0.3630969421875 0.1495054890625
1 0.6338098875 0 0.6810576671875 0.0903330765625 0.7593565359375 0.07512474531249999 0.7091304859374999 0 0.6338098875 0
1 0.470177478125 0.0233136578125 0.52217435 0.1193694390625 0.60160256875 0.104543096875 0.5462595 0.0031911500000000002 0.470177478125 0.0233136578125
1 0.46757929843749996 0.024849804687499998 0.39194660312499996 0.039283115625 0.4415722609375 0.13327635468750001 0.520990334375 0.1191033796875 0.46757929843749996 0.024849804687499998
1 0.7976689828125 0 0.8390623968750001 0.0595538375 0.9132950109375001 0.043775209375 0.8824670296875 0 0.7976689828125 0
1 0.7124937421875 0 0.7601729875000001 0.07975004218750001 0.8370158999999999 0.059988834375 0.7940840437500001 0 0.7124937421875 0