1 0.9557264890624999 0.181117203125 0.9461223750000001 0.16283750624999999 0.874042015625 0.17298853593750002 0.9291987421875 0.2848512484375 0.9712696375000001 0.279252778125 0.9557264890624999 0.181117203125
1 0.7943925593750001 0.1884528984375 0.8545666796875 0.301150646875 0.9266394468750001 0.2882976921875 0.86584705625 0.1757174578125 0.7943925593750001 0.1884528984375
0 0.6121933734375 0.223334128125 0.5349041234375 0.233469671875 0.5298968171875 0.23426275156249998 0.5848225796875 0.348795859375 0.6659736890625 0.3332659546875 0.6121933734375 0.223334128125
1 0.61707406875 0.22088477499999998 0.67026281875 0.3304677078125 0.7554954640625 0.322719184375 0.69788611875 0.208197053125 0.61707406875 0.22088477499999998
1 0.70187834375 0.2062835109375 0.76032253125 0.325004296875 0.8459022375 0.3109705515625 0.7855309578125 0.1925726203125 0.70187834375 0.2062835109375
1 0.4501551109375 0.248550190625 0.502043321875 0.3654737765625 0.585388996875 0.3495962890625 0.5306225296875 0.235805403125 0.4501551109375 0.248550190625
1 0.361311471875 0.2651222015625 0.41283650156249996 0.38346543125 0.49957742187500004 0.3677193984375 0.44811053906250004 0.2487214546875 0.361311471875 0.2651222015625
0 0.1011389390625 0.3040275375 0.014811459374999999 0.316857103125 0.0629063234375 0.4609728921875 0.151109365625 0.44640457656250004 0.1011389390625 0.3040275375
0 0.10173019375 0.3047772546875 0.1536177734375 0.4494055640625 0.24422679375 0.43582100781250005 0.19464124375 0.2917483171875 0.10173019375 0.3047772546875
0 0.276098634375 0.278003371875 0.334542121875 0.4237950796875 0.419295278125 0.40970228906250006 0.3582173078125 0.26246695937500003 0.276098634375 0.278003371875
0 0.19497188593749998 0.2908525859375 0.2454554046875 0.43656661249999995 0.3325620875 0.4207626453125 0.2740545109375 0.28001385624999997 0.19497188593749998 0.2908525859375
1 0.991463590625 0.40675237500000005 0.934107459375 0.297943359375 0.85127040625 0.312798046875 0.9247826234375 0.4647426046875 0.9988789484374999 0.453571109375 0.991463590625 0.40675237500000005
1 0.5871747015625 0.360580934375 0.505971775 0.374619790625 0.56859051875 0.5247308078125 0.6580439015625 0.5071328609375 0.5871747015625 0.360580934375
1 0.848713425 0.32175821718750003 0.7608529671875 0.3358963765625 0.838434675 0.482534684375 0.9209842874999999 0.46260026249999997 0.848713425 0.32175821718750003
1 0.672987959375 0.3497333875 0.5912320875 0.361664484375 0.6573621171874999 0.5058688734375 0.7484053562499999 0.4983088890625 0.672987959375 0.3497333875
1 0.6772161296875 0.35133755624999996 0.7507609296875 0.4986217875 0.8368889703125 0.48429446093750006 0.7578282546875 0.3369819890625 0.6772161296875 0.35133755624999996
1 0.481916671875 0.5453184453125 0.5677837 0.5269165499999999 0.5021714546875 0.37473011093749997 0.4188799078125 0.3899801484375 0.42641006875 0.41190816718749995 0.481916671875 0.5453184453125
1 0 0.539350853125 0.0118988234375 0.614477071875 0.0135868625 0.62095639375 0.106462534375 0.605103703125 0.0624646234375 0.45760376249999996 0 0.46565925625000004 0 0.539350853125
0 0.1566611453125 0.45318214843750004 0.06665966718750001 0.4638892375 0.11020960312500001 0.6045102265625 0.20165970625 0.5877407015625 0.1566611453125 0.45318214843750004
1 0.3352592515625 0.42586185781249997 0.247107178125 0.438661153125 0.297210390625 0.5738870609375 0.38885639843750003 0.557999790625 0.3352592515625 0.42586185781249997
0 0.24578975 0.43792294062500003 0.15786165937500002 0.4512718390625 0.20513535468750002 0.5894754640625 0.296667128125 0.5772635078125 0.24578975 0.43792294062500003
1 0.42133033124999997 0.41360150781250005 0.33720525156250003 0.42713402343749995 0.3891253390625 0.557271209375 0.4781958609375 0.5445357937499999 0.42133033124999997 0.41360150781250005
1 1 0.5822751671875 0.9319097875000001 0.589868715625 1 0.746390178125 1 0.5822751671875
1 0.24122778125000002 0.7018996734375 0.145189753125 0.7135969375 0.20536184687499998 0.907484 0.3067079171875 0.8925277234375001 0.24122778125000002 0.7018996734375
1 1 0.75267276875 0.927779521875 0.5919555109375 0.8487538671875001 0.602601325 0.9275741578125001 0.7940824859375 1 0.7797647249999999 1 0.75267276875
1 0.345737390625 0.685775275 0.4135427421875 0.8767021125 0.512708815625 0.8615434296875 0.438215671875 0.6663184078125 0.345737390625 0.685775275
0 0.046053765625 0.7332245046875 0.1024933828125 0.9267973515625 0.2039144328125 0.9053630781249999 0.1427397015625 0.7154389937500001 0.046053765625 0.7332245046875
1 0.7347717312500001 0.6237202921875 0.815493953125 0.8124916109375 0.90785983125 0.79895765625 0.8236968656249999 0.6085502703125 0.7347717312500001 0.6237202921875
1 0.44243924218749997 0.6716739546875 0.51266966875 0.859358903125 0.6090179140624999 0.8419081140625 0.5361262484375 0.6606691609374999 0.44243924218749997 0.6716739546875
0 0.24520591249999998 0.70038390625 0.3100939609375 0.8941821531249999 0.41268286718749997 0.8773859828124999 0.34398828593749997 0.69164850625 0.24520591249999998 0.70038390625
0 0.6317677515625 0.6444144796875 0.7161309250000001 0.830967578125 0.8141905906250001 0.81269804375 0.7322467687499999 0.6246775890625 0.6317677515625 0.6444144796875
1 0.60245590625 0.819944815625 0.610844915625 0.8399757031249999 0.7123539015625 0.8299227546875001 0.6289682328125 0.6448690703125 0.5387580640625 0.6600217578125 0.60245590625 0.819944815625
1 0 0.21634609375 0.065228740625 0.2053433359375 0.030029607812499998 0.10428967656250002 0 0.1091647453125 0 0.21634609375
1 0.11194753906249999 0.0913151515625 0.030435732812499998 0.10419968125000001 0.0661293875 0.20648536874999998 0.149319296875 0.1924529265625 0.11194753906249999 0.0913151515625
0 0.19191755625 0.0793185421875 0.1128002234375 0.09049403125 0.1501765125 0.1936446421875 0.2341360515625 0.18302845625 0.19191755625 0.0793185421875
1 0.2717242640625 0.0693601015625 0.1932783671875 0.078819859375 0.2343803359375 0.182989765625 0.31533940625 0.1724018609375 0.2717242640625 0.0693601015625
1 0.35761858125 0.061566129687500006 0.2720233453125 0.0688499484375 0.315500303125 0.17192942656250002 0.397824075 0.158890621875 0.35761858125 0.061566129687500006
1 0.8173715109374999 0.81483121875 0.876664546875 0.946574759375 0.97399355625 0.931159359375 0.9100472187499999 0.8007119609375 0.8173715109374999 0.81483121875
1 0.719145359375 0.836238003125 0.775425925 0.9626093812500001 0.874241721875 0.946958496875 0.8141052703125 0.8159076734375 0.719145359375 0.836238003125
1 1 0.780304853125 0.9154895625 0.797341084375 0.9777380359375 0.930566290625 1 0.9270403421875001 1 0.780304853125
1 0.61966781875 0.8474442484375 0.6718502515625 0.9790141578125 0.772018425 0.9631490765624999 0.7139260265625 0.835837896875 0.61966781875 0.8474442484375
1 0.3423641296875 1 0.30406468593749997 0.896690165625 0.20909044687499997 0.911173475 0.2371705953125 1 0.3423641296875 1
1 0.454847296875 1 0.4086971015625 0.8817433734375 0.307911428125 0.89812145625 0.345912896875 1 0.454847296875 1
1 0.5393508546875 1 0.565883596875 0.9957976265624999 0.5137030640625 0.8675500984375001 0.4105943890625 0.8818580718750001 0.4561968390625 1 0.5393508546875 1
1 0.5162202015624999 0.8657785078125 0.5667274718749999 0.99566396875 0.66921855 0.979430978125 0.6152609375 0.8482141999999999 0.5162202015624999 0.8657785078125
1 0.2340858859375 1 0.20723438593750002 0.912026578125 0.10406714531250001 0.9310571390625 0.12325269531250001 1 0.2340858859375 1
1 0.5914741953125 0.0182820265625 0.6405026640625 0.12840102343749998 0.717475971875 0.114851796875 0.6649798125 0.0043542859375 0.5914741953125 0.0182820265625
1 0.397695790625 0.158463990625 0.4753713171875 0.1449465921875 0.43154035156250004 0.05119892031249999 0.358780775 0.061382056250000004 0.397695790625 0.158463990625
1 0.707151171875 0 0.667311146875 0.0046639656250000005 0.7183176062500001 0.11601345 0.7973051109375 0.10492380781249999 0.7348437015625 0 0.707151171875 0
1 0.511233946875 0.0380492609375 0.5581323874999999 0.136694709375 0.6382277015625 0.1260456375 0.5882648328125 0.021936156249999998 0.511233946875 0.0380492609375
1 0.50855893125 0.039447325 0.4322745078125 0.049902546874999995 0.47691292812499997 0.146364178125 0.55696391875 0.136367046875 0.50855893125 0.039447325
1 0.8197123046874999 0 0.87771665625 0.093545721875 0.940286915625 0.08363556718750001 0.9356996015625001 0.054672403125000005 0.9013311546875 0 0.8197123046874999 0
1 0.7399208328125 0 0.7978783734375 0.10958549531249999 0.8756501984374999 0.09387301718749999 0.82205011875 0.010028475 0.8153964671875 0 0.7399208328125 0