1 0.8407053375 0.18927496093750001 0.8870677703125001 0.29677057812499996 0.95888671875 0.29100827812499996 0.9090870656250001 0.183266775 0.8407053375 0.18927496093750001
1 0.7649311515624999 0.19989384062499999 0.8159766656249999 0.3084157390625 0.8844859484375001 0.2998754921875 0.83285236875 0.1914336546875 0.7649311515624999 0.19989384062499999
0 0.591621309375 0.22372206718749998 0.5183353140625 0.229462578125 0.5135805625 0.22996232343749998 0.5595923765624999 0.3399488625 0.6367838859375 0.32934155625 0.591621309375 0.22372206718749998
1 0.5963394078124999 0.2216642484375 0.64096231875 0.326928071875 0.7216093406249999 0.32381025625 0.6730699437500001 0.21370357499999998 0.5963394078124999 0.2216642484375
1 0.6769246859375 0.2121046265625 0.72604090625 0.3261860046875 0.807328090625 0.3171958328125 0.7563810921874999 0.20332330468749998 0.6769246859375 0.2121046265625
1 0.4377781828125 0.2394739484375 0.4808104609375 0.351552721875 0.5600858484375 0.3407263921875 0.5141870359375 0.23144305312500002 0.4377781828125 0.2394739484375
1 0.353290925 0.250683828125 0.395910428125 0.36407515 0.478376453125 0.353537009375 0.4358443421875 0.23953505000000003 0.353290925 0.250683828125
0 0.10635557656250001 0.27449292812500004 0.0244242765625 0.2823184453125 0.0625288421875 0.41969182812500005 0.1463129828125 0.4103282640625 0.10635557656250001 0.27449292812500004
0 0.10687496562500001 0.2752241453125 0.14852545625 0.4132620921875 0.234526178125 0.40493724374999995 0.195015734375 0.2675317953125 0.10687496562500001 0.2752241453125
0 0.272406671875 0.2586118734375 0.32017263906250004 0.39805855 0.4006844296875 0.38897288125 0.35050962812500003 0.24804549374999998 0.272406671875 0.2586118734375
0 0.19537174375 0.2667085703125 0.23564595000000002 0.4056955859375 0.31845928749999997 0.3951209390625 0.2703815578125 0.26039633906250004 0.19537174375 0.2667085703125
1 0.89103745 0.30927640312500004 0.8122920046875001 0.3191690921875 0.8739409468750001 0.465113340625 0.9594522046874999 0.45676491874999997 0.89103745 0.30927640312500004
1 0.9839739406250001 0.32131834062500003 0.9817191234375 0.30230205312499997 0.8946145515625 0.3079608359375 0.96295161875 0.4627888171875 0.9988295234375 0.46265976249999996 0.9839739406250001 0.32131834062500003
1 0.56121975625 0.35110574375 0.4840537875 0.360313428125 0.5355361203125 0.5040102078124999 0.620648703125 0.49186866562500003 0.56121975625 0.35110574375
1 0.80943748125 0.3274404578125 0.7259973875 0.33641761406250004 0.79174296875 0.47758772031249996 0.870470984375 0.4629213703125 0.80943748125 0.3274404578125
1 0.6425680203125 0.345112378125 0.564986440625 0.352318225 0.620069703125 0.4906511765625 0.70617896875 0.48799243125 0.6425680203125 0.345112378125
1 0.6464695734375 0.34682097500000003 0.7083815343750001 0.48840010312500004 0.7901996984374999 0.47916149687500004 0.7230949953125 0.3372878203125 0.6464695734375 0.34682097500000003
1 0.45289188593749996 0.5190881703125 0.534667396875 0.506019025 0.480469653125 0.3602320921875 0.40127652031250005 0.37047313593750003 0.4072742171875 0.39138557500000004 0.45289188593749996 0.5190881703125
1 0 0.5262038828125 0.0003419578125 0.52945739375 0.0081105359375 0.5671986062500001 0.0963587640625 0.5568586953125 0.062280873437499995 0.4165134984375 0 0.4212585421875 0 0.5262038828125
0 0.15120301875 0.41694865 0.06591785 0.4226068515625 0.099916840625 0.5564847265624999 0.18686836874999999 0.54521645625 0.15120301875 0.41694865
1 0.3207448984375 0.40002996875 0.2370969484375 0.40773844062500003 0.27753590625 0.53687965625 0.3646279265625 0.526447575 0.3207448984375 0.40002996875
0 0.235893171875 0.406982709375 0.1524287390625 0.41521704687499994 0.190054784375 0.547010846875 0.2768560046875 0.5400169671875 0.235893171875 0.406982709375
1 0.4024063796875 0.39272534062500003 0.322513959375 0.40131656250000003 0.3649175015625 0.52577796875 0.4494271421875 0.5181739890625 0.4024063796875 0.39272534062500003
1 1 0.69452848125 0.9476526 0.5783807734375 0.874414315625 0.5827023484375 0.9416309406250001 0.7617029671875 1 0.75450404375 1 0.69452848125
1 0.2184370125 0.654106009375 0.12741806093750002 0.660398609375 0.1744140515625 0.8449944359374999 0.270593884375 0.8359061406249999 0.2184370125 0.654106009375
1 0.7954744 0.5905911640625 0.8601507171874999 0.77383901875 0.939704371875 0.7624157609375 0.8704209484375 0.5844569265625 0.7954744 0.5905911640625
1 0.317654078125 0.6440769453125 0.37198563125 0.82627005 0.46612272031249996 0.8168861453125 0.40570777968750005 0.6303406203125 0.317654078125 0.6440769453125
0 0.0330865109375 0.6739713 0.07658341874999999 0.8580913000000001 0.173156809375 0.8429367921875001 0.12501909687499999 0.6620055296875 0.0330865109375 0.6739713
1 0.687088375 0.604839728125 0.753690771875 0.7856409140625 0.84134335 0.77744886875 0.7715824828125 0.59494746875 0.687088375 0.604839728125
1 0.40941797968750004 0.63556401875 0.46619476562499995 0.8148373531249999 0.5577926734374999 0.803168803125 0.49818852812500003 0.62980599375 0.40941797968750004 0.63556401875
0 0.22225865156250002 0.6528790921875001 0.273699928125 0.8376209031249999 0.371141821875 0.826869040625 0.3157142 0.649495125 0.22225865156250002 0.6528790921875001
1 0.5890612890625 0.6192238437500001 0.6592028390625 0.7981235250000001 0.7524531484375 0.78577099375 0.684662978125 0.6056139921875 0.5890612890625 0.6192238437500001
0 0.552708409375 0.782270359375 0.5596094375 0.8014469390625001 0.655698228125 0.79696095625 0.5864024125 0.61951373125 0.5006990953125 0.6293272953125 0.552708409375 0.782270359375
1 0 0.1892044015625 0.07745995156249999 0.1802809453125 0.0493520421875 0.083883353125 0 0.089262075 0 0.1892044015625
1 0.127138246875 0.07570769375 0.0497389625 0.083818765625 0.0782511265625 0.1813948 0.1572878515625 0.1722896984375 0.127138246875 0.07570769375
1 1 0.7534363578125001 0.9400622203125 0.763664971875 1 0.910743946875 1 0.7534363578125001
0 0.2030414109375 0.068353665625 0.127982125 0.07497975 0.1580356515625 0.1734479921875 0.23762679687500002 0.16758131406250001 0.2030414109375 0.068353665625
1 0.2786891828125 0.0629014515625 0.204347703125 0.067952540625 0.2378587578125 0.16755693437500002 0.314623053125 0.161570925 0.2786891828125 0.0629014515625
1 0.35996154375 0.0597732109375 0.2789962515625 0.062437978125 0.3147981171875 0.161136075 0.3929696921875 0.1529199109375 0.35996154375 0.0597732109375
1 0.84331568125 0.77919895625 0.75534216875 0.7879243703125 0.8239052046875001 0.9637284296875 0.918460990625 0.95454743125 0.84331568125 0.77919895625
1 0.7522127921874999 0.78877425625 0.6617786765625 0.8032083999999999 0.728398971875 0.9760381921875 0.8222968328125001 0.9646546921875 0.7522127921874999 0.78877425625
1 1 0.9126166093749999 0.9365600875 0.7633408359375 0.8486086046875 0.7763049718749999 0.9226067578125001 0.9583363796875 1 0.9502020218749999 1 0.9126166093749999
1 0.7267162203125 0.9789253046875 0.656883753125 0.802579828125 0.567545334375 0.8088737484375 0.62819428125 0.9880845624999999 0.680272278125 0.9838067593750001 0.7267162203125 0.9789253046875
1 0.3181327375 1 0.2678973265625 0.8396778625 0.177741215625 0.848632678125 0.21713093125 1 0.3181327375 1
1 0.42340493125 1 0.36717132812500003 0.8307581781250001 0.2714483203125 0.8412059359375 0.321556634375 1 0.42340493125 1
1 0.5262038859375 1 0.5284851921875 0.999760225 0.4667595140625 0.822562690625 0.3689522203125 0.8309578640625 0.42442255624999997 1 0.5262038859375 1
1 0.46921814062499995 0.8210250578125 0.528368790625 0.999772459375 0.6268283734375 0.9894239406249999 0.563357134375 0.8093810046875 0.46921814062499995 0.8210250578125
1 0.2135531671875 1 0.17595089531250002 0.849341821875 0.077853009375 0.862159190625 0.10862465937500002 1 0.2135531671875 1
1 0.5823334296875 0.030582159375 0.6230120203125 0.136146071875 0.6961706890625 0.1271915984375 0.6522455625 0.02110448125 0.5823334296875 0.030582159375
1 0.3928701625 0.152513925 0.4666884984375 0.14362340468749998 0.4300880484375 0.0536519609375 0.36106512031250004 0.0596572203125 0.3928701625 0.152513925
1 0.6544254640625 0.021507959375 0.6969053140625 0.12832096875000001 0.7718380671875 0.12176900937499999 0.7167032875 0.017492668750000002 0.6544254640625 0.021507959375
1 0.5057883984375 0.0452040953125 0.545033215625 0.1399138203125 0.6209871890625001 0.1338285171875 0.5791291078125 0.033850078125 0.5057883984375 0.0452040953125
1 0.503199728125 0.0463840609375 0.43084400624999997 0.0524729484375 0.46806950937499997 0.145026603125 0.54394924375 0.13955001250000001 0.503199728125 0.0463840609375
1 0.7904704703125 0.010602993750000001 0.8481261671875 0.11501599375 0.9193022187500001 0.107535090625 0.8627344656249999 0.0065723265625 0.7904704703125 0.010602993750000001
1 0.772145484375 0.126164853125 0.8461639375000001 0.11522223281249999 0.799870525 0.0340551734375 0.7864485218749999 0.0114273359375 0.722451128125 0.01941891875 0.772145484375 0.126164853125
1 0.918222584375 0 0.8657908203125 0.0053427078125 0.9195230515624999 0.1062466921875 0.9611671390625001 0.10432612031249999 0.9502020218749999 0 0.918222584375 0