1 0.9844376625000001 0.1899599375 0.963032875 0.1361276609375 0.8895463828124999 0.138712240625 0.9331592171875001 0.25714975 0.9878799671875 0.25564305 0.9844376625000001 0.1899599375
1 0.8078950812500001 0.14584347343749998 0.8564605578125001 0.26565281875 0.9302244515625 0.2603477828125 0.8810254265624999 0.14059124843749998 0.8078950812500001 0.14584347343749998
1 0.6211687265625 0.161659315625 0.5424507484375 0.16367670625 0.5373364875 0.16394473437499998 0.5804355812499999 0.2850457 0.6636024359375 0.27800751562500003 0.6211687265625 0.161659315625
1 0.6263305078125 0.1597107421875 0.66820670625 0.2756451125 0.7546532203125 0.27687158125 0.7088569031249999 0.15549748125 0.6263305078125 0.1597107421875
1 0.7130695593749999 0.15399414843749998 0.7592616828125001 0.2796828546875 0.8467199078125001 0.27461961874999996 0.798557665625 0.1490518109375 0.7130695593749999 0.15399414843749998
1 0.455716659375 0.169881553125 0.4955119 0.2930670171875 0.5809201953125 0.2859113625 0.5379028406249999 0.16557435781250002 0.455716659375 0.169881553125
1 0.3647115609375 0.1771540703125 0.40399217031249995 0.30173002968749996 0.4927976390625 0.29506623906249996 0.4536445109375 0.169837428125 0.3647115609375 0.1771540703125
0 0.099224646875 0.18876332812500002 0.011142203125 0.19253529687499998 0.044257929687499996 0.3426896640625 0.1344080828125 0.3373661484375 0.099224646875 0.18876332812500002
1 0.0997395640625 0.189580575 0.13661158281250002 0.3406524578125 0.229075128125 0.3365739421875 0.1944572359375 0.1863051 0.0997395640625 0.189580575
0 0.27774350000000003 0.1810960203125 0.3210791953125 0.334033178125 0.4077132484375 0.32882298125 0.3618831046875 0.1741537453125 0.27774350000000003 0.1810960203125
0 0.1948839046875 0.1854385078125 0.2302308 0.33745454375 0.3194098421875 0.330771171875 0.2754777796875 0.18290323125000002 0.1948839046875 0.1854385078125
1 0.99653046875 0.420704428125 0.9367096734375 0.27084756875 0.8519202609375001 0.27702757031249997 0.9097457140625 0.437753671875 0.9972179703125 0.4338227609375 0.99653046875 0.420704428125
1 0.940609546875 0.2696337265625 0.996344109375 0.4171484890625 0.988582434375 0.26904690000000003 0.940609546875 0.2696337265625
1 0.5815554296875 0.297157175 0.49849380937500004 0.30268904218750003 0.5455685359375 0.46041599375000003 0.6372944421875 0.4521753796875 0.5815554296875 0.297157175
1 0.8484061734375 0.2857757515625 0.7586455765625 0.290702565625 0.82111920625 0.44651854999999996 0.9061557062500001 0.43519504531250003 0.8484061734375 0.2857757515625
1 0.668912175 0.29532577187500003 0.585517384375 0.298677496875 0.636742825 0.4508309 0.7290070734375 0.452862465625 0.668912175 0.29532577187500003
1 0.672990790625 0.2973882140625 0.731340596875 0.4534268640625 0.8193806718750001 0.44812618593750003 0.755492271875 0.29147499374999997 0.672990790625 0.2973882140625
1 0.4563197109375 0.47196025468749997 0.5445273875 0.4625306359375 0.4946641734375 0.3023976453125 0.40937644687499997 0.3089274640625 0.4146284359375 0.3317967609375 0.4563197109375 0.47196025468749997
1 0 0.497071303125 0.0728123078125 0.492378521875 0.0441695859375 0.339251653125 0 0.34028884062500003 0 0.497071303125
0 0.13927071875000002 0.3447761015625 0.047721087499999995 0.34602260625 0.0766394125 0.49217795156250005 0.1702839359375 0.484982640625 0.13927071875000002 0.3447761015625
1 0.321581634375 0.336189459375 0.23166930312499998 0.33973774218749997 0.26774051875 0.4811565796875 0.3614887890625 0.4748700546875 0.321581634375 0.336189459375
0 0.2304236203125 0.338855175 0.1406783359375 0.3429803890625 0.1735927515625 0.48709684218750005 0.2668385453125 0.48449764999999995 0.2304236203125 0.338855175
1 0.4093464375 0.33296328750000004 0.32340248437499997 0.337676046875 0.3618358390625 0.474165175 0.4526641546875 0.47077844999999996 0.4093464375 0.33296328750000004
1 1 0.60975224375 0.9822943562500001 0.5639639140625 0.9037064046875001 0.56445544375 0.9656478265624999 0.7611086578124999 1 0.758683409375 1 0.60975224375
1 0.1979933734375 0.6040806937500001 0.10027465625000001 0.6056846203124999 0.14027339218749998 0.80721573125 0.2436686359375 0.802893509375 0.1979933734375 0.6040806937500001
1 0.8188205015625 0.5684656796875001 0.8778079796875 0.7695498765625 0.9635471828125001 0.76176699375 0.8993367890625 0.56611855 0.8188205015625 0.5684656796875001
1 0.3046900984375 0.59891769375 0.3526698734375 0.7982774906250001 0.4538963296875 0.79352068125 0.39965107031249997 0.5891262890625 0.3046900984375 0.59891769375
0 0.00808789375 0.667419159375 0.03488904375 0.8157623953125 0.139042984375 0.8049276171875 0.0976188890625 0.6072793109375 0.005310532812499999 0.6144239671875 0.00808789375 0.667419159375
1 0.7020803078125 0.57765290625 0.763264425 0.77621089375 0.8574876625 0.77236935625 0.7930193859375 0.5718002078125 0.7020803078125 0.57765290625
1 0.403329328125 0.5949642328125 0.45408744843750004 0.7913176796875 0.55272476875 0.783955328125 0.4986130359375 0.5938083515625 0.403329328125 0.5949642328125
0 0.20214990781250003 0.602976253125 0.24689590625000002 0.8049173625 0.3517338578125 0.798874790625 0.3023132859375 0.604644234375 0.20214990781250003 0.602976253125
1 0.596414146875 0.5875751171875 0.66149015625 0.7842858921875 0.7619332234375 0.776280659375 0.699442615625 0.5783491 0.596414146875 0.5875751171875
0 0.54844915625 0.7611530421875 0.55476411875 0.7822037109375 0.65780578125 0.782834240625 0.5935536515625001 0.5877362328125 0.5013253890625 0.593435403125 0.54844915625 0.7611530421875
1 0 0.09022534843749999 0.0735576578125 0.085628925 0.058753892187500004 0.022438556249999998 0 0.025517715625 0 0.09022534843749999
1 0.15939919375 0.08155883124999999 0.14324959843750001 0.0180103234375 0.0592024140625 0.02241505 0.074342021875 0.0868738265625 0.15939919375 0.08155883124999999
1 1 0.758880921875 0.9638604562499999 0.7631330734375 1 0.8677110406249999 1 0.758880921875
0 0.2456046796875 0.0810543140625 0.2261213828125 0.013667196875 0.14408119218749998 0.017966740624999998 0.16013468125000002 0.082849140625 0.2456046796875 0.0810543140625
1 0.328306771875 0.078957140625 0.30715868281250003 0.0094202125 0.2271432796875 0.0136136421875 0.24585418125 0.0810412375 0.328306771875 0.078957140625
1 0.4126004375 0.074092084375 0.39222692812500004 0.0049619749999999995 0.3075981953125 0.009397178124999999 0.328518253125 0.07849864375 0.4126004375 0.074092084375
1 0.8595001640625 0.77436680625 0.7649039125 0.7787646765625 0.8284636109375001 0.97205089375 0.9301266781249999 0.9675364734375 0.8595001640625 0.77436680625
1 0.761508921875 0.779502309375 0.66396263125 0.7899101125 0.725609628125 0.9798817921874999 0.8266914765625 0.9729572828125 0.761508921875 0.779502309375
1 1 0.87264879375 0.9601320578125 0.7625847796875 0.8653234203125001 0.7715501390624999 0.9358434859375 0.9761855515625 1 0.9738635125 1 0.87264879375
1 0.658761228125 0.788954671875 0.562840203125 0.7906555703125 0.6177440875 0.98716181875 0.72402881875 0.9840322234375 0.658761228125 0.788954671875
1 0.289889796875 1 0.2405740125 0.8068033515625 0.1436301328125 0.81132425625 0.182108340625 1 0.289889796875 1
1 0.4011901578125 1 0.3472698875 0.802838690625 0.24428766093749998 0.8086513875 0.2935400640625 1 0.4011901578125 1
1 0.512142525 1 0.4542615578125 0.7996720453124999 0.3491639 0.8031550578125 0.402216996875 1 0.512142525 1
1 0.5130929515625 1 0.6179593624999999 0.994504184375 0.5583315984375 0.7909639 0.456977290625 0.7981553890625 0.5119162390625001 1 0.5130929515625 1
1 0.1780792875 1 0.14167544375000002 0.81198640625 0.036020759375 0.8202167859375 0.06623003281249999 1 0.1780792875 1
1 0.6372085328125 0 0.6596242484375 0.0691012328125 0.738384925 0.06361430625 0.7160053375000001 0 0.6372085328125 0
1 0.49197936562500005 0.06826854375 0.4687623453125 0.0009509234375 0.39304297187500004 0.0049192078125 0.4125165625 0.07364906875 0.49197936562500005 0.06826854375
1 0.7172976453125 0 0.73910793125 0.06487270625 0.8196327125 0.062074796875000005 0.7910455390625 0 0.7172976453125 0
1 0.551796715625 0 0.5759959078125 0.0687266171875 0.657587175 0.06648948437499999 0.633903015625 0 0.551796715625 0
1 0.4869070328125 0 0.46989527343750004 0.0008915484374999999 0.49337860625 0.06985867968750001 0.5748565703125 0.06827307031249999 0.54932034375 0 0.4869070328125 0
1 0.8730787328125 0 0.901618584375 0.059137353125 0.9773734734374999 0.055167207812499994 0.9772749 0.05328631406249999 0.9511534312500001 0 0.8730787328125 0
1 0.7929340453125 0 0.8197168781249999 0.0668277765625 0.8995079890625 0.059247965624999996 0.869904225 0 0.7929340453125 0