1 1 0.42679617187499996 0.98256335625 0.313768334375 0.9129727390625 0.3002654421875 0.9283547171875 0.42041310468750004 1 0.4348798734375 1 0.42679617187499996
1 0.834729940625 0.289243521875 0.8544679937499999 0.41174624218749994 0.9249069296875 0.42276649062500005 0.9045623218750001 0.3001758921875 0.834729940625 0.289243521875
1 0.6559047875 0.26357753437500003 0.5815223140625 0.24841126406249997 0.5766601390625 0.24755393125 0.5909841015625 0.3700797671875 0.6706304875 0.3815169546875 0.6559047875 0.26357753437500003
1 0.6611746703125 0.2628744 0.675466053125 0.3803062578125 0.7564078078125 0.40017862656250003 0.739609115625 0.27681323125 0.6611746703125 0.2628744
1 0.7438912109375 0.27632065 0.7601295859375 0.40380452968749997 0.8433805578125 0.41801724374999993 0.8252653625 0.290219596875 0.7438912109375 0.27632065
1 0.49870495000000004 0.23542244375000002 0.50947498125 0.3591809203125 0.5912523234375 0.3709938546875 0.5768400984375 0.249199778125 0.49870495000000004 0.23542244375000002
1 0.41164479531250003 0.22250636250000003 0.42163098281250005 0.3474530171875 0.5064933234375 0.3604615765625 0.49676793437500005 0.234932334375 0.41164479531250003 0.22250636250000003
0 0.159741803125 0.175847503125 0.0761834140625 0.16029265937499998 0.074852409375 0.30781130624999997 0.16068837656249998 0.32236386875 0.159741803125 0.175847503125
1 0.160048953125 0.17672290156249998 0.1620483375 0.3259128140625 0.24978850156250001 0.34213016875 0.24973312343749998 0.194179125 0.160048953125 0.17672290156249998
0 0.3290965203125 0.20735179375 0.336764821875 0.35968528593750004 0.4192733296875 0.3735821078125 0.40963597343749997 0.21908934218749998 0.3290965203125 0.20735179375
0 0.25032115 0.1934615703125 0.2506838796875 0.3432035859375 0.33590138281250004 0.356274765625 0.3265777015625 0.2085501421875 0.25032115 0.1934615703125
1 0.9287306781250001 0.433985175 0.8477454859375 0.4213943890625 0.8673425453125001 0.584146759375 0.95460356875 0.6002012265625 0.9287306781250001 0.433985175
1 1 0.4483637390625 0.9326564078124999 0.43369542031249997 0.9563602453125 0.6071908890625 0.987269778125 0.6159410125 1 0.543744334375 1 0.4483637390625
1 0.5894194984375 0.38164260781250003 0.5101973953125001 0.3688203015625 0.5203433046875 0.5264406312500001 0.608289725 0.5386080015625 0.5894194984375 0.38164260781250003
1 0.8425544328125 0.42880985000000005 0.7571701156249999 0.4139708875 0.7821944000000001 0.57314079375 0.8645229078125001 0.5809776156249999 0.8425544328125 0.42880985000000005
1 0.6718769359375 0.39885404375 0.59281285625 0.383921846875 0.6080620046874999 0.5372318625 0.6942949265625 0.5591169687499999 0.6718769359375 0.39885404375
1 0.6752627609374999 0.4016652578125 0.696365075 0.5601499828125001 0.7802139265625 0.57426680625 0.7540410671875 0.4140097890625 0.6752627609374999 0.4016652578125
1 0.4340100984375 0.5178976734375 0.5189084140625 0.52819159375 0.5066628375 0.367718365625 0.4251339625 0.35534659999999996 0.42512690781250007 0.3778595828125 0.4340100984375 0.5178976734375
1 0.0755121734375 0.3045787578125 0.028455 0.29487934375 0.0023516875 0.4429185859375 0.069337103125 0.453906778125 0.0755121734375 0.3045787578125
0 0.16365541875 0.3303430890625 0.07738560156249999 0.31167670625 0.0729755671875 0.4545483375 0.162498484375 0.468108334375 0.16365541875 0.3303430890625
0 0.3367709625 0.36180954062500004 0.251541925 0.34564923593749997 0.2548745015625 0.4856432421875 0.344298540625 0.50007513125 0.3367709625 0.36180954062500004
0 0.25056241875 0.344554484375 0.1653656640625 0.32896960625 0.16514998593750002 0.47080117499999996 0.25330539218750003 0.48857066250000003 0.25056241875 0.344554484375
1 0.4199130515625 0.3778057171875 0.3381602828125 0.3635934453125 0.3447768375 0.49949147656250004 0.4308314359375 0.51600120625 0.4199130515625 0.3778057171875
1 0.9357405859375 0.9081775796875 0.9082272171874999 0.717827446875 0.8342965359375001 0.7012631609375 0.849998359375 0.8984872125000001 0.9350820109375 0.9119125406249999 0.9357405859375 0.9081775796875
1 0.1627983140625 0.585428396875 0.0706561234375 0.5657597390625 0.0646914515625 0.7627898015625 0.16275336093749998 0.7811473953125 0.1627983140625 0.585428396875
1 0.7536894609375 0.686623453125 0.7656591140625 0.8873491375 0.8478828140625 0.8986474984375 0.829832478125 0.7018710765625 0.7536894609375 0.686623453125
1 0.2641432359375 0.6037153046875 0.26614493906250003 0.8004447499999999 0.36226340625 0.8179263453125 0.3554636703125 0.6151339734375 0.2641432359375 0.6037153046875
0 0 0.7524370499999999 0.064029946875 0.760384634375 0.0678168125 0.566674959375 0 0.556441440625 0 0.7524370499999999
1 0.642040440625 0.6699222671875 0.6566193515625 0.8687626078124999 0.7459613515625 0.8855826453125 0.7287318375 0.6841511140625001 0.642040440625 0.6699222671875
1 0.3576577421875 0.6213873203125 0.36291888125 0.815908659375 0.4571680515625 0.8303940671875001 0.447415721875 0.6409472843749999 0.3576577421875 0.6213873203125
0 0.1669415140625 0.5852964953125 0.16534777812499998 0.783738125 0.265136615625 0.8008002703124999 0.26067332187500003 0.608552878125 0.1669415140625 0.5852964953125
1 0.5406354343750001 0.6563069046875001 0.5592694125000001 0.8542637671875 0.6553537656249999 0.8685394515624999 0.63941221875 0.6700016046874999 0.5406354343750001 0.6563069046875001
0 0.4580778234375 0.80815521875 0.4594622109375 0.8291986437500001 0.556121975 0.8521088406249999 0.5379135125000001 0.6558378546875 0.45004424375 0.6411862484374999 0.4580778234375 0.80815521875
1 0.080450184375 0 0.0781365875 0.0131210578125 0.076861978125 0.060433371874999996 0.1579118203125 0.07389065624999999 0.1576095125 0 0.080450184375 0
1 0.1580289328125 0 0.15837969062499999 0.0752241390625 0.2394295359375 0.08868142500000001 0.23739684687499998 0 0.1580289328125 0
1 0.919549815625 1 0.9354766109374999 0.909674659375 0.8478819703125 0.8999921953125 0.8586390796875 1 0.919549815625 1
0 0.2383486296875 0 0.23984168437500003 0.0900467609375 0.32051883281250004 0.1068836765625 0.314564390625 0 0.2383486296875 0
1 0.315958346875 0 0.3207560375 0.106925503125 0.3986611671875 0.122838415625 0.39111526875 0.01444210625 0.323849396875 0 0.315958346875 0
1 0.472680728125 0.0344822453125 0.3915521796875 0.014068501562499999 0.3989588828125 0.12245568281250001 0.4788965796875 0.1365508546875 0.472680728125 0.0344822453125
1 0.761510146875 1 0.7474203375 0.8878855546875 0.6576077421875001 0.8715047046875 0.669470340625 1 0.761510146875 1
1 0.667076221875 1 0.6542591734375 0.8714587281249999 0.560376959375 0.8600561578124999 0.572742003125 1 0.667076221875 1
1 0.8569226109375 1 0.844498015625 0.8986720765625 0.75349914375 0.8865143249999999 0.7656068874999999 1 0.8569226109375 1
1 0.5695464890624999 1 0.5556972453125 0.8580364078124999 0.4652228296875 0.8388477999999999 0.47274027343749997 1 0.5695464890624999 1
1 0.06695711875 0.7673570625 0.062876346875 0.9306366125000001 0.16293950468750001 0.948280446875 0.15900162499999998 0.784131459375 0.06695711875 0.7673570625
1 0.1620909265625 0.7866632171875 0.1663088390625 0.9488745515625 0.2667909375 0.96659225625 0.2600868578125 0.8035382359375 0.1620909265625 0.7866632171875
1 0.26179772031250004 0.8042442140625001 0.2678766578125 0.9667836984375 0.370221925 0.9848299296875 0.36127755 0.82375496875 0.26179772031250004 0.8042442140625001
1 0.47051256874999997 1 0.4609208953125 0.838159334375 0.3641563359375 0.8229256749999999 0.37061903906250004 0.9848999515625 0.456255671875 1 0.47051256874999997 1
1 0 0.919549815625 0.0592966625 0.9300054171875001 0.0649778578125 0.7675525328125 0 0.75778020625 0 0.919549815625
1 0.70173515 0.06878951250000001 0.7120257296875 0.1853962828125 0.7871978765625001 0.19732892500000002 0.7738337953125 0.07927680625 0.70173515 0.06878951250000001
1 0.4789134984375 0.13611861249999999 0.5547222234375 0.148302796875 0.5440354968750001 0.0483696953125 0.4738092375 0.034681232812500004 0.4789134984375 0.13611861249999999
1 0.775882640625 0.080299190625 0.787605190625 0.198661734375 0.863853575 0.213489865625 0.8388462796875 0.0940458515625 0.775882640625 0.080299190625
1 0.6215862109375 0.06153037812499999 0.6335472984375 0.16693059062499999 0.710676375 0.1825138828125 0.6976229843749999 0.0711277296875 0.6215862109375 0.06153037812499999
1 0.6186802828125 0.061966810937500005 0.5451219375 0.047412123437499995 0.5556931171875 0.15009215625 0.6325750046875 0.16625986875 0.6186802828125 0.061966810937500005
1 1 0.18049816093749999 0.9869145843749999 0.12478211718750001 0.9140339359375 0.108205971875 0.9415046359374999 0.228504078125 1 0.23881838906250002 1 0.18049816093749999
1 0.8629058015625001 0.217950575 0.9394980703125 0.22815026718750003 0.9166802890625 0.1342148125 0.9098066484375 0.107880315625 0.8440027578124999 0.09759955000000001 0.8629058015625001 0.217950575