1 0.753125 0.3359375 0.10625 0.171875
1 0.57890625 0.3140625 0.0953125 0.1421875
1 0.66015625 0.3265625 0.1 0.1484375
1 0.4875 0.30390625 0.1140625 0.1515625
1 0.2265625 0.2703125 0.1171875 0.1609375
1 0.97890625 0.37734375 0.0421875 0.1640625
1 0.84375 0.359375 0.10625 0.171875
0 0.4109375 0.3 0.1046875 0.1578125
1 0.92734375 0.3734375 0.1015625 0.1671875
0 0.31953125 0.29296875 0.1046875 0.165625
0 0.13203125 0.27265625 0.1109375 0.146875
1 0.603125 0.46796875 0.1046875 0.1703125
1 0.5046875 0.45703125 0.1109375 0.15625
0 0.32421875 0.434375 0.1046875 0.140625
1 0.69296875 0.4859375 0.1140625 0.171875
1 0.871875 0.5125 0.109375 0.1734375
0 0.23125 0.42421875 0.1109375 0.15625
0 0.4125 0.45078125 0.10625 0.15
1 0.9546875 0.52578125 0.090625 0.1828125
0 0.778125 0.50546875 0.11875 0.1578125
1 0.05 0.40625 0.1 0.15
0 0.140625 0.42109375 0.1140625 0.1515625
1 0.209375 0.04453125 0.09375 0.0890625
1 0.1265625 0.03984375 0.0875 0.0796875
1 0.97890625 0.13359375 0.0421875 0.1421875
1 0.54296875 0.07265625 0.0953125 0.1453125
1 0.4609375 0.0671875 0.096875 0.134375
1 0.84921875 0.81796875 0.1140625 0.1890625
1 0.92734375 0.83359375 0.0828125 0.1734375
0 0.74296875 0.8125 0.1171875 0.18125
0 0.2953125 0.05859375 0.103125 0.1171875
1 0.62265625 0.0859375 0.09375 0.1546875
1 0.8625 0.11953125 0.0921875 0.1546875
1 0.37734375 0.065625 0.1015625 0.13125
1 0.64453125 0.803125 0.1265625 0.1875
0 0.05546875 0.72734375 0.1109375 0.2015625
0 0.5484375 0.8015625 0.1296875 0.175
0 0.24921875 0.76171875 0.1234375 0.1859375
1 0.14609375 0.7515625 0.1296875 0.184375
1 0.3453125 0.78125 0.134375 0.190625
1 0.45078125 0.8015625 0.1171875 0.1921875
1 0.7015625 0.096875 0.1 0.1546875
1 0.78359375 0.10859375 0.0953125 0.1546875
0 0.934375 0.1328125 0.1015625 0.15
1 0.78828125 0.96015625 0.1078125 0.0796875
1 0.88515625 0.96640625 0.1140625 0.0671875
1 0.4765625 0.9390625 0.115625 0.121875
1 0.6859375 0.95390625 0.115625 0.0921875
1 0.25859375 0.9140625 0.1234375 0.1265625
1 0.371875 0.93046875 0.121875 0.1265625
1 0.584375 0.95 0.121875 0.1
1 0.153125 0.90234375 0.1140625 0.11875
1 0.053125 0.88671875 0.10625 0.1203125