1 0.917609328125 0.1423991609375 0.8689620874999999 0.0721674625 0.7969647265625001 0.0914803 0.867003715625 0.198351915625 0.9290277203124999 0.18221982812499998 0.917609328125 0.1423991609375
1 0.7179376234375 0.11714025312500001 0.793180828125 0.22423519062500002 0.8648329140625 0.20217575625 0.78897595 0.095277434375 0.7179376234375 0.11714025312500001
1 0.5371003953125 0.1753356921875 0.4598065625 0.19528248125 0.45481600312500003 0.1967135 0.5249538515625 0.3063293984375 0.6054991109375 0.2804155015625 0.5371003953125 0.1753356921875
1 0.5417553390625 0.17223622968750002 0.609509171875 0.2770350375 0.6951752296875 0.25852480624999996 0.6223110468749999 0.1492547859375 0.5417553390625 0.17223622968750002
1 0.62612985 0.1468109984375 0.700367153125 0.2602464265625 0.78560075 0.2353015765625 0.709445 0.12243481249999999 0.62612985 0.1468109984375
1 0.3755480953125 0.2211881671875 0.442897096875 0.3336137671875 0.52562958125 0.30707269375 0.4557463765625 0.1981916796875 0.3755480953125 0.2211881671875
1 0.287314015625 0.24912123749999998 0.354471221875 0.3630357484375 0.44067120312499997 0.3362048671875 0.373491303125 0.2216173359375 0.287314015625 0.24912123749999998
0 0 0.46769969062500005 0.008470464062499999 0.48549779531250004 0.0963037453125 0.45968214375 0.027724089062500002 0.3211341796875 0 0.3287982046875 0 0.46769969062500005
1 0.028418731250000002 0.32182280625000004 0.09922832031249999 0.46242092812499996 0.1896300421875 0.437305553125 0.12122975 0.296985303125 0.028418731250000002 0.32182280625000004
0 0.202309328125 0.272848296875 0.2799279703125 0.4138117484375 0.3643140453125 0.38890995156249997 0.283837246875 0.24680709687500002 0.202309328125 0.272848296875
0 0.12145392031249999 0.2960332109375 0.1909720078125 0.437910503125 0.277536528125 0.41097508749999995 0.20048276875 0.2751476828125 0.12145392031249999 0.2960332109375
1 0.8736287796875001 0.2110527953125 0.7912854984375 0.23649036093750003 0.884989334375 0.381831046875 0.9748630421875 0.35678231875 0.8736287796875001 0.2110527953125
1 0.97975198125 0.3626018390625 0.9807025171875001 0.3624312625 0.9328089921875 0.19540669375 0.8772045328125 0.20896589531249998 0.97975198125 0.3626018390625
1 0.5288169921875 0.31802005625 0.4480327828125 0.34242419687500003 0.5304349578124999 0.48725910937499994 0.6191606359375 0.4582067296875 0.5288169921875 0.31802005625
1 0.7898058953125 0.245920725 0.702267090625 0.2712562265625 0.79944440625 0.41069350312499997 0.8808608937500001 0.380126296875 0.7898058953125 0.245920725
1 0.6146860390625 0.2962860640625 0.5330764640625001 0.31861583125 0.6183097281250001 0.457006440625 0.7099054765624999 0.43796318593750005 0.6146860390625 0.2962860640625
0 0.6191841453125 0.29738994218750003 0.7123388734375 0.4379875609375 0.7980931390625 0.41267578125000004 0.6993282734374999 0.27273743437500003 0.6191841453125 0.29738994218750003
1 0.4449080296875 0.519004965625 0.5298879421875 0.48958238437499996 0.44418375781249997 0.3430103859375 0.361427903125 0.368906665625 0.3718214078125 0.39026565625 0.4449080296875 0.519004965625
1 0 0.5702704171875 0.020481403125 0.6416975578125 0.0707495421875 0.6266291734375 0.0076005875 0.4821268765625 0 0.48407096562499996 0 0.5702704171875
0 0.1027935546875 0.465881675 0.012649871875 0.48799522812499996 0.07448407812499999 0.6255583125 0.1653428078125 0.5970992921875 0.1027935546875 0.465881675
0 0.2809150984375 0.415823975 0.1929126171875 0.43983438125 0.26073382968750003 0.571093928125 0.35190190625 0.543507621875 0.2809150984375 0.415823975
0 0.19148130000000002 0.43924802500000004 0.103775146875 0.463789378125 0.1690923328125 0.59842983125 0.2606034640625 0.5745951359375 0.19148130000000002 0.43924802500000004
0 0.36686969999999997 0.39262116874999997 0.28305203125 0.416874896875 0.35208424374999997 0.542733196875 0.441028259375 0.5186731921875001 0.36686969999999997 0.39262116874999997
1 1 0.511310890625 0.9853788046874999 0.4897685078125 0.907866059375 0.50818060625 1 0.664571140625 1 0.511310890625
1 0.21982370312500002 0.7082502734375 0.1236679171875 0.7321236421874999 0.20905228281250002 0.921778803125 0.3101962296875 0.8939293390625 0.21982370312500002 0.7082502734375
1 1 0.6695095875 0.9039285906250001 0.5108177921875 0.8249335500000001 0.531500040625 0.9289721625 0.7163827281249999 1 0.6930525359375 1 0.6695095875
1 0.32403727031249996 0.6788183859375 0.41681057343749994 0.8645112625 0.5157133890625001 0.8367278828125 0.4156053421875 0.6474984140625 0.32403727031249996 0.6788183859375
0 0.12140771406249999 0.7343023859375 0.053175698437499995 0.75571611875 0.109817546875 0.9532497140625 0.20731609843749998 0.91980260625 0.12140771406249999 0.7343023859375
1 0.711715690625 0.567192303125 0.81734895625 0.7490821796875 0.9095427484374999 0.7237991312500001 0.8002077625 0.5406747281250001 0.711715690625 0.567192303125
1 0.4205674453125 0.6524175765625 0.5154006796874999 0.834511359375 0.6111529765625 0.804748640625 0.5144200609375 0.6295416031250001 0.4205674453125 0.6524175765625
0 0.2236778765625 0.706212734375 0.31384464218749997 0.8951893640625 0.41602199687499997 0.8653139296875001 0.3229931640625 0.68500893125 0.2236778765625 0.706212734375
1 0.609603428125 0.6010833359375 0.7186603875 0.7802634125 0.8160499531250001 0.7494546625 0.7092688078125 0.568480696875 0.609603428125 0.6010833359375
0 0.60173913125 0.7832330171875 0.612768596875 0.8025557265625001 0.714690725 0.7796720500000001 0.6068146703124999 0.6018947796874999 0.51701426875 0.6285550109375 0.60173913125 0.7832330171875
1 0 0.2203451921875 0.0627573234375 0.201666503125 0.0194394484375 0.11764880312499999 0 0.12322297499999998 0 0.2203451921875
0 0.1477912703125 0.181503903125 0.099400146875 0.094720440625 0.020425025 0.11736619374999999 0.0637775171875 0.2027714171875 0.1477912703125 0.181503903125
1 0.2290022203125 0.16056957656249998 0.178089675 0.07215658281250001 0.1006982265625 0.0943482234375 0.1480347375 0.1814340890625 0.2290022203125 0.16056957656249998
1 0.3111551640625 0.1365420890625 0.2613435140625 0.048283928125 0.178554278125 0.072023359375 0.22910673906249998 0.1600690953125 0.3111551640625 0.1365420890625
1 1 0.8602893734375 0.911985271875 0.7253102250000001 0.81954968125 0.7512271015625 0.911108471875 0.9022662609375001 1 0.876777025 1 0.8602893734375
1 0.7223828343750001 0.78524683125 0.8100968953125 0.9312308640625 0.9089023203125001 0.9028988640625 0.8163642203125001 0.7527291203125 0.7223828343750001 0.78524683125
1 1 0.6936275578125 0.9170959703125 0.7212036265624999 1 0.8536885109375 1 0.6936275578125
1 0.6226696406250001 0.8090498953124999 0.70570275 0.961165403125 0.806960021875 0.9321303484374999 0.7170276953125 0.7854909640625001 0.6226696406250001 0.8090498953124999
1 0.36050206875 1 0.30802956406250004 0.8984917375 0.2133031296875 0.925065503125 0.2475143390625 1 0.36050206875 1
1 0.4824199296875 1 0.41251507812500005 0.8702420203125 0.31211837187499997 0.89946739375 0.36434225468750003 1 0.4824199296875 1
1 0.5702704171875 1 0.600337115625 0.9913785125000001 0.517474415625 0.842711946875 0.4144578890625 0.8701220093750001 0.483808859375 1 0.5702704171875 1
1 0.5198116140625 0.8405964906250001 0.6007447171875 0.991261634375 0.7034304375 0.961816978125 0.6182864890624999 0.8103825078125 0.5198116140625 0.8405964906250001
1 0.2443499734375 1 0.21152313125000002 0.9261645125 0.1111035484375 0.9577345359375 0.116318890625 0.975922596875 0.12631564374999998 1 0.2443499734375 1
1 0.5088006140625 0 0.5540148984375 0.07526894687499999 0.6305611156250001 0.051890253124999994 0.5976248015625 0 0.5088006140625 0
1 0.388235425 0.11269034375 0.33473428125 0.027239464062500003 0.26243404375 0.0479712234375 0.3109714703125 0.13612425781249998 0.388235425 0.11269034375
1 0.5989709750000001 0 0.6315617171875 0.0529665421875 0.7104625328124999 0.031837728125 0.6858057 0 0.5989709750000001 0
1 0.429729584375 0 0.414427371875 0.0043878390625 0.4713263828125 0.093976528125 0.5514082640625 0.0731575484375 0.5045694453125 0 0.429729584375 0
1 0.4700977671875 0.093789075 0.41142468125000003 0.0052488453125 0.3359526390625 0.02689010625 0.3899794875 0.113939578125 0.4700977671875 0.093789075
1 0.686193246875 0 0.7116276203125 0.036506615625 0.7887152203125 0.0108285515625 0.7797634296875 0 0.686193246875 0