1 0.8945355453125 0.080315809375 0.8605243874999999 0.0329778984375 0.78936385 0.0534030484375 0.8607925859375 0.158399996875 0.9138830390624999 0.14359861406250002 0.8945355453125 0.080315809375
1 0.7113335203125 0.0802557703125 0.7879343828125001 0.185385428125 0.8587038640625 0.1622369296875 0.7814969375 0.05731316875 0.7113335203125 0.0802557703125
1 0.5327680453125 0.1411839171875 0.45635879687500003 0.1623298046875 0.4514278625 0.16383734218749998 0.523002903125 0.2715595703125 0.6025364328125 0.24442847968749998 0.5327680453125 0.1411839171875
1 0.5373364265625 0.1380242140625 0.6064594624999999 0.2410006015625 0.6912082093749999 0.22113869843749998 0.616931759375 0.11380690156249999 0.5373364265625 0.1380242140625
1 0.620681284375 0.11131306875 0.69639440625 0.2227604640625 0.7806008296875 0.1965119421875 0.7029925078125 0.085662509375 0.620681284375 0.11131306875
1 0.37313760625 0.189516384375 0.44199237187499996 0.300078396875 0.5236869937499999 0.27228659374999997 0.45237772343750005 0.1652902484375 0.37313760625 0.189516384375
1 0.2860038640625 0.218785709375 0.3546942734375 0.330830528125 0.4398273203125 0.30269130624999996 0.371102571875 0.18997810312500002 0.2860038640625 0.218785709375
0 0 0.4318403625 0.013235060937500001 0.458451025 0.10000791406250001 0.431292634375 0.0294728734375 0.2947941234375 0 0.30349780625 0 0.4318403625
1 0.030174785937499997 0.29546649999999997 0.1029602875 0.4339640109375 0.1922960921875 0.40745745468749994 0.12190809218750001 0.2691947625 0.030174785937499997 0.29546649999999997
0 0.20200340625000002 0.24382019531250002 0.28155725781249996 0.38256401875 0.3649227796875 0.35637280625 0.2825105625 0.21654576093750003 0.20200340625000002 0.24382019531250002
0 0.1221140140625 0.268244834375 0.19363938125 0.40803558593749994 0.27913261093749997 0.3797862421875 0.20022980937499998 0.2461363875 0.1221140140625 0.268244834375
1 0.9625032125 0.30262803437499997 0.8675945625000001 0.1709072015625 0.786267096875 0.1975957859375 0.8818716249999999 0.34041351249999996 0.966367325 0.315266975 0.9625032125 0.30262803437499997
0 0.8711089781249999 0.1687721734375 0.9614557828124999 0.29920204375 0.917831253125 0.1565126390625 0.8711089781249999 0.1687721734375
1 0.527044346875 0.28311026875 0.4472470421875 0.30874522187500003 0.5316192296875 0.4512540890625 0.619221540625 0.420864090625 0.527044346875 0.28311026875
1 0.7849631203125 0.2069920296875 0.6984742890625 0.2336682515625 0.7974247296875 0.3705602640625 0.8777418499999999 0.33879028125 0.7849631203125 0.2069920296875
1 0.6119381374999999 0.2600414609375 0.5312847984375 0.28362927187500003 0.6183554671875 0.4196859578125 0.70898353125 0.3991927515625 0.6119381374999999 0.2600414609375
0 0.616424484375 0.2610612734375 0.7114005203125 0.3991752609375 0.7961175765624999 0.3725532 0.6955817796875 0.23519049062500003 0.616424484375 0.2610612734375
1 0.447240778125 0.48426574687499996 0.5311167453125 0.4535720859375 0.443434928125 0.309393690625 0.3617057875 0.3365451671875 0.37240198125 0.357591275 0.447240778125 0.48426574687499996
1 0 0.5747255015625 0.0132689109375 0.6181261546875 0.077558421875 0.5976246546875 0.012312084375 0.45511628125000003 0 0.45849519687500007 0 0.5747255015625
0 0.10656155 0.4373418171875 0.017429354687500002 0.4608610640625 0.081248340625 0.596496534375 0.170979346875 0.5666595875 0.10656155 0.4373418171875
0 0.282572846875 0.38454663125 0.1956003046875 0.4099140640625 0.265254325 0.53918313125 0.355307846875 0.5102080921875001 0.282572846875 0.38454663125
0 0.1941686078125 0.4093559421875 0.1074996578125 0.43524589062499996 0.1747262671875 0.5679174640625 0.26518626562500003 0.5426644890625 0.1941686078125 0.4093559421875
0 0.36752584375 0.36001680937499997 0.284713428125 0.3855542953125 0.355475340625 0.5094354265625001 0.4433820328125 0.48400256875 0.36752584375 0.36001680937499997
1 1 0.46943780156250003 0.98345955625 0.4459493390625 0.9068059937499999 0.4655739671875 1 0.6176925640625 1 0.46943780156250003
1 0.22703268125 0.6761755968750001 0.13196084218749998 0.7015466140625 0.22008064374999997 0.8885419015625 0.3200364015625 0.859134365625 0.22703268125 0.6761755968750001
1 1 0.6225072421875 0.9029420171875 0.4682620125 0.8248562296875 0.4901678828125 0.9314175203125 0.6721010421875 1 0.648238003125 1 0.6225072421875
1 0.3300090703125 0.645143 0.42539720000000003 0.828074340625 0.5231284921875 0.7987708875 0.42039433906249996 0.6124509875 0.3300090703125 0.645143
0 0.0791499078125 0.8336131828125 0.119209778125 0.922558003125 0.2183218125 0.88660793125 0.1297544859375 0.7037503593750001 0.0477945015625 0.7310542734375 0.0791499078125 0.8336131828125
0 0.7130476390625 0.5275757109375 0.8211400640625 0.7065076015625 0.9122525984375001 0.679803709375 0.8004624140625 0.49970852812500005 0.7130476390625 0.5275757109375
1 0.42540838281250004 0.6172540671875 0.522779071875 0.79657370625 0.617346928125 0.7653574015625 0.5182104796875 0.5929136328125 0.42540838281250004 0.6172540671875
0 0.2308244546875 0.6740848421875001 0.323681671875 0.8603239031250001 0.42462815625 0.8288854625000001 0.32908075625 0.6513123968750001 0.2308244546875 0.6740848421875001
1 0.6122362203125 0.5630033046875 0.7236811265624999 0.739183803125 0.8198565796875 0.7069000015625 0.71064028125 0.52889791875 0.6122362203125 0.5630033046875
0 0.607620871875 0.7441388578125 0.6189129125 0.7631506265625 0.71972855625 0.738664215625 0.6094809890625 0.5638574328125 0.5207694375 0.591888796875 0.607620871875 0.7441388578125
1 0 0.19517088437500002 0.06216850625 0.1754794921875 0.03239884375 0.12011414218750001 0 0.13001946250000002 0 0.19517088437500002
0 0.1462605359375 0.1539864796875 0.11239951562499999 0.09565548125 0.033181512499999996 0.11987485625000001 0.063201021875 0.17655995 0.1462605359375 0.1539864796875
1 0.22654248125 0.13179213750000002 0.190574496875 0.0717549921875 0.113351746875 0.09536435625 0.14650109375 0.15391293281250001 0.22654248125 0.13179213750000002
1 0.3077056546875 0.1065080015625 0.27256666093750004 0.046687471875 0.19099432968750002 0.0716266359375 0.2266375 0.1312930234375 0.3077056546875 0.1065080015625
1 1 0.8072675734375 0.914704725 0.681263403125 0.8233631796875001 0.7086012703125 0.9324933890624999 0.881808021875 1 0.8617566328124999 1 0.8072675734375
1 0.8202260984375 0.7101484171875 0.7274652203125 0.7440719796875 0.8339202671875 0.9145089546875 0.93098275625 0.8831245671874999 0.8202260984375 0.7101484171875
1 1 0.6488194593750001 0.91970804375 0.6770951046875 1 0.8006128953125 1 0.6488194593750001
1 0.7221514124999999 0.74440636875 0.62885935 0.7694341171875 0.7303172546875001 0.9478929765625 0.8333860140624999 0.9189458015625 0.7221514124999999 0.74440636875
1 0.3914367875 1 0.317964740625 0.8637051250000001 0.22435972343750002 0.89173500625 0.2760756171875 1 0.3914367875 1
1 0.5144905468750001 1 0.421231928125 0.8338425812500001 0.322042371875 0.864604540625 0.39538010625000003 1 0.5144905468750001 1
1 0.5747254984375 1 0.6287331828125 0.9834881937500001 0.5249822828124999 0.8046870203125 0.4231591953125 0.8336900249999999 0.5156967890625 1 0.5747254984375 1
1 0.5272662109375 0.8025448453124999 0.6285648828125 0.9835396484375 0.7307318031250001 0.9523040875 0.6245298953125 0.7708334546875 0.5272662109375 0.8025448453124999
1 0.27249046875 1 0.2226113125 0.89285759375 0.1213993796875 0.9266307875 0.15336685781249998 1 0.27249046875 1
1 0.5219216890625 0 0.54781055625 0.0414584203125 0.6234171703125 0.016915090625 0.612266621875 0 0.5219216890625 0
1 0.383834325 0.0814854484375 0.346500571875 0.02408360625 0.27332115468749996 0.0464568 0.3075159046875 0.106095953125 0.383834325 0.0814854484375
1 0.425479703125 0 0.46602221562499996 0.0614653875 0.5451849265625001 0.0394050203125 0.518986721875 0 0.425479703125 0
1 0.46479881250000005 0.06130017812500001 0.42309610937500003 0.000666 0.34758049999999996 0.0237534390625 0.3855882296875 0.0826969078125 0.46479881250000005 0.06130017812500001