1 0.989250471875 0.28179383593749996 0.9594040515625 0.207010809375 0.88901953125 0.20949139687499999 0.930766103125 0.3224441375 0.991293190625 0.32077123125 0.989250471875 0.28179383593749996
1 0.8108139484375 0.21631015781250001 0.8573037812500001 0.3305702703125 0.9279545656250001 0.3254949421875 0.8808579218749999 0.21128533124999999 0.8108139484375 0.21631015781250001
1 0.6319676265624999 0.23143418593749998 0.5565726062499999 0.23337491093749999 0.55167420625 0.23363162499999998 0.59292816875 0.34912479531249996 0.6725852999999999 0.3423944609375 0.6319676265624999 0.23143418593749998
1 0.6369118968749999 0.22957460937500002 0.67699568125 0.3401403046875 0.7597922640625 0.3412918390625 0.7159550109375 0.22553873281249998 0.6369118968749999 0.22957460937500002
1 0.7199901296875 0.22410401093750001 0.7642055703125 0.343972171875 0.8479724781250001 0.3391245734375 0.8018700703125001 0.2193721375 0.7199901296875 0.22410401093750001
1 0.47349902187500004 0.23931118593749998 0.5115881765625 0.35679318125 0.593392140625 0.34995033593749997 0.55221630625 0.2351857875 0.47349902187500004 0.23931118593749998
1 0.38633451875 0.246266675 0.42393047656249994 0.3650749890625 0.5089880859375 0.35870055 0.47151436718750006 0.23926953750000002 0.38633451875 0.246266675
0 0.132053709375 0.257395203125 0.047689209375 0.2610113640625 0.0793751609375 0.4042168515625 0.165720403125 0.399120440625 0.132053709375 0.257395203125
1 0.13254671406250002 0.258174559375 0.1678301796875 0.402254353125 0.25639088125 0.3983448953125 0.22326620468749997 0.2550305421875 0.13254671406250002 0.258174559375
0 0.30303731875 0.25004472187500004 0.3445111796875 0.39590219375 0.42748874218750005 0.3909146015625 0.3836261109375 0.24340565625 0.30303731875 0.25004472187500004
0 0.22367504375 0.2542039234375 0.257497578125 0.3991845421875 0.3429129921875 0.392791346875 0.300866875 0.2517688578125 0.22367504375 0.2542039234375
1 0.934163775 0.3355079359375 0.852952771875 0.34142010625 0.9083030031250001 0.4947033671875 0.9963634671875001 0.49074325625000004 0.934163775 0.3355079359375
1 1 0.4869070390625 0.99196965 0.33367884062500003 0.93789925625 0.3343493875 0.9996263734375 0.497121634375 1 0.49713997499999996 1 0.4869070390625
1 0.593998184375 0.3606761 0.5144421625 0.365969734375 0.5594961875 0.5163947703125 0.6473512703125001 0.5085157921875 0.593998184375 0.3606761
1 0.8495851984374999 0.349764584375 0.7636131515625 0.35448255156249997 0.8234163578125001 0.5030817187500001 0.9048651015625 0.4922637890625 0.8495851984374999 0.349764584375
1 0.677667215625 0.35891094375 0.59779255 0.36212529843749997 0.6468232234375 0.5072335859375 0.7351917546875 0.5091517703124999 0.677667215625 0.35891094375
1 0.6815732015625 0.3608771734375 0.7374266390625001 0.509689584375 0.8217508828125 0.5046153984374999 0.7605928125 0.355219934375 0.6815732015625 0.3608771734375
1 0.474012909375 0.52742414375 0.55849855 0.51841186875 0.510774271875 0.36569261875 0.42908591874999996 0.3719385375 0.43411134999999995 0.393749440625 0.474012909375 0.52742414375
1 0 0.4490741390625 0.0157210890625 0.552837834375 0.10669244062500001 0.5469793140625 0.07929127500000001 0.40093780625 0 0.402809365625 0 0.4490741390625
0 0.17037617968750002 0.4061867921875 0.0826914046875 0.40739497656249996 0.1103580109375 0.5467872093749999 0.20005048906249998 0.5399048015625 0.17037617968750002 0.4061867921875
0 0.3449919515625 0.397958678125 0.258874865625 0.40136188125 0.2933933734375 0.5362350734375 0.3831850265625 0.530219415625 0.3449919515625 0.397958678125
0 0.2576819609375 0.40052037812499997 0.17172474843750002 0.404473803125 0.20321916406249999 0.5419205625 0.29252877499999996 0.5394218703125 0.2576819609375 0.40052037812499997
1 0.42905210781249997 0.3948631484375 0.34673561406250003 0.399376153125 0.383517571875 0.52954705 0.47051193593749996 0.5262977453125 0.42905210781249997 0.3948631484375
1 1 0.6723592796875 0.9777621125 0.6150633937500001 0.9024919484374999 0.615548771875 0.9617768046874999 0.80309730625 1 0.800401696875 1 0.6723592796875
1 0.2265649484375 0.653490903125 0.1329714671875 0.655041284375 0.171239 0.8472468296875 0.2702699296875 0.843102628125 0.2265649484375 0.653490903125
1 0.8211889843750001 0.6193915078125001 0.8776436734375 0.811166796875 0.9597647078125 0.80372565 0.8983064609375001 0.6171359109375001 0.8211889843750001 0.6193915078125001
1 0.32875814999999997 0.6485440953125 0.374670234375 0.838677028125 0.4716240296875 0.8341187874999999 0.41971204531249995 0.6391853390625 0.32875814999999997 0.6485440953125
0 0.0355941484375 0.6638929015625 0.07030205625 0.8554205906250001 0.170061021875 0.845064759375 0.1304274859375 0.6565628109375 0.0355941484375 0.6638929015625
1 0.709375490625 0.6281786140625 0.7679346125000001 0.8175440203125 0.8581806640625 0.8138602125000001 0.7964764609375 0.6225773171875 0.709375490625 0.6281786140625
1 0.42323378125 0.6447526109374999 0.47180754374999995 0.8320175937500001 0.5662820625 0.824974815625 0.514494965625 0.6436300734375 0.42323378125 0.6447526109374999
0 0.2305462328125 0.6524366453125 0.2733605203125 0.8450322343750001 0.3737736078125 0.8392469109375 0.3264804765625 0.654006390625 0.2305462328125 0.6524366453125
1 0.6081683390625 0.6376643859375 0.6704554328125 0.825267159375 0.7666595953125 0.817610840625 0.7068490109375001 0.6288431765625 0.6081683390625 0.6376643859375
0 0.5621917703125 0.80322761875 0.5682356828125 0.82330375 0.6669269140625 0.8238833968750001 0.6054285765625 0.63781865625 0.517092884375 0.6432737937499999 0.5621917703125 0.80322761875
1 0.08385459843750001 0.0584702625 0.0055171171875 0.0628782125 0.0260248265625 0.16412150781249998 0.1074921015625 0.1590342953125 0.08385459843750001 0.0584702625
1 0.16399084531250002 0.0542705 0.08425448906250001 0.0584247953125 0.1082430875 0.16022147656250002 0.1897103640625 0.1551342640625 0.16399084531250002 0.0542705
1 1 0.8003407375 0.9600644671874999 0.8050285078125 1 0.920171415625 1 0.8003407375
0 0.24215376875 0.05081325625000001 0.1648944484375 0.053568125 0.19041452812499998 0.15636476562499999 0.272276459375 0.15463489375 0.24215376875 0.05081325625000001
1 0.31995319218749996 0.0492962921875 0.243513653125 0.050471653125 0.27251543125 0.15462236875 0.35148740625 0.15261723437500002 0.31995319218749996 0.0492962921875
1 0.40339104687500005 0.050470884375000004 0.320292625 0.048836665625 0.35169005625 0.1521798921875 0.43222331875000003 0.1479593234375 0.40339104687500005 0.050470884375000004
1 0.7695043421875 0.8199793921874999 0.8235458671875 0.9837298531249999 0.9198922734374999 0.9786805515625 0.8601077781249999 0.8157648937499999 0.7695043421875 0.8199793921874999
1 0.6728223359375 0.8306308421875 0.7243753046875 0.9889271609374999 0.8214259484375 0.9838409531250001 0.766252528125 0.8206836390625 0.6728223359375 0.8306308421875
1 1 0.9241750578125 0.9564935921875 0.804506346875 0.865685775 0.8130772171875 0.9229080671875 0.9785225000000001 1 0.9744822843750001 1 0.9241750578125
1 0.575969021875 0.8313631625 0.621654890625 0.9943105109375001 0.721352903125 0.9890855593750001 0.66784073125 0.8297206703125 0.575969021875 0.8313631625
1 0.3065358734375 1 0.26730513125 0.8468323640625 0.17445315781249998 0.851164703125 0.20490254375 1 0.3065358734375 1
1 0.412574825 1 0.3694972671875 0.8430284953125 0.2708616046875 0.848594178125 0.309965603125 1 0.412574825 1
1 0.513092971875 1 0.5182887953125 0.9997276984375001 0.47197253906250003 0.8399856874999999 0.37131125 0.8433298359375 0.41368209531250005 1 0.513092971875 1
1 0.47457393750000004 0.838538575 0.518594325 0.9997116859374999 0.6195010062499999 0.994423390625 0.5716507015625 0.8316581875000001 0.47457393750000004 0.838538575
1 0.201365696875 1 0.1725808546875 0.851796653125 0.0713850515625 0.859668809375 0.095034196875 1 0.201365696875 1
1 0.63279269375 0.03248608125 0.668819121875 0.1431471125 0.744255771875 0.137897246875 0.70493100625 0.026523318750000004 0.63279269375 0.03248608125
1 0.432143078125 0.1475368078125 0.5082521875 0.1423882734375 0.4755692890625 0.0479683484375 0.4045279640625 0.0504113015625 0.432143078125 0.1475368078125
1 0.7071428953125001 0.027055600000000003 0.7449479890624999 0.1390973171875 0.8220736953125 0.136411778125 0.7711667484375 0.026293046874999997 0.7071428953125001 0.027055600000000003
1 0.5535829796875 0.0433762609375 0.5887215515625 0.142807453125 0.666868603125 0.1406565390625 0.629334621875 0.035670753124999996 0.5535829796875 0.0433762609375
1 0.550867490625 0.0444488578125 0.4764069609375 0.0467977609375 0.5095920171875 0.1439046015625 0.5876304125 0.1423751140625 0.550867490625 0.0444488578125
1 0.8471163140625 0.023197571875 0.9005988374999999 0.1335928484375 0.9739252296875 0.12974997500000002 0.9213726609374999 0.022958484374999998 0.8471163140625 0.023197571875
1 0.8221533046875 0.1409450015625 0.8985773265624999 0.1336987921875 0.8554917609375 0.047801728125 0.8429513515625 0.0238273734375 0.77695275625 0.028582610937500003 0.8221533046875 0.1409450015625
1 0.9742204781250001 0.12843810312499998 0.9812158 0.128483159375 0.9754965625 0.019353593750000002 0.924569990625 0.021860126562500002 0.9742204781250001 0.12843810312499998