1 1 0.306294775 0.934721034375 0.29124693437500004 0.94590055 0.4118582296875 1 0.4247622921875 1 0.306294775
1 0.8569105578125 0.27750109375 0.8723613046875001 0.40061803749999997 0.9423727312500001 0.41408985625000005 0.926318865625 0.29086392031249997 0.8569105578125 0.27750109375
1 0.6790900703125 0.245609834375 0.6052822046874999 0.2278568921875 0.6004529125 0.22683039374999997 0.6104920609375 0.3497814875 0.6896907765625 0.363991328125 0.6790900703125 0.245609834375
1 0.6843812828125 0.24509104375000001 0.6945656484375 0.362950128125 0.774764559375 0.3856352171875 0.7622814906250001 0.26175870625000003 0.6843812828125 0.24509104375000001
1 0.76657816875 0.26141586875 0.7783575296875 0.3893888 0.8610617703125 0.40649827343749995 0.8474176828125 0.278146265625 0.76657816875 0.26141586875
1 0.5229685953125001 0.2119857 0.5294129546875 0.3360446546875 0.61072821875 0.3507043796875 0.6005753234375 0.22848151875 0.5229685953125001 0.2119857
1 0.4364122390625 0.19603913125 0.44203176875 0.32125818437500003 0.526388421875 0.337220471875 0.5210498625 0.21142828749999998 0.4364122390625 0.19603913125
0 0.186291071875 0.14061740625000002 0.10332643906250001 0.12215589375 0.0968479203125 0.269538225 0.18212371875 0.2870775546875 0.186291071875 0.14061740625000002
1 0.18656748125 0.1415029921875 0.1833589953125 0.2906717984375 0.270479734375 0.3099413625 0.27558780625 0.1620785140625 0.18656748125 0.1415029921875
0 0.3544431375 0.1780129 0.35679040624999997 0.33052121562500003 0.438763659375 0.347289075 0.4345238953125 0.1925540859375 0.3544431375 0.1780129
0 0.27620051874999996 0.1613819171875 0.2713371046875 0.3110453734375 0.35604651875000004 0.3270826390625 0.35188403125 0.1791226125 0.27620051874999996 0.1613819171875
1 0.945802625 0.425435153125 0.8653061781250001 0.4100256953125 0.8792113234375 0.5733628484375 0.9658588953124999 0.5924529015625 0.945802625 0.425435153125
0 1 0.4380833421875 0.949736075 0.42528258125 0.96737056875 0.5994996140625 0.9885734828125001 0.6063096515625 1 0.552552115625 1 0.4380833421875
1 0.6085248734375 0.3612826828125 0.5297985203125 0.345703375 0.5344373796874999 0.503581775 0.6219055890625 0.5188110171875 0.6085248734375 0.3612826828125
1 0.859859490625 0.41725547343749997 0.775045059375 0.3994456796875 0.79449915 0.5593919609375 0.8765040046875001 0.57009723125 0.859859490625 0.41725547343749997
1 0.6903314093749999 0.38136135625 0.6118366171875 0.363678959375 0.6217260359375001 0.5174277703125 0.7071426484375001 0.5423090312500001 0.6903314093749999 0.38136135625
0 0.6936170609375 0.384289021875 0.7091754828125 0.5434136625 0.7924805874999999 0.56044816875 0.7719165593749999 0.39937535625 0.6936170609375 0.384289021875
1 0.4484549109375 0.49203103593749997 0.5329422562499999 0.50528159375 0.5263045749999999 0.34447875625 0.4452571328125 0.3292692109375 0.444464390625 0.35176823437500004 0.4484549109375 0.49203103593749997
1 0.09762009375 0.2663306703125 0.0413990078125 0.2526808625 0.0100621609375 0.40010914062499997 0.0862373140625 0.41535221875 0.09762009375 0.2663306703125
0 0.184810484375 0.2951554625 0.0992446671875 0.2734896765625 0.089851171875 0.41612036718749995 0.1788463171875 0.43279640781250006 0.184810484375 0.2951554625
0 0.35672240624999996 0.332644390625 0.2721092765625 0.3135194796875 0.2705541 0.4535445109375 0.35941999999999996 0.4710884609375 0.35672240624999996 0.332644390625
0 0.2711685734375 0.3123912109375 0.186567621875 0.2938425015625 0.181402225 0.43558014375000004 0.26888378125 0.4564153859375 0.2711685734375 0.3123912109375
0 0.439255590625 0.3515324390625 0.3580486234375 0.3344756953125 0.359918375 0.47052185625 0.44534436875 0.490024790625 0.439255590625 0.3515324390625
1 0.9328602125 0.8684199843749999 0.9154056984375 0.70838895625 0.842098140625 0.6892546171875 0.8509073796875001 0.886906509375 0.92584421875 0.9014276390625 0.9328602125 0.8684199843749999
1 0.175051553125 0.5500554671875 0.08365191875 0.5271830734375 0.070814628125 0.7238849468749999 0.16817613125 0.7456536687499999 0.175051553125 0.5500554671875
1 0.7620510875 0.67181068125 0.7670082218750001 0.8728318234374999 0.8487875296875 0.8869928671875 0.8376155859375001 0.68970636875 0.7620510875 0.67181068125
1 0.275696534375 0.5718681203125 0.270831259375 0.7685475828125 0.36628107499999996 0.7893730140625 0.36656283125 0.5864668703125 0.275696534375 0.5718681203125
0 0 0.7102387 0.0702374671875 0.721458159375 0.0807823953125 0.527998646875 0 0.5129081249999999 0 0.7102387
0 0.65105294375 0.6512231749999999 0.6586835468750001 0.850451184375 0.7473841125 0.8703789656250001 0.7371949515625 0.6684688390625 0.65105294375 0.6512231749999999
1 0.36853732968749997 0.59279298125 0.367006565625 0.7873794328125 0.46069278750000003 0.8051452640625 0.45755799843749995 0.6154735375 0.36853732968749997 0.59279298125
0 0.1791968328125 0.550068240625 0.17067855468749998 0.7483333640625001 0.26981114375000004 0.768867696875 0.27205990625 0.57658165 0.1791968328125 0.550068240625
1 0.55018488125 0.634077121875 0.5618989109375 0.8325637109375 0.65742651875 0.8501839953125 0.648423553125 0.6512107390625 0.55018488125 0.634077121875
0 0.46237813125000005 0.7829517140625 0.463027271875 0.804030634375 0.558828596875 0.830300253125 0.5474809875 0.6335133640625 0.46017657968750003 0.6158040890625001 0.46237813125000005 0.7829517140625
1 0.108875453125 0 0.107489628125 0.02238111875 0.1880204453125 0.038658803125 0.1892121046875 0 0.108875453125 0
1 0.18965185 0 0.18844149375000002 0.040007803125000005 0.2689723125 0.056285489062500006 0.26964717031249996 0 0.18965185 0
1 0.9048920171875 1 0.9262219015625 0.8996507812500001 0.8487397578125 0.8883367156249999 0.8568208390625 1 0.9048920171875 1
0 0.2703935078125 0 0.269336559375 0.057664378125000006 0.3493769625 0.07730662968749999 0.3477729703125 0 0.2703935078125 0
1 0.34884416875 0 0.3496125609375 0.07735670781250001 0.4269148796875 0.0959787765625 0.4235931453125 0 0.34884416875 0
1 0.424038696875 0 0.427225775 0.09560666718750001 0.5066228609375 0.11248303906249998 0.5039729390625001 0.010259675 0.4684825359375 0 0.424038696875 0
1 0.7602613375 1 0.7487618375 0.8727313890625 0.6595756359375 0.853226103125 0.6679731734375001 1 0.7602613375 1
1 0.6657178218750001 1 0.6562307125 0.8530632921875 0.562803634375 0.8383912265625 0.5714128609375 1 0.6657178218750001 1
1 0.8552802296875001 1 0.8454039359375001 0.8868993015625 0.7548847953125 0.8715731421875 0.7640676328125 1 0.8552802296875001 1
1 0.5684213109375 1 0.5581972562499999 0.8362093859374999 0.46844763125 0.81387495625 0.470626828125 1 0.5684213109375 1
1 0.072919521875 0.728528496875 0.061559129687500005 0.9179768140625001 0.162237846875 0.9393767359374999 0.164322540625 0.7485049828125 0.072919521875 0.728528496875
1 0.167321603125 0.7511430125 0.1656379796875 0.9400994562499999 0.2658440765625 0.9613989187499999 0.2646689078125 0.7714277593750001 0.167321603125 0.7511430125
1 0.2663540890625 0.7721930171875 0.26682303125 0.961607003125 0.3689624640625 0.9833174093749999 0.365092403125 0.79516368125 0.2663540890625 0.7721930171875
1 0.46871463437500005 1 0.46417234374999994 0.8130367749999999 0.367998375 0.794435359375 0.3689374484375 0.9833120921875 0.4474478796875 1 0.46871463437500005 1
1 0 0.9048920171875 0.05774310781250001 0.91716569375 0.0709346453125 0.7286547718749999 0 0.7154400812499999 0 0.9048920171875
1 0.7316905203124999 0.0525399296875 0.7379053140625 0.1694348015625 0.812615221875 0.18398364375 0.80337924375 0.0655370390625 0.7316905203124999 0.0525399296875
1 0.5066548531249999 0.11205164999999999 0.5819921765625 0.1268740984375 0.5747995734375 0.0266289125 0.5050938140625 0.010497925 0.5066548531249999 0.11205164999999999
1 0.8053911593749999 0.06663030625000001 0.8129757765625 0.18532985625 0.8886602187499999 0.20280998437500003 0.8678366921875 0.0825659921875 0.8053911593749999 0.06663030625000001
1 0.65184374375 0.042488059375 0.66011913125 0.1482415 0.7366573734374999 0.166507065625 0.7274992578125 0.054733209375 0.65184374375 0.042488059375
1 0.64892435625 0.0428228109375 0.575918771875 0.0257098390625 0.58290003125 0.1286962515625 0.6591708390625 0.1475372546875 0.64892435625 0.0428228109375
1 1 0.11455228906249999 0.9424843640624999 0.0993414984375 0.965739984375 0.22052503437499998 1 0.227807225 1 0.11455228906249999
0 0.8875573453125 0.2072349 0.9637469921875 0.2201014109375 0.9442214109375 0.1254268515625 0.9382710171875001 0.098868509375 0.87286600625 0.086297484375 0.8875573453125 0.2072349