1 1 0.31918772500000003 0.972147421875 0.2322797671875 0.9013012609375 0.22982949062500002 0.935289096875 0.3460916625 1 0.34882171562500003 1 0.31918772500000003
0 0.8222975546875 0.23118313906250001 0.8609562468749999 0.349089934375 0.9322519093749999 0.3489554265625 0.8929803828124999 0.231056721875 0.8222975546875 0.23118313906250001
0 0.6416589890625 0.23380755937500003 0.5658197609375 0.23046399218750002 0.56088333125 0.2303778265625 0.5941982078125 0.349154403125 0.674653184375 0.3479913421875 0.6416589890625 0.23380755937500003
1 0.646753996875 0.2322886890625 0.679239821875 0.3460391015625 0.7622937703125 0.353004728125 0.7264033000000001 0.23378606093749998 0.646753996875 0.2322886890625
1 0.73055561875 0.2326296765625 0.7665369453124999 0.35600377656250004 0.8509863187500001 0.3570181859375 0.81310219375 0.23362778281250002 0.73055561875 0.2326296765625
1 0.48199011875000003 0.23059057656249998 0.5119876421875 0.351140575 0.5946061203124999 0.350015278125 0.56131854375 0.23197525937500002 0.48199011875000003 0.23059057656249998
1 0.393981296875 0.231452721875 0.4233905015625 0.3532988921875 0.5092430343750001 0.3528718984375 0.4800002796875 0.23040951562499998 0.393981296875 0.231452721875
0 0.13788059531250002 0.22477461875000002 0.0529176359375 0.2224826953125 0.07468001875 0.3683933578125 0.1617357234375 0.36933905 0.13788059531250002 0.22477461875000002
0 0.1383209046875 0.2255911921875 0.1636341203125 0.37263155625 0.2528310109375 0.3749236625 0.229631671875 0.22880280625 0.1383209046875 0.2255911921875
0 0.31007863125 0.22939812656249997 0.341482734375 0.3786565546875 0.4251493671875 0.3794751078125 0.39146267031250004 0.2283920203125 0.31007863125 0.22939812656249997
0 0.23010020781249999 0.228002096875 0.2538832828125 0.3758437953125 0.3400964 0.37542309375 0.3077782859375 0.2309757515625 0.23010020781249999 0.228002096875
1 0.9377835718749999 0.3594378265625 0.8558258078125001 0.359670928125 0.9006416765624999 0.5173538921875 0.989339840625 0.5195600703125 0.9377835718749999 0.3594378265625
1 1 0.36189151875 0.941615640625 0.35853751875 0.992168315625 0.526188875 0.9996035453125 0.5270762859375 1 0.5043634171875 1 0.36189151875
1 0.59446169375 0.3608196453125 0.5142090953125 0.3605482703125 0.5488873437499999 0.5146408609375 0.6376543921875 0.51290058125 0.59446169375 0.3608196453125
1 0.8518587 0.367807153125 0.7652042796875 0.3665079328125 0.81482013125 0.5198035328125 0.8973609874999999 0.5146648546875 0.8518587 0.367807153125
1 0.678596403125 0.3649199953125 0.5981698234375 0.3625399859375 0.6372142015625 0.5115770078125 0.7258090375 0.5197028718750001 0.678596403125 0.3649199953125
1 0.682380315625 0.3671669390625 0.728015296875 0.5203993234375 0.813040190625 0.521225496875 0.7621198390624999 0.36703584375 0.682380315625 0.3671669390625
1 0.462280628125 0.5197085718750001 0.5477440296875 0.516594734375 0.5105456734375 0.360012828125 0.428085184375 0.36054730468749996 0.431600021875 0.3827842203125 0.462280628125 0.5197085718750001
1 0 0.508928671875 0.00033277031249999997 0.51304728125 0.0920869828125 0.5135529359375 0.0748259765625 0.365097396875 0.002337059375 0.3617465109375 0 0.4956365890625 0 0.508928671875
0 0.1659144625 0.3767558859375 0.077786703125 0.37181488906250004 0.0957810125 0.513617415625 0.186323003125 0.5130059953125 0.1659144625 0.3767558859375
1 0.34182110468750004 0.38075369531250003 0.25511335 0.37812510781249997 0.2803047828125 0.5158742281250001 0.370885509375 0.516139434375 0.34182110468750004 0.38075369531250003
0 0.25397464531249997 0.377197065625 0.1673887921875 0.3751317703125 0.189363115625 0.515250896875 0.2792129421875 0.51901106875 0.25397464531249997 0.377197065625
1 0.42644192968750005 0.38354664375 0.34347238281250003 0.3822983 0.3712666140625 0.5154881421875 0.4588444265625 0.5183327046875 0.42644192968750005 0.38354664375
1 0.99568028125 0.7518399515625 0.961935253125 0.642992978125 0.886323559375 0.63819793125 0.9326847046875001 0.8305375187499999 0.994307234375 0.830501765625 0.99568028125 0.7518399515625
1 0.2049720453125 0.62883475 0.11088742031250001 0.623822459375 0.135818475 0.8193598359375001 0.23554484062499997 0.8221511546875 0.2049720453125 0.62883475
1 0.804418734375 0.6363481875 0.8476414359375 0.8327301374999999 0.9306202796875 0.8310267765624999 0.8820095578125 0.6394966953125001 0.804418734375 0.6363481875
1 0.3079299453125 0.631042675 0.3406822703125 0.825036921875 0.43835208281250004 0.8272670484375 0.39991234531250003 0.6280350984374999 0.3079299453125 0.631042675
0 0.0124909609375 0.6258704296875 0.0338954328125 0.8204778765625 0.134788865625 0.8170877624999999 0.1082262375 0.625170578125 0.0124909609375 0.6258704296875
1 0.6915316578125 0.6373183765625 0.7370365609375 0.8314300171875001 0.827909846875 0.834066803125 0.779381621875 0.63781051875 0.6915316578125 0.6373183765625
1 0.40305764374999997 0.6338682296875 0.43868385 0.8251716640625 0.5340386734375 0.8247349140625 0.4947704078125 0.6391461359374999 0.40305764374999997 0.6338682296875
0 0.2090436015625 0.6280563328125 0.238512596875 0.8243041328125 0.33974197500000003 0.8255458015625001 0.30525951406249996 0.6363635046875 0.2090436015625 0.6280563328125
1 0.5892452046875001 0.6397338765625 0.6386170421874999 0.8323385671875 0.7357516484375 0.8314075875 0.6889482046875 0.6378078796875 0.5892452046875001 0.6397338765625
0 0.5314583234375 0.8026275421875001 0.5361175828125 0.823195321875 0.63517125 0.8307025390625 0.58648341875 0.6396964046875 0.4974039484375 0.6389709671875 0.5314583234375 0.8026275421875001
1 0.10344909843750001 0.0217983046875 0.02448219375 0.020723773437500002 0.0379664109375 0.12374669062500002 0.120123578125 0.12435930312500001 0.10344909843750001 0.0217983046875
1 0.1842075046875 0.0232079484375 0.103853815625 0.0217807453125 0.1207942921875 0.125603178125 0.2029514625 0.1262157921875 0.1842075046875 0.0232079484375
1 0.99134863125 1 0.9943270046875 0.8293691578125 0.9308298031250001 0.8323550515625 0.9761872171875 1 0.99134863125 1
0 0.2629324015625 0.025224129687500003 0.1851641046875 0.0225666203125 0.203572121875 0.1274998453125 0.28588987499999996 0.13150878593749998 0.2629324015625 0.025224129687500003
1 0.3411561046875 0.0291616078125 0.2643218203125 0.0249768046875 0.2861307015625 0.1315129890625 0.36556601718750004 0.1350429390625 0.3411561046875 0.0291616078125
1 0.4248523234375 0.0361953703125 0.34152918906249996 0.0287242546875 0.365800196875 0.1346183453125 0.44695869843749997 0.13603497343749998 0.4248523234375 0.0361953703125
1 0.877209934375 1 0.829711125 0.8361131234375 0.738441740625 0.8339837359375 0.780680253125 1 0.877209934375 1
1 0.778537428125 1 0.7351272078125 0.8344621562500001 0.640617084375 0.8378863859375001 0.6811849828125001 1 0.778537428125 1
1 0.9755445343750001 1 0.9272809984375 0.8315805515625 0.8355005828125 0.8338078421875 0.88031101875 1 0.9755445343750001 1
1 0.6781497015625 1 0.6356790250000001 0.8366235703125 0.5433167421875 0.8318245234375 0.5780548421875 1 0.6781497015625 1
1 0.1387707265625 0.8235164390625 0.1614443296875 0.994166653125 0.2634759625 0.995947621875 0.23230610624999998 0.8256853812499999 0.1387707265625 0.8235164390625
1 0.2357534265625 0.8277026953125001 0.2669150109375 0.9960076499999999 0.36906916875 0.9977907578125 0.3351827015625 0.8290400140624999 0.2357534265625 0.8277026953125001
1 0.3369829390625 0.8294696625 0.37013759375 0.9978094078125 0.474211575 0.9996260250000001 0.43829016093749995 0.833178134375 0.3369829390625 0.8294696625
1 0.5759119515625 1 0.5389600703124999 0.8318175046875 0.44100377343749997 0.8319087062499999 0.4744718375 0.99963056875 0.49563654843749994 1 0.5759119515625 1
1 0.034684628125 0.8248163796875 0.05101351875 0.9922390765625 0.1577212 0.9941016656249999 0.13684641250000001 0.8240191250000001 0.034684628125 0.8248163796875
1 0.6564535453125 0.034248253125 0.68485875 0.1478095984375 0.7609720765625 0.147835815625 0.7293051109375 0.033327715625 0.6564535453125 0.034248253125
1 0.44690779062499997 0.1356054046875 0.5236892125 0.135780484375 0.4975010734375 0.0387494984375 0.42599806874999996 0.03621536875 0.44690779062499997 0.1356054046875
1 0.73148866875 0.034017004687500005 0.7615828765625 0.149088496875 0.839212146875 0.1518061921875 0.7958275718750001 0.0377447390625 0.73148866875 0.034017004687500005
1 0.57615579375 0.039616546875000005 0.6044578453125 0.14184798125 0.6830751 0.145173771875 0.6527577859375 0.0372009671875 0.57615579375 0.039616546875000005
1 0.5733539140625 0.0405021921875 0.4984243421875 0.03763375625 0.5249280703125 0.1373959328125 0.6033925984375 0.1413376171875 0.5733539140625 0.0405021921875
1 0.872304675 0.03996858125 0.9182559328125001 0.1544882546875 0.9921516109375 0.1557781078125 0.9468811203125 0.044939603125 0.872304675 0.03996858125
1 0.8389738515625 0.15636024843750002 0.916218725 0.15445269374999998 0.8789871265625001 0.06524323125 0.8680784875 0.040308228125 0.8014764874999999 0.0404480328125 0.8389738515625 0.15636024843750002
1 1 0.0450901890625 0.9501686156250001 0.044061921875 0.9925401578124999 0.15448254374999998 1 0.155052175 1 0.0450901890625