1 1 0.3855484921875 0.98069594375 0.2832256734375 0.9080664468749999 0.2717408828125 0.9282790484375001 0.3963240828125 1 0.408226728125 1 0.3855484921875
1 0.82655460625 0.2631612921875 0.851367096875 0.3900361328125 0.9247879890625 0.39890338125 0.8993435125 0.27195949375 0.82655460625 0.2631612921875
0 0.640241134375 0.2430574859375 0.5625844921875001 0.23001771249999997 0.5575130515625 0.22930496875 0.576713140625 0.3564046640625 0.6596949359375001 0.36536477500000003 0.640241134375 0.2430574859375
1 0.6456798859374999 0.2421296265625 0.6646653796875001 0.3639243125 0.74928960625 0.38162301875 0.7274939671875 0.2537405546875 0.6456798859374999 0.2421296265625
1 0.7319160734375 0.2530686546875 0.7532769828125 0.385261978125 0.8400944640624999 0.396979584375 0.8167765671874999 0.26452901875 0.7319160734375 0.2530686546875
1 0.47626001249999994 0.2195589140625 0.4918192078125 0.348074403125 0.577023675 0.357346890625 0.5577580531249999 0.2310127171875 0.47626001249999994 0.2195589140625
1 0.38553927187500003 0.2093332234375 0.400327971875 0.339115465625 0.48877334531249994 0.34951899062499997 0.4742343546875 0.219120215625 0.38553927187500003 0.2093332234375
0 0.0367073296875 0.20385037499999997 0.039387596875 0.3106820265625 0.1288972125 0.3226577796875 0.1227149484375 0.1700718953125 0.043135628125 0.158110646875 0.0367073296875 0.20385037499999997
0 0.12306446874999999 0.170972378125 0.13043317031249999 0.3263041578125 0.22197611562500003 0.33994345312499996 0.21666689843750003 0.1858300671875 0.12306446874999999 0.170972378125
0 0.29941689843749997 0.1966084609375 0.3127746109375 0.35500457343749997 0.3988111046875 0.3664206578125 0.38333527031250003 0.205848328125 0.29941689843749997 0.1966084609375
0 0.2172510828125 0.185060809375 0.2229425296875 0.34102838750000003 0.3117583484375 0.35148397187499997 0.29684797500000004 0.1979501484375 0.2172510828125 0.185060809375
1 0.9291506046875 0.41044769375 0.8447398140625 0.40033556875 0.8708348640624999 0.5691422968750001 0.9618752625000001 0.582629684375 0.9291506046875 0.41044769375
1 1 0.42213700000000004 0.9332104390625 0.41000028437499997 0.9639446625 0.5898454265625 0.9913387124999999 0.596591665625 1 0.5349634046875 1 0.42213700000000004
1 0.5755014359375 0.36850729375 0.4929103625 0.35808861875 0.509024471875 0.5218999656250001 0.6006374984375 0.5313128828125 0.5755014359375 0.36850729375
1 0.8396210578125001 0.40825250312500005 0.7505695359375 0.39596166718750003 0.7821642578125 0.5608354015625 0.8677990234375 0.5659456734375 0.8396210578125001 0.40825250312500005
1 0.6616026390624999 0.3833779921875 0.5791005078125 0.370755659375 0.6003525546875 0.5298878515625 0.6905340078125 0.5494869390625 0.6616026390624999 0.3833779921875
1 0.6652127875 0.3861807765625 0.6927169656250001 0.550486225 0.7801509140625 0.5620817734375 0.7473267796874999 0.396118225 0.6652127875 0.3861807765625
1 0.41921264999999996 0.516202646875 0.507598959375 0.5237770937499999 0.4892066875 0.3570718484375 0.4042399890625 0.34720803125 0.40503181718750003 0.37065928125 0.41921264999999996 0.516202646875
1 0.0399568796875 0.307290325 0.022585134375 0.3043350125 0.0009599375000000001 0.458206284375 0.03885536875 0.46306911093750003 0.0399568796875 0.307290325
0 0.132256621875 0.3308594234375 0.0421511703125 0.3146145359375 0.042650429687500005 0.463602471875 0.13594737031249998 0.47440757656250004 0.132256621875 0.3308594234375
1 0.3128563796875 0.3572171078125 0.22391894687499997 0.3435441171875 0.232343446875 0.489247403125 0.3255688234375 0.50096439375 0.3128563796875 0.3572171078125
0 0.22286455468750002 0.34244007656250003 0.133981015625 0.32936529062500003 0.1387919828125 0.4771142859375 0.230820540625 0.492354984375 0.22286455468750002 0.34244007656250003
1 0.3996242796875 0.370796521875 0.314360121875 0.35902381562499996 0.32604399375000004 0.5003386843750001 0.4158497546875 0.5143450421875 0.3996242796875 0.370796521875
1 0.9503753203124999 0.8880613484375001 0.917968534375 0.706876634375 0.8407306765625 0.69236384375 0.8640108578125 0.8972229671875 0.9476523875 0.9074360203125 0.9503753203124999 0.8880613484375001
1 0.14042272656250002 0.596604671875 0.044193334375 0.5795335203125 0.0450032328125 0.78499405625 0.1473235328125 0.8004799890625 0.14042272656250002 0.596604671875
1 0.756639178125 0.68010340625 0.776174215625 0.8887484625000001 0.8618231921874999 0.897468384375 0.8361240078125001 0.6931626328125 0.756639178125 0.68010340625
1 0.24614427968750002 0.6118952265625001 0.2552028890625 0.8167471953125001 0.355477171875 0.8313927015625 0.3412288390625 0.6204031249999999 0.24614427968750002 0.6118952265625001
0 0 0.778595890625 0.044232021875 0.7825132078125 0.0412820796875 0.5805921671875 0 0.5758345515625 0 0.778595890625
1 0.640290825 0.666846759375 0.662464165625 0.8734311578125 0.7556892578125 0.8876388421874999 0.73067584375 0.6784535859374999 0.640290825 0.666846759375
1 0.45482020624999997 0.8151611203125 0.45700248906249996 0.8370299828125001 0.558030675 0.8573102031250001 0.5321854921875 0.653536809375 0.4405642703125 0.6415332890625 0.45482020624999997 0.8151611203125
1 0.3437255859375 0.6268356546875 0.35608513125 0.829266640625 0.45431500937499997 0.8408604437499999 0.437479215625 0.6438819984374999 0.3437255859375 0.6268356546875
0 0.14471363125 0.596313628125 0.1501053390625 0.80308245 0.2541701 0.8171549203125 0.2427184609375 0.6170630375 0.14471363125 0.596313628125
0 0.5346728015625 0.656424615625 0.5610189953125 0.86193835 0.6611441109375 0.8732456359375 0.6375687515624999 0.6670268671875 0.5346728015625 0.656424615625
1 0.06535663124999999 0 0.057465121875000004 0.056151001562500004 0.1171985078125 0.0639348703125 0.114759090625 0 0.06535663124999999 0
1 0.11520196093749999 0 0.117730921875 0.0653065625 0.202239503125 0.076318890625 0.1978941109375 0 0.11520196093749999 0
1 0.93464336875 1 0.9479489953125 0.9053255453125001 0.8618700499999999 0.898869140625 0.87619805625 1 0.93464336875 1
0 0.198781565625 0 0.202715275 0.07772583281249999 0.2869574171875 0.0922724265625 0.2786802765625 0 0.198781565625 0
1 0.2799252921875 0 0.2872048296875 0.0923071984375 0.36854019843749997 0.10599408749999999 0.3575569421875 0 0.2799252921875 0
1 0.35802964843749996 0 0.36883527968749996 0.1055843671875 0.45221345 0.1173024046875 0.4421458578125 0.0112116046875 0.390043796875 0 0.35802964843749996 0
1 0.7748726859375 1 0.757283653125 0.8899835968750001 0.663586246875 0.8762508499999999 0.6792255203125 1 0.7748726859375 1
1 0.676659815625 1 0.6601128859375 0.8763271359375 0.5623728921875 0.8679310078125001 0.5785387875 1 0.676659815625 1
1 0.8743684671875 1 0.858314771875 0.897619509375 0.7635373640625 0.8883298078124999 0.779260659375 1 0.8743684671875 1
1 0.5750879171875 1 0.5574493609375 0.866000646875 0.462966128125 0.8493677 0.47511316406250004 1 0.5750879171875 1
1 0.04751435625 0.7896675921874999 0.0489103921875 0.9415172765625 0.1523754953125 0.9560583484375 0.14353973281250001 0.8037275140625001 0.04751435625 0.7896675921874999
1 0.1468325296875 0.8062501937500001 0.1558523296875 0.9565469859375 0.260376596875 0.9712369125 0.24903179843749998 0.820194228125 0.1468325296875 0.8062501937500001
1 0.250830646875 0.8208661765624999 0.2615786515625 0.9714058515625 0.3679883359375 0.9863607562500001 0.35466195312500004 0.8375007359375 0.250830646875 0.8208661765624999
1 0.4725818140625 1 0.4584815265625 0.8488100828125 0.3576171828125 0.8365301296875 0.36869619375 0.9864602390625 0.46503659218750004 1 0.4725818140625 1
1 0 0.93464336875 0.0453590453125 0.9410181671875 0.045469235937500005 0.7899446046875 0 0.7847272828125 0 0.93464336875
1 0.6808427890625001 0.038454028125 0.6956510359375 0.1595376140625 0.7740116125000001 0.16917974375 0.7559655140625 0.046704565625 0.6808427890625001 0.038454028125
1 0.45221564531249997 0.116851525 0.531245146875 0.126732071875 0.5166180421875 0.0230315546875 0.44332293749999996 0.0113770328125 0.45221564531249997 0.116851525
1 0.758126009375 0.0476935703125 0.7744812203125 0.1705529796875 0.8540604015625 0.1831713296875 0.8238934375 0.059678040625 0.758126009375 0.0476935703125
1 0.5974882640625 0.0338646859375 0.6136306625 0.1432128421875 0.6941497359375 0.1565851578125 0.676662375 0.0410421625 0.5974882640625 0.0338646859375
1 0.5944909453125 0.0344270640625 0.5177104515625001 0.0219937953125 0.5323152671875 0.12855998125 0.6125988 0.14255023125 0.5944909453125 0.0344270640625
1 1 0.1658106421875 0.9784987921875 0.086203965625 0.9023491640625 0.0716398828125 0.935100453125 0.1959314953125 1 0.2050525328125 1 0.1658106421875
1 0.8532361093749999 0.1878530421875 0.933007528125 0.19563735468750001 0.9060160843749999 0.098634246875 0.897954834375 0.07145742187500001 0.8293657187499999 0.06318858125 0.8532361093749999 0.1878530421875