1 0.66953125 0.25625 0.1046875 0.1671875
1 0.49765625 0.2828125 0.09375 0.1390625
1 0.578125 0.27265625 0.0984375 0.146875
1 0.40859375 0.2984375 0.1125 0.15
1 0.15390625 0.3375 0.1140625 0.159375
1 0.9234375 0.22890625 0.1 0.165625
1 0.7609375 0.253125 0.1046875 0.1671875
0 0.334375 0.31484375 0.103125 0.15625
1 0.84296875 0.24453125 0.1 0.1640625
0 0.24609375 0.33359375 0.103125 0.1625
0 0.06328125 0.36484375 0.109375 0.14375
1 0.5625 0.421875 0.103125 0.1671875
1 0.465625 0.4375 0.109375 0.1546875
0 0.2890625 0.46484375 0.1015625 0.1390625
1 0.65234375 0.41484375 0.1109375 0.16875
1 0.8296875 0.390625 0.1078125 0.1703125
0 0.19921875 0.48046875 0.109375 0.153125
0 0.37734375 0.45625 0.1046875 0.146875
1 0.9234375 0.38046875 0.1109375 0.1796875
0 0.7375 0.41015625 0.1171875 0.1546875
1 0.0359375 0.51171875 0.071875 0.1453125
0 0.1125 0.50234375 0.1125 0.1484375
1 0.0703125 0.1125 0.090625 0.121875
1 0.015625 0.125 0.03125 0.125
1 0.8546875 0.0328125 0.09375 0.065625
1 0.4 0.0703125 0.090625 0.13125
1 0.31796875 0.08203125 0.0921875 0.13125
1 0.8890625 0.68515625 0.1125 0.1859375
1 0.9625 0.6765625 0.075 0.175
1 0.78828125 0.70859375 0.115625 0.178125
0 0.15703125 0.1078125 0.1 0.1390625
1 0.478125 0.065625 0.090625 0.13125
1 0.71328125 0.04921875 0.0890625 0.0984375
1 0.23828125 0.0984375 0.096875 0.140625
1 0.6921875 0.72734375 0.125 0.184375
0 0.10390625 0.81875 0.13125 0.1984375
0 0.60078125 0.7515625 0.1265625 0.171875
0 0.30703125 0.79453125 0.121875 0.1828125
1 0.20703125 0.8125 0.128125 0.1796875
1 0.40390625 0.78671875 0.1328125 0.1875
1 0.50859375 0.778125 0.1140625 0.1875
1 0.55625 0.06015625 0.096875 0.1203125
1 0.63671875 0.0546875 0.0921875 0.109375
0 0.784375 0.04375 0.096875 0.0875
1 0.88046875 0.8765625 0.1109375 0.159375
1 0.95859375 0.86171875 0.0828125 0.1609375
1 0.57265625 0.9203125 0.1171875 0.159375
1 0.7796875 0.89140625 0.1171875 0.159375
1 0.35859375 0.93671875 0.1265625 0.1265625
1 0.46953125 0.92890625 0.1234375 0.1421875
1 0.68125 0.90859375 0.1234375 0.153125
1 0.25703125 0.94765625 0.1171875 0.1046875
1 0.14921875 0.95390625 0.1296875 0.0921875