1 0.9809638140624999 0.21030947968749997 0.9361949562499999 0.1065463171875 0.8608693203125 0.11327915 0.91311035 0.2359390046875 0.9823229281250001 0.2297457 0.9809638140624999 0.21030947968749997
1 0.6685809125 0.132950271875 0.5874345109375 0.1364483390625 0.5821649390625 0.13681682343749998 0.6287916640625 0.26090692656250003 0.7144359328125 0.2521518125 0.6685809125 0.132950271875
1 0.6738692687500001 0.13084812968749998 0.719141875 0.2496330171875 0.8083171437500001 0.24934045781249997 0.7589038343750001 0.1250173140625 0.6738692687500001 0.13084812968749998
1 0.7632213515624999 0.123391353125 0.8131204671875001 0.25215613124999997 0.9032259937499999 0.24536007343750002 0.85129725 0.11675544062500001 0.7632213515624999 0.123391353125
1 0.498096325 0.144408459375 0.5413532421875 0.2707073859375 0.629307021875 0.2617907765625 0.5827783375 0.13848691562499998 0.498096325 0.144408459375
1 0.4043726046875 0.1535463828125 0.4471237875 0.28128831249999997 0.5385899546874999 0.2728176640625 0.49595850468749997 0.1444002875 0.4043726046875 0.1535463828125
0 0.1307819359375 0.1702988359375 0.0400094203125 0.175774721875 0.0768627546875 0.3300014328125 0.169739815625 0.3228885140625 0.1307819359375 0.1702988359375
1 0.1313276765625 0.1711322203125 0.17207141875 0.3262373140625 0.2673566984375 0.32036643593749997 0.228952103125 0.1660487484375 0.1313276765625 0.1711322203125
0 0.3147524203125 0.159177459375 0.362195771875 0.31608939999999996 0.4514486796875 0.30915665625 0.4014016234375 0.1505037171875 0.3147524203125 0.159177459375
0 0.22937654531249999 0.1651475234375 0.26856439375 0.3212536015625 0.3604154796875 0.312756034375 0.312448265625 0.16108167499999998 0.22937654531249999 0.1651475234375
1 0.9711593687500001 0.41243128906250004 0.994993475 0.41094298125 0.9831107781249999 0.24101249375 0.9086324859375001 0.24774922500000002 0.9711593687500001 0.41243128906250004
1 0.630164415625 0.27337482031250004 0.54460158125 0.2805748828125 0.5959871859375 0.442358196875 0.6904368703125 0.4322090921875 0.630164415625 0.27337482031250004
1 0.9051657171875 0.25683271875 0.812683275 0.26352958437499996 0.8799155593749999 0.4230651296875 0.9674109359375 0.40985777343749996 0.9051657171875 0.25683271875
1 0.7202234171875 0.2699129140625 0.63427776875 0.274871046875 0.6898438 0.43083274375 0.785033440625 0.4312655203125 0.7202234171875 0.2699129140625
1 0.72446683125 0.271966015625 0.7874501781250001 0.4318054328125 0.8781515046875 0.4247540703125 0.8094451312500001 0.26438283125 0.72446683125 0.271966015625
1 0.5041515624999999 0.4558690546875 0.5949514734375 0.4445573453125 0.5406467953125 0.280343409375 0.45280610625 0.288612553125 0.45863387343750006 0.3120983390625 0.5041515624999999 0.4558690546875
1 0 0.42582316093749994 0.0111597625 0.491853040625 0.10900354999999999 0.4838303265625 0.0767098078125 0.32645811406249997 0 0.3296001421875 0 0.42582316093749994
0 0.17488798125 0.330441278125 0.08049429375 0.333375628125 0.112946878125 0.48355458125000006 0.20939405312499998 0.47444872031249996 0.17488798125 0.330441278125
1 0.362752725 0.31830367656249997 0.27008900156250004 0.32358188125 0.3098332453125 0.46874820625 0.4064037625 0.460577521875 0.362752725 0.31830367656249997
0 0.26878844375 0.3226943109375 0.176307375 0.328564375 0.2128444953125 0.47656905937499994 0.308963125 0.472209409375 0.26878844375 0.3226943109375
1 0.45320747499999997 0.31339628125 0.3646573265625 0.3198036875 0.406749 0.459844471875 0.50036029375 0.4547163484375 0.45320747499999997 0.31339628125
1 0.24011323281250002 0.5967508453125 0.1393637296875 0.6001648546875 0.1842396671875 0.807241821875 0.2907945421875 0.8009227453125 0.24011323281250002 0.5967508453125
1 1 0.6521556890625 0.96273335625 0.54497500625 0.87973826875 0.5488454578125 0.944189459375 0.755119571875 1 0.749070125 1 0.6521556890625
1 0.35005783749999997 0.5895053796874999 0.4031256515625 0.79419975625 0.507436015625 0.787471646875 0.4478159875 0.577698990625 0.35005783749999997 0.5895053796874999
0 0.034679315625 0.6115422671874999 0.0757093921875 0.8179525234374999 0.1829295796875 0.8049047249999999 0.136653490625 0.6018569671875 0.034679315625 0.6115422671874999
1 0.7595081109375 0.56042119375 0.82617928125 0.7640509796875 0.9232836140625 0.75839275 0.8531892796875 0.552748425 0.7595081109375 0.56042119375
1 0.451714415625 0.5836522015625001 0.50759349375 0.7851967015625 0.6091867890625 0.775828671875 0.5499607265625001 0.5807440328125 0.451714415625 0.5836522015625001
0 0.244380046875 0.5955371921875 0.294159259375 0.8029513953125 0.4021710703125 0.7948324890625 0.3477096046875 0.59545279375 0.244380046875 0.5955371921875
1 0.650711940625 0.5725552890625 0.7213636359375 0.7742103218749999 0.8248076531249999 0.76414689375 0.7568003515624999 0.5611865484375 0.650711940625 0.5725552890625
0 0.6043671734375 0.7523943937500001 0.6112584875 0.77398585625 0.717537790625 0.7727799 0.6477647765625 0.572772940625 0.5527512984375 0.580310628125 0.6043671734375 0.7523943937500001
1 0.10245628437500001 0.064419940625 0.093056003125 0.027235346875 0.006433739062500001 0.033292565625 0.01483151875 0.07143233593750001 0.10245628437500001 0.064419940625
1 0.190912365625 0.0586770265625 0.1806624296875 0.021109309375 0.0935346265625 0.027201878125000002 0.10328759843749999 0.065689421875 0.190912365625 0.0586770265625
0 0.27980792499999996 0.05660400156249999 0.2670081515625 0.015071428125 0.1813354421875 0.021062246875000003 0.19169408906250002 0.0599942078125 0.27980792499999996 0.05660400156249999
1 0.3650617515625 0.052951904687499995 0.35091573125000003 0.009204039062499999 0.267743359375 0.015020017187500002 0.2800650046875 0.056586025 0.3650617515625 0.052951904687499995
1 0.4519072015625 0.0464171921875 0.43831051875 0.0030928 0.351330871875 0.009175009375 0.3652716078125 0.052475342187499996 0.4519072015625 0.0464171921875
1 1 0.9538921421875 0.925395053125 0.7604160578125 0.827916034375 0.7666546375000001 0.8969423484375 0.9648059421875 1 0.9584255953125 1 0.9538921421875
1 0.8244280125 0.7674763609374999 0.7240146843749999 0.779964884375 0.7910087921875 0.97473304375 0.89513103125 0.9657724359375001 0.8244280125 0.7674763609374999
1 1 0.7497047953125 0.9313499765625 0.7574069140625 1 0.9458386578125 1 0.7497047953125
1 0.7186332375 0.779073428125 0.61973945625 0.7825550406249999 0.6798968546874999 0.9841824171875 0.7894531390624999 0.9790410015625 0.7186332375 0.779073428125
1 0.341097040625 1 0.287673346875 0.805009903125 0.1877754078125 0.81141763125 0.2296815921875 1 0.341097040625 1
1 0.456407284375 1 0.397638628125 0.7990000515625 0.2915365125 0.8068485078125001 0.344872596875 1 0.456407284375 1
1 0.51746038125 1 0.5702907734375 0.9963057390625 0.50792331875 0.7938077015625 0.399597634375 0.7992921374999999 0.4574768984375 1 0.51746038125 1
1 0.510696803125 0.7921949671874999 0.570110915625 0.9963183156250001 0.6792942515625 0.9886834734375001 0.61509523125 0.7829541718749999 0.510696803125 0.7921949671874999
1 0.2255657484375 1 0.1857714265625 0.8121355796874999 0.0769566609375 0.82252503125 0.10997715 1 0.2255657484375 1
1 0.6939146296875001 0 0.7065757171875 0.0368215109375 0.7877037515625 0.029745259375 0.7766503234375 0 0.6939146296875001 0
1 0.48253961875 0 0.43884067812499994 0.0030557281249999997 0.45181273125 0.0459619125 0.5336667890625 0.038982720312500004 0.5194536484375 0 0.48253961875 0
1 0.7774314609374999 0 0.7884720296875 0.0310297640625 0.8714677703125 0.026694364062499996 0.858602525 0 0.7774314609374999 0
1 0.6062111609375 0 0.6203221828125 0.037941648437499996 0.7044278859374999 0.034165246875 0.691579421875 0 0.6062111609375 0
1 0.52051705625 0 0.5351384421875001 0.040597096875 0.6191390140624999 0.0374945203125 0.604361346875 0 0.52051705625 0
1 0.8583311968749999 0 0.871640059375 0.0315936140625 0.9537931453124999 0.0223408390625 0.9421365390625001 0 0.8583311968749999 0