1 0.66328125 0.2609375 0.10625 0.1703125
1 0.490625 0.28671875 0.0953125 0.140625
1 0.57109375 0.27734375 0.0984375 0.1484375
1 0.4 0.303125 0.1140625 0.1515625
1 0.14140625 0.3421875 0.1171875 0.1609375
1 0.921875 0.23359375 0.1015625 0.1671875
1 0.75703125 0.2578125 0.10625 0.1703125
0 0.325 0.3203125 0.1046875 0.1578125
1 0.83984375 0.24765625 0.1015625 0.165625
0 0.2359375 0.33828125 0.1046875 0.1640625
0 0.05234375 0.36953125 0.1046875 0.1453125
1 0.55625 0.428125 0.1046875 0.1703125
1 0.45859375 0.44453125 0.1109375 0.15625
0 0.278125 0.471875 0.1046875 0.140625
1 0.646875 0.42109375 0.1125 0.1703125
1 0.8265625 0.396875 0.109375 0.171875
0 0.1875 0.48828125 0.109375 0.1546875
0 0.36796875 0.46328125 0.10625 0.1484375
1 0.92109375 0.38671875 0.1140625 0.1828125
0 0.73359375 0.415625 0.11875 0.15625
1 0.0296875 0.5171875 0.059375 0.14375
0 0.09921875 0.51015625 0.1125 0.1515625
1 0.05703125 0.11484375 0.0921875 0.1234375
1 0.00859375 0.128125 0.0171875 0.125
1 0.85234375 0.03359375 0.0953125 0.0671875
1 0.39140625 0.07265625 0.0921875 0.1328125
1 0.30859375 0.084375 0.09375 0.1328125
1 0.88671875 0.69375 0.1140625 0.1875
1 0.96171875 0.68515625 0.0765625 0.1765625
1 0.784375 0.71875 0.115625 0.1796875
0 0.14453125 0.11015625 0.1015625 0.140625
1 0.47109375 0.0671875 0.0921875 0.134375
1 0.709375 0.05 0.090625 0.1
1 0.2265625 0.10078125 0.0984375 0.1421875
1 0.6875 0.7375 0.1265625 0.1875
0 0.0921875 0.828125 0.1265625 0.1984375
0 0.59453125 0.7609375 0.128125 0.175
0 0.296875 0.80546875 0.1234375 0.184375
1 0.1953125 0.8234375 0.1296875 0.18125
1 0.39453125 0.79765625 0.134375 0.1890625
1 0.50078125 0.78828125 0.115625 0.190625
1 0.54921875 0.06171875 0.0984375 0.1234375
1 0.63125 0.05546875 0.09375 0.1109375
0 0.78046875 0.0453125 0.0984375 0.090625
1 0.87734375 0.88203125 0.1109375 0.15
1 0.95703125 0.86796875 0.0859375 0.1515625
1 0.56640625 0.9265625 0.1171875 0.146875
1 0.775 0.89765625 0.1171875 0.1484375
1 0.35 0.9421875 0.125 0.115625
1 0.46171875 0.934375 0.1234375 0.13125
1 0.675 0.91484375 0.1234375 0.14375
1 0.24453125 0.953125 0.1171875 0.09375
1 0.13671875 0.9609375 0.1296875 0.078125