1 0.9397143515625 0.196815190625 0.8901629078125 0.1197055234375 0.8208693921875 0.1357244078125 0.8840681671875 0.2398560125 0.946946890625 0.22582332031250002 0.9397143515625 0.196815190625
1 0.744660665625 0.1575577359375 0.8128139609374999 0.262074159375 0.8818702890625 0.2434271953125 0.8131252124999999 0.13907779375 0.744660665625 0.1575577359375
1 0.5702902015625 0.20702143125 0.49592548125 0.2234691640625 0.49111924843750004 0.22466749375 0.554320340625 0.33141683125 0.6319850734375 0.3093917640625 0.5702902015625 0.20702143125
1 0.5748323375 0.2042224890625 0.6359217546875 0.30630379531249996 0.7182209125 0.2915014609375 0.6524087859375001 0.1849915015625 0.5748323375 0.2042224890625
1 0.6561317296875 0.1827895734375 0.7231135171874999 0.2933132921875 0.8052159187499999 0.27236643437499997 0.7363859203125 0.162321053125 0.6561317296875 0.1827895734375
1 0.41472063437499995 0.24536364375000003 0.47516854531249997 0.3546975671875 0.55493971875 0.33214730625 0.491956796875 0.22610650468750002 0.41472063437499995 0.24536364375000003
1 0.3296572828125 0.26905816250000003 0.3898724421875 0.3798042203125 0.47295943906250004 0.3570925015625 0.41274519062500004 0.2457045109375 0.3296572828125 0.26905816250000003
0 0 0.35628601249999997 0.05587233125 0.48503377812500004 0.1404825984375 0.46334326406250004 0.079736478125 0.3290820203125 0 0.34815646718750004 0 0.35628601249999997
1 0.0803757203125 0.3297610375 0.1431793015625 0.466049178125 0.2302150109375 0.44511073124999995 0.16969928125 0.309166971875 0.0803757203125 0.3297610375
0 0.24781393437500002 0.288852403125 0.3170974265625 0.4257137125 0.398390309375 0.40477985156249996 0.326419859375 0.2667385453125 0.24781393437500002 0.288852403125
0 0.1699449171875 0.3082673296875 0.23147425 0.44573143125000003 0.3149123203125 0.42293217656250004 0.24599535156250002 0.2909826265625 0.1699449171875 0.3082673296875
1 0.8899593781249999 0.25217510781249997 0.8105962625 0.27368693125 0.8950696671875 0.415250209375 0.9815997031249999 0.3943577984375 0.8899593781249999 0.25217510781249997
1 0.98606613125 0.4000636609375 0.990240303125 0.3994637125 0.9501224984375 0.2385599859375 0.8934386265625 0.2503051515625 0.98606613125 0.4000636609375
1 0.557612015625 0.342682178125 0.479770034375 0.363261009375 0.5534847203125 0.5039687890625 0.6390542890625001 0.479224165625 0.557612015625 0.342682178125
1 0.8088695796875 0.28262226875 0.724556171875 0.30386508437500004 0.8125391734375 0.43991905625000005 0.8911904843749999 0.41348961093750003 0.8088695796875 0.28262226875
1 0.640212721875 0.3248152953125 0.561653284375 0.34339059375000003 0.638283196875 0.47805252343750004 0.726253928125 0.462938428125 0.640212721875 0.3248152953125
1 0.644464496875 0.32601567187499997 0.728573253125 0.46304210156250003 0.811184384375 0.4417628859375 0.7217045078125001 0.305179059375 0.644464496875 0.32601567187499997
1 0.4708747875 0.531385228125 0.5528853296875 0.5061640734374999 0.47608051093750003 0.36369221406249996 0.39630865625 0.385627409375 0.40550284999999997 0.406319628125 0.4708747875 0.531385228125
1 0 0.5613922812500001 0.019281534375 0.63872629375 0.0214755953125 0.644886221875 0.1105245609375 0.6215479187499999 0.0551558734375 0.48179356406249996 0 0.4938690171875 0 0.5613922812500001
0 0.146462659375 0.4694640875 0.059773553125000004 0.487551246875 0.11412116406249999 0.620651184375 0.20170462812499998 0.5965423734375 0.146462659375 0.4694640875
1 0.317971196875 0.4276633859375 0.23326008593749997 0.447628459375 0.29352724218750004 0.5749209921875 0.38137642031249996 0.5516538375 0.317971196875 0.4276633859375
0 0.23191502812499998 0.44702252031249995 0.147468665625 0.4675032203125 0.2052350671875 0.5979339375 0.29328564375 0.5782522640625001 0.23191502812499998 0.44702252031249995
1 0.4007026859375 0.40840000156249995 0.319973465625 0.42873524375 0.3815762171875 0.5509220765625 0.46718670468749995 0.530940878125 0.4007026859375 0.40840000156249995
1 1 0.541788225 0.9871706515625001 0.52140068125 0.9126486249999999 0.536379084375 1 0.697150846875 1 0.541788225
1 0.2499260375 0.7042365328125 0.1574456828125 0.7238014890625 0.232502165625 0.9073078703125 0.329871734375 0.8841198265625 0.2499260375 0.7042365328125
1 1 0.701907215625 0.908806059375 0.5387613375 0.8327946703125001 0.5558534953125001 0.9257970890625 0.7354299078125 1 0.7138978765624999 1 0.701907215625
1 0.350275378125 0.6796424078125 0.432509653125 0.859618234375 0.527740184375 0.8364190515625 0.43863102343750004 0.6528314359375 0.350275378125 0.6796424078125
0 0.0626245140625 0.7513459250000001 0.1340213984375 0.934864690625 0.2309129921875 0.9053677578125001 0.1552176796875 0.7258024421875 0.0626245140625 0.7513459250000001
1 0.723650371875 0.586114146875 0.8182734953124999 0.762892046875 0.907023484375 0.7418531046875 0.8089122859375 0.5637766937500001 0.723650371875 0.586114146875
1 0.4431973765625 0.6576819515625 0.5275162890625 0.83429704375 0.6198092453124999 0.8091079953125 0.533448340625 0.6389910609375 0.4431973765625 0.6576819515625
0 0.2536690953125 0.70242280625 0.33330813125000003 0.8854408687499999 0.4317308875 0.8603568578124999 0.34907246718749996 0.6855055875 0.2536690953125 0.70242280625
1 0.62515514375 0.6150259453125 0.7231334015625001 0.789335428125 0.8170224703125 0.7632039625 0.72127420625 0.5872606953124999 0.62515514375 0.6150259453125
0 0.611554365625 0.7882989421875 0.6214231406249999 0.8070722328125 0.71936830625 0.7886407953125001 0.6224689953125 0.6157068031249999 0.5359548640625 0.6381369078125 0.611554365625 0.7882989421875
1 0 0.1541854125 0.0373652046875 0.23716600312499997 0.11714169062499999 0.21642407812500003 0.0721654421875 0.121211178125 0 0.1391805046875 0 0.1541854125
0 0.148981109375 0.10272433750000001 0.0729255359375 0.12033963437499999 0.1180773875 0.217510453125 0.19889352031250002 0.20002664218750002 0.148981109375 0.10272433750000001
1 0.22581116875 0.08623436718750001 0.1502631921875 0.1021231953125 0.19912799375 0.19996818125 0.27702613125000003 0.18276759375 0.22581116875 0.08623436718750001
1 0.308750478125 0.0713314265625 0.22605888125 0.08571254843750001 0.27714255468750004 0.1822942453125 0.356160525 0.162592853125 0.308750478125 0.0713314265625
1 0.8202999359375 0.7650082609375 0.9040174015625 0.9145739624999999 0.998449809375 0.89102931875 0.9093017046874999 0.74337346875 0.8202999359375 0.7650082609375
1 0.7265156421875 0.794206171875 0.80672474375 0.9388317468749999 0.90191505625 0.9150981359375001 0.8172124078125 0.766333909375 0.7265156421875 0.794206171875
1 1 0.7144168468750001 0.914312121875 0.739630103125 1 0.8877421359375001 1 0.7144168468750001
1 0.6306458015625 0.8135865390625 0.7060617359375 0.963929853125 0.8037314703125 0.9395780531250001 0.7214015609375 0.7942617078125 0.6306458015625 0.8135865390625
1 0.3805181421875 1 0.32765305625 0.8883947640625 0.23644505625 0.9105796312500001 0.27356972812499997 1 0.3805181421875 1
1 0.4950448625 1 0.42822208125000005 0.864935878125 0.3315188796875 0.88945945 0.38415152343750003 1 0.4950448625 1
1 0.5613922812500001 1 0.6046141609375 0.9892235749999999 0.5292187687500001 0.842178259375 0.43007849374999996 0.8648857781249999 0.49630463750000003 1 0.5613922812500001 1
1 0.5315180625 0.840240146875 0.6049603234375 0.9891372671875001 0.7039108656249999 0.9644661265625001 0.626422003125 0.8147111953125 0.5315180625 0.840240146875
1 0.27039861875 1 0.2347110828125 0.9115678015625001 0.1359154578125 0.9388749546874999 0.15883468437499998 1 0.27039861875 1
1 0.565672565625 0 0.5326842265625 0.009290218749999999 0.589769978125 0.1122476125 0.663536853125 0.09250560625000001 0.609223125 0 0.565672565625 0
1 0.3559993796875 0.1621887125 0.430452440625 0.1424178265625 0.37981787968749997 0.054945290625 0.309866003125 0.0710532953125 0.3559993796875 0.1621887125
1 0.6112640359375 0 0.664454828125 0.0935640625 0.7403913390625 0.0760433484375 0.68559886875 0 0.6112640359375 0
1 0.4562664328125 0.035360196875 0.5103031687499999 0.127336403125 0.5873553984375001 0.11014991562500001 0.5298712921875001 0.0131188625 0.4562664328125 0.035360196875
1 0.45378170781250005 0.036948356249999995 0.3804221875 0.053621470312499996 0.43207347812499997 0.143665628125 0.5091380156249999 0.1271171984375 0.45378170781250005 0.036948356249999995
1 0.7741924484375 0 0.81768935625 0.058120649999999996 0.889636059375 0.040182321874999996 0.8591759531250001 0 0.7741924484375 0
1 0.6892857890624999 0 0.74134578125 0.080529890625 0.8157058781250001 0.0586151859375 0.7705670421875 0 0.6892857890624999 0
1 0.8615286515625 0 0.889675371875 0.038822659375 0.89984665625 0.0369146 0.8906428125 0 0.8615286515625 0