1 0.8956924859375001 0.2528573625 0.9201910734375 0.375923796875 0.99646531875 0.3858558390625 0.968432328125 0.2617668828125 0.8956924859375001 0.2528573625
1 0.8142078875 0.24713958281249998 0.8433681890625 0.372324246875 0.9168044796875 0.3786062390625 0.8870123156249999 0.2533747375 0.8142078875 0.24713958281249998
0 0.6279393875 0.2335803359375 0.55013811875 0.22329909374999998 0.5450621 0.2227655828125 0.5686404671874999 0.348366771875 0.65160244375 0.3544119734375 0.6279393875 0.2335803359375
1 0.6333237281249999 0.232471415625 0.6565023921875001 0.35280994374999997 0.7414065296875 0.3674796234375 0.7152156171875 0.24119015 0.6333237281249999 0.232471415625
1 0.719596375 0.24037048906249997 0.7455054265625 0.37095736874999996 0.8323843203125 0.37960988281249997 0.8045171375000001 0.2488348125 0.719596375 0.24037048906249997
1 0.46379436875 0.21588012031249998 0.483796125 0.343013075 0.56898278125 0.3492921 0.54536598125 0.2244536421875 0.46379436875 0.21588012031249998
1 0.373080221875 0.20884401874999997 0.3923589875 0.33726189375 0.48081315937499997 0.34455296406249997 0.46176148437500003 0.21551402656250002 0.373080221875 0.20884401874999997
0 0.026080240625 0.22565920312499999 0.0318742828125 0.32143776874999996 0.121443528125 0.3302540796875 0.10993717656249999 0.17888667187500001 0.0319370265625 0.1699356046875 0.026080240625 0.22565920312499999
0 0.11031685625000001 0.17976919062500002 0.12310113125 0.3338235625 0.21475384218750002 0.3442224734375 0.20406347343750003 0.1913075859375 0.11031685625000001 0.17976919062500002
0 0.28685833125000004 0.1991670625 0.30571494062500004 0.3560594578125 0.3918054203125 0.36443931875 0.3707629265625 0.20545794687500002 0.28685833125000004 0.1991670625
0 0.2046183421875 0.1905232921875 0.2157544 0.345266996875 0.3045793515625 0.3525970359375 0.28434677812500003 0.20058831718749998 0.2046183421875 0.1905232921875
1 0.9215542328125 0.38992432187500004 0.8371286234375 0.38278387812500003 0.8690362625000001 0.549579909375 0.9601831234375 0.5598452093749999 0.9215542328125 0.38992432187500004
1 1 0.40018735312500003 0.9255820453125001 0.389340140625 0.9624971468749999 0.5669421734375 0.995003278125 0.5737445203125 1 0.526203890625 1 0.40018735312500003
1 0.5678579015625 0.3604313328125 0.48523393906249995 0.3529237328125 0.5070256890625 0.51510080625 0.5986000406249999 0.521298784375 0.5678579015625 0.3604313328125
1 0.8323079968749999 0.39082479375 0.74318395625 0.3816797125 0.780431265625 0.5443794015625001 0.8659005796875 0.5465088359375 0.8323079968749999 0.39082479375
1 0.6541339359375 0.372240809375 0.5715213078125 0.362541015625 0.5982662875 0.5198929531250001 0.6887719078125001 0.5362592296875001 0.6541339359375 0.372240809375
1 0.65782780625 0.37490087656250004 0.6909811125 0.5371768015625 0.7784697140625 0.54568685 0.7399597375 0.381946840625 0.65782780625 0.37490087656250004
1 0.41737554687499995 0.51253195 0.5056717171875 0.5170146250000001 0.481509525 0.3520411265625 0.396538953125 0.3451664859375 0.3981496875 0.3684359171875 0.41737554687499995 0.51253195
1 0.032322378125 0.31804883125 0.016591784374999998 0.315935825 0.0004548359375 0.46946863906249997 0.036686195312499996 0.4728387703125 0.032322378125 0.31804883125
0 0.12507693125 0.33828605 0.034764590625 0.32524925 0.0404846828125 0.4732380078125 0.1337849765625 0.48076104218750004 0.12507693125 0.33828605
1 0.305873940625 0.35825459375 0.216815078125 0.347732540625 0.23031337343749997 0.49218554843750006 0.32357435625000003 0.5006169234375 0.305873940625 0.35825459375
0 0.215726225 0.3466720671875 0.126742009375 0.3367424203125 0.1367130265625 0.48335201406249995 0.22890553281249998 0.4953250578125 0.215726225 0.3466720671875
1 0.3927687234375 0.368758353125 0.30743496875 0.3599976421875 0.32402568125000003 0.49997898437500005 0.41396106406250005 0.5108023234375 0.3927687234375 0.368758353125
1 0.9628638593750001 0.8795306671875001 0.920808609375 0.684784303125 0.8433728015625 0.6730253390625001 0.8737407359375 0.8757330156249999 0.9624530984374999 0.8834388000000001 0.9628638593750001 0.8795306671875001
1 0.1425259984375 0.6019987015625 0.0460853953125 0.5883518421875 0.05409454375 0.792430290625 0.15654597812499998 0.8042927593750001 0.1425259984375 0.6019987015625
1 0.759189890625 0.663739753125 0.7859604671875 0.8703372999999999 0.8715704750000001 0.8760521046875 0.838812671875 0.673977403125 0.759189890625 0.663739753125
1 0.24835814687500002 0.6135500265625 0.26456148281249997 0.8167400375 0.36494567031249997 0.8278380328124999 0.3433583359375 0.6187294750000001 0.24835814687500002 0.6135500265625
0 0 0.7871380046875001 0.053239471875 0.7899923359375001 0.043222965625 0.589503703125 0 0.586042828125 0 0.7871380046875001
1 0.6428450046874999 0.6545746578125 0.67217103125 0.85903433125 0.7655190453125 0.8699399906249999 0.7332731984375 0.6629943453125 0.6428450046874999 0.6545746578125
1 0.34607053125 0.6250336812499999 0.365476653125 0.8257050625 0.46371768125 0.83384183125 0.44004446562500005 0.6387411015625 0.34607053125 0.6250336812499999
0 0.1467894328125 0.601561903125 0.1594078203125 0.8067823296875 0.2635471421875 0.8171806187499999 0.245127271875 0.618801675 0.1467894328125 0.601561903125
0 0.537286634375 0.64785609375 0.5707311890625 0.8511085484375001 0.670849784375 0.8588954624999999 0.6401401984375 0.654847259375 0.537286634375 0.64785609375
0 0.46305762812499995 0.8107902749999999 0.465997753125 0.8324398921875 0.567330334375 0.84910951875 0.5344457828125 0.647568690625 0.44277245625 0.638797465625 0.46305762812499995 0.8107902749999999
1 0.049797978124999996 0 0.0426380703125 0.06812197656249999 0.1007222515625 0.07363905781249999 0.0952995671875 0 0.049797978124999996 0
1 0.09573593124999999 0 0.101300609375 0.07498338437499999 0.18585516875000002 0.083014734375 0.17817173749999998 0 0.09573593124999999 0
1 0.9502020218749999 1 0.9626992140624999 0.8810971593750001 0.871666246875 0.877442015625 0.8935069062500001 1 0.9502020218749999 1
0 0.1791051 0 0.1863783484375 0.084396028125 0.27079143906250003 0.09594751562500001 0.25873913437499996 0 0.1791051 0
1 0.260034059375 0 0.271039075 0.09597354375 0.35252695156249997 0.10677103125000001 0.33761332187500004 0 0.260034059375 0
1 0.3380887734375 0 0.35280648281250004 0.1063538578125 0.43625992187499996 0.11512516718750002 0.42251378125 0.010080103125 0.366112984375 0 0.3380887734375 0
1 0.7923204187499999 1 0.7671892171875 0.8722144203125 0.673387440625 0.8617968203125 0.6958739031250001 1 0.7923204187499999 1
1 0.69342225625 1 0.6699307296875 0.8619921421875001 0.5722897109375 0.8570151140625001 0.5949788671875 1 0.69342225625 1
1 0.8920190234375 1 0.8680814703124999 0.8763229750000001 0.7733597890625 0.8703563078125001 0.7963479515625 1 0.8920190234375 1
1 0.5916372562500001 1 0.567318321875 0.855266921875 0.47263221250000004 0.8419952828125 0.491033775 1 0.5916372562500001 1
1 0.056759396875 0.7969866015625 0.0638793765625 0.956916015625 0.16789064843749998 0.967848040625 0.152891246875 0.8076491015625 0.056759396875 0.7969866015625
1 0.15625922812499998 0.8100418312500001 0.1713893953125 0.9682157734375 0.2761494109375 0.9792264953125001 0.2585360625 0.8203767296875 0.15625922812499998 0.8100418312500001
1 0.2603512265625 0.8209823406250001 0.277317715625 0.9793492890625 0.3839938484375 0.9905614015624999 0.36434785000000003 0.8339338656249999 0.2603512265625 0.8209823406250001
1 0.4886133109375 1 0.4681461109375 0.8415956796874999 0.36725716406250003 0.8328679515624999 0.3845553859375 0.990620421875 0.4737961140625 1 0.4886133109375 1
1 0 0.9502020218749999 0.060233539062499994 0.956532821875 0.05473221874999999 0.797332171875 0 0.7929769953125 0 0.9502020218749999
1 0.6612051937500001 0.02892811875 0.6801984953125 0.14870399843749998 0.7585817578125 0.1555857671875 0.736314853125 0.0345388984375 0.6612051937500001 0.02892811875
1 0.436246303125 0.11467718593750001 0.5153041578125 0.12177277500000001 0.49710064374999996 0.01925915625 0.423691921875 0.010203931250000001 0.436246303125 0.11467718593750001
1 0.7385013265625 0.03544703125 0.7590976171875 0.1569337890625 0.8387989125 0.1667302203125 0.8044242265625 0.045089096875 0.7385013265625 0.03544703125
1 0.57802520625 0.02723770625 0.5979358984375 0.13530958906249999 0.678599734375 0.145822671875 0.6571323312499999 0.031643065625 0.57802520625 0.02723770625
1 0.5750596640625 0.0278995328125 0.4981522796875 0.0181906421875 0.51643405 0.1235518078125 0.5968849578125 0.134686859375 0.5750596640625 0.0278995328125
1 0.8829835781250001 0.0542720125 0.9199601765625 0.17661725781249998 0.9959454187500001 0.184603628125 0.9593373312500001 0.06611938125 0.8829835781250001 0.0542720125
1 0.8381420593750001 0.1714094421875 0.9178653609375 0.17639708437499999 0.8875820421875 0.08096225781250001 0.8786005359375 0.0542419875 0.8099975515625 0.04838816875 0.8381420593750001 0.1714094421875
1 1 0.0695390125 0.9628022671875 0.0655095125 0.996462615625 0.1833013421875 1 0.183885321875 1 0.0695390125