1 1 0.3467737671875 0.93108414375 0.3271447453125 0.9360635390625 0.45880301250000005 1 0.477006996875 1 0.3467737671875
0 0.7458233546875 0.27691825312499996 0.6693444328125 0.2512941921875 0.6643278921875 0.24976048281250002 0.6635949203125 0.38074136406250003 0.7461068921875 0.40311779843749995 0.7458233546875 0.27691825312499996
1 0.751471553125 0.2768603046875 0.7513626953125 0.40246865937500004 0.8341503187500001 0.4339024359375 0.8323821140625001 0.3017160171875 0.751471553125 0.2768603046875
1 0.83696143125 0.30175193125 0.8376063890625 0.4382060046875 0.92356076875 0.46397463906249997 0.9209771859375 0.32694664218749997 0.83696143125 0.30175193125
0 0.58368910625 0.2268715609375 0.579049028125 0.35869082812499997 0.6637596125 0.38173944375 0.66430491875 0.25151828906249996 0.58368910625 0.2268715609375
1 0.493550178125 0.201975659375 0.4879299171875 0.33494549687499997 0.5757392078125 0.3596539859375 0.581709796875 0.22610399218750002 0.493550178125 0.201975659375
0 0.23393942812500002 0.12015381875 0.14783435312499998 0.0929309296875 0.127361903125 0.24822146875 0.215998334375 0.2746833109375 0.23393942812500002 0.12015381875
0 0.234150171875 0.1211161734375 0.21697371875 0.2785996484375 0.307403009375 0.30706274843750003 0.3264693546875 0.151136828125 0.234150171875 0.1211161734375
0 0.40845856718749995 0.1753055234375 0.3968538703125 0.3368366484375 0.48206612499999996 0.3621761453125 0.491873490625 0.19811425 0.40845856718749995 0.1753055234375
0 0.327182209375 0.150456846875 0.30820846875 0.30831002500000004 0.3963841953125 0.33313054375 0.4056474671875 0.176241934375 0.327182209375 0.150456846875
0 1 0.4886021734375 0.9277272218749999 0.4680994140625 0.9273551031249999 0.642156646875 0.9748289343750001 0.6570563484374999 1 0.5747255 1 0.4886021734375
1 0.660450321875 0.39272411093750004 0.5785648203125 0.368942959375 0.5688894624999999 0.5363667671875 0.6600597765625 0.560588509375 0.660450321875 0.39272411093750004
1 0.921294490625 0.47524139062500004 0.8331713609375001 0.44853626562500004 0.8389855562499999 0.6195215515625 0.9247913343749999 0.6384513671875001 0.921294490625 0.47524139062500004
1 0.745180259375 0.4215501078125 0.6637341328125 0.3955659234375 0.6599975203125 0.55910874375 0.7481047249999999 0.5933494640625 0.745180259375 0.4215501078125
1 0.7483873640625001 0.42495157031249997 0.7501542484375 0.59470643125 0.8367515140625 0.62045150625 0.829866621875 0.44817169218749997 0.7483873640625001 0.42495157031249997
1 0.47895184375 0.516173721875 0.567149975 0.53802604375 0.5749799234374999 0.3673235515625 0.4906035984375 0.3437182125 0.487686040625 0.3674426859375 0.47895184375 0.516173721875
1 0.1284755015625 0.24490035156249998 0.0620031953125 0.2224711859375 0.015113003125 0.3758420953125 0.1026608984375 0.4014698484375 0.1284755015625 0.24490035156249998
0 0.2180957765625 0.2834768125 0.1295336 0.252623371875 0.1064148765625 0.4026175546875 0.1990676546875 0.42851125625 0.2180957765625 0.2834768125
1 0.39658575625000003 0.339076096875 0.30879717812499996 0.31099859687500003 0.29421532968749997 0.45896373593749995 0.38665113125 0.4857634703125 0.39658575625000003 0.339076096875
0 0.307905759375 0.30971793281250004 0.22007684374999997 0.28225103281249997 0.20151568437499998 0.4316927890625 0.29218222968749996 0.4618454296875 0.307905759375 0.30971793281250004
1 0.4821947765625 0.3667101296875 0.39782025625 0.3411361453125 0.3872309609375 0.48521037656250005 0.4758449578125 0.5137631234375 0.4821947765625 0.3667101296875
1 0.8684320375000001 0.9711774109375 0.8779590703125001 0.973903396875 0.9365111781250001 0.7823880796875 0.8773677921875 0.761296953125 0.8684320375000001 0.9711774109375
1 0.184218578125 0.5521882890625001 0.08959329687499999 0.51951745625 0.0578344078125 0.7263851921875 0.15887174843750002 0.758441634375 0.184218578125 0.5521882890625001
1 0.7942567031250001 0.7354210140624999 0.7809325874999999 0.9485079375 0.8661803890625001 0.9710721234375 0.8725816765625 0.7613590015625 0.7942567031250001 0.7354210140624999
1 0.2887271234375 0.584595765625 0.265407965625 0.7921792515625 0.3645091 0.823060621875 0.3835522515625 0.6084658046875 0.2887271234375 0.584595765625
0 0 0.7093587046875001 0.057447728125 0.7237647578125 0.0864808203125 0.52011395 0 0.495997046875 0 0.7093587046875001
1 0.6786770828125 0.7033490984374999 0.6683482453125 0.9147873437499999 0.7603888328124999 0.9440932015625 0.7682574484375 0.7295806640625 0.6786770828125 0.7033490984374999
1 0.467564221875 0.8227230875 0.46630395937499997 0.8450792125 0.5652741890625 0.8817516953125001 0.57144339375 0.6725507328125 0.4806755625 0.6457209671874999 0.467564221875 0.8227230875
1 0.3850576578125 0.6153403015625 0.3654611375 0.8210192328125 0.46297831875 0.848500775 0.47718273906249997 0.647587559375 0.3850576578125 0.6153403015625
0 0.1886048 0.552586303125 0.16127278125 0.7615081578125 0.264298690625 0.7924232250000001 0.2844426328125 0.5892441093749999 0.1886048 0.552586303125
0 0.5735013125 0.675856959375 0.567562909375 0.88688974375 0.6670424796875001 0.9143881296874999 0.6758952609375 0.703092053125 0.5735013125 0.675856959375
1 0.2471532859375 0 0.2455100046875 0.013934976562500001 0.3292408546875 0.038622203125 0.33308151874999997 0 0.2471532859375 0
0 0.333745146875 0 0.32949899375 0.040114489062499994 0.41239995625 0.0683150484375 0.4169399796875 0 0.333745146875 0
1 0.41793347968749994 0 0.412644690625 0.0683898703125 0.492741884375 0.0952573703125 0.4977475765625 0 0.41793347968749994 0
1 0.4982129875 0 0.4931053140625 0.0948926140625 0.575580903125 0.12010793125000001 0.5822198281250001 0.011736896875 0.5518356437499999 0 0.4982129875 0
1 0.7617922390625 1 0.761629709375 0.9467092375 0.6690360890625 0.9178052203125 0.6665752656249999 1 0.7617922390625 1
1 0.66364194375 1 0.6655108296875001 0.9173227468749999 0.5679821171875 0.893137628125 0.5643621046875 1 0.66364194375 1
1 0.8626089390624999 1 0.862607803125 0.97065930625 0.768217309375 0.9460520625 0.767370690625 1 0.8626089390624999 1
1 0.560596478125 1 0.5633082468749999 0.8904025499999999 0.4703796546875 0.8584537875 0.4596863375 1 0.560596478125 1
1 0.059633267187500005 0.7314920796875 0.0374251765625 0.8814225625000001 0.139621103125 0.9126669921874999 0.15452965624999998 0.761100125 0.059633267187500005 0.7314920796875
1 0.1574601875 0.7641686437499999 0.1430541140625 0.91371656875 0.2464003171875 0.9453126749999999 0.25861959218749997 0.79465411875 0.1574601875 0.7641686437499999
1 0.260332509375 0.79561986875 0.24760083281249998 0.945679709375 0.35280248593749997 0.9778430828125 0.36271604062499996 0.8290753578125001 0.260332509375 0.79561986875
1 0.45694880937500004 1 0.4659320796875 0.857170653125 0.3658590359375 0.8285745328124999 0.35355109375 0.9780719546875 0.425274496875 1 0.45694880937500004 1
1 0 0.8699805375 0.0339423453125 0.8803577546874999 0.057520787500000004 0.7314415359375 0 0.7154312859374999 0 0.8699805375
1 0.8193324390625 0.077580465625 0.8151112203125 0.2018007375 0.8928408765625001 0.2241193796875 0.8940077953125 0.097977553125 0.8193324390625 0.077580465625
1 0.5756546171875 0.1196546046875 0.6540230593749999 0.142320846875 0.65567121875 0.035620834375 0.5833841671875 0.0120928703125 0.5756546171875 0.1196546046875
1 0.8960362296875 0.0993205578125 0.8930981250000001 0.225576759375 0.9715884375 0.251086321875 0.9606570265625001 0.1219685125 0.8960362296875 0.0993205578125
1 0.73575043125 0.059541949999999996 0.7347394359375 0.172168671875 0.8140608593750001 0.1985882125 0.8146937453125 0.0795116078125 0.73575043125 0.059541949999999996
1 0.7326295968750001 0.059625234375 0.656940696875 0.034752510937499995 0.6548156078125 0.1443324109375 0.7338008125 0.17133580625 0.7326295968750001 0.059625234375
1 1 0.13615835 0.9656353796875001 0.1263819453125 0.9700123609375 0.25566441093750003 1 0.2634684109375 1 0.13615835