1 0.8636507078125 0.192572675 0.9073622203125 0.3047796375 0.9812083984375001 0.30144800312500003 0.933981215625 0.18886408593749998 0.8636507078125 0.192572675
1 0.785576040625 0.2007552734375 0.83405290625 0.314186625 0.9046043546875 0.3078790421875 0.8555216515625 0.1945087765625 0.785576040625 0.2007552734375
0 0.607020909375 0.218998296875 0.5316712406249999 0.22225455 0.5267780671875 0.22259671406249998 0.5700413828124999 0.3373523140625 0.6495689203125 0.3292327953125 0.607020909375 0.218998296875
1 0.611931971875 0.21705271406249999 0.6539392875 0.3269020109375 0.7367433578125 0.326608371875 0.6908926109375 0.21163795937500002 0.611931971875 0.21705271406249999
1 0.6949020781249999 0.210133034375 0.741202771875 0.329211271875 0.824872315625 0.322902478125 0.7766869640625 0.2039728796875 0.6949020781249999 0.210133034375
0 0.44871391093749996 0.22963975625000002 0.4888476078125 0.346439109375 0.5705196906250001 0.33816963125 0.527347209375 0.2241411796875 0.44871391093749996 0.22963975625000002
1 0.361684075 0.238115415625 0.40134779531250003 0.3562494953125 0.486281203125 0.348391565625 0.4467288328125 0.2296327515625 0.361684075 0.238115415625
0 0.1076362125 0.2536800609375 0.023347671875 0.25876803437499996 0.0575280796875 0.40139871562499996 0.143771225 0.3947961484375 0.1076362125 0.2536800609375
0 0.10814274531250001 0.25445069375 0.145935375 0.3978927625 0.23441435781250003 0.392438303125 0.1987935484375 0.2497238828125 0.10814274531250001 0.25445069375
0 0.278465496875 0.2433466234375 0.3224786046875 0.3884580625 0.40535648281250003 0.382023071875 0.35892614843750004 0.2353021015625 0.278465496875 0.2433466234375
0 0.1991878984375 0.248890253125 0.23553553906250002 0.39325850625 0.3208263703125 0.38537558125000004 0.27632547343749997 0.245108378125 0.1991878984375 0.248890253125
0 0.9109873687500001 0.3177821453125 0.8298919140625 0.3251107421875 0.8879088796874999 0.47740466406250004 0.9758868171874999 0.4719082890625 0.9109873687500001 0.3177821453125
1 0.9792605453125001 0.47822875 0.9997438265625 0.47887615937500005 0.9882399124999999 0.314362528125 0.9147020609375 0.31655858124999997 0.9792605453125001 0.47822875
1 0.5713128328125 0.348883184375 0.4918613140625 0.3555644578125 0.5395337546875 0.5051802828125 0.6272379484374999 0.49576922031250004 0.5713128328125 0.348883184375
1 0.8266704859375 0.3335127234375 0.7407938734374999 0.339730390625 0.803181384375 0.48726321562499997 0.8844289249999999 0.47502545781250005 0.8266704859375 0.3335127234375
1 0.6549383140625 0.3456580703125 0.5751319125000001 0.35026594375000003 0.6266876078125 0.494496425 0.71507615625 0.49487207499999997 0.6549383140625 0.3456580703125
1 0.6588780187500001 0.347555834375 0.7173200859375 0.49537080156249996 0.8015429296875001 0.48882572812499997 0.7377868640624999 0.3405203734375 0.6588780187500001 0.347555834375
1 0.45425598593750005 0.5176998640625 0.538571471875 0.507214484375 0.48818914375 0.355351396875 0.40662223906249995 0.363022021875 0.4120275578125 0.3847418984375 0.45425598593750005 0.5176998640625
1 0 0.51746038125 0.00231939375 0.5506292546875 0.0873327453125 0.5436626828125 0.057386976562500004 0.3981216328125 0 0.4004788375 0 0.51746038125
0 0.14854961875 0.4017801703125 0.060899284374999994 0.40451848124999995 0.09099440625 0.5434066343749999 0.180553109375 0.534959925 0.14854961875 0.4017801703125
1 0.3229951921875 0.3905058453125 0.23695061874999998 0.395411478125 0.2738177296875 0.5296616968750001 0.3634907203125 0.5220798765625 0.3229951921875 0.3905058453125
0 0.23574320937499998 0.394590921875 0.1498680859375 0.4000439046875 0.1837564796875 0.536920078125 0.2730088828125 0.5328630984375 0.23574320937499998 0.394590921875
1 0.40698852187499995 0.3859437328125 0.3247633296875 0.3918926734375 0.36381148125 0.5214018078125 0.45073588593749997 0.5166347375 0.40698852187499995 0.3859437328125
1 1 0.6958178390625 0.9594579796874999 0.59653413125 0.8842077515625 0.5983330796875 0.9467567515624999 0.7848183875 1 0.780128384375 1 0.6958178390625
1 0.20904588125 0.648065984375 0.11549371093750001 0.6512495625 0.1571098671875 0.8427579734374999 0.256053384375 0.836886075 0.20904588125 0.648065984375
1 0.8029842359374999 0.6035941625000001 0.862777265625 0.794354975 0.944755928125 0.78548175 0.880050603125 0.5999930234375 0.8029842359374999 0.6035941625000001
1 0.3111371859375 0.6413364140625 0.360360553125 0.8306391109375 0.45722002812499996 0.8243894890625001 0.4019138953125 0.6303917203125 0.3111371859375 0.6413364140625
0 0.01828570625 0.6617992984375001 0.056330946874999996 0.8526920812500001 0.155893984375 0.8405967921874999 0.112976671875 0.6528152546875 0.01828570625 0.6617992984375001
1 0.6913411265625 0.6143313453125 0.7531962109375 0.8026459125000001 0.843364228125 0.79738765625 0.778331075 0.6072107796874999 0.6913411265625 0.6143313453125
1 0.40553225625 0.6358966781250001 0.45736684531250005 0.8222854109375 0.5517040609375 0.8135948984375 0.49675994843750004 0.633181584375 0.40553225625 0.6358966781250001
0 0.213008159375 0.6469424046875 0.25917718125 0.8387614484375 0.3594740078125 0.8312245562499999 0.3089551890625 0.646837628125 0.213008159375 0.6469424046875
0 0.5903149421875 0.6255819812500001 0.655866665625 0.812069121875 0.7519225578125 0.8027349750000001 0.6888266296875 0.6150399 0.5903149421875 0.6255819812500001
1 0.5472348499999999 0.7919224 0.5536282203125 0.8118899921875 0.6523145343750001 0.8107471515625001 0.5875782875 0.62578404375 0.4993512546875 0.6327800203125 0.5472348499999999 0.7919224
1 0 0.16227068125 0.08136170937500001 0.1557627921875 0.055972725 0.055626609375000004 0 0.0597571859375 0 0.16227068125
1 0.1360234703125 0.050028915625 0.0563717609375 0.05557416875 0.08213330156250001 0.1569366875 0.1634993859375 0.1504284515625 0.1360234703125 0.050028915625
1 1 0.7793584250000001 0.9450783796875 0.786779178125 1 0.9366300984375 1 0.7793584250000001
0 0.214114153125 0.0452080671875 0.1369146765625 0.049310878125 0.1642249171875 0.151646475 0.2460441921875 0.14848817812499998 0.214114153125 0.0452080671875
1 0.29187525000000003 0.042333546875 0.21546786562500003 0.044842782812499996 0.2462829078125 0.14847148593749998 0.3252078625 0.1450884046875 0.29187525000000003 0.042333546875
1 0.37532089687500003 0.04205176875 0.2922066109375 0.041868067187500004 0.3254028484375 0.1446475921875 0.4058501859375 0.1390221671875 0.37532089687500003 0.04205176875
1 0.75480820625 0.80505351875 0.815652953125 0.97914834375 0.9123085859375 0.9723895234375 0.8453242890625001 0.7992584140625001 0.75480820625 0.80505351875
1 0.65832681875 0.8173906796875 0.7165395859375 0.9860790265625001 0.8136261890625001 0.9792900687499999 0.7515691796875 0.8058144109375001 0.65832681875 0.8173906796875
1 1 0.938886265625 0.9414989359374999 0.7863194171875 0.8508545328125001 0.796473796875 0.91508605 0.9721953046875 1 0.96625754375 1 0.938886265625
1 0.5615010359375 0.8198132109375 0.6134211374999999 0.9932897703125001 0.7136333718750001 0.9862822484375 0.6533300890625 0.8165675875 0.5615010359375 0.8198132109375
1 0.2969409390625 1 0.2531541328125 0.8406669859375 0.1603919109375 0.8466191546875 0.1945705703125 1 0.2969409390625 1
1 0.403633503125 1 0.35526431718749996 0.835080196875 0.2567408109375 0.8423664625 0.3004015921875 1 0.403633503125 1
1 0.5101175 1 0.45767087812499996 0.8302494125000001 0.3570832828125 0.8353498328125 0.4047111015625 1 0.5101175 1
1 0.5174603828125 1 0.6114223265625001 0.993429540625 0.557188521875 0.82018355625 0.460246625 0.8287571187499999 0.510244734375 1 0.5174603828125 1
1 0.19096793750000002 1 0.1585309203125 0.8472836859375 0.05748791875 0.8569207515624999 0.08417614062499999 1 0.19096793750000002 1
1 0.6043737250000001 0.02006609375 0.64232596875 0.130081521875 0.71765950625 0.12351590625 0.6763969890625 0.012845251562500002 0.6043737250000001 0.02006609375
1 0.40576258281250005 0.138601115625 0.4817702453125 0.1321250796875 0.4474444703125 0.0382899296875 0.3764566015625 0.041972351562499996 0.40576258281250005 0.138601115625
1 0.6786178296875 0.0133388484375 0.7183725609375 0.12470371250000001 0.7954396546875 0.120672553125 0.7426186218749999 0.0114590421875 0.6786178296875 0.0133388484375
1 0.5253661375 0.0323370140625 0.5622346703125001 0.1311398109375 0.6403322796875 0.1276253703125 0.6009717609375 0.023310632812500003 0.5253661375 0.0323370140625
1 0.5226697796875001 0.033456840625 0.44826158437499997 0.0371049015625 0.48313633749999996 0.1336177921875 0.5611361515625 0.13072658125 0.5226697796875001 0.033456840625
1 0.8185025984375001 0.0070385359375 0.8739036406249999 0.11648359999999999 0.94715179375 0.11136159062499999 0.8927434609375 0.0055035328125 0.8185025984375001 0.0070385359375
1 0.7955983671875 0.125203696875 0.871884284375 0.1166248078125 0.827306171875 0.031492773437499996 0.8143492625000001 0.007740931249999999 0.74844370625 0.0136472796875 0.7955983671875 0.125203696875
1 0.9611013953124999 0 0.8959211343750001 0.004349540625 0.9474241015624999 0.11004476562500001 0.9739322093749999 0.10975283281249999 0.96625754375 0 0.9611013953124999 0