1 1 0.2060475203125 0.9329152031250001 0.20255078593750003 0.9657141328125001 0.322882665625 1 0.3249316640625 1 0.2060475203125
1 0.8517783921875001 0.2025331921875 0.8893431968750001 0.3246421265625 0.9625442468750001 0.32577745 0.924350103125 0.20366589687499997 0.8517783921875001 0.2025331921875
1 0.6662710656249999 0.2020083109375 0.5884678828125 0.197210153125 0.5834012468750001 0.19703322343750002 0.615463921875 0.3199423625 0.698087303125 0.3201821484375 0.6662710656249999 0.2020083109375
1 0.6715294484375 0.200535240625 0.7028315593750001 0.3182537171875 0.7879767281250001 0.32691071250000003 0.7532776828125 0.20350029374999998 0.6715294484375 0.200535240625
1 0.7575616796875 0.2023836625 0.792279090625 0.3300748890625 0.878964221875 0.3326283609375 0.8422935218750001 0.2048863484375 0.7575616796875 0.2023836625
1 0.5023984484375 0.195842725 0.53102325625 0.320518834375 0.615867203125 0.32083616406250004 0.583819275 0.198686003125 0.5023984484375 0.195842725
1 0.41202503124999995 0.19515809687500002 0.4400224453125 0.32115846718749996 0.528174178125 0.32225268125 0.5003587640625 0.195620721875 0.41202503124999995 0.19515809687500002
0 0.1492091109375 0.18370537343749999 0.062019715625000006 0.1798271609375 0.08173235 0.330472071875 0.1710946203125 0.33300135000000003 0.1492091109375 0.18370537343749999
1 0.1496464515625 0.18455413125 0.1729843265625 0.336425828125 0.26452065937499997 0.340379875 0.24333650156250003 0.1894928359375 0.1496464515625 0.18455413125
0 0.3259199484375 0.191543228125 0.355471296875 0.345807871875 0.44135632812500003 0.3481456703125 0.4094943578125 0.19196124375 0.3259199484375 0.191543228125
0 0.24383198125 0.18867665312499998 0.26558442968749996 0.3413462109375 0.3541062578125 0.342453346875 0.3235297640625 0.1931267375 0.24383198125 0.18867665312499998
1 1 0.44257948750000004 0.9680345687499999 0.3366708640625 0.8838850578124999 0.33544657187500004 0.927054259375 0.4986262734375 1 0.5017168890625 1 0.44257948750000004
1 0.6155241296875 0.33195971874999997 0.533134390625 0.33024639218749996 0.5659601203125 0.4895476671875 0.6571278375 0.48934155468749996 0.6155241296875 0.33195971874999997
1 0.8796653765625001 0.34375422499999997 0.790721475 0.3408680609375 0.8388978781249999 0.4996155 0.9237344875 0.49579853749999997 0.8796653765625001 0.34375422499999997
1 0.701830565625 0.33768541406249997 0.6193002187500001 0.33379754687499996 0.656699759375 0.48797069843749996 0.7475127921875 0.49792148281250004 0.701830565625 0.33768541406249997
0 0.7056749640625 0.3400668828125 0.7497653828125 0.498678096875 0.837044790625 0.5010480078125 0.7875451906250001 0.34135658593749996 0.7056749640625 0.3400668828125
1 0.476950409375 0.49321890156250003 0.5647510640625 0.4915393015625 0.5293828421875 0.32962955 0.444711753125 0.3287066265625 0.4479194984375 0.35166858749999996 0.476950409375 0.49321890156250003
1 0.001292128125 0.4542707703125 0.0027927375 0.47810562812499996 0.09698685625 0.4802657109375 0.08194162656250001 0.3270805609375 0.00590316875 0.32222781562499997 0.001292128125 0.4542707703125
0 0.175251178125 0.3407137296875 0.0848602703125 0.33405100781249997 0.1007783234375 0.4803981125 0.1937480046875 0.48138619218749995 0.175251178125 0.3407137296875
0 0.3557808890625 0.347973515625 0.266806196875 0.343717440625 0.29018655312499997 0.4860190125 0.3831802 0.48791051875 0.3557808890625 0.347973515625
0 0.26565383124999997 0.34274141406249997 0.17679413906250002 0.33906758593749997 0.1968287875 0.48375226875 0.2890090140625 0.4892297640625 0.26565383124999997 0.34274141406249997
0 0.4426099859375 0.35236155625 0.357448396875 0.349593621875 0.3835832171875 0.487246640625 0.47344729843750005 0.4917406671875 0.4426099859375 0.35236155625
1 0.9949283390625 0.6539609015625001 0.9877186984374999 0.62910219375 0.910175290625 0.62281339375 0.9543061953124999 0.82170945 0.9890500234375 0.8222938546874999 0.9949283390625 0.6539609015625001
1 0.21080654375000002 0.6009976875 0.1143010609375 0.59415511875 0.136372228125 0.795961309375 0.2387100796875 0.8006175609374999 0.21080654375000002 0.6009976875
1 0.8261176828125001 0.619445171875 0.8669534953125 0.822447903125 0.9521778484375 0.8221763937500001 0.9057227296875 0.6240737578125 0.8261176828125001 0.619445171875
1 0.3164727 0.6051109125 0.3466017171875 0.80546775625 0.446838240625 0.8095093609375 0.4109644375 0.6036572109375 0.3164727 0.6051109125
0 0.013241365625000001 0.5945060343749999 0.0317085875 0.7952915890625001 0.1353561 0.7936031734375 0.11154454218750001 0.5954958390625 0.013241365625000001 0.5945060343749999
0 0.7102000328125 0.61842730625 0.7534198921875 0.8191328921875 0.84667115 0.8234718328125 0.8003859375 0.6205037156250001 0.7102000328125 0.61842730625
1 0.4140885234375 0.6097202578124999 0.44721664062500005 0.8073575015625 0.5451244671875 0.8086114437499999 0.5081540484375 0.616793975 0.4140885234375 0.6097202578124999
0 0.2150008078125 0.600268834375 0.2417182328125 0.8028876828125 0.3456271515625 0.805974990625 0.31363506406249997 0.6105424921875 0.2150008078125 0.600268834375
1 0.6051398890625 0.619087196875 0.6523570640624999 0.8183100421875 0.7521010859375 0.8190868375000001 0.7075387984375 0.6188852296875 0.6051398890625 0.619087196875
0 0.5428738156249999 0.7857995828125001 0.547286621875 0.8070631453124999 0.6488487953125001 0.816563725 0.6023050640625 0.6189992625 0.510861040625 0.6166606406249999 0.5428738156249999 0.7857995828125001
1 0.039669767187499996 0 0.0484495265625 0.0778835296875 0.132788515625 0.0799822875 0.1212567515625 0 0.039669767187499996 0
1 0.1216892453125 0 0.13345470625 0.08127519062500001 0.21779369843750002 0.08337394687500001 0.2041706578125 0 0.1216892453125 0
0 0.2051159703125 0 0.21840777656250002 0.0847073296875 0.30285040625000004 0.0903064296875 0.2850505109375 0 0.2051159703125 0
1 0.2863056203125 0 0.3030975828125 0.0903150609375 0.38458947656250003 0.0953694046875 0.36441932499999996 0 0.2863056203125 0
1 0.36488481875 0 0.3848375625 0.09493635 0.468136734375 0.097845221875 0.44832609999999995 0 0.36488481875 0
1 0.895584503125 1 0.8484836124999999 0.8256112796874999 0.7548165375 0.8217877687499999 0.79671691875 1 0.895584503125 1
1 0.79457636875 1 0.7514049078125 0.8222212171875001 0.65431046875 0.8240588171875001 0.694949765625 1 0.79457636875 1
1 0.9828443874999999 1 0.9843735203125 0.95621136875 0.9487394546875001 0.822686996875 0.854469159375 0.8233407828124999 0.8986593015625 1 0.9828443874999999 1
1 0.6919259640625001 1 0.6492633750000001 0.8226701640625 0.554522359375 0.8160779625 0.5890552640625 1 0.6919259640625001 1
1 0.139328340625 0.800294446875 0.16091044999999998 0.9884635046874999 0.26623588593749997 0.99214155 0.23532118125 0.8041991749999999 0.139328340625 0.800294446875
1 0.2388241453125 0.8063381625 0.2697906296875 0.992265684375 0.3748274203125 0.9959336499999999 0.3408831875 0.80949180625 0.2388241453125 0.8063381625
1 0.3427237296875 0.809966415625 0.37587766562499997 0.995970325 0.4829235109375 0.9997084484375 0.44666809687500003 0.81559538125 0.3427237296875 0.809966415625
1 0.5869946203125 1 0.550049528125 0.8159928953125 0.44947702500000003 0.8143366343749999 0.48299505781249996 0.9997109468750001 0.4912724578125 1 0.5869946203125 1
1 0.032440628124999996 0.7997734015625 0.0471433953125 0.9844906703125 0.15696763125 0.9883258171874999 0.1373436015625 0.8007777234375 0.032440628124999996 0.7997734015625
1 0.7903187296875 0.115607971875 0.762890915625 0.00887558125 0.6872432359375 0.00623390625 0.712174325 0.1142210609375 0.7903187296875 0.115607971875
1 0.44943560312499997 0 0.46809221250000005 0.0974019515625 0.5469198609375 0.0989540953125 0.5222596328125 0.0004725515625 0.508727528125 0 0.44943560312499997 0
1 0.8705755343750001 0.12109450625 0.8311066703125001 0.011257728125 0.764780565625 0.00894156875 0.790923246875 0.1169088734375 0.8705755343750001 0.12109450625
1 0.7103905875 0.11147486718749999 0.6828654968750001 0.00608103125 0.60314663125 0.0032971874999999998 0.6297349109375 0.10664537968750001 0.7103905875 0.11147486718749999
1 0.6286504328125 0.10610078437499999 0.6000347015624999 0.0031885171875 0.5235092890625 0.000516190625 0.548162659375 0.1006397890625 0.6286504328125 0.10610078437499999
1 1 0.05678476406250001 0.984455 0.01661276875 0.9094072015625001 0.013992042187500001 0.95168073125 0.1252687140625 1 0.126956059375 1 0.05678476406250001
0 0.8355593796875 0.0114132203125 0.8702487718749999 0.12577992968750001 0.949589790625 0.125195696875 0.9129727875 0.0326642375 0.9051525937499999 0.013843468749999999 0.8355593796875 0.0114132203125