1 1 0.35256346875 0.9370071624999999 0.3321174453125 0.9375764625 0.4518370421875 1 0.4726241390625 1 0.35256346875
1 0.8616744093750001 0.3119101609375 0.8662275781250001 0.4344632265625 0.9339142234375 0.45373191718749994 0.9287773546875 0.3310198140625 0.8616744093750001 0.3119101609375
0 0.689557571875 0.2652598734375 0.618507440625 0.2414501875 0.6138469125 0.240025321875 0.6130925078125 0.36195103125 0.689750384375 0.3827342421875 0.689557571875 0.2652598734375
1 0.694805928125 0.2652027671875 0.694634459375 0.382127040625 0.7715434046875 0.4113412453125 0.7699743828125001 0.2882947453125 0.694805928125 0.2652027671875
1 0.7742294796875 0.2883256125 0.7747523875 0.41534534531249995 0.8546070640625001 0.439284303125 0.8522831015625 0.311731409375 0.7742294796875 0.2883256125
1 0.5389298890625 0.2187640078125 0.5345445203125 0.341472325 0.6132449796875 0.362880015625 0.6138245812500001 0.2416616125 0.5389298890625 0.2187640078125
1 0.45518642812500004 0.1956397859375 0.44988962499999996 0.31941967656250003 0.531468484375 0.342370746875 0.5370911390625001 0.2180506125 0.45518642812500004 0.1956397859375
0 0.2140010390625 0.11962016875 0.1340071484375 0.09432758125 0.11489714375 0.23889331406249997 0.1972436046875 0.26347605 0.2140010390625 0.11962016875
0 0.2141963234375 0.12051587187499999 0.19814774375 0.2671210796875 0.282159015625 0.2935657125 0.2999628171875 0.1484093171875 0.2141963234375 0.12051587187499999
0 0.37613394375000003 0.1708611703125 0.3652603921875 0.3212310671875 0.444425725 0.3447709734375 0.45363060624999996 0.192046278125 0.37613394375000003 0.1708611703125
0 0.300625584375 0.1477759484375 0.2829067515625 0.2947263046875 0.3648260421875 0.3177814546875 0.3735213359375 0.1717344140625 0.300625584375 0.1477759484375
1 0.9363066515625 0.4651972796875 0.8584762390625 0.443121571875 0.8580330249999999 0.605145275 0.9415944875 0.6313725765625 0.9363066515625 0.4651972796875
1 1 0.4863197578125 0.9401880968749999 0.46538434375 0.9424720296875 0.6384408078125 0.9761845765625001 0.6526222421875 1 0.5747255 1 0.4863197578125
1 0.6101638281249999 0.3731070921875 0.5340888515625 0.3510159296875 0.52500475 0.5068700296875 0.6097069562499999 0.5293661234375 0.6101638281249999 0.3731070921875
1 0.852494925 0.449773378125 0.7706255625 0.42496388906250004 0.7759324109375 0.5841245671874999 0.8556528359375 0.601697603125 0.852494925 0.449773378125
1 0.6888790390625 0.3998927234375 0.6132135640625 0.37575059375 0.6096499375 0.5279887000000001 0.691500284375 0.55981280625 0.6888790390625 0.3998927234375
0 0.691857184375 0.403057221875 0.69340395 0.5610748078125 0.7738560109375 0.584991478125 0.767554990625 0.42462636875 0.691857184375 0.403057221875
1 0.4414457140625 0.48812341249999996 0.5233874843749999 0.508415565625 0.5307586625 0.34951049218749997 0.45236910625000004 0.3275843796875 0.4496448203125 0.3496702578125 0.4414457140625 0.48812341249999996
1 0.11593376250000001 0.23580118125 0.0633531328125 0.21805573906250003 0.019812040625 0.36047223281249996 0.091859096875 0.3815604375 0.11593376250000001 0.23580118125
0 0.19918763281250002 0.2716604234375 0.1169126296875 0.24298966718749998 0.0953466640625 0.38262669374999997 0.18142544375 0.406678321875 0.19918763281250002 0.2716604234375
1 0.36501000625 0.3233158375 0.283452278125 0.2972286703125 0.26981994062500003 0.4349721546875 0.3556966015625 0.4598672953125 0.36501000625 0.3233158375
0 0.2826246859375 0.29603704531249997 0.201029134375 0.2705182828125 0.18369838125 0.4096385234375 0.2679291640625 0.43765575468750006 0.2826246859375 0.29603704531249997
1 0.44454272968749997 0.3489914203125 0.366155953125 0.32523277031250003 0.35623568906249997 0.4593521171875 0.438560134375 0.485881215625 0.44454272968749997 0.3489914203125
1 0.8115179484375 0.7160766015625 0.8030973203125 0.911451625 0.8860209984375 0.935175240625 0.8819566625 0.7412035890625 0.8115179484375 0.7160766015625
1 0.1675583953125 0.52181305 0.0796505515625 0.49145394375 0.050024276562500004 0.6840373109375 0.143890571875 0.7138209140625 0.1675583953125 0.52181305
1 0.7343053265624999 0.692036165625 0.7218052234375001 0.890398428125 0.8010051390624999 0.9113548781249999 0.8070706375000001 0.7161370390624999 0.7343053265624999 0.692036165625
1 0.26464995 0.551921475 0.2428655 0.7451663859375001 0.334933325 0.7738572421875001 0.35274842031250003 0.5740881359375 0.26464995 0.551921475
0 0 0.6691492984375 0.0496664375 0.6815982609375 0.0767580953125 0.4920109390625 0 0.470609821875 0 0.6691492984375
1 0.6269263031250001 0.6622462984374999 0.6172103453125 0.859072190625 0.70271836875 0.8863004140624999 0.71015 0.6866141531250001 0.6269263031250001 0.6622462984374999
1 0.3541434015625 0.580486509375 0.3358191046875 0.77195645625 0.42641701875000004 0.7974834234375 0.4397282890625 0.610452725 0.3541434015625 0.580486509375
0 0.1716338671875 0.522181090625 0.146119903125 0.7166740859375 0.241834621875 0.7453941109375 0.2606661859375 0.556250846875 0.1716338671875 0.522181090625
0 0.529212009375 0.636713753125 0.523575884375 0.8331597578125001 0.6159972484375 0.858701309375 0.6243415671875 0.6620085812500001 0.529212009375 0.636713753125
0 0.429992709375 0.7757748734375001 0.428809153125 0.7965860765625 0.520752096875 0.8306677421875 0.5266016578125 0.6359267828124999 0.442274896875 0.611002753125 0.429992709375 0.7757748734375001
1 0.22726543906250002 0 0.2248119203125 0.020738465625 0.30260109218750003 0.0436720265625 0.3069621796875 0 0.22726543906250002 0
1 0.8699805375 1 0.8902181718750001 0.93380568125 0.8008420046875001 0.912674015625 0.79949681875 1 0.8699805375 1
0 0.30762815468750004 0 0.3028401203125 0.045060996874999995 0.379856190625 0.071265453125 0.3846265125 0 0.30762815468750004 0
1 0.385632903125 0 0.38008355625 0.071334965625 0.4544951015625 0.0963000953125 0.45960431718750006 0 0.385632903125 0
1 0.46004648281250005 0 0.45483300625 0.0959603546875 0.5314554890625 0.1193862 0.53768506875 0.0185038578125 0.48980474531249996 0 0.46004648281250005 0
1 0.7041417562500001 1 0.7038699296875001 0.8887348875000001 0.617847803125 0.8618810359375001 0.61363705625 1 0.7041417562500001 1
1 0.6113624546875001 1 0.614572390625 0.861433890625 0.52396191875 0.8389754500000001 0.5184201359375 1 0.6113624546875001 1
1 0.7976356078125 1 0.7976857109375 0.9109726015625 0.7099915203125 0.8881194609374999 0.7081716140625 1 0.7976356078125 1
1 0.5154822218749999 1 0.5196204703125 0.8364320812500001 0.433288790625 0.8067441750000001 0.41875107187499994 0.9980055875 0.4252745015625 1 0.5154822218749999 1
1 0.051692921875 0.68879011875 0.023719323437500002 0.8772322625 0.1210183015625 0.9069795453125 0.139854396875 0.7162980343750001 0.051692921875 0.68879011875
1 0.14257573750000002 0.7191527671875 0.12430535937500001 0.9079845000000001 0.221052934375 0.9375632015625 0.23655633593749997 0.747473946875 0.14257573750000002 0.7191527671875
1 0.23814744375000002 0.7483719703125 0.22198701718749997 0.9378487796874999 0.32060924062499996 0.96800061875 0.3332638421875 0.77945714375 0.23814744375000002 0.7483719703125
1 0.3361846046875 0.7789891843750001 0.320540125 0.9679794875000001 0.41699280625 0.9974680328125001 0.4291568078125 0.8055522406250001 0.3361846046875 0.7789891843750001
1 0 0.8699805375 0.0200087203125 0.8760978171874999 0.049730028125 0.68874425 0 0.6749053828125 0 0.8699805375
1 0.7579740546875 0.079662484375 0.75398214375 0.1952969421875 0.8261963109374999 0.21602903437499998 0.82735123125 0.0986075796875 0.7579740546875 0.079662484375
1 0.5315242390625 0.118964171875 0.604331771875 0.140019475 0.6059229796875 0.040695421875 0.5387667765625 0.01883456875 0.5315242390625 0.118964171875
1 0.8292353078125 0.0998565984375 0.8264345296875 0.21738551250000002 0.8993537140625 0.24108748750000003 0.88926849375 0.12090257499999998 0.8292353078125 0.0998565984375
1 0.680319465625 0.0629178828125 0.679316996875 0.1677585328125 0.75300794375 0.1923071109375 0.7536626828124999 0.0814627109375 0.680319465625 0.0629178828125
1 0.677419528125 0.06299715624999999 0.6071030687500001 0.039886421875 0.605067084375 0.141891521875 0.6784452890625 0.166983775 0.677419528125 0.06299715624999999
1 1 0.1577936421875 0.961228996875 0.14382183125 0.9736247953125 0.2651404296875 1 0.2732041390625 1 0.1577936421875
1 0.8978866578125 0.2453499453125 0.9717014484375 0.26455240468749996 0.960682590625 0.16965595312499998 0.9571263625 0.1429948015625 0.8938919265624999 0.1250080890625 0.8978866578125 0.2453499453125