1 1 0.36634139062500004 0.9472353734375 0.3492163015625 0.94783160625 0.4669179359375 1 0.48428849375 1 0.36634139062500004
1 0.8730992296875 0.3293269890625 0.8776165796875001 0.4498155265625 0.94422840625 0.4687797671875 0.9391366250000001 0.348134696875 0.8730992296875 0.3293269890625
1 0.7037162015625 0.28341130468750003 0.6337932203125 0.2599816046875 0.6292066703125 0.25857935625 0.6285009953125 0.37844951718750003 0.70394128125 0.3989054484375 0.7037162015625 0.28341130468750003
1 0.7088807515625 0.283356740625 0.7087471984375 0.39830995156250004 0.78443708125 0.427054828125 0.7828560875 0.3060820703125 0.7088807515625 0.283356740625
1 0.7870432625 0.3061136984375 0.7875960390625 0.4309923953125 0.8661830390624999 0.45455183750000006 0.8638578000000001 0.32914842499999997 0.7870432625 0.3061136984375
1 0.5554793 0.23765390625 0.5512008640625 0.358292390625 0.6286513125 0.3793628890625 0.6291851875 0.26018805624999997 0.5554793 0.23765390625
1 0.47306584531249996 0.214894296875 0.46789084843750006 0.336586015625 0.5481742078125 0.3591747421875 0.553669690625 0.236951984375 0.47306584531249996 0.214894296875
0 0.23570810937500003 0.1400835859375 0.1569837125 0.1151932921875 0.138222296875 0.2573163046875 0.21926149375 0.2815094234375 0.23570810937500003 0.1400835859375
1 0.2359005453125 0.1409642484375 0.2201522953125 0.2850932796875 0.30283028125 0.31111740781249997 0.320306171875 0.1684132953125 0.2359005453125 0.1409642484375
0 0.3952679796875 0.19050959375 0.38461326875 0.3383414078125 0.462521809375 0.3615083171875 0.47153378124999995 0.2113608984375 0.3952679796875 0.19050959375
0 0.320958165625 0.167790803125 0.3035664296875 0.3122586625 0.384184815625 0.3349498140625 0.39269734375 0.1913673296875 0.320958165625 0.167790803125
1 0.9465860875000001 0.4800525765625 0.8699915953125 0.4583255859375 0.8696042078125 0.6176178953125 0.951839503125 0.6434282203125 0.9465860875000001 0.4800525765625
1 1 0.49759429062500005 0.9504056234375 0.4802376546875 0.9527051609375 0.650377565625 0.9741178515625 0.6593821953125001 1 0.5747255015625 1 0.49759429062500005
1 0.625622428125 0.3894166375 0.55075534375 0.36767497968749996 0.5418631625 0.5208990890625 0.6252198671875 0.543041446875 0.625622428125 0.3894166375
1 0.8641077749999999 0.46486345937499995 0.7835379921875 0.44044755625 0.7888080078125 0.5969268328124999 0.86726098125 0.6142276234375 0.8641077749999999 0.46486345937499995
1 0.703089009375 0.415774421875 0.6286242718749999 0.39201649375000003 0.6251633453125 0.5416872265625 0.7057165249999999 0.5729994953124999 0.703089009375 0.415774421875
1 0.7060205609375 0.418886475 0.707590178125 0.5742407968750001 0.7867650171875 0.59777850625 0.7805163421875 0.440114803125 0.7060205609375 0.418886475
1 0.4596325046875 0.5024433453125 0.54027218125 0.5224180828125 0.5474778671875 0.366193915625 0.47033320312500004 0.34461383125 0.46765905625000004 0.3663265828125 0.4596325046875 0.5024433453125
1 0.056900078124999996 0.2391627296875 0.0300504546875 0.3725314 0.115594978125 0.3975715328125 0.1392414359375 0.2542766109375 0.0604121484375 0.22767526562499998 0.056900078124999996 0.2391627296875
0 0.221176946875 0.28955641718749997 0.14020683750000001 0.26134421093750004 0.1190271875 0.398620865625 0.20373895625 0.4222929515625 0.221176946875 0.28955641718749997
1 0.38436750468750003 0.3403909609375 0.30410400000000004 0.3147190078125 0.290730746875 0.45013642656249997 0.3752438765625 0.47463774531249997 0.38436750468750003 0.3403909609375
0 0.3032892625 0.313547221875 0.2229887046875 0.2884340828125 0.20597649687500003 0.42520393749999996 0.2888709640625 0.45277422031250003 0.3032892625 0.313547221875
1 0.462638215625 0.3656576546875 0.3854957375 0.3422759234375 0.375774203125 0.4741314140625 0.4567923203125 0.5002380750000001 0.462638215625 0.3656576546875
1 0.896622584375 0.9128577906249999 0.8931868421875 0.75138985 0.823865121875 0.7266652390624999 0.8156377156250001 0.9187442609375 0.8884534984375 0.9395776671875 0.896622584375 0.9128577906249999
1 0.1901279359375 0.5354826625 0.1036144078125 0.5056088734374999 0.0745190609375 0.6949369171875001 0.1668957421875 0.7242466984375 0.1901279359375 0.5354826625
1 0.7478779671875 0.7030068234375 0.7356371125 0.8980214984374999 0.8135789078125001 0.9186485140625 0.8194888328125 0.72672331875 0.7478779671875 0.7030068234375
1 0.28567848281249997 0.56511275625 0.26429996718750004 0.755093553125 0.35490656249999997 0.7833284640625 0.37237713125 0.5869322593749999 0.28567848281249997 0.56511275625
0 0 0.673944615625 0.0741662015625 0.692538875 0.1007682953125 0.506155609375 0.0111833578125 0.48117559062500004 0 0.5464241734375 0 0.673944615625
1 0.6422042875 0.6736868203124999 0.6327026671875 0.8671918625 0.716853746875 0.8939868234375 0.72410665 0.69766894375 0.6422042875 0.6736868203124999
1 0.373751765625 0.59322319375 0.3557776265625 0.7814599875 0.4449368265625 0.8065839 0.45797930625000005 0.622710015625 0.373751765625 0.59322319375
0 0.194138453125 0.5358457234375 0.169090340625 0.7270524421875 0.26328561562499997 0.7553171296875 0.281759621875 0.56936795 0.194138453125 0.5358457234375
1 0.546042321875 0.64855528125 0.540555284375 0.8416880671875001 0.6315088249999999 0.8668268671874999 0.639660746875 0.6734523328125 0.546042321875 0.64855528125
0 0.4484488984375 0.785242371875 0.4472905 0.8057024015625001 0.5377758296875 0.839237209375 0.54347340625 0.6477807906249999 0.460485425 0.6232515375000001 0.4484488984375 0.785242371875
1 0.17231850937499998 0 0.16946934687499998 0.0189601296875 0.2460235125 0.041530503125 0.25095287499999996 0 0.17231850937499998 0
1 0.25138039375 0 0.24631664375 0.042872 0.3228708125 0.0654423734375 0.32939198593749996 0 0.25138039375 0
1 0.8699805375 1 0.8889911906249999 0.9378189546875 0.8134187734375 0.9199453656250001 0.8122089734375001 1 0.8699805375 1
0 0.33019146718750003 0 0.3231064421875 0.066808 0.398900834375 0.092593896875 0.4050762375 0 0.33019146718750003 0
1 0.40631140468750004 0 0.3991245921875 0.09266230625 0.47235566875 0.117228984375 0.4779227125 0.01178870625 0.44391400625 0 0.40631140468750004 0
1 0.5541940984375 0.0407692 0.4783882484375 0.011480068749999999 0.47268807500000004 0.11689507187499999 0.5480943265625 0.1399490765625 0.5541940984375 0.0407692
1 0.7182727453125 1 0.7179876562499999 0.8963806078125 0.63333079375 0.8699535515625 0.6294023140625 1 0.7182727453125 1
1 0.6271219265625 1 0.6301075375 0.869512959375 0.540936903125 0.847405840625 0.5357271406249999 1 0.6271219265625 1
1 0.810291334375 1 0.810312359375 0.9182716843750001 0.724011328125 0.8957773953125001 0.7223463406249999 1 0.810291334375 1
1 0.53278396875 1 0.5366640031250001 0.8449040390624999 0.45170167812499995 0.815690609375 0.43773574843749996 1 0.53278396875 1
1 0.076162496875 0.6996101078125 0.0486921984375 0.8848672359374999 0.144446746875 0.9141423390625001 0.16292475 0.726680846875 0.076162496875 0.6996101078125
1 0.1656035046875 0.7294882734375 0.14768162812500002 0.9151313421875 0.24289352812499998 0.944240540625 0.2580922234375 0.7573603171875 0.1656035046875 0.7294882734375
1 0.25965819843750004 0.7582436796875001 0.24381278437499998 0.9445215859375 0.3408695765625 0.974194825 0.3532654171875 0.788833465625 0.25965819843750004 0.7582436796875001
1 0.43592492812500006 1 0.44763530156250003 0.8145175265625 0.35613940781250003 0.788374271875 0.3408015546875 0.9741740296874999 0.4252745 1 0.43592492812500006 1
1 0 0.8699805375 0.045040490625 0.883750796875 0.0742309265625 0.6995644234375 0 0.6789052359375 0 0.8699805375
1 0.7709845703125 0.10096314531249999 0.7670911828125 0.2146471359375 0.8381586890625 0.235051471875 0.8392598421875 0.11960975625 0.7709845703125 0.10096314531249999
1 0.5481618515625 0.139534184375 0.61981335 0.16025646093749998 0.62134926875 0.062607209375 0.5552586359375 0.041094662500000004 0.5481618515625 0.139534184375
1 0.8411142140625 0.1208382875 0.8383935140625001 0.2363851546875 0.910155675 0.2597095203125 0.9001953031250001 0.14154755000000002 0.8411142140625 0.1208382875
1 0.6945647 0.084477446875 0.6936097796875 0.18755048125 0.7661316375 0.21170741093749998 0.766742571875 0.1027317296875 0.6945647 0.084477446875
1 0.691711084375 0.0845545125 0.622510271875 0.0618122015625 0.620537484375 0.162097171875 0.6927517562500001 0.18678852031249998 0.691711084375 0.0845545125
1 1 0.174546015625 0.9710138515625 0.1641021078125 0.9832482546874999 0.28337934531250003 1 0.2885008671875 1 0.174546015625
1 0.9087133203125 0.263899684375 0.9813554375000001 0.28280065312499997 0.9704839421875 0.189500571875 0.9669764671875001 0.1632877828125 0.9047461562500001 0.1455852484375 0.9087133203125 0.263899684375