1 0.7997764 0.1476060265625 0.858189625 0.247538409375 0.9278892859375001 0.23324983281249997 0.866077328125 0.1334892875 0.7997764 0.1476060265625
1 0.7267859062500001 0.1671366984375 0.78991318125 0.2675134328125 0.8560336234375001 0.2508961828125 0.7923396015625 0.1506687125 0.7267859062500001 0.1671366984375
0 0.559787490625 0.2113563765625 0.4886472421875 0.2257999125 0.484047065625 0.226861946875 0.5424171671875 0.32928127812499997 0.6167982796875 0.3095915953125 0.559787490625 0.2113563765625
1 0.5641637484375 0.2087695203125 0.6206026609374999 0.30672053125 0.6992744265625 0.29396630625000003 0.638412359375 0.19173288125000001 0.5641637484375 0.2087695203125
1 0.641997746875 0.1897001796875 0.7039047734375 0.295765371875 0.7824954671875 0.2771705640625 0.718819165625 0.171530421875 0.641997746875 0.1897001796875
1 0.41089533749999996 0.245309253125 0.46659742499999995 0.3501402375 0.54299466875 0.32998509375 0.48482017187500004 0.22824235937499998 0.41089533749999996 0.245309253125
1 0.32943584062500003 0.2664673359375 0.3848917078125 0.372636184375 0.46445109531249995 0.3523803640625 0.4090072125 0.24560167968750002 0.32943584062500003 0.2664673359375
0 0.0902694578125 0.319518359375 0.01090689375 0.33704750156249996 0.064830940625 0.46729710156250004 0.14582403125 0.44803567187500004 0.0902694578125 0.319518359375
0 0.090866775 0.3201736046875 0.1483466203125 0.45064923125 0.231637671875 0.43214084062499997 0.176331753125 0.302028759375 0.090866775 0.3201736046875
0 0.2511119328125 0.283971246875 0.3147559734375 0.4150944109375 0.39257512656250004 0.39649908125 0.3263913578125 0.2642121734375 0.2511119328125 0.283971246875
0 0.1765813765625 0.30117798281249997 0.2328267390625 0.432750540625 0.31272215000000003 0.41241714218750003 0.24934228125 0.2859661015625 0.1765813765625 0.30117798281249997
1 0.8635895046875 0.2593355171875 0.7875990453124999 0.2785106046875 0.8656347609375 0.41434224375 0.94844320625 0.395869553125 0.8635895046875 0.2593355171875
1 0.9841175453125001 0.374237725 0.9516316390625 0.24158995 0.866936946875 0.2576143234375 0.9526000578125 0.40136127187500004 0.9893091734375 0.39672513593750003 0.9841175453125001 0.374237725
1 0.5453584328125001 0.34003597343749997 0.47083348125 0.3583488765625 0.538633 0.49319673125 0.6205930093750001 0.4710490703125 0.5453584328125001 0.34003597343749997
1 0.7857991171875 0.286971953125 0.705096628125 0.3058127765625 0.786571725 0.43646622968750004 0.8619691265625 0.4126079609375 0.7857991171875 0.286971953125
1 0.6243705828125 0.3243751453125 0.549196725 0.34077323437499996 0.61987859375 0.46992372343750005 0.7039596859375 0.45696347968750006 0.6243705828125 0.3243751453125
1 0.628400928125 0.325583125 0.7061677671875 0.45709884531249995 0.7852489406250001 0.4381963765625 0.70235678125 0.3070157515625 0.628400928125 0.325583125
1 0.4594466921875 0.5179297390625 0.538023878125 0.4952727796875 0.4673105984375 0.3586998765625 0.3909233578125 0.3782706828125 0.399325359375 0.39807498125 0.4594466921875 0.5179297390625
1 0 0.5316998374999999 0.029289321875000003 0.61861415 0.11454018437499999 0.5978578437500001 0.0642044015625 0.464207425 0 0.47710026875 0 0.5316998374999999
0 0.1514159015625 0.4539456765625 0.0685044671875 0.46975078124999997 0.1179825890625 0.5970631015625 0.20185044687499998 0.57555149375 0.1514159015625 0.4539456765625
1 0.3155547484375 0.416960540625 0.23449545 0.43458115468749997 0.28971433750000003 0.5564704 0.3738207953125 0.5357626140625 0.3155547484375 0.416960540625
0 0.233224359375 0.43398411406250004 0.1524083890625 0.4520987984375 0.2051901875 0.576929640625 0.2894264546875 0.559631353125 0.233224359375 0.43398411406250004
1 0.3947156921875 0.399975078125 0.3174439703125 0.41801066562500006 0.37402383437500003 0.535070596875 0.455940346875 0.5174489624999999 0.3947156921875 0.399975078125
1 1 0.59653390625 0.951551334375 0.5166520796875 0.880286646875 0.5296972140625 0.9677681218749999 0.6973039296875 1 0.6892482015625 1 0.59653390625
1 0.24593140156249998 0.6786302875 0.1574764203125 0.69574726875 0.225813296875 0.8712762125 0.31898950937500004 0.8507949328125 0.24593140156249998 0.6786302875
1 0.8038637906250001 0.5469289046875 0.8893677859375 0.7190095765625 0.9659657562499999 0.6982351078125 0.8765841609375 0.5318993265625 0.8038637906250001 0.5469289046875
1 0.341971115625 0.65686056875 0.4172082 0.8291495046874999 0.5083465078125 0.808623640625 0.42662150781249997 0.632794115625 0.341971115625 0.65686056875
0 0.0666529140625 0.7204077421874999 0.13150267499999999 0.895890271875 0.2243327140625 0.869407790625 0.1553189078125 0.697612803125 0.0666529140625 0.7204077421874999
1 0.6993460312499999 0.5739421499999999 0.7864427093749999 0.743389928125 0.871368884375 0.7248133218749999 0.7809712203125 0.55407646875 0.6993460312499999 0.5739421499999999
1 0.43088837968749993 0.6374748218749999 0.508169921875 0.8066041187499999 0.5965437375 0.784141128125 0.517204040625 0.6211527859375 0.43088837968749993 0.6374748218749999
0 0.24952922968750002 0.67696670625 0.32224086406249997 0.8521045859375 0.41645339375 0.8298388375 0.34072344062500004 0.6624116156250001 0.24952922968750002 0.67696670625
0 0.6049981671875 0.5998432453125 0.69533439375 0.766999303125 0.78524531875 0.7436663671875 0.69706214375 0.5749936234375 0.6049981671875 0.5998432453125
0 0.589038746875 0.7642407671875 0.598116725 0.7822327609374999 0.6917590015624999 0.7662795296875 0.6024269875 0.600447371875 0.5196070703125 0.620381165625 0.589038746875 0.7642407671875
1 0 0.24273471406249997 0.05057946875 0.23052407812500003 0.01139786875 0.1392899640625 0 0.141967559375 0 0.24273471406249997
1 0.086655278125 0.121915421875 0.011769325 0.1391800640625 0.051489351562499994 0.23152220625000003 0.1278603421875 0.2130851125 0.086655278125 0.121915421875
0 0.16016612187499998 0.10557364843749999 0.0873945953125 0.12109951875 0.1287330703125 0.214132071875 0.20603822656249998 0.1988067984375 0.16016612187499998 0.10557364843749999
1 0.2336561015625 0.0911291765625 0.1613981140625 0.105022928125 0.2062626484375 0.19875498593750002 0.280782609375 0.1836523921875 0.2336561015625 0.0911291765625
1 0.31293955 0.0782895515625 0.2339011609375 0.0906373734375 0.28090173281249997 0.18320455 0.3565319859375 0.16574393125 0.31293955 0.0782895515625
1 0.8735132671875 0.7262939234375 0.7883368749999999 0.7454326015625 0.8767523796875001 0.9097400984374999 0.9683255624999999 0.8893630515625001 0.8735132671875 0.7262939234375
1 0.78537209375 0.7466429171875 0.6984726828125 0.7716804046875 0.7846251 0.9333022281250001 0.8752876578125001 0.9108425453125 0.78537209375 0.7466429171875
1 1 0.7636090796875 0.9629954328125001 0.6995210140625 0.8783520640625 0.7228172859375 0.9748897703124999 0.8962547796875 1 0.8908816703125 1 0.7636090796875
1 0.6935989734375 0.7716518625 0.6067913625 0.788568134375 0.687860746875 0.95717061875 0.7838495812499999 0.937302721875 0.6935989734375 0.7716518625
1 0.382603546875 1 0.3168015046875 0.8548209609375 0.22951346875 0.8744471515625 0.2791586421875 1 0.382603546875 1
1 0.4916594515625 1 0.413030878125 0.834133240625 0.3204664609375 0.8558938968750001 0.3861321953125 1 0.4916594515625 1
1 0.53876186875 1 0.594717390625 0.98708165 0.5096555875 0.8141185390624999 0.4148005515625 0.83411515625 0.4926847453125 1 0.53876186875 1
1 0.5118799390625 0.8123138359375 0.5962835171875 0.990923253125 0.6917624015625 0.968880215625 0.602747409375 0.7895694390625 0.5118799390625 0.8123138359375
1 0.2756967421875 1 0.227844209375 0.8753583703125001 0.13323791093749998 0.8997302359375 0.168893521875 1 0.2756967421875 1
1 0.527380146875 0.022908859375 0.579989153125 0.1216285265625 0.6506168140625 0.10404584218749999 0.5947625140625 0.0052029046875 0.527380146875 0.022908859375
1 0.35638544375 0.165357425 0.42766740781249996 0.147758215625 0.380937015625 0.0638521125 0.31400725 0.078043053125 0.35638544375 0.165357425
1 0.6252311265625 0 0.596947875 0.005336878125 0.6514731406250001 0.105065996875 0.7241295859375 0.089628090625 0.661745334375 0 0.6252311265625 0
1 0.4541170859375 0.046461131249999996 0.50401111875 0.1346999203125 0.57772484375 0.11959727499999999 0.52463365625 0.026501448437500002 0.4541170859375 0.046461131249999996
1 0.45172211406249996 0.047930421875000004 0.3815357296875 0.0626040578125 0.4291903421875 0.148969428125 0.5029047453125 0.1344731484375 0.45172211406249996 0.047930421875000004
1 0.7446892234375 0 0.79809025 0.07382993125000001 0.8669523984374999 0.057931851562500004 0.8245030171875 0 0.7446892234375 0
1 0.66642135 0 0.724961296875 0.0939055921875 0.796191809375 0.0742682203125 0.7410229562499999 0.00016862968750000002 0.7408928859375 0 0.66642135 0
1 0.82734178125 0 0.8670133999999999 0.0566407625 0.9088223109375001 0.049542425 0.8979630234375 0.0010614921875000002 0.897717959375 0 0.82734178125 0