1 0.8440192140624999 0.1505964203125 0.8920569671875 0.268149803125 0.9696113078125 0.26330007499999997 0.9178713500000001 0.14541271718749998 0.8440192140624999 0.1505964203125
1 0.7621110375 0.1606389296875 0.8151803031249999 0.279397465625 0.8892161468750001 0.27146862031249996 0.8355112531250001 0.152785471875 0.7621110375 0.1606389296875
0 0.574779975 0.1831098 0.49564397343750005 0.187907221875 0.49050735625 0.18835661718750002 0.5381216015625 0.30860614375 0.621558003125 0.2986038828125 0.574779975 0.1831098
1 0.5799054640625 0.1809689625 0.6261080015625 0.29606655625 0.7131343046875 0.2942589390625 0.6627965125 0.17382965625 0.5799054640625 0.1809689625
1 0.666982596875 0.17216989062500002 0.7178699875000001 0.2969235359375 0.805693675 0.2887561078125 0.752828175 0.16419332343749998 0.666982596875 0.17216989062500002
1 0.40858895781250004 0.1971970515625 0.452951946875 0.31965872968750003 0.5386395859374999 0.3094595109375 0.49113438593750003 0.18997526250000002 0.40858895781250004 0.1971970515625
1 0.3172738625 0.20771064843749998 0.3611677921875 0.3315885578125 0.450290953125 0.321764403125 0.406502396875 0.1972255734375 0.3172738625 0.20771064843749998
0 0 0.382955765625 0.0006364921875 0.3854268796875 0.09115969375 0.37690305468749996 0.0505456515625 0.2287223046875 0 0.23265815937499998 0 0.382955765625
0 0.05109243125 0.2295259234375 0.0934921421875 0.3801298890625 0.18638676875 0.372776521875 0.1462833453125 0.2229007125 0.05109243125 0.2295259234375
0 0.229904053125 0.21473339375 0.27887300000000004 0.3669855078125 0.3658622453125 0.358699303125 0.314322609375 0.20479335 0.229904053125 0.21473339375
0 0.14668226875 0.22201435625000002 0.18758050312500002 0.3736213046875 0.27707886875 0.3637643203125 0.2276876515625 0.21663022031249998 0.14668226875 0.22201435625000002
1 0.8961099109375 0.28179790625 0.8110107765624999 0.29099434999999996 0.8748326421874999 0.45056846562499997 0.9671998593750001 0.4431799515625 0.8961099109375 0.28179790625
1 0.9708638171875 0.44978508125000005 0.9975505296874999 0.4501719546875 0.9823607671874999 0.276552184375 0.899991425 0.280440221875 0.9708638171875 0.44978508125000005
1 0.5396732046875 0.3207446953125 0.45628985625 0.32922867031249997 0.50918905 0.4861653421875 0.601195475 0.47465298125000005 0.5396732046875 0.3207446953125
1 0.8077817046875 0.2999141515625 0.7176365625 0.3080253953125 0.78596325 0.4624989421875 0.8711306000000001 0.44812207812500005 0.8077817046875 0.2999141515625
1 0.6275081375 0.3158304078125 0.543713084375 0.322133996875 0.6005932765625001 0.47332052812500003 0.6935016765625 0.47211778125 0.6275081375 0.3158304078125
0 0.631684415625 0.3177607 0.6958694828125 0.47260319375000004 0.7842703078125 0.46417655468749996 0.7144907734375 0.30891298125 0.631684415625 0.3177607
1 0.4197909609375 0.5009123484375 0.5082156078125 0.4883282125 0.452426221875 0.32907038593750004 0.36683794999999997 0.33863609375000003 0.3729246734375 0.36144615625 0.4197909609375 0.5009123484375
1 0 0.5218304781249999 0.00143541875 0.538237390625 0.0346184078125 0.534932809375 0.000427015625 0.381973109375 0 0.381998078125 0 0.5218304781249999
0 0.0963124234375 0.3841826265625 0.004238053125 0.3886562953125 0.0384622421875 0.5345965171875 0.13243586093749998 0.52406770625 0.0963124234375 0.3841826265625
1 0.2794541875 0.36913594843749997 0.1891080203125 0.375866434375 0.23036338281250002 0.5167925453125 0.3244732671875 0.5071738609375 0.2794541875 0.36913594843749997
0 0.187823646875 0.375022840625 0.09766579843749999 0.3823275453125 0.135839375 0.526077121875 0.22957299375 0.520183678125 0.187823646875 0.375022840625
1 0.36765079375 0.3628048828125 0.2813384875 0.37056664375000004 0.3247977484375 0.5064529046875 0.41607125624999997 0.49985264375 0.36765079375 0.3628048828125
1 1 0.686561540625 0.9522584999999999 0.5749194 0.8731998125 0.5781780125 0.942423325 0.7737316265625 1 0.7676418640625 1 0.686561540625
1 0.16449463749999998 0.6428446703125 0.0662254140625 0.6478947234375 0.11354108125 0.849124853125 0.2174267359375 0.8411419125 0.16449463749999998 0.6428446703125
1 0.7879274859375001 0.5851961765625 0.8543341249999999 0.785308996875 0.9403327296875 0.7744674671875 0.868861396875 0.5800039499999999 0.7879274859375001 0.5851961765625
1 0.27167278281249996 0.63390020625 0.326942890625 0.832666365625 0.4286310484375 0.824322740625 0.36687997031249997 0.6207147484375 0.27167278281249996 0.63390020625
0 0.0636090890625 0.649591584375 0.0116891546875 0.655438121875 0.0294467 0.8584077875 0.11222277656249999 0.8468674625 0.0636090890625 0.649591584375
1 0.6707846546875 0.598540240625 0.73931296875 0.7960357203124999 0.8339865265625 0.7888587328125001 0.7620831203125 0.589456578125 0.6707846546875 0.598540240625
1 0.3707858296875 0.6264553453125 0.428746084375 0.822100925 0.5277376421875 0.8112285343750001 0.46662063906249995 0.6219414484375 0.3707858296875 0.6264553453125
0 0.1686382421875 0.641587959375 0.22074502968749998 0.8430633515625001 0.3260220109375 0.83329986875 0.2694820671875 0.6397417796875 0.1686382421875 0.641587959375
0 0.5648103984375 0.6122337828125 0.6371899796875 0.8077350140625 0.737975946875 0.7961526937500001 0.6681549999999999 0.5993330375 0.5648103984375 0.6122337828125
0 0.52263570625 0.7884515046875 0.52972821875 0.80939556875 0.6334318109375 0.806404996875 0.561937790625 0.612496403125 0.4693367515625 0.6214710453125 0.52263570625 0.7884515046875
1 0 0.12798459375 0.0211019203125 0.1259247546875 0 0.04821531875 0 0.12798459375
1 0 0.04655369375 0.02193481875 0.1271488984375 0.10733371249999998 0.11881278749999999 0.082759525 0.0345938921875 0 0.0418344125 0 0.04655369375
1 1 0.7667469 0.9406958609375 0.775830025 1 0.9297209421874999 1 0.7667469
0 0.194056778125 0.11527316406250002 0.165267778125 0.02737535625 0.083734125 0.0345086265625 0.10811902656250001 0.12008430625 0.194056778125 0.11527316406250002
1 0.277198834375 0.110255378125 0.2463489640625 0.020281671875 0.166535025 0.0272644859375 0.1943073703125 0.115251240625 0.277198834375 0.110255378125
1 0.361845265625 0.1023985328125 0.3319837484375 0.012789598437499999 0.24681899375 0.0202405484375 0.277395546875 0.1097869265625 0.361845265625 0.1023985328125
1 0.74105220625 0.7985458484375 0.8060698546875 0.9751322765625 0.907317996875 0.9662742109375 0.83608158125 0.790796353125 0.74105220625 0.7985458484375
1 0.6398750718749999 0.8133031296875 0.7020509578125 0.98423275 0.8038945500000001 0.975322590625 0.7376620078125 0.7994069500000001 0.6398750718749999 0.8133031296875
1 1 0.9321302640625 0.9369250796875 0.77540986875 0.8418422031249999 0.787759390625 0.9103570484375 0.9660083296875 1 0.9581655874999999 1 0.9321302640625
1 0.5381508921875 0.8176097296875 0.5940686484375 0.9936799781250001 0.698940865625 0.9845048484375001 0.6346078609375 0.8125254078124999 0.5381508921875 0.8176097296875
1 0.25980303125000004 1 0.21445003125 0.8451820671875 0.1170627671875 0.8531378500000001 0.1524102296875 1 0.25980303125000004 1
1 0.372312953125 1 0.3216693546875 0.837442546875 0.2182515578125 0.846909615625 0.26343177500000003 1 0.372312953125 1
1 0.48469833281249997 1 0.429214296875 0.8304950171875 0.3235862234375 0.8376940265625 0.373494121875 1 0.48469833281249997 1
1 0.521830465625 1 0.5918902078125 0.9938705671875001 0.5336251062499999 0.8180783453125 0.43189369843750003 0.8288745078125 0.48497962968749997 1 0.521830465625 1
1 0.1487584109375 1 0.11511916562499999 0.8538723906250001 0.029893276562499998 0.8635121890624999 0.0418344125 1 0.1487584109375 1
1 0.577976984375 0 0.6102278671875 0.0886910578125 0.689285140625 0.0804035578125 0.6577864109375 0 0.577976984375 0
1 0.4415128234375 0.09375082343749999 0.40781826875 0.006154937500000001 0.333038896875 0.012697284375000001 0.36174533124999997 0.10195603906249999 0.4415128234375 0.09375082343749999
1 0.6593796875 0 0.6900567734374999 0.0816434328125 0.770983421875 0.075997653125 0.7326913390625001 0 0.6593796875 0
1 0.49028806875 0 0.5260671140625 0.0912560734375 0.608086540625 0.08613663125 0.5739518109375 0 0.49028806875 0
1 0.47816952187500006 0 0.4090464734375 0.006047484375 0.442976525 0.0953004671875 0.5249047953125 0.0908401125 0.48724184531250003 0 0.47816952187500006 0
1 0.8164202406250001 0 0.8533753390625 0.070160178125 0.9302677046875001 0.06343296875 0.8963556453124999 0 0.8164202406250001 0
1 0.7355212296875 0 0.77123481875 0.08077375625 0.8512555171875 0.07034563906249999 0.8129581984375 0 0.7355212296875 0
1 0.8990421375000001 0 0.9305293359375 0.062039195312499996 0.96351174375 0.061106854687500003 0.9581655874999999 0 0.8990421375000001 0