1 1 0.36017105312500003 0.9529292125 0.34489090624999996 0.9534379078124999 0.46886145625 1 0.4843696265625 1 0.36017105312500003
1 0.8750834890625001 0.32401619375 0.8797077703125 0.45091818124999994 0.9496515875 0.47082605937500005 0.9444241343750001 0.343759775 0.8750834890625001 0.32401619375
1 0.6972254453125 0.2758238984375 0.6238083671875 0.2512160109375 0.6189924875 0.24974365 0.6181316171875 0.3759995359375 0.6973465234375 0.39746974375 0.6972254453125 0.2758238984375
1 0.7026498546875 0.275761271875 0.702394796875 0.396837728125 0.7818635796875 0.427038153125 0.78032385 0.2996232234375 0.7026498546875 0.275761271875
1 0.7847216312499999 0.2996523546875 0.7851775171875001 0.4311823046875 0.8676943328125001 0.45591819375 0.86537734375 0.3238373484375 0.7847216312499999 0.2996523546875
1 0.5415771390625 0.227777203125 0.536963009375 0.35484590625 0.618288584375 0.376961409375 0.6189683203125 0.2514380609375 0.5415771390625 0.227777203125
1 0.45504057812500004 0.2038875734375 0.44948373437500005 0.33206650625 0.5337832140625001 0.35577828125 0.539677196875 0.2270397 0.45504057812500004 0.2038875734375
0 0.20581719375000002 0.125329 0.1231573984375 0.09919150625 0.10331026406249999 0.24890359687500002 0.18840200468749999 0.27430446875 0.20581719375000002 0.125329
1 0.2060184328125 0.12625637812499999 0.1893340375 0.2780783328125 0.27614517968749996 0.30540610625000003 0.2946426953125 0.155083246875 0.2060184328125 0.12625637812499999
0 0.373353415625 0.1782816734375 0.3620150984375 0.333998559375 0.443819715625 0.358321684375 0.45343497031249996 0.20016749374999998 0.373353415625 0.1782816734375
0 0.2953281125 0.1544269453125 0.27691721875 0.306607415625 0.36156847812500004 0.3304267359375 0.3706526078125 0.1791876671875 0.2953281125 0.1544269453125
1 0.9521166171875001 0.48269697031250003 0.8716907125000001 0.4598891515625 0.8711247734375 0.627666734375 0.9574711656250001 0.6547697578125 0.9521166171875001 0.48269697031250003
1 1 0.49824870624999995 0.956128109375 0.4828880953125 0.9583734312500001 0.6620884046875 0.9715896640624999 0.6676515249999999 1 0.574725503125 1 0.49824870624999995
1 0.6150972921875 0.3875537078125 0.5364857062499999 0.364728715625 0.5269931999999999 0.526123359375 0.6145210765625 0.5493619187500001 0.6150972921875 0.3875537078125
1 0.8655043750000001 0.4667811484375 0.7809058875 0.44114515781249997 0.786284759375 0.60595421875 0.8686670578125 0.624098215625 0.8655043750000001 0.4667811484375
1 0.69643453125 0.41523811562499996 0.6182475484375 0.3902890515625 0.6144630640625001 0.5479356203125 0.6990372265625 0.5808353359375 0.69643453125 0.41523811562499996
0 0.6995104484375 0.41851300625 0.7010038953125 0.5821408859375 0.7841381453125 0.606853296875 0.7777325640625 0.4407976984375 0.6995104484375 0.41851300625
1 0.44064433437500006 0.5067666609375 0.525320665625 0.527724853125 0.5330448343749999 0.363172034375 0.4520409359375 0.34051949531250003 0.44921058281250004 0.363391471875 0.44064433437500006 0.5067666609375
1 0.10438370781249999 0.24570097343750003 0.059530184374999996 0.2305600375 0.014553467187499999 0.3776722546875 0.07940461875 0.396652275 0.10438370781249999 0.24570097343750003
0 0.1904057796875 0.2827781796875 0.105390615625 0.2531440734375 0.0830084390625 0.3977540734375 0.17195802031250002 0.422602490625 0.1904057796875 0.2827781796875
0 0.361754925 0.336157528125 0.27747937500000003 0.309198278125 0.26329815624999997 0.45184221406249997 0.3520382765625 0.47756423281249993 0.361754925 0.336157528125
0 0.276624821875 0.3079648875 0.1923097984375 0.281594253125 0.1743052140625 0.4256662984375 0.26134218124999997 0.4546223703125 0.276624821875 0.3079648875
0 0.44393783593749997 0.36269192499999997 0.36293803125 0.3381417703125 0.3525957890625 0.47703040156250004 0.437663475 0.5044467609375001 0.44393783593749997 0.36269192499999997
1 0.89855729375 0.9065296421875001 0.8957601609375001 0.76854065625 0.8229758796875 0.7425682828125 0.814142790625 0.9448868265625 0.8809848125 0.9640066375 0.89855729375 0.9065296421875001
1 0.1575492671875 0.541834971875 0.0667134828125 0.5104563109375 0.0359654296875 0.70989818125 0.1329598796875 0.7406769375 0.1575492671875 0.541834971875
1 0.7431897937499999 0.717725553125 0.730138425 0.9231401296874999 0.8119805078125 0.9447880375000001 0.81837938125 0.7426338265625 0.7431897937499999 0.717725553125
1 0.2578769265625 0.5729479343749999 0.23523325 0.7730696203125 0.3303696421875 0.8027180203125001 0.348915184375 0.595843103125 0.2578769265625 0.5729479343749999
0 0 0.6984547140624999 0.0355972140625 0.7073727578125 0.06372364999999999 0.5110350109375 0 0.4932719828125 0 0.6984547140624999
1 0.632229446875 0.6869493062500001 0.6220566187500001 0.8907711031250001 0.710414184375 0.9189092984375 0.7182279828125 0.71212708125 0.632229446875 0.6869493062500001
1 0.35035269062499996 0.6024677609375 0.3312863921875 0.8007491468750001 0.4249056828125 0.8271222843749999 0.43878787812500003 0.6334411249999999 0.35035269062499996 0.6024677609375
0 0.16176117343750002 0.5422133671875 0.1352620765625 0.7436299421875 0.23416764687499997 0.77330611875 0.253756675 0.5774336984375 0.16176117343750002 0.5422133671875
1 0.5312551187500001 0.6605751296875 0.525299203125 0.8640008343750001 0.6208030828125 0.8903878578125 0.629558184375 0.6867048703124999 0.5312551187500001 0.6605751296875
0 0.428615740625 0.8046404671875 0.42737863750000005 0.8261914796875001 0.5223823734375 0.861422203125 0.5285577484374999 0.6597619531250001 0.44141952656249994 0.6340089875 0.428615740625 0.8046404671875
1 0.219778471875 0 0.21705646562499997 0.0229287359375 0.297439175 0.046624900000000004 0.302115934375 0 0.219778471875 0
1 0.8699805375 1 0.881414859375 0.9626000203125 0.8118110218749999 0.9461541265625 0.81094854375 1 0.8699805375 1
0 0.302813128125 0 0.29768529374999997 0.0480630328125 0.3772667984375 0.0751467609375 0.38233542656249997 0 0.302813128125 0
1 0.3833901140625 0 0.3775017421875 0.075218590625 0.4543921984375 0.10102071406249999 0.45980640937499995 0 0.3833901140625 0
1 0.46026503593749996 0 0.45474165937500005 0.10066868437500001 0.5339182265625 0.124875390625 0.540423884375 0.020406493749999997 0.48764630625 0 0.46026503593749996 0
1 0.7117438203125 1 0.7116027453125 0.9214294578125 0.622713584375 0.8936792703125 0.6194101421875 1 0.7117438203125 1
1 0.6167910921875001 1 0.619328621875 0.8932184265625001 0.5256943078125 0.870022790625 0.5211461125 1 0.6167910921875001 1
1 0.8084830296875 1 0.8085500109374999 0.9443943953125 0.71793004375 0.9207881 0.7165930890625 1 0.8084830296875 1
1 0.517775190625 1 0.52120895625 0.8673919937499999 0.43200174843749994 0.83670731875 0.41964098125 0.9982776609374999 0.4252744984375 1 0.517775190625 1
1 0.037686873437500004 0.7148186546875 0.013964718749999999 0.8742499796875001 0.11278874375 0.9044635171875001 0.1287866953125 0.743244709375 0.037686873437500004 0.7148186546875
1 0.1315974015625 0.746199003125 0.116114121875 0.9054801875 0.21555004531250002 0.9358808 0.228710959375 0.7754633265625 0.1315974015625 0.746199003125
1 0.23035483124999998 0.7763921796875 0.21664746093749998 0.9362163140625 0.3179104734375 0.9671755234375 0.328640440625 0.808517890625 0.23035483124999998 0.7763921796875
1 0.3316594671875 0.80803136875 0.31839675624999997 0.9673241953125 0.41737302343750005 0.9975842765625 0.4277319828125 0.8354758078125 0.3316594671875 0.80803136875
1 0 0.8699805375 0.010476854687499999 0.8731836328125 0.03565818125 0.7147724656250001 0 0.704851746875 0 0.8699805375
1 0.7680599578125 0.083590259375 0.7638571921875 0.20333364375000001 0.8384793937499999 0.2247538734375 0.8397512140625001 0.10316192500000002 0.7680599578125 0.083590259375
1 0.5339895609374999 0.12443832968749999 0.6092248140625001 0.14619285312500002 0.6109355062499999 0.0433406703125 0.5415416484375 0.020748228125 0.5339895609374999 0.12443832968749999
1 0.841697646875 0.10445404375 0.8387247 0.22615836250000002 0.9140735859375001 0.25065347031249996 0.9037301453125 0.1262074140625 0.841697646875 0.10445404375
1 0.6878122249999999 0.066302740625 0.686706340625 0.1748670296875 0.7628523109375 0.2002382890625 0.763602796875 0.085457284375 0.6878122249999999 0.066302740625
1 0.6848149796875 0.066386759375 0.6121557109375 0.04250215625 0.609983540625 0.148130890625 0.6858059171875001 0.1740653390625 0.6848149796875 0.066386759375
1 1 0.1577915609375 0.978088721875 0.14989264687499998 0.9908194734375 0.275511109375 1 0.27831787812500003 1 0.1577915609375
1 0.9125544921875001 0.25506826718750003 0.988832015625 0.27490348125 0.9775067921874999 0.1766445203125 0.9738490484375 0.1490389796875 0.9085059015624999 0.13045564062499998 0.9125544921875001 0.25506826718750003