1 0.9455490203125001 0.19127616249999999 0.8922689109374999 0.10160407187500001 0.8208186 0.11551358593750001 0.881754178125 0.22433631406250001 0.9498717750000001 0.2116131234375 0.9455490203125001 0.19127616249999999
1 0.7420876421875 0.135125284375 0.8080774390625001 0.2445193140625 0.8793787625 0.2279119765625 0.812777690625 0.1186676578125 0.7420876421875 0.135125284375
1 0.5619636953125 0.1794942796875 0.485310821875 0.19366093906249998 0.480351884375 0.19471499375 0.5411965734375 0.3062165453125 0.62142369375 0.286460803125 0.5619636953125 0.1794942796875
1 0.5667095140625 0.17679284687500002 0.625560496875 0.283441915625 0.7102708078125 0.2712432796875 0.6467467890624999 0.1598931375 0.5667095140625 0.17679284687500002
1 0.650633396875 0.15777328125 0.715210853125 0.27327263125 0.7999388062499999 0.25477922343750004 0.7334537953125 0.139703140625 0.650633396875 0.15777328125
1 0.4014672078125 0.21315621093749998 0.459403615625 0.3272039390625 0.5418041046875001 0.306986234375 0.4811573390625 0.1962175515625 0.4014672078125 0.21315621093749998
1 0.3136126390625 0.234355228125 0.3712606609375 0.34983966093749996 0.457058621875 0.3295755375 0.3994344015625 0.2134342453125 0.3136126390625 0.234355228125
0 0 0.37973767812500003 0.0258664765625 0.44555483125000006 0.11318619218749999 0.42639028906250004 0.0558328109375 0.2868236234375 0 0.298135396875 0 0.37973767812500003
1 0.056462492187500005 0.28754136875 0.11584822187499999 0.429255884375 0.20562210468750003 0.4109478359375 0.1485643296875 0.2696676984375 0.056462492187500005 0.28754136875
0 0.22919073124999997 0.2516784390625 0.295184271875 0.3942116484375 0.379083715625 0.375702534375 0.31038375 0.2318655609375 0.22919073124999997 0.2516784390625
0 0.1488476390625 0.268755890625 0.2068880546875 0.41162811875000005 0.2930482453125 0.3912869984375 0.227254628125 0.2537931515625 0.1488476390625 0.268755890625
1 0.8873413546875 0.2371535796875 0.8053952609374999 0.2563232640625 0.8867588953125001 0.40421225625 0.9760138921875001 0.38593320000000003 0.8873413546875 0.2371535796875
0 0.9803792781249999 0.3919320625 0.9880239015625 0.391104771875 0.9526769765624999 0.2248105640625 0.8909668609375 0.2353647 0.9803792781249999 0.3919320625
1 0.544162253125 0.31786236875 0.46380535156249997 0.33613181875000003 0.53419448125 0.48275990156250004 0.6226042656249999 0.46050444375 0.544162253125 0.31786236875
1 0.8033107234375001 0.26540497812499997 0.716310609375 0.28412202343750004 0.8014604500000001 0.42649905625000006 0.8828536437500001 0.40227163906249996 0.8033107234375001 0.26540497812499997
1 0.629290190625 0.30253856875 0.5482707875 0.31873208750000004 0.6218572640625 0.4592778703125 0.712380071875 0.4469634125 0.629290190625 0.30253856875
0 0.633596521875 0.3039192546875 0.71474879375 0.4471526015625 0.8000089640624999 0.42833731718749996 0.713346859375 0.28536444843750003 0.633596521875 0.3039192546875
1 0.448716890625 0.5078554828125 0.5335031609375 0.48498487343749996 0.4600160125 0.33644088125 0.3776367390625 0.35602916093750003 0.386304203125 0.3775330296875 0.448716890625 0.5078554828125
1 0 0.55255211875 0.0105418765625 0.6021477484375 0.0769062203125 0.5872085593749999 0.0252490546875 0.442213434375 0 0.44682398125 0 0.55255211875
0 0.11908507500000001 0.432868015625 0.029767306249999997 0.44827074375000003 0.08061709375000001 0.5864197890625 0.1710642171875 0.56488711875 0.11908507500000001 0.432868015625
0 0.296008584375 0.3962380640625 0.20864718437500002 0.413633340625 0.265758909375 0.5460517265625 0.35644784375 0.525389846875 0.296008584375 0.3962380640625
0 0.2072929265625 0.41296508750000005 0.120183965625 0.43089749375 0.1746258921875 0.5664376015625 0.2653931 0.549451978125 0.2072929265625 0.41296508750000005
0 0.38132005 0.37948990312499997 0.2980184984375 0.397406640625 0.356678284375 0.524648190625 0.44496021875 0.5072686375 0.38132005 0.37948990312499997
1 1 0.5553760343749999 0.9771863218749999 0.5161364265625 0.9004248875 0.5287938796875 0.991362228125 0.711105640625 1 0.7091056796874999 1 0.5553760343749999
1 0.216552684375 0.6768188046875 0.12125846093749999 0.69352628125 0.1914953546875 0.8839984640624999 0.29191978281250003 0.8637586421875 0.216552684375 0.6768188046875
1 0.818049303125 0.545861084375 0.9067829218749999 0.732954690625 0.989410065625 0.712073609375 0.896409496875 0.5310939765625 0.818049303125 0.545861084375
1 0.32007518125 0.6552468953125 0.39777994687499996 0.842363415625 0.49601677187500004 0.82203555625 0.4114084296875 0.6309767546875 0.32007518125 0.6552468953125
0 0.053805218749999995 0.8056857687500001 0.0897786515625 0.9086690671875 0.189938925 0.8819562 0.118908171875 0.6954940374999999 0.034657189062499996 0.715601375 0.053805218749999995 0.8056857687500001
0 0.7053286578125 0.5729164718749999 0.7958197796875 0.7572044124999999 0.8873507609375 0.7388549484375 0.7933379859375 0.553113259375 0.7053286578125 0.5729164718749999
1 0.4159065 0.636103915625 0.49586335000000004 0.8198560734375 0.59116625 0.7973867218749999 0.5088891656250001 0.6202110046875 0.4159065 0.636103915625
0 0.2204460359375 0.6750969171875 0.2953877734375 0.8652335921875001 0.396957040625 0.8430913515625 0.3186358546875 0.66120361875 0.2204460359375 0.6750969171875
1 0.6035488906250001 0.5989731109374999 0.6975598828125 0.7808553171875 0.79452900625 0.7574787734374999 0.70285725625 0.574004603125 0.6035488906250001 0.5989731109374999
0 0.5834637640625 0.7757969515625 0.5928896124999999 0.795361340625 0.6937333531250001 0.7800096 0.6007770015625 0.59957359375 0.5114834921875 0.6194267515625 0.5834637640625 0.7757969515625
1 0 0.1526844453125 0.0157662765625 0.191247390625 0.098107775 0.17288035625 0.059229267187500004 0.0825184140625 0 0.095107984375 0 0.1526844453125
0 0.18231505312500002 0.1590298359375 0.1384831296875 0.0656724859375 0.0602470421875 0.0823020796875 0.099026184375 0.174025575 0.18231505312500002 0.1590298359375
1 0.26285096874999997 0.1441679484375 0.21658846562499998 0.049070684375 0.139839428125 0.0653841953125 0.182556978125 0.1589784125 0.26285096874999997 0.1441679484375
1 0.344515471875 0.12635831250000001 0.2993685015625 0.03147524375 0.21705801249999998 0.048970878125 0.26298691875 0.143687740625 0.344515471875 0.12635831250000001
1 0.797817209375 0.7594425499999999 0.8852218093750001 0.9292888749999999 0.9831764968750001 0.9084679625 0.8896269640625001 0.7404923703125 0.797817209375 0.7594425499999999
1 0.70084601875 0.78596075625 0.784776353125 0.950639215625 0.88316780625 0.929725465625 0.7946117828125 0.7606884703125 0.70084601875 0.78596075625
1 1 0.7383606203124999 0.9861973328125 0.7134008671875 0.89488543125 0.7368412828124999 0.9859912906250001 0.907869659375 1 0.904892015625 1 0.7383606203124999
1 0.6020912984375 0.8023578953125 0.6802719890625 0.972852303125 0.78183108125 0.9512652515625 0.6956128984375 0.78583435625 0.6020912984375 0.8023578953125
1 0.3464349125 1 0.2894980203125 0.8680537156250001 0.19541193750000002 0.8874877437500001 0.23757474374999998 1 0.3464349125 1
1 0.462051884375 1 0.3932047875 0.8476513703125 0.2934143984375 0.8692817203125 0.3501327171875 1 0.462051884375 1
1 0.55255211875 1 0.5757373234375 0.9950718328124999 0.4973240203125 0.8279819578125001 0.3951054765625 0.8476666140625 0.4632680640625 1 0.55255211875 1
1 0.49974499375 0.8260810578125 0.5758552031249999 0.9950467765625 0.678246315625 0.9732828734375 0.5977307515625 0.80335743125 0.49974499375 0.8260810578125
1 0.2341500734375 1 0.19360306875 0.888436815625 0.091573196875 0.9128406515625 0.1208224703125 1 0.2341500734375 1
1 0.542868059375 0 0.585265775 0.08320968281249999 0.66142448125 0.065650553125 0.6259097640625 0 0.542868059375 0
1 0.30051708593750004 0.0312311046875 0.344365034375 0.1259389796875 0.4212266609375 0.10837488437500001 0.3725493921875 0.017049625 0.3123804125 0.028709476562500003 0.30051708593750004 0.0312311046875
1 0.6274041984375 0 0.6623257578125 0.0667665671875 0.740624628125 0.051558235937499995 0.7061544078125 0 0.6274041984375 0
1 0.4515824453125 0 0.5034424421875 0.09580292968750001 0.5828706593749999 0.0809765875 0.538653525 0 0.4515824453125 0
1 0.37324419531249997 0.01577248125 0.4228403515625 0.10970984531250001 0.5022584265625001 0.09553686875 0.44884738906250005 0.00128329375 0.37607560625 0.0151706453125 0.37324419531249997 0.01577248125
1 0.7953171828125 0 0.8203304890625001 0.035987328125 0.8945631015625001 0.0202086984375 0.880331453125 0 0.7953171828125 0
0 0.707851271875 0 0.741441078125 0.056183532812500006 0.8182839906250001 0.036422325 0.7922178390625 0 0.707851271875 0