1 0.831038834375 0.1706834015625 0.882795634375 0.280197325 0.9567093 0.2716658609375 0.9013960671874999 0.1620207296875 0.831038834375 0.1706834015625
1 0.7532195500000001 0.18437928750000002 0.8098469765624999 0.2947869015625 0.8802438296874999 0.2835009515625 0.8230123796875001 0.173197196875 0.7532195500000001 0.18437928750000002
0 0.5752154953125 0.21522949374999997 0.499786925 0.2237909609375 0.49489779218749996 0.224478084375 0.5463832562500001 0.336580728125 0.62566575625 0.3228460546875 0.5752154953125 0.21522949374999997
1 0.5800101718749999 0.2129322890625 0.6298905265625 0.32020034062499997 0.7130116078125 0.3140877109375 0.6589131 0.2019513265625 0.5800101718749999 0.2129322890625
1 0.6628333984375 0.20015961718750003 0.717671696875 0.31638605625 0.8012400453125 0.30417718437499996 0.7445198265624999 0.18823230468750002 0.6628333984375 0.20015961718750003
0 0.41700916718750003 0.2370298328125 0.4654955453125 0.3514030140625 0.54692081875 0.33736719375 0.4955775390625 0.2259877671875 0.41700916718750003 0.2370298328125
1 0.33021875 0.251648975 0.37832681875 0.3673944046875 0.4630555671875 0.3535423734375 0.41501550312499996 0.2371622796875 0.33021875 0.251648975
0 0 0.32169824375 0.0362708359375 0.43685336875 0.12240267812500001 0.4241689078125 0.0762263875 0.28511606718750004 0 0.295090275 0 0.32169824375
0 0.076789015625 0.28585370781249997 0.1247927625 0.4271239015625 0.2132500578125 0.41543432031250005 0.16747800156249998 0.27474163125 0.076789015625 0.28585370781249997
0 0.24702765468750001 0.26274494375 0.30139428437500004 0.4052530703125 0.384158890625 0.3929732 0.32725233125000003 0.24901995625 0.24702765468750001 0.26274494375
0 0.1678155109375 0.273877484375 0.2144333171875 0.41617851406249995 0.29951919375 0.40227628906249996 0.245002428125 0.2646629984375 0.1678155109375 0.273877484375
0 0.887347196875 0.292988953125 0.8064349343749999 0.30604020468750004 0.8753660953125 0.4547710828125 0.9633173609375 0.4430746484375 0.887347196875 0.292988953125
1 0.9671479859375 0.44917936875000003 0.9976074234375 0.44801253125 0.9744379703125 0.2831532984375 0.8909912484375001 0.29150026093750003 0.9671479859375 0.44917936875000003
1 0.5484683453125 0.3480611328125 0.46916133593750003 0.3603473734375 0.5275180296875 0.5071179546875 0.6149199703125 0.491512875 0.5484683453125 0.3480611328125
1 0.803789453125 0.3146968515625 0.71799865 0.3269693640625 0.790984365625 0.4706160125 0.8717051390625 0.45262836406250007 0.803789453125 0.3146968515625
1 0.6322086546875 0.3389494328125 0.5523999421875 0.349180215625 0.6142781453125 0.49027445781249995 0.703053396875 0.48444099218750003 0.6322086546875 0.3389494328125
1 0.636297478125 0.3405767796875 0.70534144375 0.4847837359375 0.7894487812500001 0.47229891406249996 0.71503476875 0.3279732890625 0.636297478125 0.3405767796875
1 0.44277035312499996 0.5256715468750001 0.526694446875 0.5092266265625 0.46545925625000006 0.3603916078125 0.38409760312499996 0.3738191671875 0.3910477875 0.3952324671875 0.44277035312499996 0.5256715468750001
1 0 0.5349634078125 0.0074536265625 0.5879987140625 0.07617145 0.57750274375 0.03589939375 0.43357515468749996 0 0.4375723015625 0 0.5349634078125
0 0.12769021875 0.4308407296875 0.03987451875 0.4397467828125 0.0798300890625 0.57698855625 0.16916171093750001 0.562220775 0.12769021875 0.4308407296875
1 0.302056553125 0.40727145781249996 0.21600511406249998 0.4182393140625 0.2624351078125 0.5503517062500001 0.35194212343750003 0.5364436984375 0.302056553125 0.40727145781249996
0 0.2147352515625 0.4175008296875 0.1288923296875 0.4290059734375 0.17251557343749999 0.5639624609375 0.26184741875 0.5536207296875 0.2147352515625 0.4175008296875
1 0.38607246875 0.39679240781249997 0.30392913125 0.4085387265625 0.3522166515625 0.5357408078125 0.43916122343749997 0.5248501609375 0.38607246875 0.39679240781249997
1 1 0.6594924 0.9555593296874999 0.5692749140625 0.8801284296875 0.5763671796875001 0.956007334375 0.7590862656249999 1 0.7520923453125 1 0.6594924
1 0.20570076093749998 0.6737061328125 0.11199037812499998 0.6834736296874999 0.167203275 0.8727035421875 0.2661385015625 0.8598598515625 0.20570076093749998 0.6737061328125
1 0.798942625 0.5873529453125 0.8723540890624999 0.7745555875 0.9540448640625 0.759892446875 0.8760707140624999 0.5783248109375 0.798942625 0.5873529453125
1 0.30773647187500003 0.6597807109375 0.3704329484375 0.8462629749999999 0.46724915312500004 0.83318671875 0.398115928125 0.6424209453125 0.30773647187500003 0.6597807109375
0 0.032004284375 0.7626857265625 0.066709975 0.88975209375 0.1658309109375 0.8706205062500001 0.1095728515625 0.6852214515624999 0.023132646875000003 0.6995607406250001 0.032004284375 0.7626857265625
1 0.6875971484375001 0.60597061875 0.7629075609375 0.7905738875 0.8530745312500001 0.7789624984375 0.774442521875 0.592713940625 0.6875971484375001 0.60597061875
1 0.555017559375 0.7918871375000001 0.5628369656250001 0.8114728250000001 0.661845503125 0.8033922078125 0.583877159375 0.62235413125 0.49578092187499995 0.6355727234375 0.555017559375 0.7918871375000001
1 0.40213500625 0.6476902265625 0.46724904531250006 0.8310652328125 0.5613615703125 0.815717078125 0.4935442796875 0.6385561171874999 0.40213500625 0.6476902265625
0 0.20960041718750003 0.6723003671875001 0.2694065203125 0.8615220625 0.3695838359375 0.8469126828125001 0.3059312796875 0.6654537796875 0.20960041718750003 0.6723003671875001
0 0.5869478781249999 0.6243575078125 0.665841878125 0.8068674578125 0.7616349578125 0.790752740625 0.6851220765625 0.6068582375 0.5869478781249999 0.6243575078125
1 0 0.1951940015625 0.042979571875 0.188714840625 0.0104663078125 0.090025 0 0.0915370234375 0 0.1951940015625
1 0.0904509609375 0.07878389062499999 0.0108632953125 0.089944346875 0.0438366140625 0.1898384796875 0.1250781265625 0.1775913375 0.0904509609375 0.07878389062499999
1 1 0.751747015625 0.95445959375 0.7611715921875 1 0.8627914593750001 1 0.751747015625
0 0.1685220234375 0.0684599640625 0.09129545781250001 0.0780008140625 0.1258920140625 0.178762490625 0.20782343593750002 0.1698447390625 0.1685220234375 0.0684599640625
1 0.2463986203125 0.060112081250000005 0.1698556453125 0.06799833125 0.2080619546875 0.1698112171875 0.2870714953125 0.1608712875 0.2463986203125 0.060112081250000005
1 0.3301647234375 0.053966273437500004 0.24669869531250002 0.059621749999999994 0.287236371875 0.1604152875 0.3676172859375 0.1491184859375 0.3301647234375 0.053966273437500004
1 0.76469493125 0.792876346875 0.835612471875 0.9577465296875 0.9319824609375 0.9442026109375 0.8551737453125 0.7807018421875 0.76469493125 0.792876346875
1 0.6686851671875 0.8120340968749999 0.7366052265625 0.9716610906250001 0.8335419749999999 0.95803751875 0.7614960453124999 0.793867384375 0.6686851671875 0.8120340968749999
1 1 0.8664453312499999 0.9508333234374999 0.76096178125 0.8605313000000001 0.7775192718749999 0.9348750906250001 0.943796078125 1 0.93464336875 1 0.8664453312499999
1 0.57163446875 0.82126799375 0.6338255234375 0.9861058359375001 0.733644978125 0.9720771265625 0.6636103546875 0.8115593125 0.57163446875 0.82126799375
1 0.3113671765625 1 0.2634925171875 0.863857215625 0.170769415625 0.8763471359375 0.20755752656249998 1 0.3113671765625 1
1 0.42087645 1 0.365627309375 0.851077103125 0.2672129734375 0.865310415625 0.3148812859375 1 0.42087645 1
1 0.5304769796875 1 0.46811269062500005 0.8390347171875 0.367472596875 0.85121984375 0.42204165937499993 1 0.5304769796875 1
1 0.5349634046875 1 0.6317520390625 0.9863972453125 0.5673303359374999 0.8219425953125 0.47059431093750004 0.837356415625 0.5307091625 1 0.5349634046875 1
1 0.204168915625 1 0.1689474296875 0.8771446624999999 0.06816814375 0.893913725 0.095743215625 1 0.204168915625 1
1 0.5586099546875001 0.0158127140625 0.60443035 0.123532378125 0.679610696875 0.11165152656249999 0.6304205921875 0.0035070156249999997 0.5586099546875001 0.0158127140625
1 0.36749980625 0.1487021703125 0.443363309375 0.136863834375 0.40231859999999997 0.0451241875 0.331299490625 0.053806792187499994 0.36749980625 0.1487021703125
1 0.67132826875 0 0.6326850953125 0.0038462359375 0.6804099390625 0.11279323593749999 0.7575086062499999 0.10333357812499999 0.6982692968750001 0 0.67132826875 0
1 0.48014058593750003 0.033676253125 0.5240867125 0.13022163125 0.6022563265625 0.121208028125 0.5554216015625 0.0193072203125 0.48014058593750003 0.033676253125
1 0.47751174843750005 0.0349893046875 0.40305596093749996 0.0438777515625 0.4448396265625 0.13826559375 0.5229547421875 0.12988419375 0.47751174843750005 0.0349893046875
1 0.7800514859375001 0 0.8359987984374999 0.093617446875 0.9091864749999999 0.0833315890625 0.8586854796875001 0 0.7800514859375001 0
1 0.7031984234374999 0 0.7579856546875 0.1078688421875 0.8339811109375 0.0939010140625 0.783252459375 0.011614171874999999 0.775816728125 0 0.7031984234374999 0
1 0.86204284375 0 0.9093675687499999 0.08199119218749999 0.9457520578124999 0.079042428125 0.93464336875 0 0.86204284375 0