1 1 0.3798225625 0.98061164375 0.3727712609375 0.9766812874999999 0.4989222625 1 0.5076049765625 1 0.3798225625
1 0.9022344656250001 0.34879610781250003 0.9023822218750001 0.47807434843749996 0.9727622140625 0.5007880453125 0.9720072609375 0.3713214421875 0.9022344656250001 0.34879610781250003
1 0.723180084375 0.2935113796875 0.64943831875 0.2658935984375 0.644596053125 0.26422627187500003 0.63919161875 0.3926543390625 0.7189391328125 0.41728350000000003 0.723180084375 0.2935113796875
1 0.7286959546875 0.2936383296875 0.724093109375 0.4168179078125 0.8037854796874999 0.45033850312499996 0.8067914109375 0.3206467953125 0.7286959546875 0.2936383296875
1 0.8112604765625001 0.3208310171875 0.8070052499999999 0.45467143125 0.8899918250000001 0.48273930624999994 0.8923751015624999 0.34827296875 0.8112604765625001 0.3208310171875
1 0.5666954953125 0.2391554703125 0.557446915625 0.36827860156250003 0.6393166625 0.39363850624999996 0.6445107 0.26594939375000004 0.5666954953125 0.2391554703125
1 0.4795927046875 0.2118073203125 0.469346075 0.34202691406249996 0.5541813734375001 0.36911546875 0.5647907640625001 0.23833831718749998 0.4795927046875 0.2118073203125
0 0.22908862187499998 0.12311808906249999 0.14600699687500002 0.093619134375 0.12046254687499999 0.24524520625 0.20604253749999998 0.274080171875 0.22908862187499998 0.12311808906249999
1 0.2292598984375 0.12406871875 0.2068545140625 0.2779526296875 0.294113059375 0.30880855 0.31830760625 0.156513615625 0.2292598984375 0.12406871875
0 0.3974806421875 0.1828834234375 0.38036953281249997 0.340918125 0.46264700156250005 0.3685410015625 0.4780941484375 0.207965909375 0.3974806421875 0.1828834234375
0 0.3190278390625 0.1558699578125 0.2948547 0.3100579515625 0.3800437046875 0.3372682953125 0.3947029109375 0.183710284375 0.3190278390625 0.1558699578125
1 0.9742353156249999 0.6584973796875 0.9748419187499999 0.512952684375 0.893911475 0.486920009375 0.8873172421875 0.65760445 0.965097265625 0.6850362046875 0.9742353156249999 0.6584973796875
1 1 0.5215094546875 0.97891253125 0.5132881484375 0.9757088484375 0.65421793125 1 0.5836713062500001 1 0.5215094546875
1 0.6356928859375001 0.40430340468750003 0.55660721875 0.3783170296875 0.5411685890625 0.5421934171875 0.62930235625 0.5689139828124999 0.6356928859375001 0.40430340468750003
1 0.8873761421875 0.49371478125 0.80230595 0.46465793125 0.801860796875 0.6325310296875 0.8849471234375 0.65388729375 0.8873761421875 0.49371478125
1 0.7173747046875001 0.43532977031250003 0.6387968234375 0.407197196875 0.62929455625 0.5674607640625 0.7140794406250001 0.60390719375 0.7173747046875001 0.43532977031250003
0 0.7203837265625 0.4387699078125 0.7160316171875001 0.605304646875 0.7996466234375 0.6333703374999999 0.7990929 0.4641928671875 0.7203837265625 0.4387699078125
1 0.4540939609375 0.519463871875 0.53941109375 0.5437640578125 0.5531656 0.376612246875 0.4716420859375 0.3507172453125 0.4679446546875 0.3738887171875 0.4540939609375 0.519463871875
1 0.1216685390625 0.2420244453125 0.067100696875 0.22145412343749998 0.0159712375 0.369944853125 0.090863271875 0.3947309578125 0.1216685390625 0.2420244453125
0 0.20777527812500002 0.282772134375 0.1224249875 0.24963277968750003 0.0944868375 0.3959786515625 0.184007940625 0.4243871296875 0.20777527812500002 0.282772134375
0 0.380027628125 0.3431056109375 0.2953331546875 0.31271376875 0.2758013765625 0.457347546875 0.3650782328125 0.486637503125 0.380027628125 0.3431056109375
0 0.29450879531249996 0.3114288265625 0.209753084375 0.28163448281250003 0.1862838234375 0.42758688906250003 0.2737134953125 0.46010744687500005 0.29450879531249996 0.3114288265625
0 0.4626102828125 0.372991628125 0.38115900625 0.345166053125 0.3656640640625 0.48611395625 0.45114730312500007 0.5169987265625 0.4626102828125 0.372991628125
1 0.9065030015625 0.855206303125 0.9073039843749999 0.8018017499999999 0.8342543734375001 0.772817921875 0.8180178703125 0.9783552734375001 0.8594721203125 0.9917939015625 0.9065030015625 0.855206303125
1 0.16508476562500002 0.5451930593750001 0.0738807078125 0.5100741203125 0.03547200625 0.7119143015625 0.132957540625 0.7466393484375 0.16508476562500002 0.5451930593750001
1 0.754047275 0.744737328125 0.7334120453125 0.9532764484375 0.81582356875 0.97817875625 0.8295799265625 0.7727230421875 0.754047275 0.744737328125
1 0.265946340625 0.5803753078125 0.23575092031249997 0.7831920328125 0.3313883875 0.81670169375 0.357660546875 0.60686988125 0.265946340625 0.5803753078125
0 0 0.6992011812500001 0.035188335937499995 0.70933188125 0.0708209421875 0.5105578234375 0 0.488127278125 0 0.6992011812500001
1 0.6423660578125 0.7095239328125 0.6247138515625 0.916543665625 0.71351518125 0.9482785015624999 0.7288757609375 0.7381637828125001 0.6423660578125 0.7095239328125
1 0.35888403593749996 0.613660628125 0.3323908484375 0.8147306999999999 0.4266037640625 0.8448546374999999 0.4476625515625 0.6482828203125 0.35888403593749996 0.613660628125
0 0.16935236874999998 0.54572610625 0.1351916640625 0.7497247890625001 0.23465930781250002 0.7833952 0.2615973984375 0.58479449375 0.16935236874999998 0.54572610625
1 0.5406771734375 0.6791404046875 0.5273254453125 0.8859053625 0.6234534468749999 0.9161096750000001 0.63965963125 0.709181334375 0.5406771734375 0.6791404046875
0 0.43118137343749996 0.8221110515625 0.429150784375 0.8439945218749999 0.52445315 0.8831792234375 0.5379646124999999 0.6782182265625 0.45031710937499997 0.648953090625 0.43118137343749996 0.8221110515625
1 0.2471721546875 0 0.24418633281250002 0.019326593750000003 0.325041 0.046261590625 0.33132973125 0 0.2471721546875 0
0 0.332035371875 0 0.3252395734375 0.047733464062499995 0.4051583296875 0.0780869546875 0.41319215781249996 0 0.332035371875 0
1 0.4142880953125 0 0.4053945625 0.078168296875 0.4826239890625 0.10712323906250001 0.49215441875000004 0 0.4142880953125 0
1 0.4926278296875 0 0.48299182656250006 0.10677735 0.5626021984375 0.1341894 0.57296265625 0.0281268 0.5071604796875 0 0.4926278296875 0
1 0.7129892828125 1 0.71463288125 0.9508844 0.6252772921875 0.9195256546874999 0.6199361265625 1 0.7129892828125 1
1 0.6170665750000001 1 0.6218531890625 0.918937790625 0.5275110125 0.8920462546874999 0.5199215765625 1 0.6170665750000001 1
1 0.8115360687500001 1 0.8123507734375 0.9776576640625001 0.7210872515625 0.9504542609375 0.718503353125 1 0.8115360687500001 1
1 0.5162679015625 1 0.5230462703125001 0.8892119046875001 0.43347267812499995 0.8548563015624999 0.4172188125 1 0.5162679015625 1
1 0.0370452421875 0.7169811171875 0.01055533125 0.8602810265624999 0.10905697968750001 0.8941978640625001 0.1286236015625 0.749105225 0.0370452421875 0.7169811171875
1 0.13137455 0.7522098515625 0.1123647578125 0.8953368234375001 0.21207573281249997 0.9296700640625 0.229035484375 0.7853982328125 0.13137455 0.7522098515625
1 0.2306730703125 0.7864010734375 0.2132456203125 0.9300728890625001 0.31473836875 0.9650196453125 0.329422678125 0.82254195625 0.2306730703125 0.7864010734375
1 0.3325088140625 0.8221530671874999 0.3155076984375 0.965284546875 0.41467860156249997 0.9994318265625 0.42917686875000005 0.853453228125 0.3325088140625 0.8221530671874999
1 0 0.856646534375 0.0072225234375 0.8591334484375001 0.034984840625 0.7168628125 0 0.7058014359375 0 0.856646534375
1 0.8020759515625 0.10041422343749999 0.79350829375 0.22209871093750003 0.8685893609375 0.246515590625 0.8742441859375001 0.12284726718750001 0.8020759515625 0.10041422343749999
1 0.5626903859375 0.1337472234375 0.6383825953125 0.1585257765625 0.6438112234375 0.053939545312500004 0.57408654375 0.028513784375 0.5626903859375 0.1337472234375
1 0.8761762750000001 0.12423034375 0.868788315625 0.24795320156249998 0.94449770625 0.2755241390625 0.938448625 0.1485436421875 0.8761762750000001 0.12423034375
1 0.721128571875 0.0800044078125 0.716109778125 0.190423646875 0.79259793125 0.2189140375 0.7974785046874999 0.102157146875 0.721128571875 0.0800044078125
1 0.7180790171875 0.0799845390625 0.645081578125 0.053129295312500005 0.639084271875 0.1605242890625 0.7152233046875 0.1895763203125 0.7180790171875 0.0799845390625
1 1 0.17136744375 0.9431505234375 0.1530338453125 0.942795246875 0.27996255312499996 1 0.296987153125 1 0.17136744375