1 1 0.3318444921875 0.9322983656250001 0.3138402171875 0.9394367359375 0.4469702640625 1 0.46306979843749996 1 0.3318444921875
1 0.7448784484375001 0.2665585171875 0.6674293640625 0.242091921875 0.6623515578125 0.240635884375 0.6637250328125 0.3731897171875 0.7471987453125 0.3942546671875 0.7448784484375001 0.2665585171875
1 0.7505668515624999 0.26639187343750004 0.7524823625 0.3934973 0.8363797671875 0.42372212343750004 0.8324674625 0.289996234375 0.7505668515624999 0.26639187343750004
1 0.8370807140625001 0.289945009375 0.8399303953125001 0.42801082343749997 0.9269262828124999 0.4524425234375 0.9221146015624999 0.313833021875 0.8370807140625001 0.289945009375
1 0.580756409375 0.219016528125 0.5782078375 0.352493434375 0.663907015625 0.3741965265625 0.6623567578125 0.2424150515625 0.580756409375 0.219016528125
1 0.48955956718750004 0.19554796875 0.48604222343750003 0.33020788125 0.5748894390625 0.3535313484375 0.5787503093749999 0.218277671875 0.48955956718750004 0.19554796875
0 0.22673875781250002 0.1177166046875 0.13956763125 0.091816225 0.1214497953125 0.24934650937499997 0.211158446875 0.274428378125 0.22673875781250002 0.1177166046875
1 0.22696655312499997 0.11868638281249999 0.212204078125 0.2783726765625 0.3037509109375 0.305445340625 0.32044215625 0.147299003125 0.22696655312499997 0.11868638281249999
0 0.40341820000000006 0.1701875421875 0.394333321875 0.3338631140625 0.48057475937499994 0.357874759375 0.4878084125 0.1916726609375 0.40341820000000006 0.1701875421875
0 0.3211492375 0.146597296875 0.3045823453125 0.3066920609375 0.393800471875 0.33012188125 0.40060172187500004 0.17118885 0.3211492375 0.146597296875
1 1 0.47475773437499996 0.931189584375 0.4565367203125 0.933621053125 0.63267269375 0.9783270078124999 0.645853121875 1 0.5702704171875 1 0.47475773437499996
1 0.6607507265625 0.3853752140625 0.5778853953125 0.362876846875 0.5708389171875 0.5324783453124999 0.6630637859374999 0.555245 0.6607507265625 0.3853752140625
1 0.92482515 0.4638867078125 0.83562961875 0.43854884375000003 0.8442429312499999 0.611458015625 0.930978871875 0.6289723406250001 0.92482515 0.4638867078125
1 0.746562546875 0.412924078125 0.6641042734375 0.38818805625 0.6629772203125001 0.5537488140625 0.75227820625 0.586712265625 0.746562546875 0.412924078125
1 0.74984785 0.4163046953125 0.7543645359375 0.588046190625 0.8420076109375 0.6124417578125 0.8322949312500001 0.4382431234375 0.74984785 0.4163046953125
1 0.47992067499999996 0.5137647640624999 0.5691135125 0.534190634375 0.5742482812499999 0.3613067171875 0.4888768203125 0.339033884375 0.4863205171875 0.36309651718749997 0.47992067499999996 0.5137647640624999
1 0.1225179609375 0.24596456875 0.058533103125 0.22560039375000002 0.013813565625 0.3815559546875 0.0990396828125 0.4048911859375 0.1225179609375 0.24596456875
0 0.2134129421875 0.2832864328125 0.12370828281249999 0.25375927656249997 0.102839509375 0.40598076875 0.19658459687500002 0.43041093437500005 0.2134129421875 0.2832864328125
1 0.394099359375 0.33613434375 0.305218690625 0.309401375 0.29291625468750004 0.45940642968749995 0.3864573953125 0.48475755937500004 0.394099359375 0.33613434375
0 0.30430013125 0.3081225125 0.21538867499999997 0.28200818125 0.199101753125 0.433583521875 0.2909148078125 0.46236129843749996 0.30430013125 0.3081225125
1 0.4807774484375 0.3624602453125 0.395376065625 0.33819530468750003 0.3870325296875 0.484186796875 0.47675229375 0.5113848859375001 0.4807774484375 0.3624602453125
1 0.8795735765625 0.9667361984375 0.8858354296875 0.9684095875000001 0.9417881484375 0.7732792703125 0.8851905421874999 0.754186875 0.8795735765625 0.9667361984375
1 0.1836213921875 0.5558439171875 0.0877801703125 0.5245936765625 0.0591252625 0.73453085 0.1614153421875 0.7650367734375 0.1836213921875 0.5558439171875
1 0.8010569265624999 0.7295922234375001 0.7910713328125001 0.9454700921875 0.8773038312500001 0.9666727140625 0.8803705687500001 0.7543411812499999 0.8010569265624999 0.7295922234375001
1 0.28941362187499997 0.586638675 0.26927145625 0.7971387328125 0.3695922828125 0.8264926234375001 0.38531425625 0.6089795546875 0.28941362187499997 0.586638675
0 0 0.718269565625 0.0586935171875 0.7318866203125001 0.084654640625 0.5252567859374999 0 0.503246228125 0 0.718269565625
1 0.6841184 0.6993487218750001 0.67712331875 0.9135010125 0.770306771875 0.941395653125 0.7747741453125 0.724179525 0.6841184 0.6993487218750001
1 0.3869414640625 0.6159070843750001 0.3705183421875 0.824408734375 0.46918886562499995 0.8503526203125 0.48025745000000003 0.6467765171875001 0.3869414640625 0.6159070843750001
0 0.18804598125 0.5561627921875 0.1638833046875 0.7680938828125 0.2681580359375 0.7974068203125 0.28517286875000003 0.5914242734374999 0.18804598125 0.5561627921875
1 0.5777333359375 0.673540559375 0.5751541296875 0.887198609375 0.6758016046875001 0.9131220171875001 0.6813121703125 0.6991418109375 0.5777333359375 0.673540559375
0 0.47267490468749995 0.8266831953124999 0.47176590625000003 0.8493295015625 0.5720482437500001 0.8845459359375001 0.57488946875 0.6727370953125 0.4830279609375 0.6473236828125 0.47267490468749995 0.8266831953124999
1 0.23769458281250003 0 0.236681059375 0.0100122921875 0.3214197859375 0.03339223125 0.32418796875 0 0.23769458281250003 0
0 0.3248186609375 0 0.32170386406249996 0.0348973421875 0.405663303125 0.061848296875 0.40876546718749995 0 0.3248186609375 0
1 0.4096854859375 0 0.4059110265625 0.06191933125 0.4870247859375 0.087574975 0.490207259375 0 0.4096854859375 0
1 0.49066441875000005 0 0.48738497968749994 0.08719892812499999 0.5708678171875 0.111137246875 0.5757972578125 0.0015847953125000002 0.5702704203125 0 0.49066441875000005 0
1 0.7726608359375 1 0.7715988640625 0.9440190953125001 0.6778648281249999 0.9165416546875 0.67670799375 1 0.7726608359375 1
1 0.6737554109375 1 0.6743061140625 0.9161208484375001 0.5756771234375 0.8935128406249999 0.5737841796875001 1 0.6737554109375 1
1 0.8742364437499999 1 0.8736985687500001 0.9663233 0.77822385 0.9432281296875 0.7782415328125001 1 0.8742364437499999 1
1 0.5699761624999999 1 0.5709251140625 0.8908345828125 0.47680457656249997 0.8602825640624999 0.468535546875 1 0.5699761624999999 1
1 0.061019560937499995 0.7396641203125001 0.0414779203125 0.888670628125 0.144770959375 0.9182894296875 0.1570844890625 0.767809934375 0.061019560937499995 0.7396641203125001
1 0.1600858375 0.7708589375 0.1482396375 0.9192840562500001 0.2528008265625 0.9492664953125001 0.2624735421875 0.7997728625 0.1600858375 0.7708589375
1 0.26421450625 0.800717353125 0.2540276203125 0.9496182734374999 0.3604572546875 0.9801364796875 0.36788313906250003 0.8326132328125 0.26421450625 0.800717353125
1 0.46573380625 1 0.4723039203125 0.8590692046875 0.37104095312499996 0.8320463468750001 0.36126400625 0.9803678124999999 0.42972958281249996 1 0.46573380625 1
1 0 0.876777025 0.037982995312500004 0.8876684734375001 0.058890879687499995 0.7396533703125 0 0.72437266875 0 0.876777025
1 0.8921154953125001 0.2103199390625 0.8913203812500001 0.09205959531249999 0.815585646875 0.07034301093749999 0.8134598593750001 0.18922201875 0.8921154953125001 0.2103199390625
1 0.576973375 0.0019220421875 0.5709347609375001 0.1106771140625 0.6502394375 0.13211455625 0.65017929375 0.024113084375 0.5891210734375 0.0054053390625 0.576973375 0.0019220421875
1 0.9718713921875001 0.236102015625 0.9593724781249999 0.11157322031250001 0.89325955 0.09261564375 0.8923981140624999 0.2117897453125 0.9718713921875001 0.236102015625
1 0.7432896734375001 0.0496124734375 0.731227434375 0.0467876203125 0.7320249390625 0.16077415625 0.8123500546875 0.1859913453125 0.8111057171875 0.06905841093750001 0.7432896734375001 0.0496124734375
1 0.6514437953125001 0.0232760921875 0.6510701890624999 0.13413490625 0.7310660515625 0.1599493265625 0.7280852125 0.046931574999999996 0.6543430765625 0.024107446875 0.6514437953125001 0.0232760921875
1 1 0.12322297499999998 0.9640071750000001 0.1129021984375 0.9703576484375 0.2407647328125 1 0.24792170625 1 0.12322297499999998