1 0.96829986875 0.2526068875 0.987692828125 0.2520722125 0.9813322203125001 0.1307045921875 0.9240968546874999 0.132719040625 0.96829986875 0.2526068875
1 0.8413229781249999 0.13994410156249998 0.8905465859374999 0.26122023906249997 0.965324525 0.2558444 0.9154586625000001 0.134621771875 0.8413229781249999 0.13994410156249998
1 0.6520294718749999 0.1559684703125 0.5722296234375001 0.15801669375 0.5670450625 0.1582884046875 0.6107270703125 0.2808724375 0.6950373187500001 0.273741453125 0.6520294718749999 0.1559684703125
1 0.6572623375 0.1539955796875 0.6997050406249999 0.2713496984375 0.78733938125 0.2725845515625 0.74092310625 0.1497242421875 0.6572623375 0.1539955796875
1 0.7451937671875 0.14820213124999998 0.7920109546874999 0.2754299765625 0.880671390625 0.2702978484375 0.8318570046874999 0.1431925375 0.7451937671875 0.14820213124999998
1 0.48430318593750005 0.1643043875 0.5246357781250001 0.2889987578125 0.6112182765624999 0.2817486890625 0.5676190734375 0.1599379875 0.48430318593750005 0.1643043875
1 0.3920469640625 0.1716731875 0.4318577453125 0.2977751609375 0.5218840640625 0.2910227296875 0.4822025671875 0.1642598796875 0.3920469640625 0.1716731875
0 0.12291092343750001 0.18344541406249998 0.033617790625 0.1872704734375 0.067177 0.3392652765625 0.1585663765625 0.33386946875 0.12291092343750001 0.18344541406249998
1 0.12343285468750001 0.1842726515625 0.1607999046875 0.33719594375 0.254534365625 0.33306023749999997 0.21945235625 0.18094966875000001 0.12343285468750001 0.1842726515625
0 0.30388351406249997 0.175670228125 0.34780291874999997 0.3304811921875 0.43562786875 0.3252003625 0.389179871875 0.16863625468750001 0.30388351406249997 0.175670228125
0 0.2198849546875 0.18007240625 0.25570585156250003 0.333951559375 0.346110878125 0.3271792765625 0.3015865203125 0.17749979531249999 0.2198849546875 0.18007240625
1 0.990944890625 0.314125271875 0.97189805625 0.2664725609375 0.8859430187499999 0.27273495468750003 0.9445506921875 0.43542934375 0.9971781921874999 0.43306374999999997 0.990944890625 0.314125271875
1 0.611861371875 0.29313248281250004 0.5276579203125 0.298738653125 0.5753673671875 0.4583979125 0.6683543765625 0.450049078125 0.611861371875 0.29313248281250004
1 0.8823799671874999 0.28159078125 0.79138553125 0.28658498906249996 0.8547056359375 0.4443086375 0.94091155 0.432839590625 0.8823799671874999 0.28159078125
1 0.7004186859375 0.2912718640625 0.6158776546875 0.294671159375 0.66779528125 0.44868813906250005 0.7613272375 0.4507375234375 0.7004186859375 0.2912718640625
0 0.7045531890625 0.293359303125 0.763692784375 0.45130866875000003 0.8529430859374999 0.44593614062500003 0.7881888359375 0.28736714375 0.7045531890625 0.293359303125
1 0.484891225 0.4700907515625 0.5743117484375 0.460538590625 0.52377568125 0.2984439765625 0.4373154578125 0.30506051875 0.44263785312500004 0.328210109375 0.484891225 0.4700907515625
1 0 0.4969819953125 0.0961122171875 0.4907892109375 0.067087709375 0.3357850765625 0 0.33736324687499997 0 0.4969819953125
0 0.1634952625 0.3413699953125 0.070687490625 0.3426388640625 0.09999192968750001 0.490585884375 0.1949238390625 0.48329503437500004 0.1634952625 0.3413699953125
0 0.34831209375 0.3326639 0.25716394375 0.3362626703125 0.29371993281250003 0.47941449687500004 0.38875694375 0.47304358124999996 0.34831209375 0.3326639
0 0.25590121250000003 0.3353693671875 0.16492236093749998 0.339552134375 0.19827795937499998 0.48543493125000003 0.29280530625 0.48279664375 0.25590121250000003 0.3353693671875
0 0.4372831828125 0.329391359375 0.350157853125 0.3341685921875 0.3891088171875 0.47233002187500006 0.48118552656249997 0.4688947234375 0.4372831828125 0.329391359375
1 1 0.5632974296875 0.9384186203124999 0.5636867171875 1 0.7589562812499999 1 0.5632974296875
1 0.22300486406250003 0.60385275625 0.12394320625 0.605483909375 0.164476046875 0.8094855234375 0.269292446875 0.8051022765625 0.22300486406250003 0.60385275625
1 0.8523659359375 0.567752721875 0.9121484890625 0.771300471875 0.99906649375 0.76341545 0.93398883125 0.5653705734375001 0.8523659359375 0.567752721875
1 0.33116817656249997 0.598618159375 0.3797918984375 0.8004211937499999 0.4824097421875 0.795598190625 0.427434828125 0.58869925 0.33116817656249997 0.598618159375
0 0.020877753125000002 0.614863584375 0.0576428828125 0.8181452171875 0.16322890625 0.80716941875 0.12125082031250001 0.6070983765625 0.020877753125000002 0.614863584375
1 0.7340208296874999 0.577061715625 0.796030403125 0.77805208125 0.891548721875 0.7741561265625 0.8262100140624999 0.57113016875 0.7340208296874999 0.577061715625
1 0.4311631796875 0.594608565625 0.48260365624999996 0.7933681328125 0.5825969843750001 0.7859078109375 0.5277563328125 0.5934311484375 0.4311631796875 0.594608565625
0 0.2272186015625 0.602734440625 0.27256390625 0.807150721875 0.378842971875 0.8010258953125 0.3287582625 0.60441516875 0.2272186015625 0.602734440625
1 0.6269018749999999 0.5871138625000001 0.6928569640625 0.7862340437500001 0.794680903125 0.7781228062500001 0.7313468359375 0.577766659375 0.6269018749999999 0.5871138625000001
0 0.5782643765625 0.762825978125 0.5846644953125 0.7841345359375 0.689122071875 0.7847648578124999 0.6240020578125 0.587277175 0.5305059875 0.5930534125 0.5782643765625 0.762825978125
1 0 0.031635195312499996 0.010672778125 0.0844339140625 0.0968991828125 0.079047121875 0.0833202375 0.0211510875 0 0.025517715625 0 0.031635195312499996
1 0.1839206375 0.07492045 0.1690965015625 0.0166557453125 0.0837785296875 0.0211270703125 0.09769423125 0.0803072421875 0.1839206375 0.07492045
0 0.2713107703125 0.074403090625 0.2533167140625 0.01224195 0.16989933125 0.016613670312500002 0.1846661328125 0.0762265390625 0.2713107703125 0.074403090625
1 0.35514948749999997 0.07227379843750001 0.3355574265625 0.007931896875 0.25428319374999997 0.012191298437500001 0.2715637 0.07438983593750001 0.35514948749999997 0.07227379843750001
1 0.44060186406249996 0.067342525 0.42173884531250005 0.0034153203125 0.335994734375 0.007908978125 0.355363909375 0.07180965781250001 0.44060186406249996 0.067342525
1 0.8935887234375001 0.7761779390625 0.797692221875 0.780637084375 0.8621104296875 0.9762907890625 0.9651708640625 0.9717131171875 0.8935887234375001 0.7761779390625
1 0.794250521875 0.781384034375 0.69536298125 0.7919271046875 0.7578424578125 0.9842257375000001 0.8603138734375 0.9772084390625 0.794250521875 0.781384034375
1 1 0.77636324375 0.9956043749999999 0.7642435359374999 0.8994922171875 0.7733262484375001 0.9694526359375001 0.9760832031250001 1 0.9744822828125 1 0.77636324375
1 0.7558544265625 0.9872774109375 0.6900901765625 0.7909603374999999 0.5928509046875 0.7926895109375 0.6484941046875 0.9916034375 0.7052121484375 0.989931459375 0.7558544265625 0.9872774109375
1 0.3149517234375 1 0.26615499531250003 0.8090603468750001 0.1678785984375 0.8136442171875 0.2059251734375 1 0.3149517234375 1
1 0.4276995 1 0.37431735625 0.80503879375 0.269919534375 0.8109307796874999 0.3186423390625 1 0.4276995 1
1 0.513092946875 1 0.53970415625 0.998605365625 0.48277951249999995 0.8018250281249999 0.376237371875 0.8053588968750001 0.4287588015625 1 0.513092946875 1
1 0.48553268281250006 0.800289546875 0.5395772328125 0.9986120187499999 0.6469371421875 0.9929855234374999 0.5882803203125 0.7930019734375 0.48553268281250006 0.800289546875
1 0.20188855 1 0.16589699687499998 0.814314646875 0.05878980625 0.82265419375 0.0886195921875 1 0.20188855 1
1 0.67079535625 0 0.6910205781250001 0.0622713640625 0.7708639796875 0.056711017187500004 0.7508878375 0 0.67079535625 0
1 0.48690705 0 0.42249818437500003 0.003375525 0.4405168703125 0.06689408125 0.5210720390625 0.061441384375 0.499855059375 0 0.48690705 0
1 0.7520779125 0 0.771596825 0.057984807812500004 0.8532283656249999 0.05514634375000001 0.8277984249999999 0 0.7520779125 0
1 0.5844206125 0 0.6062430734375 0.0618986015625 0.6889557125 0.059627715625 0.6676889484374999 0 0.5844206125 0
1 0.5009946375000001 0 0.522490384375 0.0630509296875 0.6050881140625 0.061439575 0.5820785328125 0 0.5009946375000001 0
1 0.9111319234374999 0 0.9363410875 0.0521665234375 0.97710425625 0.0500302171875 0.9744822828125 0 0.9111319234374999 0
0 0.8292528484374999 0 0.8533133218750001 0.059957654687499994 0.9342014781250001 0.05227865625 0.90804510625 0 0.8292528484374999 0