1 1 0.3087693296875 0.9665353828125 0.30287723125 0.984570628125 0.427794215625 1 0.43063238125 1 0.3087693296875
1 0.885185690625 0.29287636875 0.90778013125 0.420164925 0.981035084375 0.43031219375 0.9578099609375 0.3029435734375 0.885185690625 0.29287636875
1 0.699251453125 0.26952400781249997 0.6218342125 0.255130925 0.616775984375 0.25432978125 0.6337549546875 0.3817452046875 0.7165677359375 0.392152184375 0.699251453125 0.26952400781249997
1 0.704705571875 0.2686912078125 0.7215625625000001 0.3907986875 0.805865015625 0.4099715953125 0.7863045515625 0.2817282203125 0.704705571875 0.2686912078125
1 0.7907377125 0.2811336 0.8097882765625 0.41367958906249996 0.896388034375 0.42691058281250005 0.87538526875 0.2940732390625 0.7907377125 0.2811336
1 0.5357054140625 0.24316714843749998 0.549019334375 0.371934609375 0.634048996875 0.382692709375 0.6169911453125 0.25604154375 0.5357054140625 0.24316714843749998
1 0.445176953125 0.23135972031250002 0.4576983890625 0.3613802953125 0.5459487249999999 0.3733258203125 0.533687721875 0.24269316562499998 0.445176953125 0.23135972031250002
0 0.183077865625 0.1875174546875 0.09613599687499999 0.172893628125 0.09730921875000001 0.32665190625 0.1865961953125 0.3401879953125 0.183077865625 0.1875174546875
1 0.183411615625 0.1884239015625 0.18806828125 0.3438606234375 0.279359246875 0.3590954875 0.2767404875 0.20491291562499997 0.183411615625 0.1884239015625
0 0.35928977500000003 0.217133853125 0.36988105937500004 0.375738965625 0.4557052125 0.3886548546875 0.4430341078125 0.22783689218749997 0.35928977500000003 0.217133853125
0 0.2773380078125 0.20415396718749998 0.280306578125 0.3601971234375 0.36892639531250004 0.3722011640625 0.3566978265625 0.21843050156250002 0.2773380078125 0.20415396718749998
1 1 0.5279868140625 0.9851955609375 0.4419308875 0.90097410625 0.43034713125 0.924119096875 0.5995835671874999 0.9887602187500001 0.6103160421875 1 0.5393508578125 1 0.5279868140625
1 0.632332215625 0.3938248453125 0.54993555 0.3819663453125 0.5631883046875 0.5460339703125 0.6546231 0.5570443218750001 0.632332215625 0.3938248453125
1 0.8957179609375 0.438173521875 0.8068945062499999 0.42433039531250005 0.8356069734375 0.5897304250000001 0.9211395093749999 0.5963344484374999 0.8957179609375 0.438173521875
1 0.7181607750000001 0.410195953125 0.6358914984374999 0.39613568125 0.6543630703125001 0.5556145359375 0.7441887375 0.576784521875 0.7181607750000001 0.410195953125
1 0.7217214578125 0.413061315625 0.746353921875 0.5778217531250001 0.8335721828124999 0.59094146875 0.8036495125 0.4244303359375 0.7217214578125 0.413061315625
1 0.47348959218750003 0.5387700890625 0.5617302484375 0.5478859359375 0.5462501859375 0.380885090625 0.46146857656250007 0.3695399015625 0.4618510015625 0.3930014 0.47348959218750003 0.5387700890625
1 0 0.465255484375 0.09411755000000001 0.47900649531250006 0.09793760781250001 0.323270659375 0.0239628953125 0.309353384375 0.0003432234375 0.4584821203125 0 0.464245253125 0 0.465255484375
0 0.1898119546875 0.34844702031249997 0.1000037390625 0.33063205 0.097902725 0.47960600781249996 0.19099688125 0.4920377203125 0.1898119546875 0.34844702031249997
0 0.3699242 0.3779525890625 0.281238940625 0.362729509375 0.287119284375 0.5085576328125 0.3801259734375 0.5218998453125 0.3699242 0.3779525890625
0 0.2802039765625 0.3616072375 0.1915621625 0.3469832109375 0.193793821875 0.49479366562499993 0.285542375 0.5116381609375 0.2802039765625 0.3616072375
1 0.45644189375 0.39304424375 0.371396184375 0.379785265625 0.3806119921875 0.5212825234375 0.47015962968749997 0.536854075 0.45644189375 0.39304424375
1 0.9115703343750001 0.927495175 0.9379398578125 0.9311831703125 0.9685283625000001 0.7380549515625 0.8918689828125 0.7222609578125 0.9115703343750001 0.927495175
1 0.19333892187499999 0.6142943125 0.09742211875 0.5955463265625001 0.0946461125 0.8009897031250001 0.1966805625 0.8182590125000001 0.19333892187499999 0.6142943125
1 0.8080042671875001 0.7085347890625 0.8238949703125 0.917489 0.90937871875 0.9277023765625 0.887249075 0.722979228125 0.8080042671875001 0.7085347890625
1 0.2987775171875 0.6314276343749999 0.3042595859375 0.836406496875 0.404262996875 0.8527998 0.3936991109375 0.6415936921875 0.2987775171875 0.6314276343749999
0 0 0.7885233265625 0.0939183171875 0.798495775 0.09449283124999999 0.5965540046875 0 0.583989378125 0 0.7885233265625
1 0.6919049937499999 0.6932496031250001 0.7104695640625 0.900189515625 0.8034324984375001 0.9160220375 0.7820736796875 0.706432096875 0.6919049937499999 0.6932496031250001
1 0.3960832125 0.6480688156250001 0.4049079703125 0.850684671875 0.5029205453125 0.8639910593750001 0.4895250640625 0.6667487890625 0.3960832125 0.6480688156250001
0 0.197634253125 0.6140781984375 0.199416525 0.820909628125 0.30321983750000003 0.8367961359375 0.295262028125 0.63653486875 0.197634253125 0.6140781984375
1 0.5864849484375 0.680985759375 0.6092404203124999 0.8869279953125 0.709152946875 0.8999809843750001 0.6891801921875 0.6933821765625 0.5864849484375 0.680985759375
0 0.503479228125 0.84079810625 0.5052795140625 0.862701725 0.605938375 0.8847420421875001 0.5836534640625 0.680548621875 0.4922556875 0.66694791875 0.503479228125 0.84079810625
1 0.095812846875 0 0.0951110953125 0.068814790625 0.179414609375 0.0813003203125 0.177732840625 0 0.095812846875 0
1 0.1781656140625 0 0.1799230046875 0.0826810953125 0.264226521875 0.095166625 0.2604728625 0 0.1781656140625 0
0 0.261478328125 0 0.2646776671875 0.09658165468749999 0.34865310625 0.11259626250000002 0.3405309421875 0 0.261478328125 0
1 0.3419927828125 0 0.3488998734375 0.11263534687500001 0.429983984375 0.12773964843750002 0.42028030781250003 0.0149202921875 0.34442735625 0 0.3419927828125 0
1 0.5052326171875 0.0342561984375 0.42072703125000005 0.014522656249999998 0.430286171875 0.127335140625 0.5134471359375 0.14050654375 0.5052326171875 0.0342561984375
1 0.8165757890625001 1 0.8049857296875 0.9183942625 0.7115422640625 0.9030283609374999 0.7220815296875001 1 0.8165757890625001 1
1 0.7193217640625 1 0.7080681 0.9030440171875 0.610489525 0.8929433703124999 0.6217011484375 1 0.7193217640625 1
1 0.915902821875 1 0.9058681953125 0.9277922453125 0.8112673499999999 0.9168498671875 0.8214984515625 1 0.915902821875 1
1 0.618025425 1 0.6056004328125 0.8909273765625001 0.511421875 0.872648003125 0.519457334375 1 0.618025425 1
1 0.097075290625 0.8057063531249999 0.09594751875 0.9422369359375 0.1983911234375 0.9584624093749999 0.19284066093750002 0.8214400078124999 0.097075290625 0.8057063531249999
1 0.1960889296875 0.8240197703125001 0.20182771718749998 0.9590067124999999 0.305844871875 0.9754814109375 0.298029275 0.8397453046875001 0.1960889296875 0.8240197703125001
1 0.29981612343749997 0.84044854375 0.3071016484375 0.9756804656250001 0.412951140625 0.992445378125 0.40334130312500005 0.8588926765625 0.29981612343749997 0.84044854375
1 0.5166342937499999 1 0.5069476890625 0.8720122031249999 0.40631302187499996 0.8579737953125001 0.413901228125 0.99259585625 0.46064914999999995 1 0.5166342937499999 1
1 0 0.9270403421875001 0.0925570328125 0.9416999359375 0.09502564531249999 0.8059476312499999 0 0.79336011875 0 0.9270403421875001
1 0.743417746875 0.0656603078125 0.7561105390625 0.1869838921875 0.8342909015625001 0.1979921328125 0.8183850390625 0.07522066093749999 0.743417746875 0.0656603078125
1 0.5134572000000001 0.140055771875 0.592302225 0.15131406875 0.579487171875 0.047374065625 0.5064066296874999 0.03444214375 0.5134572000000001 0.140055771875
1 0.8205279453125 0.0762472203125 0.8347364734375 0.19937335625 0.9140833125000001 0.21337863281249997 0.8860761984375 0.089377665625 0.8205279453125 0.0762472203125
1 0.6601560125 0.059616928125 0.674387565625 0.1692301546875 0.7546609953125001 0.184005684375 0.7391928015625 0.068175090625 0.6601560125 0.059616928125
1 0.6571493375 0.0601269109375 0.5805975265625001 0.0463555296875 0.5933402812499999 0.153160375 0.6733674234375 0.1685496359375 0.6571493375 0.0601269109375
1 1 0.11018052656249999 0.9643112125 0.1027069265625 0.994888325 0.2275512 1 0.22836080937499997 1 0.11018052656249999
1 0.9131774390625 0.2180452453125 0.9928008546875 0.2272205765625 0.9675064578124999 0.12976117812500002 0.9599207375000001 0.1024478015625 0.8914863796875 0.0929831765625 0.9131774390625 0.2180452453125