1 0.9317921515625001 0.10095651406249999 0.9162043015625001 0.0736100953125 0.8437926812500001 0.0863968640625 0.90346439375 0.197612015625 0.9490838765625 0.1899147265625 0.9317921515625001 0.10095651406249999
1 0.7639284796875 0.1048223609375 0.828695559375 0.21670672343750003 0.9010032671875001 0.201187365625 0.8356161578125001 0.089443475 0.7639284796875 0.1048223609375
1 0.581220471875 0.14647157187499998 0.5035493375 0.1594247546875 0.49852215 0.160401940625 0.55805580625 0.2743261265625 0.639433759375 0.25578184843749996 0.581220471875 0.14647157187499998
1 0.5860608328125 0.14382357968749998 0.6436644375 0.2528016453125 0.729440353125 0.24198514843750002 0.6671977124999999 0.12816586875 0.5860608328125 0.14382357968749998
1 0.6711601484374999 0.1260908765625 0.7343952203125 0.24412768906250001 0.820297640625 0.22694189531250003 0.7551284484375 0.10929899218750001 0.6711601484374999 0.1260908765625
1 0.4185228875 0.17764026718749998 0.47507494687499996 0.294088471875 0.5586561796875 0.27511591874999997 0.49930979375 0.161936884375 0.4185228875 0.17764026718749998
1 0.329415584375 0.197507471875 0.3856515375 0.31540426250000003 0.47266533749999995 0.296445990625 0.4164647640625 0.17788495937499998 0.329415584375 0.197507471875
0 0 0.3117865109375 0.0351186875 0.40603060781250006 0.1236506140625 0.38821242499999997 0.0681280671875 0.2459523859375 0 0.258520259375 0 0.3117865109375
1 0.06875171249999999 0.24669001562499998 0.1262900375 0.391160084375 0.21728611406249998 0.3742528234375 0.1620917375 0.2302642671875 0.06875171249999999 0.24669001562499998
0 0.243842503125 0.21351467343750002 0.308041196875 0.35893229375 0.393107015625 0.34171567187499996 0.3261970890625 0.194929990625 0.243842503125 0.21351467343750002
0 0.16239364843749998 0.2293467265625 0.21855309531249997 0.374964015625 0.3059341078125 0.3559343625 0.2418503484375 0.2156196234375 0.16239364843749998 0.2293467265625
1 0.9759019125 0.3278815640625 0.9088866640625 0.2106824 0.8257825078125001 0.2286026625 0.9054139546875 0.3797168421875 0.9831569390625001 0.3652054421875 0.9759019125 0.3278815640625
1 0.91257965 0.20893761406250003 0.9749155234375 0.32280703437499997 0.9516202015624999 0.2029629875 0.91257965 0.20893761406250003
1 0.5608503484375 0.2861638796875 0.4793669625 0.3032018546875 0.5479349109375 0.45284228281249994 0.637621275 0.4319160875 0.5608503484375 0.2861638796875
1 0.8235201296874999 0.23775477500000003 0.73531875625 0.2551259015625 0.8188697921875001 0.400730846875 0.9015027921875 0.37768275 0.8235201296874999 0.23775477500000003
1 0.6471020609375 0.272192590625 0.5649853312500001 0.2871180078125 0.6368879125 0.4306614625 0.728536990625 0.4198325546875 0.6471020609375 0.272192590625
1 0.65142801875 0.273667328125 0.7309263515625 0.42006669687500003 0.8173719171875 0.40256479531249995 0.7323036421875 0.25632966874999996 0.65142801875 0.273667328125
1 0.4611613 0.47669523125 0.5471981968749999 0.45508124531250005 0.4755340421875 0.3034462765625 0.39198510625 0.321782303125 0.4003687734375 0.34369810312500004 0.4611613 0.47669523125
1 0 0.5481445218750001 0.0036565953125 0.5669560734375 0.0842278375 0.5502887046875 0.034552725 0.40263835156249994 0 0.4083245515625 0 0.5481445218750001
0 0.12949719375 0.3948735171875 0.0390119953125 0.4088491375 0.087989784375 0.54955745625 0.17972157187499999 0.5293993703125001 0.12949719375 0.3948735171875
0 0.3088388421875 0.360997665625 0.22029535781249998 0.37702479375000003 0.27569722812499997 0.512047209375 0.36765823124999997 0.492774628125 0.3088388421875 0.360997665625
0 0.21893896875 0.37632418125 0.1306411984375 0.392899378125 0.1832924265625 0.5310324984375 0.275269021875 0.51548129375 0.21893896875 0.37632418125
1 0.39530052968749996 0.3455883890625 0.310848865625 0.3622163703125 0.3679038046875 0.49202830625000005 0.45737684375 0.4760336828125 0.39530052968749996 0.3455883890625
1 1 0.5038901453125 0.9948216328124999 0.4946019953125 0.9170669 0.5060260703125 1 0.6800296140625 1 0.5038901453125
1 0.2237365875 0.6434819609375 0.1271920875 0.6586700953125 0.1948492671875 0.852673171875 0.2966367390625 0.8340031765625 0.2237365875 0.6434819609375
1 1 0.6853851015625 0.91297126875 0.5082811234375 0.8335652171874999 0.5218111125 0.9199641453125 0.7127289015625 1 0.693976190625 1 0.6853851015625
1 0.328676396875 0.6235198921875 0.4039347578125 0.8142620390624999 0.503514065625 0.7954635234375 0.4213505171875 0.6006077640624999 0.328676396875 0.6235198921875
0 0.027802346875 0.681987596875 0.09167997812499999 0.875803325 0.19331238906249998 0.8505785640625 0.1247841015625 0.6606188765625001 0.027802346875 0.681987596875
1 0.719239746875 0.5471560249999999 0.8074623546874999 0.7352664765625 0.9002339812500001 0.718348984375 0.808479275 0.5287040109375 0.719239746875 0.5471560249999999
1 0.42580546249999995 0.6058769796875 0.5033967265625 0.7932553625 0.6000494734374999 0.7722369984374999 0.5200010078124999 0.5914714187500001 0.42580546249999995 0.6058769796875
0 0.2276989640625 0.641809790625 0.3001142671875 0.8355581843750001 0.403090978125 0.8149837953124999 0.3271196953125 0.6295214921875 0.2276989640625 0.641809790625
1 0.6159828265625 0.5716875609375001 0.70780236875 0.7574271296874999 0.80615381875 0.7355208296875 0.7167246140625 0.5482125390625 0.6159828265625 0.5716875609375001
0 0.59264200625 0.7502516734375 0.6018251984375 0.77021860625 0.70395181875 0.756502371875 0.6131725921875 0.5722452125 0.5226350609375 0.5907246125000001 0.59264200625 0.7502516734375
1 0 0.15320218125 0.028357332812500004 0.147393834375 0.0049032359375 0.0868787140625 0 0.08783180625 0 0.15320218125
1 0.112797015625 0.1314165171875 0.0879603453125 0.0707340484375 0.005344121875 0.086793015625 0.029307320312500003 0.1485174578125 0.112797015625 0.1314165171875
0 0.198093340625 0.118919425 0.16942118125 0.054899665625 0.0887777796875 0.0705751546875 0.11370492343750001 0.132591909375 0.198093340625 0.118919425
1 0.2796987109375 0.1053327546875 0.24907876562500003 0.0394158 0.1704256796875 0.0547044109375 0.1983385953125 0.11887175312500001 0.2796987109375 0.1053327546875
1 0.3624949515625 0.0887836328125 0.332698665625 0.023161737499999998 0.24951079531250003 0.039331821875 0.279844325 0.1048492875 0.3624949515625 0.0887836328125
1 0.9025048859375 0.7200469093749999 0.8094413046875 0.7375672343749999 0.8992826875000001 0.920126603125 0.9993280906249999 0.9015073515625 0.9025048859375 0.7200469093749999
1 0.8061820109375001 0.7387701796874999 0.711033521875 0.7626525140625 0.7985195234375 0.9421957984375 0.89765394375 0.9212708031249999 0.8061820109375001 0.7387701796874999
1 1 0.69449764375 0.9078794671875 0.7164472125 1 0.8971298921875 1 0.69449764375
1 0.705749765625 0.7624302671875001 0.6109989578125 0.7774642390625 0.69271690625 0.9644169578125 0.7975317265624999 0.9465258437499999 0.705749765625 0.7624302671875001
1 0.36049685625 1 0.2941163765625 0.83830565625 0.1987451359375 0.85627454375 0.2497164796875 1 0.36049685625 1
1 0.47692749531249995 1 0.399222121875 0.8195303828125 0.29805108125 0.8396188671875 0.36426805 1 0.47692749531249995 1
1 0.5481445218750001 1 0.589950646875 0.9918737125 0.50473184375 0.8015041937499999 0.40114173124999997 0.819580075 0.47803702187499997 1 0.5481445218750001 1
1 0.5072100703125 0.7996243390625 0.589730546875 0.9919164953124999 0.6939519468750001 0.9716579078124999 0.6065771421874999 0.7783970453125 0.5072100703125 0.7996243390625
1 0.24595434374999997 1 0.1969016234375 0.857202290625 0.09342061093750001 0.8800568625 0.131326934375 1 0.24595434374999997 1
1 0.5823251453125 0 0.606420153125 0.0494622828125 0.683650703125 0.0330673875 0.6665234250000001 0 0.5823251453125 0
1 0.44029089062500004 0.0719693546875 0.4079310140625 0.00853805 0.333500815625 0.023005815625000002 0.3623502390625 0.088356603125 0.44029089062500004 0.0719693546875
1 0.66742216875 0 0.684541809375 0.034212917187500004 0.7638935359375 0.020235354687500002 0.75088900625 0 0.66742216875 0
1 0.49207729375 0 0.523553540625 0.0607301296875 0.6040394203125 0.047159456249999995 0.5793783828125 0 0.49207729375 0
1 0.45185547656249997 0 0.40904465312499994 0.00832158125 0.44189781874999995 0.0733492796875 0.5223621703125 0.06043955937499999 0.48953613906250004 0 0.45185547656249997 0
1 0.7503377078125 0 0.76463836875 0.024930364062499998 0.8425980515625 0.006319542187500001 0.8382467218749999 0 0.7503377078125 0