1 1 0.3930660984375 0.9961447734375 0.3460107171875 0.9251136359375 0.3269969921875 0.9321930203125 0.4530105046875 1 0.47171668593750005 1 0.3930660984375
1 0.8449451359375001 0.30994409218749996 0.8563596703125 0.43871751249999996 0.9284514734375 0.4552107578125 0.9164156359375 0.3263026109375 0.8449451359375001 0.30994409218749996
0 0.6617537296875 0.2704753578125 0.585885525 0.24938968906249998 0.58091636875 0.24815073906250001 0.58672574375 0.37656112343750003 0.6683163671875 0.3941461109375 0.6617537296875 0.2704753578125
1 0.667259675 0.27012108437500004 0.6734101515625001 0.3932330921875 0.75572078125 0.419680484375 0.747411896875 0.29022030781249997 0.667259675 0.27012108437500004
1 0.7518800109375 0.2900143234375 0.7593059375 0.42371630312499997 0.8444230015624999 0.44444461406249997 0.8350776953124999 0.3102822453125 0.7518800109375 0.2900143234375
1 0.50112718125 0.2299648171875 0.5031676171874999 0.359402665625 0.5869360859375 0.37753065 0.5809815203124999 0.249874740625 0.50112718125 0.2299648171875
1 0.41197229375 0.2103122453125 0.41311404218750003 0.3409293671875 0.4999874390625 0.360520959375 0.499158478125 0.229316784375 0.41197229375 0.2103122453125
0 0.064802075 0.17870079375 0.057123040624999996 0.274923146875 0.14489050625 0.2961895984375 0.154691678125 0.14379337187500002 0.07843924062499999 0.124005109375 0.064802075 0.17870079375
0 0.15494515625 0.14472545781249999 0.1460368984375 0.2999765515625 0.23565266875000002 0.3231099734375 0.246481771875 0.16928587343749998 0.15494515625 0.14472545781249999
0 0.327651809375 0.18865495000000002 0.32437944375 0.3475796140625 0.408751315625 0.367926421875 0.4101446390625 0.20661606093749998 0.327651809375 0.18865495000000002
0 0.247143165625 0.168581890625 0.23650038125 0.3242899828125 0.323736753125 0.343972071875 0.3249567140625 0.1897207609375 0.247143165625 0.168581890625
1 0.9315834828125 0.4671478484375 0.84869210625 0.4482677875 0.856999096875 0.6188774484375 0.9461309515625 0.6418072625 0.9315834828125 0.4671478484375
1 1 0.485938278125 0.9356678437499999 0.46712725624999996 0.9474347640625 0.6491997890625 0.9755762421874999 0.659350625 1 0.5613922796875 1 0.485938278125
1 0.58425560625 0.38847079687499997 0.503206021875 0.36947607968749996 0.502108909375 0.5340744328125 0.592236153125 0.5530119531250001 0.58425560625 0.38847079687499997
1 0.842773846875 0.45560629375 0.7554949015625 0.43407437031249996 0.769682546875 0.601347459375 0.8543140265625 0.6153810046875 0.842773846875 0.45560629375
1 0.668330728125 0.412260059375 0.58759994375 0.3910830515625 0.592101725 0.5515649453125 0.67974049375 0.5804831953125 0.668330728125 0.412260059375
1 0.6716281265624999 0.41542485156250003 0.6818070374999999 0.5817051875 0.7675499484375 0.6023765515624999 0.75225354375 0.4338911125 0.6716281265624999 0.41542485156250003
1 0.41338461718749997 0.519020434375 0.5004949921875 0.535792271875 0.49962891875000004 0.36807773906249996 0.416158728125 0.34938651875 0.41449489375 0.37279206875000004 0.41338461718749997 0.519020434375
1 0.058043734375 0.2716095328125 0.042708790625 0.267312115625 0.0051348984374999995 0.4180127640625 0.040664940625 0.42641980625000003 0.058043734375 0.2716095328125
0 0.14737420625 0.3046974671875 0.059460415625 0.2791229859375 0.0443834609375 0.4273469375 0.1360398703125 0.44784503437499995 0.14737420625 0.3046974671875
1 0.3242294921875 0.3497885734375 0.23720848437500003 0.32689399375 0.23035669531249997 0.472679703125 0.3218466140625 0.49407721093749996 0.3242294921875 0.3497885734375
0 0.236275271875 0.3256857875 0.149245334375 0.3033917671875 0.138585971875 0.4508342609375 0.2285172984375 0.47561107031249994 0.236275271875 0.3256857875
1 0.40910263437500005 0.3723633140625 0.32553614531249997 0.35174256875 0.32238458593749997 0.4935045984375 0.4102343171875 0.5168214859375 0.40910263437500005 0.3723633140625
1 0.9031607765624999 0.94979319375 0.8894774062499999 0.760784075 0.814179665625 0.73827723125 0.81591870625 0.9444475562499999 0.8996864859375 0.9637278125 0.9031607765624999 0.94979319375
1 0.127717634375 0.569840525 0.03379981875 0.54280418125 0.01312880625 0.7472238375 0.11326986562500001 0.7733203203125 0.127717634375 0.569840525
1 0.7318303937499999 0.7172940031249999 0.7294490687499999 0.9268380453124999 0.8137173703125 0.94446295625 0.8095147359375 0.738590115625 0.7318303937499999 0.7172940031249999
1 0.2312617359375 0.596098228125 0.21885786093749998 0.8007748781249999 0.31705195937499997 0.8258216718750001 0.3249360953125 0.6144985625 0.2312617359375 0.596098228125
0 0 0.7422087015625001 0.0126211390625 0.74467596875 0.030793853125 0.54355271875 0 0.5366840703125 0 0.7422087015625001
1 0.6175051046875 0.6919482640625 0.61796303125 0.8997187156249999 0.70919231875 0.9235932453125001 0.7061817421875001 0.7129393125 0.6175051046875 0.6919482640625
1 0.3267467828125 0.6211568359374999 0.3178788203125 0.8237708046875 0.4143587015625 0.8455689171874999 0.41820499218749996 0.6479097203124999 0.3267467828125 0.6211568359374999
0 0.13201545625 0.5699995953125 0.11576439999999999 0.7761993046875 0.21778810937499998 0.8010724140625 0.2273145 0.6008796328125 0.13201545625 0.5699995953125
0 0.51355508125 0.670543125 0.5182749125 0.877684959375 0.6166695984375 0.8993962265625 0.61477911875 0.69184285 0.51355508125 0.670543125
1 0.41693665625 0.8225129125 0.4168210671875 0.8444900859375 0.5151759484375 0.8752195296874999 0.51077246875 0.6698608703125 0.4209078671875 0.6483460812499999 0.41693665625 0.8225129125
1 0.10935718593749999 0 0.10335596093749999 0.0240696 0.160299796875 0.037661153125 0.1628111203125 0 0.10935718593749999 0
1 0.163269584375 0 0.1606859125 0.0390809828125 0.24358044531249998 0.0588665359375 0.2463989984375 0 0.163269584375 0
1 0.8906428140625 1 0.9002212328124999 0.9615830593749999 0.8136175531250001 0.9458609375 0.8155685625 1 0.8906428140625 1
0 0.24717599843750002 0 0.2439065453125 0.0603155015625 0.3261666671875 0.0835881109375 0.32744197812500003 0 0.24717599843750002 0
1 0.32858616406249996 0 0.326409090625 0.083648553125 0.405868225 0.105762325 0.40602336718750004 0 0.32858616406249996 0
1 0.40649260312499996 0 0.4062045171875 0.10538569375 0.4879010640625 0.12575493124999998 0.4889781328125 0.0191929578125 0.43040967343750003 0 0.40649260312499996 0
1 0.7145141015625 1 0.710532884375 0.9260918140625 0.618784225 0.9026402499999999 0.6208283625 1 0.7145141015625 1
1 0.6180847265625 1 0.6153219171875 0.9023530531249999 0.5189949875 0.883786309375 0.520980028125 1 0.6180847265625 1
1 0.81304809375 1 0.8102123734375001 0.944246521875 0.7169252046875 0.9251007765624999 0.7195598890625 1 0.81304809375 1
1 0.5174046828125001 1 0.51430020625 0.881351875 0.4220731796875 0.8549338578125001 0.41867468125 0.9950301359375 0.43860771718749997 1 0.5174046828125001 1
1 0.015137656250000001 0.7521342578125 0.0018224875000000002 0.8910972109375 0.102609865625 0.9162263265625 0.10916733281249999 0.7761545421875 0.015137656250000001 0.7521342578125
1 0.11217839999999998 0.7790075937500001 0.10599206875 0.9170696046875 0.20822367812499998 0.9425588062499999 0.2123602625 0.8035579734375 0.11217839999999998 0.7790075937500001
1 0.21407901875 0.804414271875 0.2094469578125 0.9428638046875 0.313488103125 0.9688041765625 0.315602740625 0.8318110328125 0.21407901875 0.804414271875
1 0.3186432375 0.8311546484375001 0.31437350468749997 0.9690249312500001 0.41602424375 0.99436930625 0.41767143124999995 0.8539105265625 0.3186432375 0.8311546484375001
1 0.7235198484375001 0.07123676718750001 0.7255902937500001 0.193204928125 0.8025137265625 0.210985146875 0.7973686265625 0.0872945703125 0.7235198484375001 0.07123676718750001
1 0.48795037812500003 0.12530675156249999 0.5655141484375 0.143394003125 0.5618068296875001 0.038732618749999996 0.490131471875 0.019480517187499997 0.48795037812500003 0.12530675156249999
1 0.7994139078125 0.088503990625 0.8028372203125 0.2123999484375 0.8806614796875 0.23326746250000002 0.8635683375 0.1072973765625 0.7994139078125 0.088503990625
1 0.6411016640625 0.057959645312499995 0.6457256390625 0.168396121875 0.7244058328125 0.1901117171875 0.7190918015625 0.0733737515625 0.6411016640625 0.057959645312499995
1 0.6380619828125 0.0582056390625 0.56300173125 0.0378147328125 0.5663873390624999 0.14532375625 0.6447686906250001 0.1676292828125 0.6380619828125 0.0582056390625
1 1 0.145436928125 0.940343921875 0.12739454687500001 0.9599237859375 0.2544287203125 1 0.2644208421875 1 0.145436928125
1 0.87935233125 0.237837365625 0.957873071875 0.2539174203125 0.9411690765625 0.15462433281250001 0.9359927390625 0.1267537546875 0.8686436890625 0.1113606953125 0.87935233125 0.237837365625