1 1 0.3121455078125 0.9399053671875001 0.2982927390625 0.9510848812500001 0.418904034375 1 0.43057150312500003 1 0.3121455078125
1 0.8620948921875 0.28454689843750003 0.8775456390624999 0.40766384218749996 0.9475570624999999 0.42113565937499997 0.9315031984375001 0.297909725 0.8620948921875 0.28454689843750003
0 0.684274403125 0.2526556390625 0.6104665375 0.234902696875 0.6056372453125001 0.2338762 0.61567639375 0.35682729375 0.6948751078125001 0.37103713437499997 0.684274403125 0.2526556390625
1 0.6895656156250001 0.2521368484375 0.69974998125 0.3699959328125 0.779948890625 0.392681021875 0.767465825 0.2688045109375 0.6895656156250001 0.2521368484375
1 0.7717625015625 0.2684616734375 0.7835418609375 0.39643460625000004 0.8662461015625 0.4135440765625 0.852602015625 0.2851920703125 0.7717625015625 0.2684616734375
1 0.5281529265625 0.2190315046875 0.5345972890625 0.343090459375 0.61591255 0.35775018593749996 0.6057596578125 0.2355273234375 0.5281529265625 0.2190315046875
1 0.441596571875 0.203084934375 0.44721610156249997 0.3283039890625 0.5315727546875 0.34426627656250003 0.5262341968750001 0.2184740921875 0.441596571875 0.203084934375
0 0.191475403125 0.14766321093749998 0.1085107734375 0.1292016984375 0.1020322515625 0.2765840296875 0.18730805156250002 0.294123359375 0.191475403125 0.14766321093749998
0 0.1917518140625 0.148548796875 0.1885433296875 0.297717603125 0.27566406718750003 0.31698716718750003 0.28077213749999996 0.16912431875 0.1917518140625 0.148548796875
0 0.35962746874999996 0.18505870468750002 0.361974740625 0.33756702031249997 0.44394799375 0.35433488125 0.4397082265625 0.199599890625 0.35962746874999996 0.18505870468750002
0 0.28138485 0.168427721875 0.27652143749999997 0.318091178125 0.36123085 0.33412844375 0.3570683640625 0.18616841875 0.28138485 0.168427721875
1 0.9509869578125001 0.43248095781250007 0.8704905109375 0.41707150000000004 0.88439565625 0.580408653125 0.9710432296875 0.59949870625 0.9509869578125001 0.43248095781250007
1 1 0.4438088484375 0.95492040625 0.43232838593749995 0.9725549000000001 0.6065454171875 0.987502875 0.6113464703125 1 0.55255211875 1 0.4438088484375
1 0.61370920625 0.3683284859375 0.534982853125 0.3527491796875 0.5396217109375 0.510627578125 0.6270899234375 0.5258568218749999 0.61370920625 0.3683284859375
1 0.8650438250000001 0.424301278125 0.7802293921875 0.40649148593750006 0.7996834828125 0.5664377640625 0.8816883375 0.5771430359374999 0.8650438250000001 0.424301278125
1 0.695515740625 0.3884071609375 0.6170209515625 0.370724765625 0.6269103687500001 0.524473575 0.7123269796875 0.549354834375 0.695515740625 0.3884071609375
1 0.6988013937499999 0.39133482656249996 0.7143598140625 0.5504594671875 0.79766491875 0.5674939734375 0.7771008921875 0.40642115937499995 0.6988013937499999 0.39133482656249996
1 0.4536392421875 0.4990768390625 0.5381265875000001 0.5123273984375001 0.5314889078125 0.35152456249999997 0.450441465625 0.336315015625 0.44964872343750006 0.3588140390625 0.4536392421875 0.4990768390625
1 0.10280442812499999 0.273376475 0.040229284375 0.258183978125 0.008837142187499999 0.405872396875 0.091421646875 0.42239802343750005 0.10280442812499999 0.273376475
0 0.1899948171875 0.30220126718749996 0.104429 0.28053547968750003 0.095035503125 0.42316617343749996 0.1840306484375 0.4398422125 0.1899948171875 0.30220126718749996
1 0.361906740625 0.3396901953125 0.27729360937499997 0.320565284375 0.275738434375 0.4605903171875 0.364604334375 0.47813426562499994 0.361906740625 0.3396901953125
0 0.2763529046875 0.31943701562500004 0.19175195312499999 0.30088830624999996 0.18658655625 0.44262594999999993 0.274068115625 0.463461190625 0.2763529046875 0.31943701562500004
1 0.4444399234375 0.35857824531250004 0.36323295624999996 0.3415214984375 0.3651027078125 0.477567659375 0.4505287015625 0.4970705953125 0.4444399234375 0.35857824531250004
1 0.9357785625 0.8546902234375 0.92059003125 0.7154347609375 0.8472824749999999 0.696300421875 0.8560917124999999 0.8939523140625001 0.924610921875 0.9072298468750001 0.9357785625 0.8546902234375
1 0.1802358875 0.5571012718749999 0.0888362515625 0.534228878125 0.0759989609375 0.730930753125 0.1733604640625 0.752699471875 0.1802358875 0.5571012718749999
1 0.7672354203125 0.6788564859374999 0.77219255625 0.8798776265624999 0.8539718609375001 0.894038671875 0.8427999187499999 0.6967521718749999 0.7672354203125 0.6788564859374999
1 0.2808808671875 0.5789139249999999 0.2760155921875 0.7755933890625 0.371465409375 0.79641881875 0.37174716406249997 0.593512675 0.2808808671875 0.5789139249999999
0 0 0.7164563796875 0.07542180000000001 0.7285039640625001 0.085966728125 0.5350444515625 0 0.5189854703125001 0 0.7164563796875
1 0.6562372765625 0.658268978125 0.6638678796875 0.8574969875 0.7525684453125 0.8774247687500001 0.7423792828125 0.6755146437499999 0.6562372765625 0.658268978125
1 0.4680660203125 0.787628471875 0.468715159375 0.808707390625 0.5645164859375 0.834977009375 0.5531688765625 0.638190121875 0.46586446718749996 0.6204808453124999 0.4680660203125 0.787628471875
1 0.3737216609375 0.5998387843749999 0.37219089843750003 0.7944252374999999 0.465877121875 0.81219106875 0.46274233125 0.6225193421874999 0.3737216609375 0.5998387843749999
0 0.1843811640625 0.5571140437500001 0.1758628890625 0.75537916875 0.274995475 0.7759134999999999 0.2772442375 0.583627453125 0.1843811640625 0.5571140437500001
0 0.5553692125 0.6411229265625 0.56708324375 0.8396095171875 0.662610853125 0.8572297984375 0.6536078875 0.6582565453125 0.5553692125 0.6411229265625
1 0.11449605781250001 0 0.1126739609375 0.029426923437500002 0.193204778125 0.0457046078125 0.19461362499999998 0 0.11449605781250001 0
1 0.1950493390625 0 0.1936258265625 0.047053607812499995 0.27415664375 0.06333129374999999 0.27491598125 0 0.1950493390625 0
1 0.9048920171875 1 0.9249254203125 0.9057502484375 0.8539240890625001 0.895382521875 0.8614952656250001 1 0.9048920171875 1
0 0.275706984375 0 0.27452089375 0.06471018281249999 0.3545612953125 0.0843524359375 0.352811115625 0 0.275706984375 0
1 0.3539585140625 0 0.35479689375 0.0844025140625 0.4320992140625 0.10302458125 0.42853362968750003 0 0.3539585140625 0
1 0.42898815625 0 0.43241010781250006 0.10265247343749999 0.51180719375 0.11952884374999999 0.5091572703125 0.017305481249999997 0.449293921875 0 0.42898815625 0
1 0.7648090390625 1 0.7539461703125 0.8797771937500001 0.6647599703125 0.8602719078125001 0.6727543890625001 1 0.7648090390625 1
1 0.6704472359375 1 0.661415046875 0.860109096875 0.5679879671875 0.84543703125 0.57622185 1 0.6704472359375 1
1 0.8598492999999999 1 0.8505882671875 0.89394510625 0.7600691281249999 0.8786189453125001 0.7687481734375 1 0.8598492999999999 1
1 0.5731658328125 1 0.5633815890625 0.8432551921875 0.4736319640625 0.8209207609375 0.47572866718749995 1 0.5731658328125 1
1 0.07810385625 0.7355743015625 0.067095403125 0.9191535843749999 0.16748694687500001 0.940492465625 0.169506871875 0.7555507859375 0.07810385625 0.7355743015625
1 0.172505934375 0.758188815625 0.1708751734375 0.94121265625 0.2709915921875 0.9624930578124999 0.2698532390625 0.7784735640625 0.172505934375 0.758188815625
1 0.271538421875 0.7792388203125 0.271992640625 0.9627058375 0.37402400468749997 0.9843932734375 0.3702767359375 0.8022094875000001 0.271538421875 0.7792388203125
1 0.4737277890625 1 0.46935667499999995 0.82008258125 0.37318270937500003 0.8014811640625 0.37409219843749997 0.9844077671875 0.447447884375 1 0.4737277890625 1
1 0 0.9048920171875 0.0633372796875 0.918354771875 0.076118978125 0.7357005765625 0 0.7215200765625001 0 0.9048920171875
1 0.736874853125 0.0595857328125 0.743089646875 0.17648060625 0.8177995546875 0.1910294484375 0.8085635765625 0.07258284375 0.736874853125 0.0595857328125
1 0.5118391859375 0.11909745468749999 0.5871765109375 0.133919903125 0.5799839062500001 0.033674715625000004 0.5102781484375 0.01754373125 0.5118391859375 0.11909745468749999
1 0.81057549375 0.0736761109375 0.818160109375 0.1923756609375 0.8938445500000001 0.2098557890625 0.8730210234375001 0.08961179687500001 0.81057549375 0.0736761109375
1 0.6570280765625001 0.0495338640625 0.6653034640625 0.15528730468750002 0.7418417078124999 0.1735528703125 0.732683590625 0.061779014062500005 0.6570280765625001 0.0495338640625
1 0.6541086875000001 0.0498686140625 0.5811031046874999 0.03275564375 0.5880843640625 0.13574205781249998 0.6643551703125 0.15458305781249998 0.6541086875000001 0.0498686140625
1 1 0.12022702656249999 0.9476686984375 0.10638730156250001 0.9709243187500001 0.22757083906250003 1 0.233751065625 1 0.12022702656249999
1 0.892741678125 0.2142807046875 0.9689313234375 0.227147215625 0.9494057437500001 0.1324726546875 0.9434553484375 0.1059143140625 0.8780503390625001 0.0933432890625 0.892741678125 0.2142807046875