1 0.95385038125 0.3105450109375 0.9878657890625 0.3090123078125 0.9795830296875 0.1905633375 0.9086530203125 0.19430074375 0.95385038125 0.3105450109375
1 0.8279588468749999 0.202764353125 0.8780817265625 0.32027777031250004 0.951000446875 0.3137552796875 0.9002514015624999 0.1963050421875 0.8279588468749999 0.202764353125
0 0.6434128828125 0.22163314218750002 0.5655343703125 0.2249939171875 0.5604769953125001 0.22534756250000001 0.6052115328125 0.34423193125 0.6874073578125001 0.335833909375 0.6434128828125 0.22163314218750002
1 0.64848848125 0.2196184890625 0.6919240484375 0.33342013125 0.7775076859375 0.3331296078125 0.730098825 0.214022284375 0.64848848125 0.2196184890625
1 0.7342426328125 0.21246396875 0.782117225 0.33582673281250003 0.868594396875 0.329305153125 0.81877190625 0.20609605625 0.7342426328125 0.21246396875
1 0.47979349843749997 0.23263068437499998 0.5212936984375001 0.3536316984375 0.60570603125 0.34507868125 0.561065496875 0.2269475921875 0.47979349843749997 0.23263068437499998
1 0.3898435921875 0.2413964015625 0.430858259375 0.3637800015625 0.5186414640625 0.35565385625 0.4777417828125 0.2326231015625 0.3898435921875 0.2413964015625
0 0.1272702703125 0.2574781609375 0.0401531234375 0.26273496875 0.07550445156249999 0.4104940984375 0.16464156875 0.40366861875 0.1272702703125 0.2574781609375
0 0.127793934375 0.2582765546875 0.166878878125 0.4068768109375 0.258327075 0.4012410453125 0.2214869765625 0.253394928125 0.127793934375 0.2582765546875
0 0.303832346875 0.24680176718750002 0.34934685625 0.3971323765625 0.435005765625 0.3904799375 0.3869926203125 0.2384815875 0.303832346875 0.24680176718750002
0 0.22189442656249997 0.25253142500000003 0.259486028125 0.4020908921875 0.34763865 0.3939389125 0.30162077656249997 0.24862644375 0.22189442656249997 0.25253142500000003
1 1 0.4825396046875 0.9951655515625 0.41340378437499997 0.9575993640625 0.32401512499999996 0.8737828593750001 0.331593559375 0.9337725000000001 0.4893669328125 1 0.48523053593750004 1 0.4825396046875
1 0.606527565625 0.3561771609375 0.524410075 0.36308529375 0.5737074984375 0.5180826765625001 0.6643542453125 0.508348071875 0.606527565625 0.3561771609375
1 0.8704546796875 0.34029677812500003 0.7816963359375 0.34672359375 0.8462024515625 0.49956559218749996 0.9301753343750001 0.48690169843750003 0.8704546796875 0.34029677812500003
1 0.6929597046875 0.3528500109375 0.6104750734375 0.35761021249999997 0.66378521875 0.5070294718749999 0.7551409078125 0.507433196875 0.6929597046875 0.3528500109375
1 0.6970319734375 0.354816584375 0.757460246875 0.50795020625 0.8445092515624999 0.501183953125 0.7785885171875 0.34754145468750003 0.6970319734375 0.354816584375
1 0.485569140625 0.5310378484375 0.5727132484374999 0.52018978125 0.5206146 0.362863975 0.4363108765625 0.3707966453125 0.441901228125 0.3932975171875 0.485569140625 0.5310378484375
1 0 0.492104134375 0.0124291875 0.5655703390625 0.106333090625 0.5578726234375 0.075358071875 0.407099290625 0 0.41018969062500005 0 0.492104134375
0 0.16958151875 0.41090427187499995 0.0789893375 0.413726471875 0.11011762656249999 0.5576079828125 0.20268129375 0.548872671875 0.16958151875 0.41090427187499995
1 0.349881121875 0.3992537953125 0.2609489625 0.4043214234375 0.299075803125 0.5433995390625 0.3917577375 0.5355602015625001 0.349881121875 0.3992537953125
0 0.25970088750000003 0.4034711984375 0.1709439578125 0.4091058625 0.205992521875 0.55090375625 0.29824032968749997 0.5467157890625 0.25970088750000003 0.4034711984375
1 0.43669323593750003 0.3945416859375 0.3517088421875 0.400690725 0.39208915312500003 0.5348578328125 0.4819307015625 0.529933884375 0.43669323593750003 0.3945416859375
1 1 0.6129712234375 0.9299670843750001 0.6146380765624999 0.9946465359375001 0.8078316234375 1 0.8073598328125 1 0.6129712234375
1 0.232149190625 0.6660458203124999 0.13545713125 0.6693283046875 0.17850188125 0.8677219140625001 0.28076582656250004 0.8616554421875 0.232149190625 0.6660458203124999
1 0.8460178781250001 0.62007471875 0.9078495500000001 0.817696875 0.9925786546875001 0.8085184828124999 0.9256706578125 0.61635695625 0.8460178781250001 0.62007471875
1 0.3376664453125 0.659091390625 0.38857340625000003 0.85520131875 0.4886832859375 0.8487432125 0.43148859375 0.6477685765625 0.3376664453125 0.659091390625
0 0.03498773125 0.6802409125 0.07434159375 0.8779961937499999 0.177244828125 0.8654829109375 0.13285585625000002 0.670949815625 0.03498773125 0.6802409125
1 0.730628840625 0.631179121875 0.7945913828125 0.8262675171874999 0.8877853453125001 0.8208352781249999 0.8205377421875 0.6238171640625 0.730628840625 0.631179121875
1 0.43522932656249996 0.653471853125 0.4888346828125 0.8465635875 0.58633723125 0.8375765078124999 0.52951895625 0.6506742953125 0.43522932656249996 0.653471853125
0 0.23624429062500002 0.6648825390625 0.2839947921875 0.8635986890625 0.3876571984375 0.8558076453125001 0.335412109375 0.6647898296875 0.23624429062500002 0.6648825390625
0 0.6262132046875 0.642817175 0.6939961765625 0.8360131171875 0.7932749875 0.82635956875 0.7280300515625 0.6319127124999999 0.6262132046875 0.642817175
0 0.5817144203125 0.8151248687500001 0.5883257015625001 0.8358106828125 0.6903245874999999 0.8346430796875 0.6233847171875 0.6430260421875 0.53219718125 0.650258734375 0.5817144203125 0.8151248687500001
1 0 0.0901822359375 0.0160012625 0.162768265625 0.10009761406249999 0.1560397015625 0.073839834375 0.052302775 0 0.0577525328125 0 0.0901822359375
1 0.156576846875 0.0465172390625 0.0742522578125 0.052248517187499996 0.1008953 0.1572558859375 0.1849916546875 0.15052731875 0.156576846875 0.0465172390625
0 0.23728812656249998 0.041536128125 0.1574978515625 0.045773559375 0.1857417453125 0.151789209375 0.2703070546875 0.148530978125 0.23728812656249998 0.041536128125
1 0.31765908125000003 0.038571193749999996 0.2386872234375 0.041157946875000004 0.2705537796875 0.14851372499999999 0.352127575 0.1450221578125 0.31765908125000003 0.038571193749999996
1 0.4039058328125 0.0382930640625 0.3180014875 0.03808905 0.35232903437499996 0.14456554531250002 0.4354759453125 0.138751346875 0.4039058328125 0.0382930640625
1 0.7962578875 0.8287618609375 0.8479312875 0.9768912234375 0.9466593171875 0.9699874875000001 0.8898115109375 0.8227735515625 0.7962578875 0.8287618609375
1 0.6965397906249999 0.8415262125 0.7456301484375001 0.984044815625 0.845578175 0.97705576875 0.79291025625 0.8295495468749999 0.6965397906249999 0.8415262125
1 1 0.8375727515625 0.9892124703125 0.8093856984375 0.8955269359375 0.8198898328125 0.9501982359375001 0.969740021875 1 0.9662575421874999 1 0.8375727515625
1 0.5964641046875 0.8440197765624999 0.640494178125 0.9913966390625 0.742305334375 0.9842773093750001 0.6913751921875 0.8406727328124999 0.5964641046875 0.8440197765624999
1 0.3146486046875 1 0.2777698734375 0.865571671875 0.1818947359375 0.8717223171875 0.2104341546875 1 0.3146486046875 1
1 0.42435286406249995 1 0.3833068296875 0.8598010734375 0.28147723281250003 0.8673327796875 0.318159153125 1 0.42435286406249995 1
1 0.5174603875 1 0.533579046875 0.9988728734375 0.4891502359375 0.8548136796874999 0.3851869 0.86008069375 0.4255895890625 1 0.5174603875 1
1 0.49181220156250005 0.8532682125 0.5342361359375001 0.998826925 0.6379940671875 0.9915714640625 0.592006884375 0.8444027125 0.49181220156250005 0.8532682125
1 0.2070294546875 1 0.179971384375 0.8724104078125 0.0755381015625 0.8823769328125 0.0974463984375 1 0.2070294546875 1
1 0.6406440140624999 0.015555531249999999 0.6798884125 0.129528603125 0.7577497078125 0.1227396015625 0.7150838046875 0.008087225 0.6406440140624999 0.015555531249999999
1 0.4353853328125 0.13831515781249998 0.5139433984374999 0.131619065625 0.4784498734375 0.0344080125 0.405079646875 0.0382109828125 0.4353853328125 0.13831515781249998
1 0.717379278125 0.008598915625 0.75848689375 0.1239701875 0.8381403546874999 0.11980695937500001 0.783528175 0.0066621546875000005 0.717379278125 0.008598915625
1 0.5589862765625 0.028254146875000004 0.5971087374999999 0.1306116859375 0.6778273921875 0.12698390312500002 0.6371283859375 0.018916040624999998 0.5589862765625 0.028254146875000004
1 0.5561995921875 0.029413746875 0.4792942203125 0.0331805578125 0.5153555921875 0.1331656171875 0.5959732734375 0.1301834328125 0.5561995921875 0.029413746875
1 0.970650696875 0.06282502031250001 0.9386915109375 0.0005175125 0.8619587390625 0.0020953968749999998 0.919237575 0.1154804984375 0.9740646343750001 0.11164661718749999 0.970650696875 0.06282502031250001
1 0.8383051421875001 0.124500871875 0.9171504546874999 0.11562644375 0.8710618718750001 0.0274294 0.857666096875 0.0028223359375 0.7895491625 0.0089299453125 0.8383051421875001 0.124500871875