1 0.90629019375 0.2703338078125 0.9271415062499999 0.3848572046875 0.9979675562500001 0.39533328125 0.9738431999999999 0.2798030453125 0.90629019375 0.2703338078125
1 0.83054851875 0.2636790140625 0.8557046453125 0.38024399062500003 0.9239473765625 0.387288346875 0.8982039609375001 0.2706694453125 0.83054851875 0.2636790140625
1 0.6574157078125 0.2480133609375 0.5851740859375 0.23718812812499998 0.5804586265625 0.2366091421875 0.6004134343749999 0.353467678125 0.677524821875 0.36045061093749997 0.6574157078125 0.2480133609375
1 0.6624441 0.247074478125 0.6821102265625 0.3590464375 0.76089254375 0.37405889062500003 0.7385173109375 0.2565187484375 0.6624441 0.247074478125
1 0.742607159375 0.2558314265625 0.7646520625 0.377351775 0.845367390625 0.3868174375 0.8215031671874999 0.2650900734375 0.742607159375 0.2558314265625
1 0.5049372578125 0.228875184375 0.5215393109375001 0.3470947125 0.60071735625 0.3543313984375 0.5807147109375 0.2381794859375 0.5049372578125 0.228875184375
1 0.4206271359375 0.2208447125 0.43653601562500005 0.3402437140625 0.5187388953125 0.34847309375 0.5030511843750001 0.22850196406249998 0.4206271359375 0.2208447125
0 0.17621195781250001 0.1886971875 0.095133415625 0.17795901875 0.10130788125000001 0.319585509375 0.1845243453125 0.32924772343750003 0.17621195781250001 0.1886971875
1 0.17655133125 0.1895218296875 0.186010465625 0.33258514375 0.27114081875 0.343749453125 0.2636123078125 0.20177752187500003 0.17655133125 0.1895218296875
0 0.3405394515625 0.210440015625 0.355604771875 0.356235775 0.43559069375000004 0.36543552031250004 0.4185241796875 0.2176664109375 0.3405394515625 0.210440015625
0 0.264141096875 0.201059478125 0.2720554375 0.3447346296875 0.35460275937499997 0.35300629843750003 0.338179625 0.2117162125 0.264141096875 0.201059478125
1 0.9281885109375001 0.3978622 0.8497323546875 0.389839375 0.8767866312500001 0.5450352234375 0.9614483390625 0.5560672421875 0.9281885109375001 0.3978622
1 1 0.40851282656250004 0.93194616875 0.397387371875 0.963489515625 0.5626865109375 0.9951742453125 0.569883928125 1 0.530581309375 1 0.40851282656250004
1 0.5994941984375 0.364641875 0.5227205265625 0.35630850937499997 0.5404337390625 0.507053359375 0.625557659375 0.5143209390625 0.5994941984375 0.364641875
1 0.84511885625 0.3972154984375 0.76232191875 0.3872558140625 0.7944103 0.538741871875 0.8739170734374999 0.5421354296875001 0.84511885625 0.3972154984375
1 0.67959851875 0.3770249078125 0.602870090625 0.3666589578125 0.6252693093749999 0.513011803125 0.70923769375 0.529690471875 0.67959851875 0.3770249078125
0 0.6829940515625 0.379552853125 0.7112791265625 0.5305779921875 0.7925641234375 0.5399216703125 0.7593171296875 0.38744998750000004 0.6829940515625 0.379552853125
1 0.4570431078125 0.5031829234375 0.5391433984375 0.50880551875 0.5192684375 0.3554282546875 0.44030091406249994 0.34764285625 0.4414316140625 0.36924680468750004 0.4570431078125 0.5031829234375
1 0.018855428125 0.3158535453125 0.015632603125 0.45034165000000004 0.103389675 0.46005605312500003 0.10177853125 0.31645046718750003 0.020303009375 0.304063953125 0.018855428125 0.3158535453125
0 0.187778578125 0.336755909375 0.10393736875 0.3231677953125 0.1069183515625 0.4604893203125 0.193627515625 0.46901425156250004 0.187778578125 0.336755909375
0 0.3557180015625 0.35827391406250003 0.2730035140625 0.34703848125 0.2832791046875 0.481210521875 0.36993730937499997 0.4905770828125 0.3557180015625 0.35827391406250003
0 0.27200697812499997 0.3460370484375 0.189352584375 0.3353521796875 0.19631144375 0.4714654125 0.2819192296875 0.48409834218750003 0.27200697812499997 0.3460370484375
0 0.43641881250000003 0.36945645625 0.357143153125 0.35991611875 0.3703674234375 0.48999302968749997 0.4538928578125 0.5015223921875 0.43641881250000003 0.36945645625
1 0.8509495406250001 0.65907725 0.87600251875 0.8475475765624999 0.9596273609375 0.856290021875 0.9228276624999999 0.6712666734375 0.8509495406250001 0.65907725
1 0.1998432796875 0.58158025625 0.1103085671875 0.5673247078125 0.114532053125 0.7566949125 0.209688878125 0.76939563125 0.1998432796875 0.58158025625
1 0.7727532 0.649069315625 0.794396796875 0.8410869046875 0.8739777562500001 0.84780743125 0.84669066875 0.6598843703124999 0.7727532 0.649069315625
1 0.29815123125 0.5940485843750001 0.31001455 0.782731003125 0.403259628125 0.7946885234375001 0.386479465625 0.600428584375 0.29815123125 0.5940485843750001
0 0.015938503125 0.5593823703125 0.0168804640625 0.7475091015625 0.11377488124999999 0.7544200578125 0.10762646718749999 0.5683452796874999 0.015938503125 0.5593823703125
0 0.664623990625 0.638639146875 0.6886796093750001 0.8287167609375 0.77537964375 0.840379115625 0.7486460953125 0.647947840625 0.664623990625 0.638639146875
1 0.388903740625 0.606319359375 0.40378753749999996 0.792719484375 0.49508499375000004 0.80189554375 0.4761419328125 0.6205901125 0.388903740625 0.606319359375
0 0.2038178828125 0.5812460046875 0.21231279375 0.7717516671875 0.309063596875 0.7831227046875 0.2950613546875 0.598864678125 0.2038178828125 0.5812460046875
1 0.566494334375 0.630656671875 0.59440189375 0.8196832374999999 0.6874522109375001 0.8285660546875 0.6621024984375 0.63884701875 0.566494334375 0.630656671875
0 0.4948355796875 0.780509409375 0.497229090625 0.8006334140625 0.5912685890625 0.8177731203124999 0.5638550984374999 0.6303430046875 0.47867979375 0.62068766875 0.4948355796875 0.780509409375
1 0.0886350640625 0 0.0907400203125 0.08209943593749999 0.1693020796875 0.09095051562499999 0.1641396078125 0 0.0886350640625 0
1 0.1645323234375 0 0.1698190390625 0.0922066828125 0.24838110000000002 0.10105776250000001 0.2407870640625 0.000734290625 0.23482183281250002 0 0.1645323234375 0
1 0.9423626328125 1 0.960278178125 0.8540895875000001 0.8740448875 0.8490978515625001 0.8983805703125001 1 0.9423626328125 1
0 0.31592353281249996 0.010581353125 0.2417669203125 0.0002176578125 0.24884612499999997 0.10234728906249999 0.32722081406250003 0.11446016562500001 0.31592353281249996 0.010581353125
1 0.3903874328125 0.0222140453125 0.31727802656250004 0.0104847890625 0.32745085937499996 0.1144884125 0.40311518281250003 0.12585355625 0.3903874328125 0.0222140453125
1 0.46977755625000006 0.037356228125 0.3907883890625 0.021833634375 0.40338192656249994 0.1254713609375 0.4809075359375 0.134990309375 0.46977755625000006 0.037356228125
1 0.8051942171875 1 0.7768979625 0.8425158703125 0.6897679140624999 0.83129855 0.714364721875 1 0.8051942171875 1
1 0.712390603125 1 0.686547896875 0.8314222765625001 0.59575881875 0.8251861343750001 0.62054471875 1 0.712390603125 1
1 0.8975647578125001 1 0.8707264890624999 0.8480006765624999 0.7826699031250001 0.8408953312499999 0.8081873375 1 0.8975647578125001 1
1 0.6178335890625 1 0.591159953125 0.8234825390625 0.5032520921875 0.8096040515625 0.5218990265625 0.9968094546874999 0.54375590625 1 0.6178335890625 1
1 0.1337676375 0.9587872328125 0.22126230468750002 0.9681952484374999 0.20623454375 0.7724472125 0.11693993437500001 0.7609641171875 0.12235915 0.957386446875 0.1337676375 0.9587872328125
1 0.3043495390625 0.786003190625 0.20933102187500002 0.7747218515625 0.2246086015625 0.968606121875 0.3225791015625 0.979880903125 0.3043495390625 0.786003190625
1 0.323557934375 0.9807555718750001 0.42352860937500003 0.9930304281250001 0.4026067953125 0.800331121875 0.3060292046875 0.786594896875 0.323557934375 0.9807555718750001
1 0.52052395625 1 0.49908350625000003 0.8091590296875 0.4053311671875 0.7993910265624999 0.42342354843749996 0.9943525062499999 0.46941869374999995 1 0.52052395625 1
1 0.11849174062500001 0.9569115890625 0.11504790625000001 0.7612509015625 0.0172000578125 0.75173451875 0.0157919609375 0.94372115 0.0289702 0.9459197250000001 0.11849174062500001 0.9569115890625
1 0.6916131 0.058796371874999996 0.7073930984375 0.1701771125 0.7802301468749999 0.17785975468749998 0.7614237453125 0.06524610625 0.6916131 0.058796371874999996
1 0.48090195468749997 0.13457467812499999 0.5543634125 0.14246679375 0.53904519375 0.047106062500000004 0.4708720140625 0.0374906109375 0.48090195468749997 0.13457467812499999
1 0.763444171875 0.06612449687500001 0.7806888859375001 0.1791183109375 0.8547064078125001 0.1895255359375 0.8246415203125 0.07615983125 0.763444171875 0.06612449687500001
1 0.614229896875 0.055847915625 0.6310488984375 0.1563910421875 0.7059508453125 0.1674787796875 0.6877797921875 0.0612462609375 0.614229896875 0.055847915625
1 0.61145959375 0.0564123765625 0.540040790625 0.0461327125 0.5553867703125 0.144135209375 0.6300807171875 0.1557961484375 0.61145959375 0.0564123765625
1 1 0.2064121078125 0.9684757484375 0.0982326359375 0.8976060203125 0.0859791984375 0.9300811828125 0.200041015625 1 0.2086259671875 1 0.2064121078125
1 0.8540210546875 0.1938535640625 0.9281351671875001 0.199802075 0.9014630546875001 0.11080479218749999 0.8935274953125001 0.0858785890625 0.82977601875 0.079311515625 0.8540210546875 0.1938535640625
1 1 0.1012894078125 0.9717099828125001 0.0977246421875 1 0.20314544687499997 1 0.1012894078125