1 1 0.2718945265625 0.9793870796874999 0.193445665625 0.9046123296875 0.18692538593750002 0.93408408125 0.3120763578125 1 0.31833008125 1 0.2718945265625
1 0.8210004203124999 0.183986659375 0.8553195546874999 0.3111399734375 0.9307133562500001 0.314944571875 0.895745775 0.1877659078125 0.8210004203124999 0.183986659375
1 0.629851578125 0.17676838749999998 0.5498469578125 0.16902454375 0.5446320874999999 0.16865988437499999 0.5732524234375 0.29643954375 0.6583882703125 0.2996606921875 0.629851578125 0.17676838749999998
1 0.6353233921875 0.17544005468749999 0.66334665 0.2978447265625 0.750778490625 0.309828365625 0.7194593703125001 0.1814373734375 0.6353233921875 0.17544005468749999
1 0.72391425 0.180441184375 0.755098325 0.3132430859375 0.8443366421875 0.3189940859375 0.8111415031250001 0.1860695515625 0.72391425 0.180441184375
1 0.46120046718749996 0.1645176140625 0.48621448125000005 0.2939939203125 0.5736358625 0.2973748890625 0.5450034265625 0.1703776890625 0.46120046718749996 0.1645176140625
1 0.368094103125 0.160559203125 0.392413953125 0.2913772296875 0.4832161078125 0.2956776375 0.4591065296875 0.1642154765625 0.368094103125 0.160559203125
0 0.017510715625 0.232124715625 0.0228563515625 0.2880754390625 0.11485436874999999 0.2938978765625 0.0976707890625 0.13929986249999998 0.024409049999999998 0.13347394375 0.017510715625 0.232124715625
1 0.098090946875 0.140190028125 0.11667856562500001 0.2974939234375 0.2108657359375 0.30486247187500004 0.1944621359375 0.14865053125 0.098090946875 0.140190028125
0 0.2794917109375 0.1537355921875 0.3043963265625 0.31372845312500003 0.3928178890625 0.31922845624999996 0.36560119375 0.15717459375 0.2794917109375 0.1537355921875
0 0.1950020890625 0.14782750312499998 0.21192720937499998 0.3058963171875 0.3031102875 0.310223359375 0.2769716375 0.1552809453125 0.1950020890625 0.14782750312499998
1 0.9359794015625 0.326364996875 0.8493062671875 0.3220746421875 0.8879236140625 0.491742309375 0.9815882218749999 0.498992134375 0.9359794015625 0.326364996875
1 1 0.332231434375 0.9400814125 0.32562258593750004 0.9842103078125 0.50617705 1 0.508910653125 1 0.332231434375
1 0.572882240625 0.3088224359375 0.48804016250000004 0.304091603125 0.5161379203124999 0.46939124843749996 0.61009485625 0.4724605765625 0.572882240625 0.3088224359375
1 0.8446590281249999 0.33048159843749997 0.7531049828125 0.32430654375 0.79704173125 0.48958816718750003 0.88460425 0.48870957031250006 0.8446590281249999 0.33048159843749997
1 0.6616162125 0.3178279453125 0.5767074484375 0.310851759375 0.6097030218749999 0.4710328625 0.7029291359375 0.48455343125 0.6616162125 0.3178279453125
1 0.6654922609375 0.32041980312499996 0.7052232484375 0.4854140078125 0.7950805765625 0.49099728750000005 0.749814209375 0.3246955046875 0.6654922609375 0.32041980312499996
1 0.4242802078125 0.469969496875 0.5148203390625 0.47139958281250005 0.484196328125 0.30332106875 0.3969748609375 0.29932241875 0.3994546125 0.32309414375 0.4242802078125 0.469969496875
1 0.023193996875 0.2845889109375 0.013906328125 0.28366986875 0.002891225 0.44119316875000003 0.033188696875 0.442947475 0.023193996875 0.2845889109375
0 0.11886036250000001 0.301993075 0.025950990624999996 0.2918751828125 0.0370910890625 0.44322035625 0.1328620203125 0.44758485 0.11886036250000001 0.301993075
0 0.30463747343750003 0.31597072187499997 0.21310097187500002 0.3083832265625 0.232076575 0.4558291546875 0.32783971093750003 0.4611252515625 0.30463747343750003 0.31597072187499997
0 0.21194854843750002 0.3073362046875 0.12050961093749998 0.3003526984375 0.13595170625 0.4501333640625 0.2307476265625 0.45909460312499994 0.21194854843750002 0.3073362046875
1 0.393958165625 0.3236169453125 0.306297590625 0.317699840625 0.328278903125 0.46045580781249995 0.42072337343750005 0.468320465625 0.393958165625 0.3236169453125
1 0.9821654390625 0.7725064953125 0.945746284375 0.6283470921875 0.866062978125 0.6190768875 0.9043867640625001 0.8255754796874999 0.9781872937499999 0.8293966062499999 0.9821654390625 0.7725064953125
1 0.14613900625 0.5714270640625 0.046934953125 0.5609037875 0.062421220312500005 0.76960644375 0.1677142375 0.778087240625 0.14613900625 0.5714270640625
1 0.7795616625 0.6125810828125 0.81434210625 0.8231919140624999 0.9021766796874999 0.82597993125 0.8614292265625 0.6202150843750001 0.7795616625 0.6125810828125
1 0.2548814171875 0.57946821875 0.2787235328125 0.786967759375 0.381873215625 0.7947396796875 0.35230867187500003 0.5813718875 0.2548814171875 0.57946821875
0 0 0.7659952062500001 0.061458900000000004 0.767140428125 0.044046103125 0.562185821875 0 0.5602032109375 0 0.7659952062500001
1 0.6601436203125 0.6073598687499999 0.697463478125 0.8156899109375001 0.79340405625 0.8235167203125 0.753006690625 0.6127453953125 0.6601436203125 0.6073598687499999
1 0.35531001406249996 0.5877307140625 0.38234055625 0.7925363765625 0.4831907484375 0.797352525 0.45199134374999994 0.5984043031249999 0.35531001406249996 0.5877307140625
0 0.1504874640625 0.5708271484375 0.17073253125 0.7805342828125 0.27770098593750003 0.7874552484375 0.2517618390625 0.5849618890625 0.1504874640625 0.5708271484375
1 0.5518540359374999 0.6042579671875 0.5933465109375 0.8112043234374999 0.6961060875 0.8155949921874999 0.657384715625 0.6077358453125 0.5518540359374999 0.6042579671875
0 0.48169189531249995 0.7737698890625 0.485474565625 0.7958352390625001 0.5897940015625001 0.8092789187499999 0.5489358765625 0.6040653328125 0.4547857296875 0.598364378125 0.48169189531249995 0.7737698890625
1 0.033742456250000004 0 0.031736103125 0.0286921890625 0.0844797578125 0.0318494375 0.08101586250000001 0 0.033742456250000004 0
1 0.0814892515625 0 0.0851197734375 0.033205412499999996 0.17195671875000001 0.0384034953125 0.1670487640625 0 0.0814892515625 0
1 0.9662575421874999 1 0.978299325 0.8277944906249999 0.90232435 0.8273998593749999 0.9393184781249999 1 0.9662575421874999 1
0 0.1677107484375 0 0.1725415765625 0.039799303125000005 0.25935942500000003 0.048607296875 0.25152697812499997 0 0.1677107484375 0
1 0.252315696875 0 0.25961383437499996 0.048625087500000004 0.3434105046875 0.056765640625 0.33345695468750003 0 0.252315696875 0
1 0.333878525 0 0.343681734375 0.0563284234375 0.429417996875 0.0623236859375 0.4190451765625 0 0.333878525 0
1 0.83579596875 1 0.7951948734375 0.8257860984375001 0.69880725 0.8184753359375 0.7348643953125 1 0.83579596875 1
1 0.7326471609375 1 0.6952759328125 0.8187990859375001 0.595152753125 0.8171972375 0.630719340625 1 0.7326471609375 1
1 0.938527946875 1 0.8986150046875 0.8263822046874999 0.8014447203125 0.8236624046875001 0.8390811125000001 1 0.938527946875 1
1 0.627626225 1 0.5900016015625 0.815584921875 0.49260685000000004 0.8053830953125001 0.522169325 1 0.627626225 1
1 0.06531168125 0.7741770109375 0.0810317890625 0.9719238375 0.1895937875 0.9795152328125001 0.164093115625 0.7816551656249999 0.06531168125 0.7741770109375
1 0.1676260328125 0.7839849203125 0.19325896250000002 0.9797715265625 0.30141723593749997 0.9873346890624999 0.2726857796875 0.7909076374999999 0.1676260328125 0.7839849203125
1 0.2745654140625 0.79146285 0.30248628125 0.9874094437500001 0.41272232343750004 0.9951179 0.3814789828125 0.8010035999999999 0.2745654140625 0.79146285
1 0.520108084375 1 0.48800060156249997 0.8051344500000001 0.38441889218749997 0.7998079 0.41274563437499995 0.9951195296875 0.4825396140625 1 0.520108084375 1
1 0 0.9662575421874999 0.0769423515625 0.9716378765625 0.063249 0.7746034578125001 0 0.7717878453125 0 0.9662575421874999
1 0.7607918734375 0.0922207890625 0.743975909375 0.0158395078125 0.6652142296875 0.0103319546875 0.6803129265625001 0.08797905624999999 0.7607918734375 0.0922207890625
1 0.4197592734375 0 0.429388059375 0.061865409375 0.5105651531250001 0.066301965625 0.49639703749999997 0 0.4197592734375 0
1 0.8433002234375 0.10076214218749999 0.8177354203125 0.0209972765625 0.7454085296875 0.0159396875 0.761368046875 0.0935827875 0.8433002234375 0.10076214218749999
1 0.6785735374999999 0.0850856203125 0.66175379375 0.010089978125 0.5795680453125 0.004342990624999999 0.5956305109375 0.07720682031250001 0.6785735374999999 0.0850856203125
1 0.4975162671875 0 0.51178524375 0.068083365625 0.594532528125 0.0766067203125 0.5770836171875 0.0041692625 0.5174603921875 0 0.4975162671875 0
1 1 0.0996438171875 0.9765320015625001 0.0321014140625 0.899042328125 0.026682809374999998 0.9267300562499999 0.1079820296875 1 0.11310556249999999 1 0.0996438171875
1 0.9245779390625 0.10783153906250001 0.8956035968749999 0.026442349999999996 0.8203734203125 0.021181742187499998 0.842794971875 0.10557747656250001 0.9245779390625 0.10783153906250001
1 1 0.033742456250000004 0.9794477703125001 0.0323053046875 1 0.0957892953125 1 0.033742456250000004