1 0.90095369375 0.11597459531250001 0.8526878343750001 0.0514151640625 0.7806675265624999 0.07346130468749999 0.855001553125 0.178418040625 0.915398125 0.1604299796875 0.90095369375 0.11597459531250001
1 0.7017669328125 0.10214785312500001 0.7813618953125 0.20713992656250002 0.8529402796875001 0.1823434890625 0.77273245 0.07757151875 0.7017669328125 0.10214785312500001
0 0.5212014468749999 0.167265940625 0.44385622343750003 0.19014244687499998 0.4388672140625 0.1917634734375 0.513394346875 0.2994771484375 0.5938187921875 0.270479928125 0.5212014468749999 0.167265940625
1 0.5257949421875 0.1639788 0.5977517625 0.266933578125 0.6835970875 0.24519759218749998 0.6063296453125 0.1379310171875 0.5257949421875 0.1639788
1 0.6101014015625 0.135333846875 0.6888965609375 0.246740546875 0.7740865484375 0.2185475703125 0.6933741703125 0.1077826875 0.6101014015625 0.135333846875
0 0.3596832421875 0.2192664765625 0.4314907375 0.32990793749999997 0.5141017296875 0.3002002640625 0.43985663124999996 0.1932165640625 0.3596832421875 0.2192664765625
1 0.27156605312500004 0.25057451249999996 0.3432305703125 0.362720675 0.4293319359375 0.3325953453125 0.357621628125 0.2197730046875 0.27156605312500004 0.25057451249999996
0 0 0.49787181562500005 0.08591228749999999 0.46933033125 0.011974296875 0.33245659375000003 0 0.3362217796875 0 0.49787181562500005
0 0.012698910937499999 0.3331240296875 0.0889575953125 0.47197895 0.179358696875 0.44342644531250003 0.1055414984375 0.30476340468749996 0.012698910937499999 0.3331240296875
0 0.186565725 0.277534159375 0.269710159375 0.416508890625 0.354046090625 0.38839005000000004 0.2679777765625 0.2483731375 0.186565725 0.277534159375
0 0.1057354140625 0.30379752031249996 0.1807339 0.44398616406249997 0.267199690625 0.41374242343749995 0.184800109375 0.279913603125 0.1057354140625 0.30379752031249996
0 0.8621210171874999 0.1909531375 0.7798653812499999 0.21953660937500002 0.8793956859375 0.36232938593749997 0.9692660546875 0.3338631296875 0.8621210171874999 0.1909531375
1 0.8656595656249999 0.1887238109375 0.972934103125 0.337507515625 0.919655309375 0.173532246875 0.8656595656249999 0.1887238109375
1 0.5176914640625 0.31109650625 0.4369744796875 0.3385837234375 0.5250792421875 0.481278834375 0.6136546109375 0.44882697968749996 0.5176914640625 0.31109650625
1 0.7786924640625 0.2290766375 0.6911887921875 0.2577464296875 0.794024634375 0.394474490625 0.8751703093750001 0.360764715625 0.7786924640625 0.2290766375
1 0.603632078125 0.2861102859375 0.5220114015624999 0.3115408671875 0.6127548546875 0.44765053593750004 0.7045677218749999 0.425162675 0.603632078125 0.2861102859375
1 0.6082101828125 0.28705708125 0.7070249171875 0.4250986765625 0.7927280140625 0.396517659375 0.6882725984375 0.2593433078125 0.6082101828125 0.28705708125
1 0.4398244015625 0.516323759375 0.524606059375 0.4836357640625 0.43310905 0.33931339375 0.35045254375 0.368373303125 0.36167042031249996 0.3894806984375 0.4398244015625 0.516323759375
1 0 0.579192221875 0.0237868578125 0.6524006421874999 0.065793465625 0.638195465625 0 0.501104325 0 0.579192221875
0 0.0926741578125 0.475330503125 0.0024314640625000003 0.500854021875 0.06952684218750001 0.63698241875 0.160275571875 0.6050498453125 0.0926741578125 0.475330503125
1 0.270775028125 0.4184971234375 0.18275824375 0.4458508421875 0.255682809375 0.57542059375 0.34677348124999996 0.5443546515625 0.270775028125 0.4184971234375
0 0.1812934765625 0.44531308125 0.0935938734375 0.47319010937500006 0.16410573281250002 0.6062518734375 0.25567026249999997 0.5789472765625 0.1812934765625 0.44531308125
1 0.35675206249999997 0.39203028125 0.2729678671875 0.4194765375 0.34693120781250003 0.5435690078125 0.4358967265625 0.5161311484375 0.35675206249999997 0.39203028125
1 1 0.48853611093750005 0.984402934375 0.46725426406250004 0.90678455 0.48859495468749997 1 0.63456465 1 0.48853611093750005
1 0.2190501515625 0.7148772218749999 0.122798440625 0.7423896734375 0.2154375390625 0.930061953125 0.316589303125 0.898368415625 0.2190501515625 0.7148772218749999
1 1 0.6394844578125001 0.9028995828124999 0.491390984375 0.823862103125 0.5150691890625 0.9351692640625 0.6972621765625 1 0.6734419859375 1 0.6394844578125001
1 0.32324670625 0.6814802328125 0.42320976562499996 0.8648979890625 0.5221014890625 0.8333524515624999 0.41461419531250004 0.646643965625 0.32324670625 0.6814802328125
0 0.1205909828125 0.7446635359375 0.060632306250000004 0.7657992703125001 0.12445491093750001 0.9622250484375 0.2136177703125 0.9281372093750001 0.1205909828125 0.7446635359375
1 0.7107891265624999 0.5550911593750001 0.8236042328125001 0.7342156078125 0.9158086171875001 0.70542925 0.7992148734375 0.5251976140625 0.7107891265624999 0.5550911593750001
1 0.4197904015625 0.6514117578125 0.521710459375 0.831134178125 0.6173546234375 0.79771218125 0.5137511171875 0.6249863875 0.4197904015625 0.6514117578125
0 0.22287142499999998 0.7126874203125 0.320315 0.8995031890625 0.42244103906249997 0.8657340937500001 0.3224032375 0.687745415625 0.22287142499999998 0.7126874203125
0 0.608865334375 0.5928972609375001 0.7250443125 0.7691713265625 0.8223056312500001 0.7346375484375 0.7083629546875 0.5564761875 0.608865334375 0.5928972609375001
1 0.60712033125 0.776411590625 0.6189109312500001 0.7954475125 0.7210170687499999 0.7687208609375 0.60607784375 0.5938149546875 0.5163362671875 0.6238995875 0.60712033125 0.776411590625
1 0 0.22554791093749998 0.0432760421875 0.2110071515625 0.0013167203125 0.13630090781249998 0 0.13672873593749998 0 0.22554791093749998
0 0.12842710625 0.18763200468750002 0.0815547078125 0.1102300046875 0.0022439765625 0.1359996234375 0.044343435937499995 0.2120814984375 0.12842710625 0.18763200468750002
1 0.2096928421875 0.1636196265625 0.16034899375 0.0846281890625 0.082752115625 0.10984094375 0.128670496875 0.187552921875 0.2096928421875 0.1636196265625
1 0.2918042890625 0.1364615046875 0.2434959515625 0.0576121046875 0.1608015484375 0.08448114531249999 0.20978132968750002 0.1631123796875 0.2918042890625 0.1364615046875
1 1 0.8227497296875 0.9183255796875001 0.70686044375 0.8258986640625 0.7362931781250001 0.9252133953125 0.8875709046875 1 0.8632712640625 1 0.8227497296875
1 0.728971346875 0.7740488453125 0.824220778125 0.9203853953125 0.9230311 0.888279975 0.8227342046875 0.7379199640625 0.728971346875 0.7740488453125
1 1 0.67405346875 0.9233448859375001 0.7025436234375 1 0.8157588499999999 1 0.67405346875
1 0.62912625625 0.8016199796875 0.719729640625 0.9543366234375 0.8211136734375 0.9213949546875 0.723573959375 0.7744892234375 0.62912625625 0.8016199796875
1 0.3691538890625 1 0.3145573171875 0.9030366437499999 0.21984026874999998 0.9332134875 0.2532472421875 1 0.3691538890625 1
1 0.49474696875 1 0.41906858125 0.87081893125 0.318717896875 0.9038693437499999 0.3731007546875 1 0.49474696875 1
1 0.5791922203125 1 0.6144240984375 0.98855246875 0.5240826125 0.839307890625 0.4210256515625 0.8706275390625 0.4961724 1 0.5791922203125 1
1 0.5263699421875 0.837094890625 0.6147834265625 0.9884357156249999 0.717496975 0.9550620609375 0.624747040625 0.803119921875 0.5263699421875 0.837094890625
1 0.2500880484375 1 0.21808083749999999 0.9343837531249999 0.125974765625 0.9669026828125 0.13672873593749998 1 0.2500880484375 1
1 0.4919297453125 0 0.53487310625 0.0659913890625 0.6113469609375 0.03968985 0.5840994890625 0 0.4919297453125 0
1 0.368801146875 0.1096646875 0.31729495 0.03363335625 0.24448809843750002 0.05728973750000001 0.2916046546875 0.13604788125 0.368801146875 0.1096646875
1 0.58525996875 0 0.6123936046875 0.040736115625 0.6913207875 0.016612129687499998 0.677460790625 0 0.58525996875 0
1 0.4208077796875 0 0.3970251453125 0.007727446875 0.45204014062500003 0.08781758281249999 0.5321700734375 0.0639623046875 0.487887940625 0 0.4208077796875 0
1 0.450793553125 0.0876737125 0.3942108671875 0.008641860937499999 0.31847533125 0.033249828125000006 0.37060415 0.110857878125 0.450793553125 0.0876737125