1 0.959516690625 0.2050475953125 0.9197911515625 0.129410784375 0.8459768046875 0.1398053984375 0.902469359375 0.2544160125 0.9659970546875 0.24596299687499998 0.959516690625 0.2050475953125
1 0.7644115953124999 0.15564310312500002 0.8260423593749999 0.271109609375 0.8998487296875 0.2579467984375 0.837584821875 0.142600640625 0.7644115953124999 0.15564310312500002
1 0.5778300609375 0.1913662484375 0.4986814625 0.20174460781249998 0.49355370625 0.20255676562499997 0.5498099390625 0.31990325625 0.6329129359375 0.303998515625 0.5778300609375 0.1913662484375
1 0.5828280375 0.18885718437500001 0.6373050828125 0.30113195312499996 0.724588428125 0.293199759375 0.6655840296875 0.1758643125 0.5828280375 0.18885718437500001
1 0.6696721906249999 0.17390413437500002 0.7295318390625 0.29554128281250003 0.817170128125 0.2811697296875 0.7553370312500001 0.159863209375 0.6696721906249999 0.17390413437500002
1 0.41189393750000003 0.21718867187500002 0.4650396953125 0.3369840484375 0.5503900484375001 0.3207233609375 0.49429699843749997 0.204137309375 0.41189393750000003 0.21718867187500002
1 0.32091335625 0.23416050624999998 0.3736872953125 0.35541031875 0.46251461718750003 0.339284565625 0.40980017343749997 0.217363984375 0.32091335625 0.23416050624999998
0 0 0.388811146875 0.01534120625 0.434792665625 0.105665928125 0.41987362656249994 0.054482203124999996 0.27400061875000004 0 0.28209724375 0 0.388811146875
1 0.055087743749999994 0.27476876875 0.1082349296875 0.4229484109375 0.20102360468749997 0.40903744062499997 0.1502338953125 0.26142721875 0.055087743749999994 0.27476876875
0 0.233650678125 0.24735123906249998 0.293511640625 0.39672330625 0.3803034796875 0.382291196875 0.317744525 0.23143990312499998 0.233650678125 0.24735123906249998
0 0.150572425 0.2605095421875 0.20228184218749998 0.4098014265625 0.291483725 0.39361634375 0.23155750937500003 0.24941088437499997 0.150572425 0.2605095421875
1 0.9074971953125001 0.267829615625 0.822667628125 0.28304245 0.8979604359375 0.4387194140625 0.9902169109375001 0.4248102453125 0.9074971953125001 0.267829615625
1 0.9943601875000001 0.4311822 0.9953244265625001 0.431128734375 0.9681430671875001 0.2595123890625 0.911300625 0.2661940453125 0.9943601875000001 0.4311822
1 0.5522195515625 0.331977571875 0.4690633796875 0.3463546890625 0.53320040625 0.500152321875 0.6248053312499999 0.482129434375 0.5522195515625 0.331977571875
1 0.82004978125 0.2922222046875 0.7300758578125001 0.3067005625 0.809535696875 0.45694143125000003 0.8940705250000001 0.4365242421875 0.82004978125 0.2922222046875
1 0.6400972515625 0.320870384375 0.5563746671875001 0.333088003125 0.6241070421875 0.4808343921875 0.7173408390625 0.47309579843750005 0.6400972515625 0.320870384375
1 0.6444273015624999 0.32251421874999997 0.719753128125 0.47341654687499996 0.8079529234375 0.458744253125 0.72697843125 0.3078125765625 0.6444273015624999 0.32251421874999997
1 0.444442134375 0.5212384390625 0.53237433125 0.5023916140625 0.4651716046875 0.3464674296875 0.3798766375 0.36208528125 0.387589665625 0.3845517140625 0.444442134375 0.5212384390625
1 0 0.5393508515625001 0.0082266546875 0.5912919046875 0.059956476562500007 0.582461984375 0.014888624999999999 0.431340865625 0 0.43326070781250003 0 0.5393508515625001
0 0.11135182968749999 0.4268178546875 0.0191851 0.43778082500000004 0.06379368125 0.58185423125 0.1574434453125 0.5646802328125 0.11135182968749999 0.4268178546875
0 0.29424618125 0.398840834375 0.20397352500000002 0.41194746406249994 0.25529269375 0.5504939484375 0.34914314375 0.5342238609375001 0.29424618125 0.398840834375
0 0.2026243359375 0.41119104531249995 0.11258109375 0.42486078125000004 0.1610028703125 0.5664578078125 0.254736609375 0.5539531734375001 0.2026243359375 0.41119104531249995
1 0.3823878015625 0.386286209375 0.2962391109375 0.40014435 0.34941849999999997 0.5334774296875 0.4406317171875 0.5204363125 0.3823878015625 0.386286209375
1 1 0.5883938703125 0.9844473515625 0.558086725 0.9052685031250001 0.5669151546875 0.988509696875 0.7583247984375 1 0.756291128125 1 0.5883938703125
1 0.19797235156249998 0.6816422625 0.099623865625 0.693619240625 0.1612586375 0.892266478125 0.26504266875 0.87695094375 0.19797235156249998 0.6816422625
1 0.8201122359375 0.5799538390625 0.900843828125 0.7761375562499999 0.9864614765624999 0.759210325 0.9010389906249999 0.569052825 0.8201122359375 0.5799538390625
1 0.3049959703125 0.66513019375 0.3744474875 0.8607451671874999 0.4759990390625 0.8452221015625 0.39969845312499996 0.6452030171875001 0.3049959703125 0.66513019375
0 0.0971149859375 0.6955062953125 0.0267818859375 0.708445021875 0.05892824375 0.9114091375 0.1597762328125 0.8900934234375001 0.0971149859375 0.6955062953125
1 0.70338849375 0.601582271875 0.786067584375 0.794989825 0.88065540625 0.7811308296874999 0.7944526375 0.5860468234375 0.70338849375 0.601582271875
1 0.404024075 0.650690240625 0.4759587859375 0.8429839906250001 0.5746245234375 0.8251123859374999 0.49996500624999995 0.6394225390625 0.404024075 0.650690240625
0 0.20204610937499998 0.680089615625 0.2685103296875 0.8786462078125 0.37356696875 0.8614457484375 0.30320521093749997 0.6711473531250001 0.20204610937499998 0.680089615625
1 0.5979070828124999 0.6227763296875 0.6843145890625 0.813911525 0.7847328703125 0.7952012234375 0.700802834375 0.602562859375 0.5979070828124999 0.6227763296875
0 0.5679029421874999 0.8026098796875001 0.57649535 0.8231327140625 0.680446584375 0.8128407921875 0.5950402218749999 0.6232418625 0.5026601125 0.6387594546875001 0.5679029421874999 0.8026098796875001
1 0 0.12068267031249999 0.0186227734375 0.1740633109375 0.10381375156249999 0.1596929140625 0.06780633593749999 0.0622201890625 0 0.0729596578125 0 0.12068267031249999
0 0.19067107187500001 0.15004363437499998 0.149654775 0.049256668749999996 0.06887863749999999 0.062050353125 0.10469168749999999 0.16091392499999999 0.19067107187500001 0.15004363437499998
1 0.27382794062500004 0.1391624734375 0.230374834375 0.036471868750000004 0.1510916 0.0490290984375 0.1909212328125 0.1500040125 0.27382794062500004 0.1391624734375
1 0.23086444374999998 0.036394321875 0.2739926734375 0.1386784625 0.35829674218749996 0.125326009375 0.3171163359375 0.02561133125 0.2778656296875 0.028950065625 0.23086444374999998 0.036394321875
1 0.78799050625 0.797386959375 0.8565466624999999 0.94976111875 0.9568645765625 0.9338723218749999 0.8828955687500001 0.7829283265625 0.78799050625 0.797386959375
1 0.6874019640625 0.81931145 0.752796325 0.9661935578125 0.854208425 0.9501314593749999 0.7846457375 0.798489571875 0.6874019640625 0.81931145
1 1 0.7951360109375 0.9831048843750001 0.7603957640625 0.888468640625 0.7794751765625 0.9603295578125 0.9333235234374999 1 0.9270403421875001 1 0.7951360109375
1 0.585531153125 0.8307851109375 0.6459311890625 0.9831193328125 0.7494844281249999 0.9667181109375 0.6820569890625 0.8189011374999999 0.585531153125 0.8307851109375
1 0.306360159375 1 0.2623361375 0.8812152859375001 0.1650772515625 0.8960467265625001 0.19793136875 1 0.306360159375 1
1 0.4217997140625 1 0.36948560625 0.8659097171875001 0.266275565625 0.88268196875 0.310023765625 1 0.4217997140625 1
1 0.5374706265625 1 0.47701766562500003 0.8513761765625001 0.3714285625 0.8660273703125 0.42312667812500004 1 0.5374706265625 1
1 0.53935085625 1 0.6434763343750001 0.98350814375 0.5810182687500001 0.8315736171875001 0.47959525156250005 0.8495613203125 0.538077853125 1 0.53935085625 1
1 0.19463144375000002 1 0.1631765859375 0.8969206156249999 0.059658096875 0.9160172515625 0.0626179984375 0.934705334375 0.0807845484375 1 0.19463144375000002 1
1 0.564927590625 0 0.6068135546875 0.09410674531249999 0.685638353125 0.0802309484375 0.6475341203125 0 0.564927590625 0
1 0.35816533906250003 0.1248889046875 0.43770925624999996 0.111045771875 0.392816396875 0.0149953734375 0.3183064859375 0.0254228296875 0.35816533906250003 0.1248889046875
1 0.6492153843749999 0 0.68650033125 0.0814211578125 0.7673879859375 0.0700654265625 0.7256933250000001 0 0.6492153843749999 0
1 0.481736434375 0 0.474426978125 0.0015291484375000001 0.52246150625 0.1025976875 0.604483665625 0.091693415625 0.5604939984375 0 0.481736434375 0
1 0.47168768749999995 0.002961303125 0.393568121875 0.01366725625 0.439288075 0.11249824374999999 0.52126489375 0.1022619015625 0.47168768749999995 0.002961303125
1 0.8135269984375 0 0.8497339296875 0.058414282812499996 0.9264936796875001 0.0462567328125 0.897426578125 0 0.8135269984375 0
1 0.7284071203125 0 0.7679753953125 0.0748415 0.8476177640625 0.0587494515625 0.8100748203125001 0 0.7284071203125 0
1 0.8997973421875001 0 0.9266587328125 0.04483941875 0.93402733125 0.0441141078125 0.9270403437500001 0 0.8997973421875001 0