1 0.9493964374999999 0.209376840625 0.89473918125 0.1174157109375 0.8249288265624999 0.1310065265625 0.8844549625000001 0.237280303125 0.9526210140625 0.22454727812500003 0.9493964374999999 0.209376840625
1 0.7480045515625 0.150166909375 0.8124687609375 0.2569981796875 0.882133790625 0.24077260625000002 0.8170723343749999 0.1340876015625 0.7480045515625 0.150166909375
1 0.5720140515625001 0.19351503125 0.4971206140625 0.20735745312499998 0.49227548906249996 0.2083873171875 0.5517125828125 0.3172773125 0.63009866875 0.297976121875 0.5720140515625001 0.19351503125
1 0.5766511015625 0.19087631249999998 0.6341407203125 0.29502742187500003 0.7169063375 0.28310630468750003 0.6548514453125 0.1743644171875 0.5766511015625 0.19087631249999998
1 0.6586489671875 0.17229376093749998 0.7217327296875 0.28508778125 0.8045161515625001 0.2670190171875 0.7395686109375 0.1546385390625 0.6586489671875 0.17229376093749998
1 0.4152011296875 0.22640458593749999 0.47179651875 0.3377815078125 0.5523060906249999 0.3180289578125 0.49306230624999997 0.20985468125 0.4152011296875 0.22640458593749999
1 0.32936266875000003 0.24711600156250002 0.38567616562499996 0.359896075 0.469505175 0.3400978859375 0.41321499375000004 0.2266763046875 0.32936266875000003 0.24711600156250002
0 0 0.33076876718750003 0.048207060937500004 0.4534050953125 0.13352277343750002 0.43468064999999995 0.0774993078125 0.29838118593749996 0 0.31408295625 0 0.33076876718750003
1 0.07811446250000001 0.2990820984375 0.13612339843750002 0.4374790296875 0.223836828125 0.4195908390625 0.1681023328125 0.2816179265625 0.07811446250000001 0.2990820984375
0 0.24687836875000002 0.26404189375 0.3113432640625 0.403237790625 0.3933172078125 0.3851537625 0.326208171875 0.24468481406249998 0.24687836875000002 0.26404189375
0 0.16837921718749999 0.2807274046875 0.22507363906250002 0.42025510937500005 0.3092565640625 0.4003816890625 0.24498655 0.266107353125 0.16837921718749999 0.2807274046875
1 0.8899126546874999 0.24979749375 0.8098471328124999 0.26852648125 0.889328590625 0.41295160312499996 0.9765350500000001 0.395091771875 0.8899126546874999 0.24979749375
0 0.9807996250000001 0.400950034375 0.9899069953125 0.3999640265625 0.9553658031250001 0.23746049687499998 0.8934550437500001 0.24805010156249999 0.9807996250000001 0.400950034375
1 0.5546090984375 0.328650675 0.47609634375 0.34650032343750004 0.5448554953125 0.48969499375 0.6312365125 0.46795177812500005 0.5546090984375 0.328650675
1 0.8078096625000001 0.277396115625 0.722806253125 0.29568349375 0.8059874421875 0.4347251484375 0.8855132156250001 0.41105669375 0.8078096625000001 0.277396115625
1 0.6377830296875 0.3136774 0.55862318125 0.329499696875 0.630506778125 0.46675393906249996 0.7189513953125 0.45471918593750005 0.6377830296875 0.3136774
0 0.641990321875 0.315025428125 0.7212656890625 0.45490373906250003 0.8045691296875 0.43652057343750006 0.71991046875 0.296897146875 0.641990321875 0.315025428125
1 0.461339065625 0.5142116875 0.5441798546875 0.49186802343749997 0.47239401875000003 0.3468025015625 0.3919052328125 0.3659403390625 0.40037167656249995 0.3869408265625 0.461339065625 0.5142116875
1 0 0.5525521203125 0.01242770625 0.6110198828125 0.0980617234375 0.591743409375 0.047604121875 0.4501418515625 0 0.4588351390625 0 0.5525521203125
0 0.139285578125 0.441006446875 0.052018046875 0.45605718125 0.1016874296875 0.5909727421875 0.190058925 0.5699352359375001 0.139285578125 0.441006446875
0 0.312148459375 0.4052167703125 0.22679218125 0.42221330625000003 0.2825801796875 0.5515315875 0.3711878546875 0.5313445 0.312148459375 0.4052167703125
0 0.22546908906250002 0.42156079531249996 0.1403594046875 0.43908188125000003 0.1935386484375 0.5714491625 0.28222246875 0.5548523999999999 0.22546908906250002 0.42156079531249996
0 0.39550183437499997 0.3888524078125 0.3141121015625 0.406357853125 0.3714130671875 0.53062015625 0.45766873593749996 0.5136388953125001 0.39550183437499997 0.3888524078125
1 1 0.56064948125 0.977668871875 0.5222516859375 0.902669503125 0.5346201859375 0.9915016734375 0.7126626640625 1 0.7106950624999999 1 0.56064948125
1 0.23449248749999999 0.67924669375 0.1413856625 0.695572215625 0.2099921421875 0.8815862421875 0.3081116484375 0.861810471875 0.23449248749999999 0.67924669375
1 0.8221845453125001 0.5512958703125 0.9088631843750001 0.7340086265625 0.9895942625 0.7136081812499999 0.8987461390625 0.5368668828125001 0.8221845453125001 0.5512958703125
1 0.335639021875 0.65816969375 0.41154213593750005 0.8409058187499999 0.50752429375 0.8210442656250001 0.42487653124999997 0.6344586203125 0.335639021875 0.65816969375
0 0.0456609703125 0.7197906578125 0.11060964843750001 0.9056893468749999 0.208471646875 0.8795918500000001 0.139089184375 0.6974941921875 0.0456609703125 0.7197906578125
0 0.712050653125 0.57772900625 0.8004466765625 0.7577015171875 0.8898768499999999 0.739772721875 0.79804019375 0.5583807562499999 0.712050653125 0.57772900625
1 0.42927082343749995 0.6394655453125 0.5073745921875 0.8189157359375001 0.6004904109375 0.796963009375 0.5201191125 0.6239357546875001 0.42927082343749995 0.6394655453125
0 0.23829656406250002 0.6775647031250001 0.311499846875 0.8632506359375001 0.4107380671875 0.8416168140625 0.334232221875 0.6639873203125 0.23829656406250002 0.6775647031250001
1 0.61260641875 0.603185759375 0.704441678125 0.780808446875 0.799185528125 0.7579695828124999 0.709635921875 0.5787919296874999 0.61260641875 0.603185759375
0 0.5929667875 0.7758785421875001 0.602174371875 0.7949848125 0.70070311875 0.7799828390625 0.6098981453125 0.6037724578125 0.5226539171875 0.6231695984375001 0.5929667875 0.7758785421875001
1 0 0.21232246406250002 0.037424615625000004 0.20397473437500002 0 0.1123088578125 0 0.21232246406250002
1 0 0.1112342640625 0.03836166875 0.20504242499999997 0.1188134390625 0.1870972953125 0.077187471875 0.0903727484375 0 0.1067546765625 0 0.1112342640625
0 0.154601525 0.074577996875 0.07797751875 0.0895282625 0.1197106515625 0.1882156640625 0.2010877296875 0.173562946875 0.154601525 0.074577996875
1 0.2319602765625 0.0607794015625 0.1559038078125 0.07402196562499999 0.20132409999999998 0.1735127046875 0.2797750765625 0.1590412 0.2319602765625 0.0607794015625
1 0.3153691640625 0.04878008125 0.232226046875 0.06026654687500001 0.2799079484375 0.158572203125 0.3595653515625 0.1416405 0.3153691640625 0.04878008125
1 0.8023980265624999 0.7598871640625 0.88916671875 0.9284503578125 0.9849752578125001 0.9080856234375 0.8921006218749999 0.7413716671875 0.8023980265624999 0.7598871640625
1 0.7076518734375 0.7857942640625 0.791014534375 0.9493132484375 0.8871823546875 0.928872146875 0.7992661156249999 0.76110425 0.7076518734375 0.7857942640625
1 1 0.739390859375 0.9864552078125 0.7149047078125 0.897238628125 0.73780544375 0.98766725 0.9075134234375 1 0.9048920171875 1 0.739390859375
1 0.6111640671874999 0.801817015625 0.6887829671875 0.9710432390625 0.7881648218749999 0.9499189734375 0.70253896875 0.7856712859375 0.6111640671874999 0.801817015625
1 0.36357975 1 0.305745128125 0.866005375 0.21381845 0.8849936140624999 0.2569246046875 1 0.36357975 1
1 0.47665050000000003 1 0.4070715921875 0.8460705890625 0.3095714390625 0.8672043281249999 0.367205003125 1 0.47665050000000003 1
1 0.5525521203125 1 0.5866740609375001 0.9927471578124999 0.508800984375 0.8268515671875001 0.408928621875 0.84608530625 0.4778158828125 1 0.5525521203125 1
1 0.5111665171875 0.8249948796875 0.5867424765625 0.9927326140625 0.6868416046875 0.9714558890625 0.6069035921875 0.802793578125 0.5111665171875 0.8249948796875
1 0.25352054062499996 1 0.21205104375 0.8859206671875001 0.1123625984375 0.9097632687500001 0.1426497296875 1 0.25352054062499996 1
1 0.5440880859375 0 0.5947895203125 0.09947878125000001 0.6692004453125 0.082323225 0.624653353125 0 0.5440880859375 0
1 0.359418409375 0.14123098125 0.43451610937499996 0.12407051250000001 0.386965140625 0.03488414375 0.316493715625 0.04854105 0.359418409375 0.14123098125
1 0.6264401421875 0 0.6700809203125 0.0834130734375 0.7465826375 0.06855318125 0.700734703125 0 0.6264401421875 0
1 0.5320342515625 0 0.46405063437500005 0.017978995312500003 0.5148445296874999 0.1117850265625 0.5924496203125 0.09729809375000001 0.5393045078125 0 0.5320342515625 0
1 0.461511996875 0.019479471875 0.3876152828125 0.03358221875 0.4360926125 0.12537412812499998 0.5136877359375001 0.1115252921875 0.461511996875 0.019479471875
1 0.7873725171875 0 0.8244590593750001 0.0533390609375 0.8969879734375 0.037922565625 0.8702723609374999 0 0.7873725171875 0
0 0.70368050625 0 0.7473799203125 0.0730703 0.8224595328125 0.053764073437500004 0.7839690484374999 0 0.70368050625 0
1 0.8724646921874999 0 0.8970747125 0.036565103125 0.9121772609375001 0.0342743765625 0.9048920171875 0 0.8724646921874999 0