1 0.8706063140625 0.21193640937499997 0.9094899671875 0.3230313765625 0.9817647968750001 0.322295 0.9394585671875 0.21071194375000002 0.8706063140625 0.21193640937499997
1 0.794033884375 0.2172670625 0.8375323546875 0.3297205078125 0.9066892265625001 0.325964859375 0.8625966593750001 0.21355042656249998 0.794033884375 0.2172670625
1 0.6189304015625 0.2289986484375 0.5451889609375 0.2296101296875 0.5403957640625 0.22977751093749998 0.5787544421875 0.34334672187500004 0.656744434375 0.33812722812499996 0.6189304015625 0.2289986484375
1 0.6237958156250001 0.22726564531250001 0.6610946421875 0.335999521875 0.74201925 0.338536121875 0.7011395140625 0.22466885312499998 0.6237958156250001 0.22726564531250001
1 0.7051088625 0.223335546875 0.74628805 0.3412307078125 0.8282637218750001 0.3379211734375 0.7852378078125 0.22010694218750002 0.7051088625 0.223335546875
1 0.46387250625 0.23399539374999997 0.4991032140625 0.34945424375 0.579193934375 0.3441613921875 0.54089919375 0.2313055625 0.46387250625 0.23399539374999997
1 0.37853925 0.2393069578125 0.4132651421875 0.35605355156249996 0.49652872031250006 0.35127390625 0.46193296406249995 0.23392086562499997 0.37853925 0.2393069578125
0 0.1297571171875 0.245848159375 0.04721825 0.24794408125 0.075749709375 0.38843215 0.160250284375 0.38492341093750004 0.1297571171875 0.245848159375
1 0.1302257828125 0.2466181921875 0.1622593421875 0.388021996875 0.2489055421875 0.3857109734375 0.21896940625 0.24509199218750002 0.1302257828125 0.2466181921875
0 0.2970410390625 0.24157927343750002 0.33509614375 0.384825834375 0.41630252343749996 0.3813660390625 0.37594029375 0.23646485468749998 0.2970410390625 0.24157927343750002
0 0.21938321562500002 0.24429114531249999 0.249973140625 0.3865503859375 0.3335868390625 0.3817585109375 0.2948897078125 0.243227196875 0.21938321562500002 0.24429114531249999
1 0.9125885265625 0.335855925 0.8330933953124999 0.340249378125 0.884587615625 0.4909893375 0.9707456343749999 0.48862028593750007 0.9125885265625 0.335855925
1 1 0.49127247343749997 0.9945491921875 0.33518176093749996 0.9162602234375001 0.3347874 0.9738266156250001 0.49490919062499994 1 0.49665134375 1 0.49127247343749997
1 0.57960325 0.35465350625 0.5017366375 0.35847070468750003 0.54321380625 0.50624195625 0.629237965625 0.500039678125 0.57960325 0.35465350625
1 0.8296586578125 0.34834664375 0.745529390625 0.351491909375 0.80145695625 0.4977302234375 0.8812682875 0.4885466515625 0.8296586578125 0.34834664375
1 0.6614305953125 0.3543546296875 0.583287978125 0.35613441562500003 0.62874363125 0.4987776390625 0.7151024375 0.502158421875 0.6614305953125 0.3543546296875
1 0.6652156171875 0.3563427125 0.7172781390625 0.50272209375 0.79980255 0.499200628125 0.7425640296875 0.35216103906249996 0.6652156171875 0.3563427125
1 0.4594545890625 0.515563390625 0.5422040406249999 0.5081961671874999 0.4981555359375 0.358137371875 0.4181880359375 0.362848846875 0.422728559375 0.384249275 0.4594545890625 0.515563390625
1 0 0.4504748375 0.0109815890625 0.5325874703125 0.10001779531249999 0.5284128078125 0.075723696875 0.38522626249999997 0 0.3856925 0 0.4504748375
0 0.164681225 0.39190838125 0.0789374875 0.3915945078125 0.10360464218750001 0.528287553125 0.1914080703125 0.5230904953125 0.164681225 0.39190838125
0 0.33553103906250004 0.3868437375 0.25128243281249996 0.388701671875 0.28272537343750004 0.5210952609375 0.37061095625 0.5167469296875 0.33553103906250004 0.3868437375
0 0.2501305875 0.38785897812500003 0.1660288796875 0.39025734375 0.19447143125 0.5251144140624999 0.2818256953125 0.52419483125 0.2501305875 0.38785897812500003
1 0.4177634796875 0.385251415625 0.33721148749999996 0.3882586890625 0.3709475453125 0.5160955265625 0.4560511765625 0.5144029406249999 0.4177634796875 0.385251415625
1 1 0.7443653875 0.9504373234375001 0.60979545 0.876842803125 0.608986815625 0.9315984500000001 0.7932796796875 1 0.7896546984375 1 0.7443653875
1 0.2153895640625 0.634544784375 0.1238634609375 0.6344646109375 0.1579924515625 0.8229503125000001 0.25487865 0.8205883500000001 0.2153895640625 0.634544784375
1 0.797293109375 0.6113563421875 0.8492097234375 0.7997315734375 0.9296206375 0.7938594328125 0.8727238500000001 0.6104665125000001 0.797293109375 0.6113563421875
1 0.3153809953125 0.6314523734375 0.35701890937499997 0.818042909375 0.45188151562499995 0.8152409203125 0.4044599125 0.6238568 0.3153809953125 0.6314523734375
0 0.0285134875 0.6414550953125 0.0591740625 0.8292176874999999 0.156878090625 0.8207977984375001 0.121350409375 0.6359081640625 0.0285134875 0.6414550953125
1 0.6878310234375 0.61803771875 0.7418461453125 0.80409375625 0.8301361390625001 0.802031978125 0.7730790437499999 0.6140484625 0.6878310234375 0.61803771875
1 0.4078077828125 0.6293574578125 0.45209680625 0.8131906499999999 0.54457803125 0.80791838125 0.4970464578125 0.629815990625 0.4078077828125 0.6293574578125
0 0.2192997828125 0.63358236875 0.2578671453125 0.822526740625 0.356132609375 0.8185845453124999 0.3130609953125 0.6367515953125 0.2192997828125 0.63358236875
1 0.5887260671875 0.62558265625 0.646415859375 0.8099796984375001 0.7405985140625 0.8041373234375 0.6853497171875 0.6186441031250001 0.5887260671875 0.62558265625
0 0.5409506390625001 0.78659615 0.5465164859375 0.806318625 0.6429899125 0.8085672687500001 0.5860449625 0.62568671875 0.49959234218750004 0.629512096875 0.5409506390625001 0.78659615
1 0.086033490625 0.0506266265625 0.0093732828125 0.0535990546875 0.027693195312500002 0.1528889140625 0.1074247765625 0.149306021875 0.086033490625 0.0506266265625
1 0.1644486640625 0.047888307812499996 0.0864252109375 0.05058900937500001 0.1081386859375 0.15047899843749998 0.18787026874999999 0.14689610625 0.1644486640625 0.047888307812499996
1 1 0.788148009375 0.9298914406250001 0.7951377640625 0.9905205796875001 0.9802585718750001 1 0.980115134375 1 0.788148009375
0 0.2409219828125 0.0458419828125 0.16534404687499998 0.047217312500000004 0.18853766562500002 0.14811061875 0.2685977390625 0.14781542187500002 0.2409219828125 0.0458419828125
1 0.3170067953125 0.04568560625 0.2422572765625 0.045531328125 0.2688315765625 0.14780725625 0.3460710484375 0.1471938015625 0.3170067953125 0.04568560625
1 0.398557934375 0.048255667187500004 0.317346484375 0.0452422203125 0.3462766328125 0.146769859375 0.42508029531249997 0.1440179734375 0.398557934375 0.048255667187500004
1 0.8319876125000001 0.8039261812499999 0.7433391671875 0.8065004859375 0.7996656375 0.987681159375 0.8949330671875 0.98511213125 0.8319876125000001 0.8039261812499999
1 0.710375021875 0.9929583140625 0.7979913359374999 0.9884974109375 0.7401480765625 0.8071332874999999 0.6486382125000001 0.815261715625 0.703193709375 0.9932090921875 0.710375021875 0.9929583140625
1 0.8374867187499999 0.801394715625 0.8979044546875 0.9864096421875 0.9912890890625 0.9831485796875 0.926409371875 0.7945666171875 0.8374867187499999 0.801394715625
1 0.553939178125 0.8143265234375001 0.6016848859375 0.9967538578124999 0.7004575328125 0.993304640625 0.6437835984375 0.8142873359375 0.553939178125 0.8143265234375001
1 0.2937066265625 1 0.2519164859375 0.8241827109375001 0.16106779375 0.8268338515625 0.1933671296875 1 0.2937066265625 1
1 0.39737293125 1 0.3518873578125 0.8222072203125 0.25536330625 0.8259650687500001 0.2970997375 1 0.39737293125 1
1 0.5006737328125 1 0.452122034375 0.8209803062500001 0.35365561093750003 0.822532625 0.39835727187500003 1 0.5006737328125 1
1 0.508727546875 1 0.5998765703125 0.99681700625 0.5497124265625 0.8145412343749999 0.45468994843750005 0.8196104500000001 0.500606659375 1 0.508727546875 1
1 0.189640046875 1 0.15922658437499998 0.8274195140625 0.0601602796875 0.8333877296875001 0.0852638203125 1 0.189640046875 1
1 0.623134584375 0.0345900875 0.6564652 0.1433479734375 0.7303038484375 0.1395033359375 0.6937608640625 0.02999255 0.623134584375 0.0345900875
1 0.425009065625 0.14360370312499998 0.49950340156250006 0.1398695546875 0.4691641546875 0.0470403265625 0.399670434375 0.04821681875 0.425009065625 0.14360370312499998
1 0.695914178125 0.0305504234375 0.730960084375 0.1406879078125 0.8064062125 0.1393780546875 0.7585187203125 0.0308964953125 0.695914178125 0.0305504234375
1 0.5455109578124999 0.0438824296875 0.5781653609374999 0.1416507890625 0.6546008515625 0.1408808078125 0.619699490625 0.037643375 0.5455109578124999 0.0438824296875
1 0.5428379015625 0.044884342187499995 0.47000307656249996 0.0459106453125 0.5007873609375 0.14137422500000002 0.5771060125 0.1412096859375 0.5428379015625 0.044884342187499995
1 0.8328220203125 0.029165984375 0.8832227453125 0.13796169687499998 0.95497431875 0.1354560765625 0.9054211984375 0.0301980265625 0.8328220203125 0.029165984375
1 0.8064066234375 0.143809515625 0.881244646875 0.1380307734375 0.8405899124999999 0.0533532265625 0.8287394796875001 0.029710470312499997 0.7641361843750001 0.033232601562500005 0.8064066234375 0.143809515625
1 0.9552853640625001 0.1341790796875 0.98755693125 0.1349495953125 0.9837799859375 0.026792042187499997 0.90856575625 0.029179149999999997 0.9552853640625001 0.1341790796875