1 0.66796875 0.26484375 0.1015625 0.1640625
1 0.5 0.28984375 0.0921875 0.1359375
1 0.578125 0.28046875 0.0953125 0.14375
1 0.41171875 0.30546875 0.1109375 0.1453125
1 0.1625 0.34375 0.1125 0.1546875
1 0.9171875 0.2375 0.0984375 0.1609375
1 0.7578125 0.26171875 0.103125 0.1640625
0 0.33984375 0.321875 0.1015625 0.1515625
1 0.83828125 0.25234375 0.0984375 0.159375
0 0.253125 0.33984375 0.1015625 0.159375
0 0.075 0.3703125 0.10625 0.140625
1 0.56328125 0.4265625 0.1 0.1640625
1 0.46875 0.4421875 0.1078125 0.1515625
0 0.2953125 0.46875 0.1 0.1359375
1 0.6515625 0.41953125 0.109375 0.1640625
1 0.825 0.39609375 0.10625 0.165625
0 0.2078125 0.484375 0.10625 0.15
0 0.38203125 0.4609375 0.1015625 0.14375
1 0.9171875 0.38515625 0.109375 0.175
0 0.73515625 0.4140625 0.1140625 0.1515625
1 0.04140625 0.51484375 0.0828125 0.1421875
0 0.12109375 0.50625 0.109375 0.1453125
1 0.08125 0.1171875 0.090625 0.134375
1 0.021875 0.12890625 0.04375 0.1359375
1 0.8484375 0.03984375 0.09375 0.0796875
1 0.403125 0.0765625 0.090625 0.1421875
1 0.32265625 0.0875 0.0921875 0.1421875
1 0.8828125 0.68359375 0.109375 0.18125
1 0.9609375 0.6765625 0.078125 0.16875
0 0.784375 0.70625 0.1125 0.1734375
0 0.1640625 0.1125 0.1015625 0.15
1 0.4796875 0.07109375 0.090625 0.1421875
1 0.71015625 0.0546875 0.0890625 0.109375
1 0.24453125 0.103125 0.096875 0.1515625
1 0.68984375 0.72421875 0.121875 0.1796875
0 0.11328125 0.8140625 0.128125 0.19375
0 0.6015625 0.7484375 0.125 0.16875
0 0.3125 0.790625 0.11875 0.178125
1 0.2140625 0.80859375 0.125 0.1765625
1 0.40703125 0.7828125 0.1296875 0.1828125
1 0.51015625 0.77421875 0.1125 0.184375
1 0.55625 0.065625 0.096875 0.13125
1 0.63359375 0.06015625 0.0921875 0.1203125
0 0.78125 0.05 0.096875 0.1
1 0.875 0.87421875 0.1109375 0.165625
1 0.9546875 0.86015625 0.090625 0.1671875
1 0.57421875 0.91796875 0.115625 0.1625
1 0.7765625 0.88984375 0.115625 0.1625
1 0.3640625 0.934375 0.125 0.13125
1 0.47421875 0.9265625 0.1234375 0.146875
1 0.68046875 0.90625 0.121875 0.1578125
1 0.2640625 0.94453125 0.115625 0.1109375
1 0.1578125 0.9515625 0.128125 0.096875