1 1 0.208574028125 0.9586457671874999 0.2049683109375 0.9874243859374999 0.3271047875 1 0.3282977453125 1 0.208574028125
1 0.8770112578125 0.2020977859375 0.9105226765625 0.3261885109375 0.984133471875 0.3299037875 0.9499889406250001 0.205788303125 0.8770112578125 0.2020977859375
1 0.6903830171875 0.195047475 0.61227033125 0.187487721875 0.6071787875 0.18713168593750001 0.6351262078125 0.31183348906249997 0.7182486234375001 0.314979678125 0.6903830171875 0.195047475
1 0.6957253765625 0.1937513203125 0.723089675 0.3132076203125 0.8084540546874999 0.3249052484375 0.7778716578125 0.19960675781249998 0.6957253765625 0.1937513203125
1 0.7822211421875 0.198634709375 0.8126718265624999 0.3282378265625 0.899799765625 0.3338530421875 0.8673855749999999 0.204130184375 0.7822211421875 0.198634709375
1 0.5257202624999999 0.183086621875 0.550146709375 0.30944407812499997 0.6355006078125001 0.3127463078125 0.6075413968750001 0.1888081125 0.5257202624999999 0.183086621875
1 0.43481581875 0.179220684375 0.45856455937499996 0.306887509375 0.5472193015625 0.311087134375 0.5236758406249999 0.18279169687500002 0.43481581875 0.179220684375
0 0.17078757656250002 0.1584651453125 0.0831987546875 0.1515002921875 0.0977471984375 0.303653759375 0.187569565625 0.3093387796875 0.17078757656250002 0.1584651453125
1 0.171197825 0.159333875 0.1893507328125 0.3128482390625 0.281310528125 0.32004217968750004 0.26529001874999997 0.1675935328125 0.171197825 0.159333875
0 0.34830873281249997 0.1725587234375 0.37262931875 0.32869745781250004 0.458959809375 0.3340676984375 0.43238176250000004 0.175917546875 0.34830873281249997 0.1725587234375
0 0.26581717656250003 0.1667903515625 0.282346928125 0.3210511484375 0.3713735859375 0.3252767765625 0.345848309375 0.1740667625 0.26581717656250003 0.1667903515625
1 1 0.38161858125000003 0.9892753265625001 0.34104921093749996 0.9046519484375001 0.33685952812500003 0.9423612484375001 0.5024403921875 1 0.5069015484375 1 0.38161858125000003
1 0.634765165625 0.3239180109375 0.5519295265624999 0.3192985203125 0.5793678984375 0.480616278125 0.6711027703125 0.48361458281249997 0.634765165625 0.3239180109375
1 0.9001148828125001 0.3450637828125 0.8107259750000001 0.33903465625 0.8536287328125001 0.500335321875 0.9391202968749999 0.499480621875 0.9001148828125001 0.3450637828125
1 0.7214007875 0.3327093046875 0.6384999687499999 0.325898559375 0.670720159375 0.4822212546875 0.7617418203125 0.4954189609375 0.7214007875 0.3327093046875
1 0.7251852453125001 0.3352388359375 0.7639817015625 0.4962588734375 0.8517140046874999 0.5017104296875 0.80751304375 0.3394141453125 0.7251852453125001 0.3352388359375
1 0.489682715625 0.48117773281250004 0.5780815421875001 0.48257618437499994 0.5481765796875 0.3185464328125 0.46301784687499997 0.31464140937499996 0.46543969062499996 0.33784045156250003 0.489682715625 0.48117773281250004
1 0.010045818750000001 0.338877721875 0.01314315625 0.44931088125 0.10784 0.4547945984375 0.0980767484375 0.3002512484375 0.013333146874999998 0.29186673750000003 0.010045818750000001 0.338877721875
0 0.19148106874999998 0.317239053125 0.10076876562499999 0.30736205 0.1116501046875 0.4550610265625 0.20515611250000002 0.4593233453125 0.19148106874999998 0.317239053125
0 0.3728648328125 0.3308857078125 0.283493009375 0.323478175 0.3020244171875 0.46737210156250003 0.395522840625 0.472543578125 0.3728648328125 0.3308857078125
0 0.2823678078125 0.3224563453125 0.1930912609375 0.315638253125 0.2081728046875 0.46181055156250006 0.3007270015625 0.47055883125 0.2823678078125 0.3224563453125
1 0.46007325625 0.338350484375 0.374485740625 0.332573215625 0.39595162500000003 0.4718902765625 0.48620995312500004 0.4795683234375 0.46007325625 0.338350484375
1 0.958445434375 0.8282306296874999 0.9781973031250001 0.829253475 0.9917852171874999 0.63493725625 0.9210216046875 0.6267062625 0.958445434375 0.8282306296874999
1 0.21812294531249998 0.58018209375 0.12126482031250001 0.5699092765625 0.13639132812500002 0.773583890625 0.23919434375 0.7818636296875 0.21812294531249998 0.58018209375
1 0.8365659140625 0.620364275 0.8705303328125 0.8259016890625 0.9562876328125001 0.8286252656249999 0.916497478125 0.62781689375 0.8365659140625 0.620364275
1 0.32429375781249997 0.5880328921875 0.347578453125 0.7905336375 0.4482888015625 0.798121515625 0.41941683750000003 0.5898937281250001 0.32429375781249997 0.5880328921875
0 0.0195721375 0.56670875 0.031108373437499996 0.7692304890624999 0.1354516921875 0.7711772625 0.11844433593749999 0.5711603328125 0.0195721375 0.56670875
1 0.71997204375 0.615265140625 0.7564157453125 0.8185767984375 0.8500874953125 0.8262180171875 0.8106389937499999 0.6205238 0.71997204375 0.615265140625
1 0.42234739218749995 0.5960994390625001 0.44874502187500004 0.7959713125000001 0.5472101734375 0.8006745625 0.5167424625 0.6065188671875 0.42234739218749995 0.5960994390625001
0 0.2223685390625 0.57959676875 0.2421413265625 0.78425180625 0.34658010625 0.79100935 0.32124813125 0.5933940984375 0.2223685390625 0.57959676875
1 0.6142435015625 0.612234603125 0.6547610921875 0.81419604375 0.75509045625 0.818484125 0.7172784 0.615631971875 0.6142435015625 0.612234603125
0 0.5457460359375 0.777660084375 0.5494399296875 0.7991939046875001 0.65129254375 0.8123169203125 0.611394353125 0.6120465203125 0.5194707578125 0.606479990625 0.5457460359375 0.777660084375
1 0.069355615625 0 0.0731218375 0.048527696875 0.1579051765625 0.0536032421875 0.1520710359375 0 0.069355615625 0
1 0.152520228125 0 0.15853009843750002 0.0549265671875 0.24331344062500002 0.0600021109375 0.2356398203125 0 0.152520228125 0
0 0.2364308125 0 0.24388450781249998 0.0613643046875 0.3286493171875 0.06996278125 0.317368409375 0 0.2364308125 0
1 0.31838743593749996 0 0.32889771093750003 0.06998015156250001 0.4107127734375 0.0779271765625 0.3970400453125 0 0.31838743593749996 0
1 0.3974811203125 0 0.4109775765625 0.0775005 0.49468629062499997 0.083353984375 0.48080441093750004 0 0.3974811203125 0
1 0.8918436546875 1 0.851836028125 0.828432771875 0.757727825 0.8212951546875 0.7932464640625 1 0.8918436546875 1
1 0.7910934984375 1 0.754280034375 0.8216109921875001 0.6565248031250001 0.8200446203125 0.6915588296874999 1 0.7910934984375 1
1 0.9662575421874999 1 0.97229151875 0.9137101203125001 0.95281020625 0.8290177359375 0.8579379953125 0.8263604421874999 0.8950206625 1 0.9662575421874999 1
1 0.6885536140624999 1 0.6514954296875 0.818470990625 0.5564038265625 0.808511934375 0.585510215625 1 0.6885536140624999 1
1 0.13921357031249998 0.7780444234375 0.155051203125 0.9770997796875 0.2613486265625 0.98453281875 0.2356589734375 0.785345475 0.13921357031249998 0.7780444234375
1 0.2391084078125 0.78761920625 0.264939678125 0.9847839296875 0.370634703125 0.992174846875 0.3416836203125 0.7943783984375 0.2391084078125 0.78761920625
1 0.3435188171875 0.79492029375 0.37165517187499997 0.9922462046874999 0.47939821875 0.9997803328125 0.4479040890625 0.8042344984375 0.3435188171875 0.79492029375
1 0.5835178078125 1 0.5519065109375 0.8082691390625 0.4507744296875 0.8030677 0.479322709375 0.9997750515625 0.482539621875 1 0.5835178078125 1
1 0.031687668749999995 0.7737622984375 0.04040564375 0.96908298125 0.150997434375 0.9768163124999999 0.1371996859375 0.77846053125 0.031687668749999995 0.7737622984375
1 0.8182238343750001 0.11254106562499999 0.797749921875 0.019599753125 0.7213305609375 0.0142559921875 0.739648146875 0.1083990265625 0.8182238343750001 0.11254106562499999
1 0.4817449265625 0 0.494657046875 0.08290675 0.5739143734375001 0.0872389375 0.555834853125 0.0026834046875 0.5174603859375 0 0.4817449265625 0
1 0.8987810578125 0.12087919062500001 0.8678756328125001 0.024503421875 0.7994214984375 0.0197166421875 0.8187864234375001 0.11387026250000001 0.8987810578125 0.12087919062500001
1 0.73794980625 0.10557525000000001 0.717395234375 0.01398080625 0.63722471875 0.0083747375 0.6569682046875001 0.09788370156250001 0.73794980625 0.10557525000000001
1 0.6558961734375 0.0972980265625 0.6344163796875 0.008178359375 0.5570267015625 0.002766746875 0.575105665625 0.0889774546875 0.6558961734375 0.0972980265625
1 1 0.033742456250000004 0.94687868125 0.030027853124999997 0.9802379312499999 0.12792771875 1 0.1293096171875 1 0.033742456250000004
1 0.8714870578125 0.02475595625 0.89828790625 0.1255784875 0.978136709375 0.1277807875 0.9445412109375001 0.03346096875 0.9431544390625 0.029767428125000002 0.8714870578125 0.02475595625