1 0.7829861109375 0.1328214734375 0.8567121984374999 0.23718366093749998 0.931699296875 0.214858565625 0.8542656031250001 0.11100772968749999 0.7829861109375 0.1328214734375
1 0.70490266875 0.1612238015625 0.7838375953125001 0.2656275484375 0.8546761703125 0.24108093125000002 0.7751347203125001 0.1368950984375 0.70490266875 0.1612238015625
1 0.5262065921875 0.22569491875 0.449655978125 0.2483270703125 0.4447184 0.2499313875 0.5186390624999999 0.357032734375 0.5982308749999999 0.328323634375 0.5262065921875 0.22569491875
1 0.53075053125 0.2224348875 0.602120515625 0.3248052796875 0.6870883906249999 0.30331662187499997 0.610455125 0.196656090625 0.53075053125 0.2224348875
1 0.614186315625 0.194080515625 0.6923372359375 0.3048559984375 0.776648346875 0.276951734375 0.6965999953125 0.16681152500000002 0.614186315625 0.194080515625
1 0.366352934375 0.277157553125 0.43758450625 0.387164221875 0.519340321875 0.35775199375 0.4456997953125 0.2513761953125 0.366352934375 0.277157553125
1 0.2791474546875 0.308152934375 0.350239309375 0.4196542984375 0.435450396875 0.389831425 0.3643123734375 0.27765824375000003 0.2791474546875 0.308152934375
0 0 0.5373246296875 0.008723190625 0.554116996875 0.0956020125 0.5252517328125 0.0222288796875 0.3891815640625 0 0.3961702125 0 0.5373246296875
1 0.0229471296875 0.38984552968749997 0.09862038749999999 0.5278867843749999 0.188090525 0.499631734375 0.1148347953125 0.3617841 0.0229471296875 0.38984552968749997
0 0.1950226109375 0.334832159375 0.2775135234375 0.47300088906250004 0.3609791328125 0.44516922968749995 0.275592040625 0.305961540625 0.1950226109375 0.334832159375
0 0.1150256015625 0.3608247640625 0.18945278593749998 0.50018948125 0.2750245390625 0.4702494171875 0.1932774125 0.337193890625 0.1150256015625 0.3608247640625
1 0.8637764828125001 0.249645590625 0.7823711203125 0.2779414 0.881090190625 0.41992333125 0.9700349625 0.39175331562500004 0.8637764828125001 0.249645590625
1 0.9751240203125 0.3973986703125 0.9912626953125001 0.3939171203125 0.9372732421875 0.22775467031250002 0.8672772265625 0.2474351703125 0.9751240203125 0.3973986703125
1 0.5229078484375 0.36858145000000003 0.4430245421875 0.3957900515625 0.5304311859374999 0.5376609390625 0.6180889015625 0.5055297765625 0.5229078484375 0.36858145000000003
1 0.78122153125 0.2874176578125 0.6946202515625 0.3157927859375 0.796604659375 0.45175368125000004 0.8769047703125 0.4183637015625 0.78122153125 0.2874176578125
1 0.6079660812500001 0.343863909375 0.527185515625 0.36902820625 0.617196621875 0.504359915625 0.7080719734375001 0.482131615625 0.6079660812500001 0.343863909375
1 0.6124999718749999 0.34481013437499997 0.7105047390625 0.48207105156249996 0.795323396875 0.45378191093750003 0.69173491875 0.317375653125 0.6124999718749999 0.34481013437499997
1 0.4460642734375 0.5723723046875 0.5299655859375 0.5400018890625 0.4391983203125 0.3965102125 0.35739664375 0.42527885468750004 0.3685292375 0.44626210468750005 0.4460642734375 0.5723723046875
1 0 0.57919221875 0.0408278953125 0.7048475609375 0.07588974375 0.6929888921875 0.0077362 0.5507784906250001 0 0.5530476890625 0 0.57919221875
0 0.102304228125 0.5312209984375 0.012987210937499999 0.556467046875 0.0795846328125 0.69178835 0.16939480468749998 0.66017574375 0.102304228125 0.5312209984375
0 0.278570275 0.4749774390625 0.1914593546875 0.5020444609375 0.26382014531250003 0.630857121875 0.35396993593750004 0.6001059015625 0.278570275 0.4749774390625
0 0.1900084453125 0.501508415625 0.10321220312499998 0.52909571875 0.17318848281250002 0.661374615625 0.26381204999999996 0.634360746875 0.1900084453125 0.501508415625
1 0.3636627515625 0.44878899531250005 0.280742584375 0.47595314375 0.35412513749999996 0.599325584375 0.4421752875 0.572176134375 0.3636627515625 0.44878899531250005
1 1 0.5445586328124999 0.9851854687499999 0.5242914984375 0.9083625156249999 0.5453975359375 1 0.6892201734375 1 0.5445586328124999
1 0.227721628125 0.7693576578125 0.1324575859375 0.7965722734375 0.22440880624999998 0.9831320296875001 0.3245192078125 0.9517696578124999 0.227721628125 0.7693576578125
1 1 0.694132575 0.9045194828125 0.54817053125 0.8262943640625 0.5715970687499999 0.9367219109375 0.7527362359375 1 0.7294750359375 1 0.694132575
1 0.3308445515625 0.7363066984375 0.430041928125 0.918648715625 0.52791486875 0.8874306015625001 0.42126379218750004 0.7018101265625 0.3308445515625 0.7363066984375
0 0.1735076609375 1 0.2226047109375 0.981217628125 0.13027479687500002 0.7988285703125 0.0774199625 0.8174663656250001 0.13672873593749998 1 0.1735076609375 1
1 0.7143911140625 0.611218834375 0.826307896875 0.7893113609375 0.9175631609374999 0.760826196875 0.8019038296875 0.5816290828125 0.7143911140625 0.611218834375
1 0.4263945484375 0.7065531171874999 0.5275249953125 0.8852263421875 0.6221802578125 0.852140046875 0.5193916328125 0.680415671875 0.4263945484375 0.7065531171874999
0 0.23150234374999998 0.7671868515625 0.3282093734375 0.9529015875000001 0.4292818453125 0.9194784140625 0.330017128125 0.7425299125 0.23150234374999998 0.7671868515625
1 0.6135238359375 0.6486528875 0.72876765625 0.823917778125 0.8250226859374999 0.7897289515625 0.7119906874999999 0.6125918390625 0.6135238359375 0.6486528875
0 0.6120212640625 0.8309660687499999 0.6237183625 0.849892084375 0.7247797734375 0.8234653171874999 0.6107650984374999 0.6495611640625001 0.521949828125 0.67933914375 0.6120212640625 0.8309660687499999
1 0 0.2863985171875 0.053071407812500006 0.2685640234375 0 0.17389411875 0 0.2863985171875
0 0 0.17162882031249999 0.054129542187500004 0.2696326609375 0.1373498921875 0.24544606406249997 0.0780177078125 0.147261978125 0 0.1711732171875 0 0.17162882031249999
1 0.15714305625 0.124405928125 0.07931416718749999 0.146539459375 0.13759077343749998 0.24536779687500002 0.217780771875 0.22169026718749998 0.15714305625 0.124405928125
1 0.24277290312500002 0.1027653296875 0.1573637671875 0.1238418125 0.2178677625 0.2211864453125 0.299045121875 0.194810321875 0.24277290312500002 0.1027653296875
1 0.8285821390624999 0.791378171875 0.8974869046875 0.8965797875 0.9927329671875 0.865632465625 0.920056934375 0.7622511281250001 0.8285821390624999 0.791378171875
1 0.7326617546875 0.8287682500000001 0.7977439453125 0.928988240625 0.8949373171874999 0.8974081984375 0.8254510375 0.792990446875 0.7326617546875 0.8287682500000001
1 1 0.7300865562500001 0.9250212 0.75796866875 0.9968404812499999 0.864297853125 1 0.8632712640625 1 0.7300865562500001
1 0.63384001875 0.85603675625 0.6965070421874999 0.961882103125 0.7941844125 0.9301448015625 0.7273183984375 0.8291991281250001 0.63384001875 0.85603675625
1 0.347013278125 1 0.3225130875 0.9564048921875001 0.22877176875 0.9862683750000001 0.2356297734375 1 0.347013278125 1
1 0.47007516718750003 1 0.42594904843750003 0.9245258921874999 0.3266334546875 0.9572372578125 0.35077881875 1 0.47007516718750003 1
1 0.5791922203125 1 0.5918262796875 0.9958949453124999 0.5298836640625 0.8933495609375001 0.427886490625 0.9243381515625 0.47174769375 1 0.5791922203125 1
1 0.532145609375 0.891153828125 0.5929919531250001 0.9955161953125 0.6936422062500001 0.9628129453125001 0.6295060453125 0.8575215249999999 0.532145609375 0.891153828125
1 0.5323742499999999 0 0.4723705734375 0.02151981875 0.5396185124999999 0.12509882187500002 0.6153021937500001 0.099062946875 0.5474608703125 0 0.5323742499999999 0
1 0.2988469609375 0.1943991546875 0.37524601562500004 0.1682830421875 0.3158802671875 0.0804379734375 0.2439189140625 0.10239296875 0.2988469609375 0.1943991546875
1 0.549820153125 0 0.6163397500000001 0.10010365937500001 0.6944551140625 0.07623411718749999 0.6310381203125 0 0.549820153125 0
1 0.3943795078125 0.054370834374999996 0.45763325312500003 0.1466807953125 0.5369397796875 0.1230796796875 0.4697103203125 0.025731343750000003 0.3943795078125 0.054370834374999996
1 0.39189798124999997 0.0562138765625 0.3164149765625 0.07900861249999999 0.3770326140625 0.16947065 0.45639884531249997 0.146536334375 0.39189798124999997 0.0562138765625
1 0.7292262984375 0 0.7739646046875001 0.051844676562500004 0.8478774546875 0.0278289359375 0.8235624703125 0 0.7292262984375 0
1 0.6351482703125 0 0.6957824328125 0.0808594984375 0.7719269234375 0.052506759375 0.7253420171875 0 0.6351482703125 0