1 0.8939366328125 0.2519211875 0.9209946921875 0.3664720125 0.9929505656250001 0.373294446875 0.9625396984375 0.2579004484375 0.8939366328125 0.2519211875
1 0.817226471875 0.24921863906250002 0.848732065625 0.36560288124999996 0.9179026625000001 0.36909666875 0.8858021468749999 0.25268912499999996 0.817226471875 0.24921863906250002
1 0.6418559375 0.2425826609375 0.5684545437499999 0.2354827125 0.5636701078125 0.23514815156250002 0.5899474390624999 0.3521047921875 0.6680557796875 0.355066065625 0.6418559375 0.2425826609375
1 0.646875846875 0.2413677265625 0.6726045625 0.3534047359375 0.752820709375 0.36438636406249997 0.7240672874999999 0.2468697765625 0.646875846875 0.2413677265625
1 0.728154259375 0.245958684375 0.7567844625 0.36751239999999996 0.8386570046875 0.3727897875 0.80818173125 0.251123521875 0.728154259375 0.245958684375
1 0.4871251640625 0.23134406875 0.5100941375 0.3498530359375 0.5902993671875 0.35296093906250003 0.5640110546875 0.2367204546875 0.4871251640625 0.23134406875
1 0.4017041625 0.22770678125 0.42403648125000004 0.3474436703125 0.507343540625 0.3513936234375 0.48520403749999996 0.2310672125 0.4017041625 0.22770678125
0 0.1536011421875 0.20820733749999998 0.07129534843749999 0.201664115625 0.0849855078125 0.344364925 0.1693899421875 0.3497081234375 0.1536011421875 0.20820733749999998
1 0.1539867515625 0.2090221390625 0.1710641046875 0.3529997375 0.257477215625 0.35975836875 0.242403759375 0.216780534375 0.1539867515625 0.2090221390625
0 0.3204148859375 0.2214477671875 0.343288178125 0.36788745 0.42441134687500004 0.3729349859375 0.3994165234375 0.224608584375 0.3204148859375 0.2214477671875
0 0.24289901249999998 0.2160273296875 0.258451221875 0.3607047765625 0.3421077640625 0.3646791640625 0.318103084375 0.2228617875 0.24289901249999998 0.2160273296875
1 0.922735746875 0.37955019375 0.84321685625 0.3756100765625 0.8786723703125 0.5309068781249999 0.9646060406249999 0.53755676875 0.922735746875 0.37955019375
0 1 0.38697111562500003 0.9264990203125001 0.3788713203125 0.9670127734375 0.544133271875 0.9977631203125 0.5494492609375 1 0.5174603890625 1 0.38697111562500003
1 0.589609715625 0.3634383609375 0.511770659375 0.35909537187499996 0.537574309375 0.5103926609375 0.6237755328125 0.5132163328125 0.589609715625 0.3634383609375
1 0.8389545406250001 0.38330395625 0.754957371875 0.3776380875 0.7952924953125 0.528921315625 0.87562655625 0.528130609375 0.8389545406250001 0.38330395625
1 0.67102004375 0.371694409375 0.5931194625 0.365296315625 0.6234158265625 0.5119095359375 0.7089481625 0.5242987515624999 0.67102004375 0.371694409375
0 0.67457651875 0.37406724375 0.7110530265625 0.5250867578125 0.7934934515625 0.5302107328125001 0.7519383140625 0.3779935875 0.67457651875 0.37406724375
1 0.4532995796875 0.510907809375 0.5363658046875 0.5122306171875 0.5082440171875 0.3583895375 0.4282221046875 0.35471632343750004 0.4305008015625 0.37647413125 0.4532995796875 0.510907809375
1 0.00395243125 0.426017225 0.0055038609375 0.48096043593750004 0.0944886875 0.4861154609375 0.08529474375 0.34117388125 0.0104031 0.333768359375 0.00395243125 0.426017225
0 0.1730664828125 0.3571179890625 0.0878252671875 0.347843171875 0.098068978125 0.48636581874999996 0.18593465 0.4903751890625 0.1730664828125 0.3571179890625
0 0.3435097625 0.3699397578125 0.259528471875 0.36298113593750003 0.276960265625 0.49793614374999995 0.36481892656250003 0.5027981765625 0.3435097625 0.3699397578125
0 0.25847102187500004 0.362022659375 0.174579334375 0.35561686406250004 0.188769671875 0.49270822968749994 0.27574152343749997 0.500924690625 0.25847102187500004 0.362022659375
0 0.42545816875 0.376951790625 0.3450331015625 0.3715226125 0.3652217625 0.502185525 0.45003611093749996 0.5093979625 0.42545816875 0.376951790625
1 0.9776479921875 0.8371089921875001 0.9317427265625 0.6559453265624999 0.858635890625 0.6474484 0.8938277296875 0.8364552125 0.9773909078124999 0.8407854562500001 0.9776479921875 0.8371089921875001
1 0.198134625 0.60372566875 0.10711829218749999 0.5940788515625 0.1213582 0.7850994609375 0.21796053906249999 0.7928778015625 0.198134625 0.60372566875
1 0.7792742953125 0.6414897390625 0.8112159296874999 0.83425979375 0.8918001515625 0.8368250515625 0.8543848296875 0.6484894421875 0.7792742953125 0.6414897390625
1 0.2979015390625 0.6111021484375 0.3198073328125 0.8010228703125 0.41444315937500004 0.8081520734375 0.387286425 0.6128594671875 0.2979015390625 0.6111021484375
0 0.01155995 0.5910642546875 0.022426029687499998 0.7810031671875 0.12047494218749999 0.7828422546875 0.1044681140625 0.5952518109375 0.01155995 0.5910642546875
0 0.669713459375 0.6366926109375 0.703984528125 0.8273755312500001 0.7920063765625 0.834553865625 0.7549114734375 0.6416360515624999 0.669713459375 0.6366926109375
1 0.39004098125 0.618679940625 0.4148715828125 0.8061355375 0.5073972890625 0.810559071875 0.478742865625 0.6284639421875 0.39004098125 0.618679940625
0 0.2021240234375 0.6031772546874999 0.22073004531249998 0.79511795625 0.318869271875 0.8014688953125001 0.2950403265625 0.616129834375 0.2021240234375 0.6031772546874999
1 0.5703627499999999 0.633836928125 0.608461771875 0.823254046875 0.7027391781250001 0.827288446875 0.6671823609375 0.63703630625 0.5703627499999999 0.633836928125
0 0.506018546875 0.7889744796875 0.5094923421875001 0.809170703125 0.6052022312500001 0.8214912468750001 0.5676854546875 0.6336601671875 0.48130656875 0.62842783125 0.506018546875 0.7889744796875
1 0.13052324531249998 0.009484884374999999 0.05397228750000001 0.0044278546875 0.061813225000000006 0.105088746875 0.1414825421875 0.1098597015625 0.13052324531249998 0.009484884374999999
1 0.20879508593749999 0.014958184375 0.130916753125 0.00948841875 0.14206993125 0.1111008765625 0.22173925 0.11587183125 0.20879508593749999 0.014958184375
1 0.9662575421874999 1 0.9775449453125 0.8385826249999999 0.8919358484375 0.8381246859375 0.926739990625 1 0.9662575421874999 1
0 0.2850633734375 0.020916707812499997 0.2097557015625 0.014384457812500001 0.222276040625 0.117149453125 0.3019283921875 0.1252244296875 0.2850633734375 0.020916707812499997
1 0.3607477328125 0.028714217187500002 0.286423825 0.02074733125 0.3021618015625 0.1252407515625 0.379042271875 0.13270437968749998 0.3607477328125 0.028714217187500002
1 0.4415834796875 0.0397946140625 0.36113190781250004 0.0283087671875 0.3792910453125 0.13230424999999998 0.45795066249999994 0.137804665625 0.4415834796875 0.0397946140625
1 0.8318400968749999 1 0.7936497078125 0.836631221875 0.7052178 0.8299251406250001 0.739108646875 1 0.8318400968749999 1
1 0.73710445 1 0.7019780453125 0.8302209156250001 0.6101198296875 0.8287394296875 0.643547903125 1 0.73710445 1
1 0.9260754734375001 1 0.8885325546875 0.8371926921874999 0.7993833 0.8346884390625 0.8347770406249999 1 0.9260754734375001 1
1 0.6407475984375 1 0.605393659375 0.8272629421875 0.5160373203125 0.817910615625 0.5437927078125 1 0.6407475984375 1
1 0.1240107546875 0.789283184375 0.138918303125 0.9759716578125 0.23880413437499998 0.9829563546875001 0.2146388875 0.7961428421875001 0.1240107546875 0.789283184375
1 0.21788051875 0.7982757265625 0.2421785828125 0.9831923187499999 0.341498353125 0.990137434375 0.314268603125 0.804627975 0.21788051875 0.7982757265625
1 0.31599315625 0.8051364296875001 0.3424572703125 0.9902044875 0.4437015296875 0.9972841765625 0.41408243125000005 0.8138851578124999 0.31599315625 0.8051364296875001
1 0.5419527296875 1 0.5118112796875 0.8176823343749999 0.4167794671875 0.8127912281249999 0.4436305734375 0.9972792140625 0.48253961875 1 0.5419527296875 1
1 0.0229709546875 0.785253453125 0.031187871875000002 0.9684384109374999 0.1351090453125 0.9757052875 0.12211841406249999 0.7896731796875 0.0229709546875 0.785253453125
1 0.6663583171874999 0.049678546875 0.6881380515625 0.1613246453125 0.761974078125 0.165219309375 0.737078271875 0.0524886515625 0.6663583171874999 0.049678546875
1 0.4579231265625 0.13738521875 0.5323996984375 0.14145830312500002 0.5119299500000001 0.0459662890625 0.44269394687499997 0.039872265625 0.4579231265625 0.13738521875
1 0.7391614765625001 0.0532685515625 0.762502896875 0.1664659859375 0.837672640625 0.173049575 0.801386890625 0.060156684375000005 0.7391614765625001 0.0532685515625
1 0.5881886078125 0.050806106250000004 0.6104445484375 0.15145219375000002 0.6865418015625 0.158676115625 0.6626228859375 0.052356043750000004 0.5881886078125 0.050806106250000004
1 0.585425465625 0.051523120312500004 0.512882359375 0.0449304890625 0.53351934375 0.14308894218749998 0.6094371140625 0.1509027765625 0.585425465625 0.051523120312500004
1 0.8754640374999999 0.0662024625 0.9142164125000001 0.1796704921875 0.9858368328125 0.1846786796875 0.9475576328124999 0.07481753125 0.8754640374999999 0.0662024625
0 0.8372098343750001 0.1774568046875 0.91224193125 0.17953242187500001 0.8806611203125 0.0910691703125 0.8713469484375 0.06631722343749999 0.8067293921875001 0.063067178125 0.8372098343750001 0.1774568046875
1 1 0.07773120156249999 0.9507914656249999 0.0741329328125 0.9862796578124999 0.183441190625 1 0.1852152953125 1 0.07773120156249999