1 1 0.3245881796875 0.9541117953124999 0.31316266875 0.96310718125 0.43324672968750005 1 0.44273072812500003 1 0.3245881796875
1 0.877056259375 0.298160903125 0.8902507999999999 0.4208091078125 0.9595636437499999 0.43540438437500006 0.9457718796875 0.312637465625 0.877056259375 0.298160903125
0 0.7009693953125 0.263402325 0.6279601125000001 0.244486184375 0.6231807093749999 0.243382771875 0.63100233125 0.3657730671875 0.7094288109375 0.381259934375 0.7009693953125 0.263402325
1 0.7062347015625 0.2629776109375 0.714289671875 0.3803087671875 0.79356145 0.404237525 0.7833282578125 0.28088531250000004 0.7062347015625 0.2629776109375
1 0.7876025249999999 0.2806183984375 0.7970649921875 0.40803049687500004 0.8789230890624999 0.42645997500000005 0.86761485625 0.298639 0.7876025249999999 0.2806183984375
1 0.5464683984375001 0.22729431562500002 0.5506996171874999 0.35072405156249997 0.631220778125 0.366694515625 0.623273421875 0.24502615312499998 0.5464683984375001 0.22729431562500002
1 0.460763309375 0.2099545671875 0.464154853125 0.33452329999999997 0.5476745078125 0.35184085 0.54457210625 0.22670723750000002 0.460763309375 0.2099545671875
0 0.2132654671875 0.15056270624999998 0.13117235625 0.13078477500000002 0.1221580671875 0.27717655625000004 0.2065632015625 0.296077546875 0.2132654671875 0.15056270624999998
0 0.21352455625000002 0.1514477609375 0.207727425 0.2996715890625 0.293935028125 0.320324215625 0.3015963359375 0.17343121875 0.21352455625000002 0.1514477609375
0 0.379651528125 0.190626440625 0.3793149953125 0.3422653859375 0.4604529140625 0.3603427203125 0.4589484234375 0.2064578421875 0.379651528125 0.190626440625
0 0.302217184375 0.1727493125 0.29476741562500003 0.32143638124999996 0.3786361859375 0.338834528125 0.37708992812500003 0.19168553125 0.302217184375 0.1727493125
1 0.9627723640625 0.44674098124999995 0.8830777203125001 0.43003933749999995 0.8940331859375 0.5926412578125 0.979773890625 0.61310730625 0.9627723640625 0.44674098124999995
1 1 0.455765025 0.966682478125 0.4466569515625 0.9811522796875 0.6201379765625 0.9851051609375 0.62148444375 1 0.5569678046875 1 0.455765025
1 0.6288469234375 0.3771718296875 0.55091364375 0.36033178593750004 0.5527595937500001 0.5173481843750001 0.639383059375 0.533990565625 0.6288469234375 0.3771718296875
1 0.877540553125 0.4371323375 0.7935984687500001 0.41797042968750003 0.8101255187499999 0.577297115625 0.8914009015625 0.5893485703125 0.877540553125 0.4371323375
1 0.7097613015625 0.3985373625 0.6320948484375 0.379610759375 0.63922889375 0.5326124812499999 0.723645453125 0.5588140265625 0.7097613015625 0.3985373625
1 0.712974009375 0.4015040609375 0.725645521875 0.5599470234374999 0.808101821875 0.5783123156250001 0.7904918828125 0.4178467296875 0.712974009375 0.4015040609375
1 0.4675476859375 0.5043879125 0.5512446140625 0.5190121578125 0.5474642249999999 0.359054396875 0.46721873281250004 0.3425419984375 0.46603758749999996 0.36489318125 0.4675476859375 0.5043879125
1 0.03362968125 0.297366040625 0.02000435 0.4024947765625 0.109066453125 0.42193830625000006 0.12298125625 0.2740014125 0.0438017328125 0.25330604375 0.03362968125 0.297366040625
0 0.2090908703125 0.304153465625 0.124469834375 0.2811456484375 0.1126429765625 0.42276401249999995 0.20075796875 0.44087081406250006 0.2090908703125 0.304153465625
1 0.379210296875 0.344374725 0.2954911921875 0.3239090078125 0.29149642187499997 0.46307203125 0.37946783906250003 0.48203934375 0.379210296875 0.344374725
0 0.29457645 0.32277129375 0.2108593625 0.30287855 0.20324827499999998 0.4436818921875 0.2897869171875 0.46589706093750005 0.29457645 0.32277129375
1 0.46086735 0.3645692296875 0.38049570625 0.346217909375 0.37997283125000003 0.48148468749999995 0.46449281249999996 0.50234015 0.46086735 0.3645692296875
1 0.9369744015625001 0.8299616625 0.9276258468749999 0.727484265625 0.855137734375 0.7072035718749999 0.8604306140625001 0.9038279156250001 0.9171459828125 0.9158479843749999 0.9369744015625001 0.8299616625
1 0.19493673125 0.5573651578125001 0.1045415578125 0.5330576203125 0.0883476453125 0.7283654109375 0.18468457968750002 0.751678371875 0.19493673125 0.5573651578125001
1 0.7759251078125 0.6884873125000001 0.777332403125 0.8883945734375001 0.858323265625 0.9038773078125001 0.8506769109375 0.7075755515625 0.7759251078125 0.6884873125000001
1 0.29453466562499997 0.580778246875 0.2862604546875 0.7762008359375 0.380714846875 0.7985432625 0.384544784375 0.596852325 0.29453466562499997 0.580778246875
0 0 0.7103426296875 0.087816759375 0.725943175 0.1016767359375 0.5338189890625 0.0084966375 0.5147255140625 0 0.599423803125 0 0.7103426296875
1 0.6660210234374999 0.6661140453125001 0.670115484375 0.8642848390625 0.7578809515625 0.88561891875 0.7512917765625 0.6847380140625 0.6660210234374999 0.6661140453125001
1 0.386395546875 0.6031746484375 0.38147041875 0.796574046875 0.47422640625 0.8158448015624999 0.4744308390625 0.6272505875000001 0.386395546875 0.6031746484375
0 0.1990543796875 0.5574491312500001 0.18712357500000001 0.7543851109374999 0.2852414828125 0.7765015 0.2908396140625 0.5854011296875 0.1990543796875 0.5574491312500001
0 0.5661198328125 0.647335884375 0.574283696875 0.84483989375 0.6688714421874999 0.8639976296875 0.6634092359375 0.666056471875 0.5661198328125 0.647335884375
0 0.47628890625000003 0.7938126171875 0.47656495625 0.8147769609375001 0.57127328125 0.8425371437500001 0.56344368125 0.6467289968750001 0.4770263234375 0.62762419375 0.47628890625000003 0.7938126171875
1 0.13957405 0 0.13705367968749999 0.031676754687499996 0.2167672765625 0.0492420359375 0.21915215781250003 0 0.13957405 0
1 0.2195831546875 0 0.2171619390625 0.050590228125000004 0.29687553437499997 0.0681555109375 0.2988922046875 0 0.2195831546875 0
1 0.8977179578125 1 0.9173653453125 0.9148978156249999 0.858252296875 0.9052123203125 0.8634327875000001 1 0.8977179578125 1
0 0.2997115328125 0 0.29721325 0.06953243906249999 0.37638080625 0.090433784375 0.3760974921875 0 0.2997115328125 0
1 0.3773082859375 0 0.37661397343749997 0.09048761562499999 0.4530793984375 0.1103277828125 0.45124587812500006 0.0023173109375 0.44266889374999996 0 0.3773082859375 0
1 0.531127728125 0.026444990624999998 0.45169885 0.00196905 0.4533947453125 0.10996323906250001 0.53197163125 0.12810414375 0.531127728125 0.026444990624999998
1 0.76733908125 1 0.7592084109374999 0.8879810000000001 0.6709531265625001 0.8670585453124999 0.6762092046875 1 0.76733908125 1
1 0.6738744953125 1 0.6676331640625001 0.8668391890624999 0.5750804781250001 0.850648203125 0.5803979390625 1 0.6738744953125 1
1 0.86166050625 1 0.8549636796875 0.903726121875 0.7653111515625 0.88693494375 0.7713927468749999 1 0.86166050625 1
1 0.577324034375 1 0.5705427296875001 0.8484001734375 0.48177724375000003 0.8246557625 0.480742859375 1 0.577324034375 1
1 0.090357378125 0.7330174546875 0.07620980625 0.9153123781250001 0.1755642703125 0.9382501640625 0.180806578125 0.754446415625 0.090357378125 0.7330174546875
1 0.183739659375 0.757120278125 0.17891749375 0.939024315625 0.277999675 0.961899240625 0.28008845312499997 0.778957871875 0.183739659375 0.757120278125
1 0.2817491046875 0.7797475406250001 0.27899038125 0.9621279625 0.379967725 0.9854404203125 0.37943271875 0.8042789499999999 0.2817491046875 0.7797475406250001
1 0.47872145312500003 1 0.47754488593750005 0.8237490671875 0.382332221875 0.8036049390625 0.38003521406249996 0.9854560015624999 0.44303219374999997 1 0.47872145312500003 1
1 0 0.897717959375 0.07249050625 0.9144537109374999 0.08838341562499999 0.733108846875 0 0.7150437390625 0 0.897717959375
1 0.7566000296875 0.0723885515625 0.760728540625 0.188692990625 0.8346899609375 0.20443965625 0.8275873859375 0.086540790625 0.7566000296875 0.0723885515625
1 0.5320109609375 0.127675878125 0.6065908609374999 0.1437053046875 0.6011997015625 0.043934418749999996 0.532237028125 0.026701092187499997 0.5320109609375 0.127675878125
1 0.8295668734375001 0.08766213125 0.8350245765625001 0.20578403750000002 0.9099028015625 0.22446125781249998 0.8913207390625001 0.104576484375 0.8295668734375001 0.08766213125
1 0.677457025 0.06102370781250001 0.6838274375 0.1662886078125 0.7595400765625 0.1857612625 0.752398103125 0.07449668125 0.677457025 0.06102370781250001
1 0.6745510796875 0.061306264062500004 0.60232758125 0.043040071875 0.6074608328125 0.1455321984375 0.682897734375 0.1655722578125 0.6745510796875 0.061306264062500004
1 1 0.13239832499999998 0.9651813765625 0.12253545937500002 0.986163015625 0.24339599218750002 1 0.2465905125 1 0.13239832499999998
1 0.9087298015625 0.228840815625 0.9841906109374999 0.24294062656249998 0.9664505484375001 0.148495078125 0.9610041609375 0.12199284531250001 0.8962515171875 0.1083721953125 0.9087298015625 0.228840815625