1 0.8669015265625 0.2025935203125 0.9038799984375 0.32170743125 0.980258515625 0.32360082968750004 0.939682428125 0.2038433203125 0.8669015265625 0.2025935203125
1 0.785813528125 0.205407571875 0.8276169921875001 0.326131128125 0.9008130703124999 0.32471108125 0.8583805625 0.20400687187500002 0.785813528125 0.205407571875
1 0.6004008890625 0.21135712343750002 0.52247765 0.2092771796875 0.5174079265625 0.2092771796875 0.5537405375 0.33099247656249997 0.6363219531250001 0.3283486015625 0.6004008890625 0.21135712343750002
1 0.605604659375 0.20970143437500002 0.64099601875 0.326255771875 0.7263914453125 0.3319359703125 0.687406575 0.209811709375 0.605604659375 0.20970143437500002
1 0.69164899375 0.20854624843749997 0.7308016125 0.33494806875 0.817523053125 0.33447471875 0.7764165609375 0.2080903109375 0.69164899375 0.20854624843749997
1 0.43641292500000006 0.21091436562500002 0.469371428125 0.3345155328125 0.554174765625 0.331871659375 0.51788338125 0.21091436562500002 0.43641292500000006 0.21091436562500002
1 0.346070665625 0.21338414062500002 0.3784483765625 0.338330659375 0.4665845953125 0.3363477546875 0.434366734375 0.2107636796875 0.346070665625 0.21338414062500002
0 0 0.235836346875 0.02070158125 0.36014273281250003 0.110097684375 0.359551771875 0.08301515312499999 0.2111105359375 0 0.2103181796875 0 0.235836346875
1 0.083481846875 0.21194351562499997 0.1121057515625 0.362908215625 0.2037243171875 0.36366528124999997 0.1772871828125 0.21360947656249998 0.083481846875 0.21194351562499997
0 0.25989188125 0.21277649687500003 0.294808984375 0.365915840625 0.3807232859375 0.365254871875 0.34342996718749996 0.210277553125 0.25989188125 0.21277649687500003
0 0.1777538765625 0.21277649687500003 0.2048211640625 0.3645939046875 0.29332770468749997 0.362610996875 0.2575584140625 0.21444245781250001 0.1777538765625 0.21277649687500003
1 0.9066802234375 0.3354062484375 0.822539246875 0.3371194796875 0.8713770406249999 0.49869319218749997 0.9624820296875001 0.4993707328125 0.9066802234375 0.3354062484375
0 1 0.33799275781250004 0.9105984328125001 0.3344102453125 0.9655047890624999 0.5061461234375 1 0.509664353125 1 0.33799275781250004
1 0.5542201078125 0.3430004109375 0.47182076406249995 0.34416348750000003 0.5101860296875 0.5022221203125 0.60129101875 0.49883442499999997 0.5542201078125 0.3430004109375
1 0.8186120671875001 0.3455693359375 0.729621621875 0.3457890265625 0.783308884375 0.502758428125 0.8679606046874999 0.49598303593750004 0.8186120671875001 0.3455693359375
1 0.6406737921875 0.345710565625 0.5580580359375 0.34470533593749997 0.6008153593750001 0.49747934374999997 0.691920346875 0.5042547359375 0.6406737921875 0.345710565625
0 0.644598959375 0.347956415625 0.694197971875 0.504932275 0.78150691875 0.5042547359375 0.726464321875 0.34638810468750003 0.644598959375 0.347956415625
1 0.421358665625 0.5089975124999999 0.5090472187499999 0.5042547359375 0.4680499734375 0.3436779484375 0.38339825312500003 0.345710565625 0.38740540625 0.36854658906250004 0.421358665625 0.5089975124999999
1 0 0.5098059765625 0.041174517187499995 0.5093127484375 0.0207923671875 0.356745984375 0 0.356146446875 0 0.5098059765625
0 0.11452086718750001 0.3671143921875 0.0239524984375 0.36361032656250003 0.04496829375 0.5093127484375 0.137915825 0.50705563125 0.11452086718750001 0.3671143921875
0 0.29519396875 0.368069359375 0.2061249421875 0.3669210515625 0.23445730937499998 0.5083199734375 0.32746031875 0.5069648953125 0.29519396875 0.368069359375
0 0.20493921718750002 0.3659858359375 0.11600543906250001 0.3654154046875 0.1410773046875 0.5093127484375 0.2333925421875 0.5115698656250001 0.20493921718750002 0.3659858359375
0 0.3821233125 0.3694244375 0.296917 0.369630284375 0.3278399234375 0.50628735625 0.41780609843749994 0.507642434375 0.3821233125 0.3694244375
1 0.8588424218749999 0.623393728125 0.9098878156250001 0.8206284765625 0.99959684375 0.819005659375 0.9365580671875 0.6269724703125 0.8588424218749999 0.623393728125
1 0.15913835468749998 0.625998928125 0.0624528578125 0.6225285203124999 0.0915535140625 0.823441503125 0.19399152343749998 0.8245233796875 0.15913835468749998 0.625998928125
1 0.7747184703125 0.622961125 0.8226140984375 0.8244150453125 0.9077770609375 0.8211694125 0.854436559375 0.6248087156250001 0.7747184703125 0.622961125
1 0.26488368906250004 0.6264219515625 0.30198670625 0.8256052578125 0.4023032203125 0.8261461953125 0.3592671328125 0.621671421875 0.26488368906250004 0.6264219515625
0 0 0.825755209375 0.09045570625 0.8211202671875 0.059744809375 0.6239646249999999 0 0.625448875 0 0.825755209375
0 0.658835909375 0.625989346875 0.7090339640625001 0.8250643171875 0.80237984375 0.8261461953125 0.7490393421875 0.6249170515625 0.658835909375 0.625989346875
1 0.3626009125 0.6276217453124999 0.402606290625 0.8239824406249999 0.500498234375 0.8218186859375001 0.4568560046875 0.6314083140625 0.3626009125 0.6276217453124999
0 0.1633046265625 0.625124140625 0.1970770703125 0.826687134375 0.3010304359375 0.8261461953125 0.2622373421875 0.6319492546875 0.1633046265625 0.625124140625
1 0.5538627953125 0.6303153828125 0.608003984375 0.8277690124999999 0.70771435625 0.8250643171875 0.656192278125 0.62653986875 0.5538627953125 0.6303153828125
0 0.4974528328125 0.7990992671875 0.5026050390625 0.820195871875 0.6044369078125 0.8261461953125 0.5510266296874999 0.6303264375000001 0.4595566953125 0.6311805890625 0.4974528328125 0.7990992671875
1 0 0.10865527187499999 0.062984678125 0.10802370624999999 0.044027181250000005 0.0027078296875 0 0.002877703125 0 0.10865527187499999
1 0.1269662296875 0.0027078296875 0.044442384375 0.0026824734375 0.063695584375 0.10929257187500001 0.1480564453125 0.1084466609375 0.1269662296875 0.0027078296875
1 1 0.8165796765625 0.9080159796875 0.8225334828124999 0.959216603125 1 1 1 1 0.8165796765625
0 0.207828365625 0.0033689843749999996 0.1279368671875 0.00203020625 0.14871668124999998 0.10975780312500001 0.2333032765625 0.112406484375 0.207828365625 0.0033689843749999996
1 0.2882103640625 0.0060176671875 0.209250434375 0.0030893203125000003 0.23355060625 0.112406484375 0.31516924999999996 0.114613725 0.2882103640625 0.0060176671875
1 0.37426642499999996 0.011756484375 0.28858556874999997 0.005560584375 0.3154020703125 0.114172275 0.39875201875 0.114172275 0.37426642499999996 0.011756484375
1 0.8571594078125001 1 0.8042658671874999 0.8282210843750001 0.7105224125 0.8276688359375 0.7574432421874999 1 0.8571594078125001 1
1 0.7552491796874999 1 0.707127990625 0.8282210843750001 0.6101568281249999 0.8334461109375001 0.6548041453125 1 0.7552491796874999 1
1 0.9586442515625 1 0.90435858125 0.8217997031250001 0.8101685281250001 0.8257430781249999 0.8602806796875001 1 0.9586442515625 1
1 0.6516760328125 1 0.6050643453125 0.832234446875 0.5101509796875 0.8289526734375 0.5484910390625 1 0.6516760328125 1
1 0.2251822109375 1 0.1907296859375 0.8282210843750001 0.0946590484375 0.8276688359375 0.12054624843749999 1 0.2251822109375 1
1 0.333573328125 1 0.29641209687500003 0.8298264281250001 0.194305165625 0.830236515625 0.2287078703125 1 0.333573328125 1
1 0.44150966875000003 1 0.40234557656250003 0.832234446875 0.2982680828125 0.830236515625 0.3346822015625 1 0.44150966875000003 1
1 0.546261821875 1 0.5056779062500001 0.8290237578124999 0.4051088640625 0.830878434375 0.44182588437500003 1 0.546261821875 1
1 0.116752978125 1 0.092692384375 0.8282210843750001 0 0.8305697671875001 0 0.9369578140625 0.007239514062500001 1 0.116752978125 1
1 0.6120140140625 0.005588359375 0.6432124546875 0.12202135 0.721357659375 0.120680215625 0.686793434375 0.0033309046874999996 0.6120140140625 0.005588359375
1 0.398692053125 0.11373082968749999 0.47752585 0.1125309828125 0.4488998859375 0.0130808265625 0.37544310625 0.011756484375 0.398692053125 0.11373082968749999
1 0.689047621875 0.0040014734375 0.722007209375 0.121959228125 0.80175705 0.123362484375 0.7551704859374999 0.006683742187499999 0.689047621875 0.0040014734375
1 0.5296693796875 0.012559885937500001 0.5605588734375 0.1173273765625 0.6413339640625 0.11933908124999999 0.60827253125 0.008695446875 0.5296693796875 0.012559885937500001
1 0.5268085921875 0.013522271875 0.4498278 0.0119152609375 0.4788267234375 0.114172275 0.55945605 0.11682096093750001 0.5268085921875 0.013522271875
1 0.833728559375 0.007599150000000001 0.8829585203124999 0.1247036203125 0.9588495328125 0.1247036203125 0.9103844796875 0.011377715625 0.833728559375 0.007599150000000001
0 0.80159400625 0.1280564578125 0.8808663031249999 0.1247036203125 0.8410423046875 0.033506443749999996 0.8293956640625 0.0080248765625 0.7610186125 0.0093660125 0.80159400625 0.1280564578125
1 1 0.0106898140625 0.9137439859375001 0.010414803125 0.9592252328124999 0.123362484375 1 0.125768340625 1 0.0106898140625