1 0.85265374375 0.1689418921875 0.8997740015625 0.27828417499999997 0.97274779375 0.272431115625 0.9221349890624999 0.16283835468750002 0.85265374375 0.1689418921875
1 0.7756616171874999 0.179734290625 0.8275404156249999 0.29012095625 0.8971509859375001 0.28144199375 0.84467466875 0.171136696875 0.7756616171874999 0.179734290625
0 0.599566065625 0.203951525 0.525101621875 0.20978226093750002 0.520270428125 0.2102900390625 0.5670347015625 0.32216587812499997 0.6454669546875 0.31138540625 0.599566065625 0.203951525
1 0.6043598453125 0.201858975 0.649712346875 0.308931040625 0.7316565390624999 0.305768746875 0.6823240015625001 0.19377042656250001 0.6043598453125 0.201858975
1 0.686240584375 0.1921445140625 0.736159665625 0.3081856859375 0.8187536671875 0.29905050625 0.766974378125 0.1832215578125 0.686240584375 0.1921445140625
1 0.44324952968750003 0.219956209375 0.4869865640625 0.333959796875 0.567536196875 0.32295678125 0.520886821875 0.21179620156249998 0.44324952968750003 0.219956209375
1 0.3574042140625 0.23134877031249998 0.400721978125 0.34668734375 0.48451361562499995 0.335977809375 0.44128458281249994 0.2200181453125 0.3574042140625 0.23134877031249998
0 0.1064986078125 0.25553839218749996 0.0232499953125 0.2634888921875 0.0619828375 0.40321986875000004 0.147113928125 0.3937051796875 0.1064986078125 0.25553839218749996
0 0.10702643281249999 0.25628219375 0.1493623234375 0.3966895125 0.23674577343749997 0.388231578125 0.1965844296875 0.24846782968749997 0.10702643281249999 0.25628219375
0 0.27521950781250004 0.23940367187499997 0.32376942343750004 0.38124453125 0.40557554375000004 0.3720121328125 0.354577878125 0.228664928125 0.27521950781250004 0.23940367187499997
0 0.19694607656250002 0.24763054062499998 0.2378836453125 0.38900303593749996 0.322028178125 0.3782564046875 0.273162009375 0.2412184828125 0.19694607656250002 0.24763054062499998
1 0.903808934375 0.29100468125 0.8237976640625 0.3010581203125 0.8864546328125 0.44950940156249997 0.9733407406250001 0.441027434375 0.903808934375 0.29100468125
1 0.9768971234375 0.4471549140625 0.99719245 0.44708405000000007 0.9801511109375 0.2849465390625 0.9074434421875001 0.289666971875 0.9768971234375 0.4471549140625
1 0.5686895 0.3335140703125 0.49028304218749996 0.34287094375 0.5426095828124999 0.48903512656250003 0.6290901828125001 0.47669501406250003 0.5686895 0.3335140703125
1 0.8208981312500001 0.3094708671875 0.7361165796875 0.3185925703125 0.8029355703125001 0.46218837500000004 0.8829286015625 0.44727949375 0.8208981312500001 0.3094708671875
1 0.6513458984375 0.32742704218749996 0.5725169203125 0.334747740625 0.6285017328125 0.47545660468750006 0.7159960984375 0.472761853125 0.6513458984375 0.32742704218749996
0 0.655310409375 0.3291653421875 0.718234146875 0.4731767515625 0.8013676453125 0.4637889421875 0.7331675875 0.3194773625 0.655310409375 0.3291653421875
1 0.458637371875 0.5043622375 0.54172710625 0.49107826093750007 0.48664123437500006 0.34278781875000003 0.4061751109375 0.3531955296875 0.412271621875 0.3744668890625 0.458637371875 0.5043622375
1 0 0.5206548703125 0.006705346875 0.5532475906250001 0.0963722390625 0.5427403187500001 0.061730528124999996 0.3999870640625 0 0.4046883125 0 0.5206548703125
0 0.1520833734375 0.400439521875 0.06542669375 0.4061852078125 0.0999875203125 0.5423603375 0.1883367453125 0.5309086609375 0.1520833734375 0.400439521875
1 0.32435110625 0.383249784375 0.2393582140625 0.391081046875 0.28046209375000003 0.5224390875 0.368954165625 0.511837940625 0.32435110625 0.383249784375
0 0.2381349875 0.39031223437499996 0.1533286234375 0.398678390625 0.1915746265625 0.5327341453125001 0.2797716 0.52563006875 0.2381349875 0.39031223437499996
1 0.4073256140625 0.37582906562499996 0.326148771875 0.384558615625 0.369248325 0.511156896875 0.4551167828125 0.5034320125 0.4073256140625 0.37582906562499996
1 1 0.6505201406250001 0.96136476875 0.5647254078125 0.8869486453125001 0.569112903125 0.9552665359375 0.7511874656249999 1 0.745669428125 1 0.6505201406250001
1 0.22042535624999998 0.6416671234375 0.12794271562499998 0.6480574390625 0.175715265625 0.8358208234375001 0.273441509375 0.8265874875 0.22042535624999998 0.6416671234375
1 0.806739553125 0.5771281187499999 0.8724767375000001 0.763522396875 0.95330905 0.7519122578124999 0.8828912234375 0.5708970953125 0.806739553125 0.5771281187499999
1 0.3212375953125 0.631477240625 0.37646346249999996 0.8167975515625001 0.472114065625 0.8072633187499999 0.410706453125 0.61751535 0.3212375953125 0.631477240625
0 0.032094984375 0.6618521953125 0.076312103125 0.8491312140625 0.1744375671875 0.833727790625 0.12550533125000002 0.6496916203125 0.032094984375 0.6618521953125
1 0.6966113046875 0.591608771875 0.7643052875 0.7755146796875 0.85336718125 0.7671920015625 0.7824637265625001 0.581556403125 0.6966113046875 0.591608771875
1 0.41447692500000005 0.62282864375 0.47218704218749996 0.8051794359375 0.565257359375 0.7933211375 0.5046750484375 0.6169818109375 0.41447692500000005 0.62282864375
0 0.22430834531250002 0.6404196093750001 0.2765977171875 0.8283319718750001 0.37560614375 0.8174067109375001 0.31926710625 0.636988025 0.22430834531250002 0.6404196093750001
0 0.5970086734375 0.6062284421874999 0.6682985359375 0.7882006640625 0.763047765625 0.77564685 0.6941469703125 0.5923960296875 0.5970086734375 0.6062284421874999
0 0.5600889812500001 0.772064115625 0.5671031640625 0.791569978125 0.6647374125 0.7870177890625001 0.5943070500000001 0.6065230015624999 0.50722595625 0.6164951890625 0.5600889812500001 0.772064115625
1 0 0.16859523437499999 0.0771276484375 0.1597092421875 0.0485568375 0.0616571296875 0 0.0669493828125 0 0.16859523437499999
1 0.1275936234375 0.053350028125000004 0.048949975 0.061591478125 0.077931675 0.1608422671875 0.1582389984375 0.1515899390625 0.1275936234375 0.053350028125000004
1 1 0.7452737843749999 0.9536727953125 0.7531829078125 1 0.8669546609375001 1 0.7452737843749999
0 0.20471716562500003 0.045878425 0.12845099843750002 0.05260970625 0.1589989578125 0.152768159375 0.23986998124999998 0.1468097953125 0.20471716562500003 0.045878425
1 0.2815814171875 0.0403411890625 0.2060444296875 0.045470571875 0.2401056734375 0.1467850234375 0.3181043515625 0.140704971875 0.2815814171875 0.0403411890625
1 0.36416100625 0.0371683609375 0.2818933734375 0.039869809374999995 0.3182821828125 0.1402626921875 0.39771053749999996 0.131914434375 0.36416100625 0.0371683609375
1 0.8553714375 0.768972290625 0.7659835046875 0.7778374343750001 0.8356691140624999 0.956660828125 0.9317451734375 0.9473330234375 0.8553714375 0.768972290625
1 0.7628038734375 0.7787015328125 0.67091638125 0.7933729328125 0.7386276625 0.969170890625 0.8340349671875 0.9576027796875 0.7628038734375 0.7787015328125
1 1 0.8703309546875 0.9501142796875 0.75285283125 0.8607492000000001 0.7660293140625 0.9375844875 0.9551914671875 1 0.9496447625 1 0.8703309546875
1 0.665942634375 0.7927330515625 0.5751675625 0.7991248953125 0.6368121328125 0.981412528125 0.7373338609375 0.9731578640625 0.665942634375 0.7927330515625
1 0.32379935625 1 0.27070198749999996 0.8304235265625 0.1790963625 0.8395217593750001 0.2208304734375 1 0.32379935625 1
1 0.43088431875 1 0.3715722 0.8213620359375 0.2743102796875 0.8319781703125001 0.32729260937500004 1 0.43088431875 1
1 0.52620389375 1 0.5374295499999999 0.9988201359375 0.472761734375 0.8130371828125 0.3733817671875 0.8215653375 0.43189155 1 0.52620389375 1
1 0.47525974687500006 0.8114734796875 0.53721803125 0.9988423671875 0.63737618125 0.9883153218749999 0.5709120359375001 0.799640378125 0.47525974687500006 0.8114734796875
1 0.2171260203125 1 0.1772773171875 0.8402428546875 0.077602571875 0.8532689328125 0.11034050312499999 1 0.2171260203125 1
1 0.64543183125 0 0.5901073578125 0.007501865625 0.6314521140625 0.11487872343750001 0.7057868265625 0.10577895468750001 0.66202463125 0 0.64543183125 0
1 0.3976093578125 0.13150148281250001 0.47261435937499996 0.1224668359375 0.43541508437500004 0.0309500171875 0.365282325 0.0370505046875 0.3976093578125 0.13150148281250001
1 0.6640416890624999 0 0.706533396875 0.106927753125 0.7826710015625 0.100271853125 0.729700009375 0 0.6640416890624999 0
1 0.512332428125 0.0223658140625 0.552219140625 0.1187023796875 0.6293944484375 0.1125212421875 0.58685184375 0.010825415625 0.512332428125 0.0223658140625
1 0.509702240625 0.0235657078125 0.4361830765625 0.0297508875 0.47401774531249996 0.123894225 0.5511176890625 0.11833221875 0.509702240625 0.0235657078125
1 0.80865068125 0 0.860185740625 0.0934116015625 0.9325061 0.085810425 0.8844708062500001 0 0.80865068125 0
1 0.734262959375 0 0.782983853125 0.1047430359375 0.8581919609374999 0.09362115625 0.811144753125 0.011058478125 0.804591209375 0 0.734262959375 0
1 0.887772903125 0 0.9327303453125 0.08449998125 0.9589563734375 0.08329208437499999 0.9502020218749999 0 0.887772903125 0