1 0.9481823875 0.162383384375 0.9406926921875 0.1486939625 0.8680689390625 0.1602150265625 0.9257905921875 0.272454653125 0.9665080343750001 0.2663132875 0.9481823875 0.162383384375
1 0.78789533125 0.17724389375 0.8506998953125 0.2902415578125 0.9232674421875 0.2759865078125 0.8598404890625 0.1631184734375 0.78789533125 0.17724389375
1 0.6044882734375 0.21569806875 0.5266029046875 0.2272937296875 0.521559428125 0.22818303125 0.5790957640625 0.34312886875 0.6607849671875 0.3260076578125 0.6044882734375 0.21569806875
1 0.6093741078125 0.21313495468750002 0.6650670140625 0.32310174375 0.7510186359375 0.313783890625 0.6907718968750001 0.1988956625 0.6093741078125 0.21313495468750002
1 0.6947699421875 0.19689014062500002 0.7559353578125 0.3160125796875 0.8421246281249999 0.30032860625 0.7790185140625 0.1815662609375 0.6947699421875 0.19689014062500002
1 0.4412714984375 0.2440225515625 0.49578264375 0.3614399890625 0.5796822640625 0.343929021875 0.5223201609375 0.2297314859375 0.4412714984375 0.2440225515625
1 0.3518310359375 0.2623315921875 0.40600084374999995 0.38119188125000003 0.49333225937499997 0.36375509687499996 0.4392094203125 0.24423128749999998 0.3518310359375 0.2623315921875
0 0.0897378328125 0.3062090328125 0.00277163125 0.3206874359375 0.05393973125 0.4656867828125 0.142769146875 0.44941640781250003 0.0897378328125 0.3062090328125
1 0.0903485109375 0.30695743593749997 0.14535672187499998 0.45240968125 0.23663401093749997 0.437093096875 0.183960990625 0.292163196875 0.0903485109375 0.30695743593749997
0 0.2659916234375 0.2768429 0.3276426546875 0.423358796875 0.4129959859375 0.4076293984375 0.3486580140625 0.259698334375 0.2659916234375 0.2768429
0 0.18427886875 0.2912510640625 0.23788838750000002 0.43782629375 0.32558820625 0.420324546875 0.2639630359375 0.2789127609375 0.18427886875 0.2912510640625
1 0.9883366265625 0.3901093890625 0.930983928125 0.28561767968749996 0.8475796750000001 0.30208484687500003 0.9245616890624999 0.4545657703125 0.9975320140624999 0.44225902812499995 0.9883366265625 0.3901093890625
1 0.5816832828125 0.35501359374999997 0.49991495625000004 0.370626890625 0.565860875 0.521441203125 0.6558987921874999 0.5020834375 0.5816832828125 0.35501359374999997
1 0.8451579140625001 0.3111960796875 0.7566668078125 0.32702523437500003 0.8376639609375 0.47406616875 0.9206866218749999 0.45246372656249995 0.8451579140625001 0.3111960796875
1 0.66816569375 0.3425497328125 0.5858009875 0.356039740625 0.6551874359375 0.50081620625 0.747011546875 0.49158844375 0.66816569375 0.3425497328125
1 0.6724652546875001 0.34409974062500004 0.7493964578125001 0.49186425 0.83613430625 0.47587369687500003 0.7536311437500001 0.3281761984375 0.6724652546875001 0.34409974062500004
1 0.47868418906250004 0.5437761125 0.5650851968749999 0.5236669671875 0.496078353125 0.3708043828125 0.41222213593749996 0.3876794875 0.42022204218750003 0.40973826406249997 0.47868418906250004 0.5437761125
1 0 0.5437443296875 0.0146769953125 0.6269817046874999 0.10052375312499999 0.6107799796875 0.053433059375 0.462285165625 0 0.4701232328125 0 0.5437443296875
0 0.1484985828125 0.45617852187499996 0.05778325937499999 0.4685728296875 0.1042978890625 0.6101144984375 0.1963675125 0.5915604203125 0.1484985828125 0.45617852187499996
0 0.32840413125 0.425437771875 0.2395944203125 0.43991716406250003 0.2926313875 0.5758859109375 0.3849147390625 0.5582212046875 0.32840413125 0.425437771875
0 0.23825046562500002 0.4391929859375 0.149676865625 0.45422465 0.19990931875 0.5932556234375 0.2921433109375 0.5793119984375 0.23825046562500002 0.4391929859375
1 0.41512157812500006 0.41153980625 0.330392578125 0.42669137187499995 0.385173296875 0.557479284375 0.47491185468749997 0.543048615625 0.41512157812500006 0.41153980625
1 1 0.5725371015625 0.9340084578125 0.58105913125 1 0.7259764296875 1 0.5725371015625
1 0.23838480781250002 0.70639380625 0.1415899421875 0.7198946937499999 0.20585099687500003 0.9150490015624999 0.307948803125 0.8981582859374999 0.23838480781250002 0.70639380625
1 1 0.7324739265625 0.92987409375 0.5832423640625 0.85024400625 0.5953844640625 0.9332978000000001 0.7877810453125 1 0.7733756703125 1 0.7324739265625
1 0.343657021875 0.68826623125 0.415575009375 0.880292765625 0.5154672312499999 0.8632350125 0.43671689531249996 0.6669749781250001 0.343657021875 0.68826623125
0 0.041808390625000004 0.7414740531249999 0.10229374375 0.9363750812499999 0.2043509078125 0.9129278921875 0.1391483140625 0.721801153125 0.041808390625000004 0.7414740531249999
1 0.73549361875 0.6187302640625 0.8204198109374999 0.8083517625000001 0.9134725578125 0.793055934375 0.8250415859375 0.601838503125 0.73549361875 0.6187302640625
1 0.44107920468749995 0.672321140625 0.5153884453125 0.8610251375000001 0.6123932921875 0.8416968 0.5355118156249999 0.6595617125000001 0.44107920468749995 0.672321140625
0 0.24237576249999998 0.7047910421875 0.3113986609375 0.8997737499999999 0.4147187625 0.8809996859375 0.3419958140625 0.694239746875 0.24237576249999998 0.7047910421875
1 0.631824290625 0.6414559796875 0.7203882453125 0.828769734375 0.8191070328125001 0.8085832406250001 0.73296043125 0.619742721875 0.631824290625 0.6414559796875
0 0.60537065 0.81958554375 0.6142039734375 0.8397097062500001 0.716554421875 0.8277779140625 0.62900475 0.6419645015625 0.5381584984375001 0.6588609890625 0.60537065 0.81958554375
1 0 0.216622753125 0.0516932421875 0.20697139843749998 0.014324310937500001 0.10532375468749999 0 0.107906653125 0 0.216622753125
1 0.09683396250000001 0.0907750765625 0.014732909375 0.1052256484375 0.0526234734375 0.20811142968750002 0.13639890625 0.1924701890625 0.09683396250000001 0.0907750765625
0 0.17739365468749999 0.077249721875 0.0976804828125 0.089929396875 0.13728616093749998 0.19366124843750002 0.2219003453125 0.181463628125 0.17739365468749999 0.077249721875
1 0.25782500937499997 0.0657896484375 0.1787592109375 0.0767215171875 0.22214639218749999 0.1814202421875 0.30373040625000003 0.16930323593750002 0.25782500937499997 0.0657896484375
1 0.34444415156249997 0.0564143390625 0.2581179375 0.0652682359375 0.30388443593750003 0.168822384375 0.38680285937500003 0.1542016296875 0.34444415156249997 0.0564143390625
1 0.8223583046874999 0.8106867062499999 0.8832778937500001 0.940131071875 0.9812037734375 0.9228640968749999 0.9157134843750001 0.7947932343749999 0.8223583046874999 0.8106867062499999
1 0.7235277109375 0.8340507140625 0.7813205187500001 0.9581089078125 0.8808141468749999 0.9405654968749999 0.8190785140625 0.8118325859375 0.7235277109375 0.8340507140625
1 1 0.773948746875 0.9211500687499999 0.791287884375 0.9850358859374999 0.9221883921874999 1 0.919549815625 1 0.773948746875
1 0.6232498828125 0.8471143390625 0.677127490625 0.97648095 0.7778592953125 0.958719215625 0.7182486406249999 0.8337362859375 0.6232498828125 0.8471143390625
1 0.343438659375 1 0.305353734375 0.9024161265625 0.20968342031249998 0.91871781875 0.23692223750000002 1 0.343438659375 1
1 0.4577293078125 1 0.4107711453125 0.8854780609375 0.309264921875 0.9037978078125001 0.34703276875 1 0.4577293078125 1
1 0.5437443296875 1 0.5703677109374999 0.9953055796875001 0.516579396875 0.869296015625 0.41268959531249993 0.8855612468749999 0.45912064218750004 1 0.5437443296875 1
1 0.5190900546874999 0.8674596984375 0.5712663546875001 0.9951471250000001 0.6744374125 0.976955284375 0.618812459375 0.84796983125 0.5190900546874999 0.8674596984375
1 0.233878428125 1 0.20782399687500003 0.9196132499999999 0.10395987656250001 0.9406583484375 0.12158094374999999 1 0.233878428125 1
1 0.6211035328125 0 0.57987679375 0.008562015624999999 0.6313771625 0.1191433484375 0.7088820796874999 0.1040988078125 0.657247890625 0 0.6211035328125 0
1 0.38666562031249996 0.1537721390625 0.4648803984375 0.1387476390625 0.4189239734375 0.044642609374999996 0.34561474062499997 0.05620793281250001 0.38666562031249996 0.1537721390625
1 0.6593601015624999 0 0.7097530562500001 0.1052597171875 0.7893366390625001 0.0926691609375 0.7320417875 0 0.6593601015624999 0
1 0.4991837453125 0.02995525625 0.5483265187499999 0.1289632578125 0.6290369796874999 0.11679932343749999 0.5767007625 0.012315296875 0.4991837453125 0.02995525625
1 0.4965069125 0.031416332812499996 0.4196422328125 0.043318067187499996 0.466462996875 0.140155396875 0.5471404 0.12865194062500002 0.4965069125 0.031416332812499996
1 0.819024953125 0 0.8703534171875 0.0797620484375 0.9317064765625 0.0689438484375 0.925863125 0.035804559375 0.9025094734374999 0 0.819024953125 0
1 0.7363785218750001 0 0.7899994203125 0.0973764546875 0.8682720328125001 0.080129053125 0.8151363453125 0 0.7363785218750001 0