1 0.7171875 0.2921875 0.0984375 0.1640625
1 0.54609375 0.27578125 0.0890625 0.1359375
1 0.62578125 0.28515625 0.0921875 0.1421875
1 0.45625 0.2703125 0.1078125 0.14375
1 0.203125 0.2453125 0.109375 0.153125
1 0.96015625 0.32578125 0.0796875 0.1609375
1 0.80625 0.3109375 0.0984375 0.1640625
0 0.38203125 0.26796875 0.096875 0.1515625
1 0.8875 0.321875 0.09375 0.159375
0 0.29296875 0.26484375 0.096875 0.159375
0 0.11015625 0.25078125 0.1046875 0.1390625
1 0.57578125 0.425 0.096875 0.1640625
1 0.47890625 0.4171875 0.1046875 0.15
0 0.30234375 0.40078125 0.096875 0.134375
1 0.66328125 0.4390625 0.10625 0.1640625
1 0.8390625 0.459375 0.1015625 0.165625
0 0.21171875 0.39453125 0.103125 0.1484375
0 0.3890625 0.4140625 0.1 0.1421875
1 0.93203125 0.471875 0.1046875 0.175
0 0.746875 0.45546875 0.1109375 0.15
1 0.0421875 0.38359375 0.0796875 0.140625
0 0.12265625 0.39453125 0.10625 0.1453125
1 0.1765625 0.03515625 0.084375 0.0703125
1 0.09453125 0.03203125 0.0796875 0.0640625
1 0.95625 0.0984375 0.0875 0.1140625
1 0.50234375 0.05625 0.0859375 0.1125
1 0.4203125 0.05234375 0.0875 0.1046875
1 0.82578125 0.75546875 0.1046875 0.18125
1 0.92109375 0.771875 0.1078125 0.16875
1 0.7234375 0.7546875 0.1078125 0.1734375
0 0.25859375 0.046875 0.0953125 0.09375
1 0.5796875 0.06484375 0.0859375 0.125
1 0.81328125 0.0890625 0.084375 0.1234375
1 0.340625 0.05234375 0.090625 0.1046875
1 0.62734375 0.74921875 0.11875 0.1796875
0 0.05078125 0.69453125 0.1015625 0.1921875
0 0.53359375 0.75 0.1203125 0.1671875
0 0.24140625 0.72109375 0.1140625 0.178125
1 0.140625 0.7140625 0.121875 0.175
1 0.33515625 0.73671875 0.125 0.1828125
1 0.43828125 0.753125 0.1078125 0.1828125
1 0.65703125 0.07265625 0.0921875 0.125
1 0.73671875 0.08125 0.0859375 0.125
0 0.88359375 0.09609375 0.090625 0.125
1 0.76953125 0.92890625 0.1078125 0.1421875
1 0.86796875 0.93359375 0.1203125 0.1328125
1 0.4640625 0.9140625 0.115625 0.171875
1 0.6703125 0.925 0.115625 0.15
1 0.25234375 0.8953125 0.121875 0.171875
1 0.3640625 0.90703125 0.1203125 0.171875
1 0.57109375 0.92265625 0.1203125 0.1546875
1 0.15 0.8875 0.1140625 0.165625
1 0.053125 0.87578125 0.10625 0.1671875