1 1 0.38702828125 0.94857399375 0.3673051140625 0.9425724015625001 0.49264269374999997 1 0.5151703171875 1 0.38702828125
1 0.870893090625 0.34204426718750003 0.8689022953125001 0.47056492656250004 0.9386374625 0.494426165625 0.9400264984375 0.365707196875 0.870893090625 0.34204426718750003
0 0.6934378406249999 0.28382535937500003 0.620434859375 0.255027684375 0.6156386890625 0.253282021875 0.608131 0.3808564390625 0.6871661859375 0.40679239375 0.6934378406249999 0.28382535937500003
1 0.6989305156250001 0.28405196875 0.6923081484375 0.40642335625000003 0.7711413546875 0.44119745000000005 0.7762806109375 0.3123231609375 0.6989305156250001 0.28405196875
1 0.7807295359374999 0.31258765 0.774277153125 0.44556350624999996 0.8564821406249999 0.47497691093750005 0.8610800859375001 0.34134473593750003 0.7807295359374999 0.31258765
1 0.5384507000000001 0.22694064374999998 0.527102071875 0.3551360671875 0.6082392875 0.381837096875 0.615525165625 0.2549934546875 0.5384507000000001 0.22694064374999998
1 0.4521333375 0.1981678046875 0.4397723453125 0.327435075 0.5238351812500001 0.3559085703125 0.5365667671875001 0.226093625 0.4521333375 0.1981678046875
0 0.12076918437499999 0.08002590000000001 0.0938237796875 0.22487185156249997 0.178599578125 0.255095040625 0.204054103125 0.10544025312500001 0.1226273078125 0.07492074843749999 0.12076918437499999 0.08002590000000001
0 0.20420900468749997 0.106388409375 0.1793444078125 0.25895950624999997 0.2657589171875 0.29122232187499997 0.29237955625 0.140263425 0.20420900468749997 0.106388409375
0 0.370813675 0.16791933125 0.3511544546875 0.324713178125 0.43266040937500005 0.35367129375 0.45070404062499997 0.1943217078125 0.370813675 0.16791933125
0 0.29310767968749996 0.1396366625 0.266477059375 0.29247787812500003 0.350890234375 0.32107888125 0.36803289375000003 0.16869076875 0.29310767968749996 0.1396366625
1 0.9405080359375001 0.506557121875 0.8603176578125 0.479204375 0.85092589375 0.6487650078125 0.9368819015625001 0.6807758046875 0.9405080359375001 0.506557121875
1 1 0.5296954875 0.9445575328125001 0.506964709375 0.937410278125 0.688221771875 0.9596630156250001 0.69898844375 1 0.5881634906250001 1 0.5296954875
1 0.604452996875 0.3923733125 0.5260995734375 0.3651001765625 0.5080098296875 0.5277317984375001 0.5953646046875 0.555899509375 0.604452996875 0.3923733125
1 0.8536949515625001 0.48584022656250003 0.7694306703125 0.4554057359375 0.7662109593750001 0.622283490625 0.8486263125000001 0.64502656875 0.8536949515625001 0.48584022656250003
1 0.6853092937499999 0.42470405937500005 0.6074972078124999 0.39530658750000003 0.5953808671874999 0.5544546953125 0.6792387234375 0.5922301156249999 0.6853092937499999 0.42470405937500005
1 0.6882499125 0.42817873906250004 0.6811603234375 0.5936548859374999 0.7639913734375 0.6230775578125 0.7662376015625 0.45488491875000003 0.6882499125 0.42817873906250004
1 0.42164414062500005 0.503550915625 0.50623308125 0.5292612109375 0.5226993125 0.3633427703125 0.44191585624999996 0.3361160921875 0.437849359375 0.35908399375 0.42164414062500005 0.503550915625
1 0.0950784234375 0.22169198437499998 0.07247291875 0.21271880312500002 0.019554545312499998 0.3581108375 0.06186554062500001 0.372939703125 0.0950784234375 0.22169198437499998
0 0.1801819453125 0.2637674296875 0.095706153125 0.22926934375000002 0.0654546140625 0.37424601874999996 0.1541635015625 0.4041169703125 0.1801819453125 0.2637674296875
1 0.35077768125 0.3268815765625 0.2669097625 0.295126784375 0.24506075468750002 0.4385544546875 0.3335117546875 0.469297253125 0.35077768125 0.3268815765625
0 0.2661098046875 0.2938343921875 0.1821710015625 0.26267246875 0.156377765625 0.407339340625 0.24293521718750002 0.4412601171875 0.2661098046875 0.2938343921875
1 0.43255022656250003 0.3580950796875 0.35187065781250004 0.328950496875 0.3341040046875 0.46878745000000005 0.41874952031249996 0.5010466296875 0.43255022656250003 0.3580950796875
1 0.8630008109375 0.96456566875 0.8684514765625 0.7924781171874999 0.7961605953124999 0.7623350265625 0.77658704375 0.9663680890625 0.8528112609375 0.992561225 0.8630008109375 0.96456566875
1 0.133314834375 0.5238679984375 0.043040403125 0.4872954140625 0.0014406031249999999 0.68724945 0.09797899843749999 0.7235447984375 0.133314834375 0.5238679984375
1 0.7167246625 0.7329595734375001 0.6927195687500001 0.9398966796874999 0.7744040546875001 0.966152665625 0.7915055953125 0.762155615625 0.7167246625 0.7329595734375001
1 0.23320879687499999 0.5606793125 0.1997747140625 0.761753653125 0.2944922109375 0.7968071250000001 0.324134053125 0.5886875375 0.23320879687499999 0.5606793125
0 0 0.684308375 0.0012007234375 0.6846770515625 0.039984340624999996 0.487720575 0 0.474281509375 0 0.684308375
1 0.6060529531250001 0.6959203453125 0.5850446 0.9014013000000001 0.672981459375 0.9345659453125 0.6917581359375 0.7259664921875 0.6060529531250001 0.6959203453125
1 0.3252405578125 0.59546061875 0.295523434375 0.79486596875 0.38887782187500003 0.8265276953124999 0.413106940625 0.631495225 0.3252405578125 0.59546061875
0 0.1375573 0.5244755921875 0.10015354843749999 0.7266527609375 0.198683915625 0.7619357578125 0.2288034046875 0.5649933468749999 0.1375573 0.5244755921875
1 0.505255484375 0.663864471875 0.48853537343750003 0.8691704296875 0.58379619375 0.9009469171875001 0.60336254375 0.6955304984375 0.505255484375 0.663864471875
0 0.3938140515625 0.8040011874999999 0.391429325 0.8257190015625 0.48571914843749997 0.8664080390625 0.50256855 0.662898340625 0.41574026093749994 0.632209875 0.3938140515625 0.8040011874999999
0 0.3062347171875 0 0.3010840015625 0.032249178125 0.3801951046875 0.0638789140625 0.3878578640625 0 0.3062347171875 0
1 0.38880313125 0 0.3804290890625 0.063964078125 0.456884278125 0.09415453593749999 0.4668608234375 0 0.38880313125 0
1 0.467317728125 0 0.4572564296875 0.09381737812499999 0.536108971875 0.12251735625 0.5481838515625 0.0172670875 0.50964249375 0 0.467317728125 0
1 0.6708980953125 1 0.6740517875 0.9371768640625 0.5855565703125001 0.9043760093750001 0.5775963359375 1 0.6708980953125 1
1 0.57484944375 1 0.5821552859375 0.9037292734375001 0.488618675 0.8752785859375001 0.477743465625 1 0.57484944375 1
1 0.7691211703125 1 0.7709531593750001 0.965571425 0.6804885859375001 0.9368667437499999 0.6761348421875 1 0.7691211703125 1
1 0.4742593046875 1 0.4842178828125 0.8723796328125 0.3955550578125 0.8365955765624999 0.37613461406250004 0.9870055734375001 0.41183650937499994 1 0.4742593046875 1
1 0 0.85010376875 0.0708053640625 0.8758748140625 0.09362085625 0.7259172828125 0.0029240265625000003 0.6923151062499999 0 0.7067504609374999 0 0.85010376875
1 0.0963099390625 0.7290537265625 0.07409347968749999 0.8770715906250001 0.1729443453125 0.9130503624999999 0.1930484765625 0.763824640625 0.0963099390625 0.7290537265625
1 0.1946632140625 0.7648513921875 0.17408115468750002 0.913464128125 0.2747151 0.9500918890625 0.29243743437499997 0.8025772578125 0.1946632140625 0.7648513921875
1 0.29551819687499997 0.8022468343750001 0.2753845375 0.95033554375 0.373726190625 0.9861289781250001 0.3912988828125 0.83512255625 0.29551819687499997 0.8022468343750001
1 0.7752253640625 0.0932999140625 0.7646780734374999 0.214112834375 0.8390681703125 0.2397528125 0.8467465750000001 0.11691470156249999 0.7752253640625 0.0932999140625
1 0.5362041359374999 0.1220793859375 0.6111970546875 0.1480900328125 0.618334553125 0.0442176796875 0.5492970421875001 0.01767225625 0.5362041359374999 0.1220793859375
1 0.8486484015625001 0.1183248125 0.8392425890625 0.241185590625 0.9142064453125001 0.2699725140625 0.9102804843750001 0.14362866406250002 0.8486484015625001 0.1183248125
1 0.6949251234375 0.0715366546875 0.6880994281249999 0.1812151734375 0.7638238609375 0.21093031875 0.7706166765625 0.0949489015625 0.6949251234375 0.0715366546875
1 0.691887559375 0.071461390625 0.6196134484375 0.0434353171875 0.6118629984374999 0.1500895671875 0.687230359375 0.1803566953125 0.691887559375 0.071461390625
1 0.91243709375 0.2743538375 0.9885856546875 0.2984801359375 0.982289653125 0.1985539328125 0.980039153125 0.170454546875 0.9148901390624999 0.1481780484375 0.91243709375 0.2743538375