1 1 0.305014103125 0.9559320171874999 0.297257490625 0.9735478359374999 0.4185180296875 1 0.42338169218750005 1 0.305014103125
1 0.8767315124999999 0.2875122125 0.8987869187499999 0.41107686406250005 0.9701070703125 0.420960490625 0.9474376437500001 0.297317828125 0.8767315124999999 0.2875122125
0 0.695709265625 0.2647585171875 0.620335053125 0.25075170625 0.6154103765625 0.24997171406250002 0.6319990468750001 0.3736569046875 0.7126240921875 0.3837970640625 0.695709265625 0.2647585171875
1 0.7010185921875001 0.2639526875 0.7174860437499999 0.3824855984375 0.7995653968750001 0.40113520312500006 0.7804631953125 0.2766451546875 0.7010185921875001 0.2639526875
1 0.78477870625 0.27607004062499996 0.8033865078125 0.4047362375 0.8876995781250001 0.4176193203125 0.8671911265625001 0.2886694109375 0.78477870625 0.27607004062499996
1 0.5364810609374999 0.23909888281249997 0.5495023484375 0.3640947375 0.63228574375 0.3745767453125 0.6156206359375 0.25163335937500003 0.5364810609374999 0.23909888281249997
1 0.44834396875 0.227595771875 0.4605943328125 0.3538076078125 0.546513684375 0.3654437015625 0.53451656875 0.23863786562499997 0.44834396875 0.227595771875
0 0.1931639046875 0.184917896875 0.10851713593750001 0.17068268281250001 0.1097307796875 0.3199305265625 0.1966600640625 0.3331110046875 0.1931639046875 0.184917896875
0 0.193489240625 0.1857979046875 0.1980948828125 0.33667656875 0.2869758859375 0.3515069140625 0.284354778125 0.201846553125 0.193489240625 0.1857979046875
0 0.3647241484375 0.2137473328125 0.37510875781249997 0.3677041921875 0.458666609375 0.38028105624999997 0.44625622031249995 0.2241752984375 0.3647241484375 0.2137473328125
0 0.284936125 0.20111015000000002 0.2878986484375 0.35257667187499997 0.3741777234375 0.3642697390625 0.3622014296875 0.2150047328125 0.284936125 0.20111015000000002
1 0.9965078921874999 0.5613991546875 0.9741627953125 0.4322402484375 0.892165825 0.4209571796875 0.91477670625 0.585239296875 0.9907348109375 0.597848953125 0.9965078921874999 0.5613991546875
1 1 0.436245209375 0.9781219640625001 0.43187669531250006 0.9972927968749999 0.5564434625 1 0.539350853125 1 0.436245209375
1 0.6306195906250001 0.3853814875 0.5503989687499999 0.3738325859375 0.5633771203125 0.5330929359375001 0.6523961828125 0.5438227765625 0.6306195906250001 0.3853814875
1 0.8870524812499999 0.428551515625 0.80057430625 0.41507322343749997 0.8286034734375001 0.575634075 0.9118744953125001 0.5820841171875 0.8870524812499999 0.428551515625
1 0.7141833421875 0.4013122015625 0.6340857140625 0.3876261828125 0.6521423734375 0.542434815625 0.7395996328125001 0.5630254765625 0.7141833421875 0.4013122015625
1 0.7176510828125 0.40409515625000003 0.7417079734375001 0.564033284375 0.82662311875 0.5768086421875 0.7974152734375 0.4151687234375 0.7176510828125 0.40409515625000003
1 0.4760499203125 0.5260004578124999 0.56195853125 0.5348898890625 0.5468106765625 0.3727813390625 0.46426849531250003 0.3617295796875 0.46465170312500004 0.38450293750000003 0.4760499203125 0.5260004578124999
1 0.0233825203125 0.313017728125 0.0150043203125 0.45441400625000006 0.10669445156249999 0.4678138328125 0.11034096093750001 0.316648771875 0.025339040624999996 0.3006647359375 0.0233825203125 0.313017728125
0 0.199794521875 0.3411292203125 0.1123558109375 0.3237951515625 0.1103796890625 0.4683975171875 0.2010148375 0.48050779062500004 0.199794521875 0.3411292203125
1 0.3751517859375 0.3698528921875 0.28880750312500003 0.3550351953125 0.2945999578125 0.4965877296875 0.3851503796875 0.5095817484375 0.3751517859375 0.3698528921875
0 0.28779941875000004 0.3539453671875 0.20149771093750002 0.33970917031250003 0.2037390078125 0.48318417968749994 0.29306623125 0.499577146875 0.28779941875000004 0.3539453671875
1 0.459385828125 0.3845420109375 0.376585646875 0.3716324875 0.3856232421875 0.5089827625 0.47280723281250003 0.524139109375 0.459385828125 0.3845420109375
1 0.9649756015625 0.7604862031249999 0.9583797234375 0.7197316625 0.88343749375 0.70430256875 0.902712646875 0.903524759375 0.941461821875 0.9089463609375 0.9649756015625 0.7604862031249999
1 0.20335171093749999 0.599178690625 0.1099657109375 0.580936140625 0.1073587203125 0.780350903125 0.2066997078125 0.797161003125 0.20335171093749999 0.599178690625
1 0.8017868203124999 0.690940109375 0.8173539468750001 0.8937713828125 0.900579153125 0.9037248609375 0.8789402374999999 0.7049976171875 0.8017868203124999 0.690940109375
1 0.30600664843750003 0.615858375 0.3114388765625 0.814826090625 0.40880219218749997 0.830784940625 0.3984198 0.6257703109375 0.30600664843750003 0.615858375
0 0.01127315625 0.5691614640625 0.00527028125 0.767148965625 0.1066490359375 0.7779298031249999 0.10711445 0.5819128921875001 0.01127315625 0.5691614640625
1 0.6887543171875 0.67604938125 0.70692358125 0.8769266968749999 0.797432565625 0.8923379453125 0.7765418015625001 0.6888870484375 0.6887543171875 0.67604938125
1 0.4007437921875 0.6320565765625 0.4094291046875 0.8287321671875001 0.504852859375 0.8416937390625 0.4917203359375 0.650231959375 0.4007437921875 0.6320565765625
0 0.2075332171875 0.5989709140625 0.209364465625 0.799735125 0.3104268375 0.8152038156250001 0.30258661249999996 0.6208141375 0.2075332171875 0.5989709140625
1 0.5861197015624999 0.6640963234374999 0.60836844375 0.8640071796875001 0.7056417265625 0.8767236703125001 0.686101721875 0.6761767984375 0.5861197015624999 0.6640963234374999
0 0.505385965625 0.819181484375 0.5071487703125 0.8404433265625 0.6051528046875 0.861883821875 0.5833629796875 0.6636706953125 0.494378753125 0.6504265171875 0.505385965625 0.819181484375
1 0.10815005 0 0.10747097812499999 0.069656846875 0.18954825625 0.0818152703125 0.1878116734375 0 0.10815005 0
1 0.188231328125 0 0.19004383125 0.08315577187499999 0.2721211109375 0.095314196875 0.2683049625 0 0.188231328125 0
1 0.9270403421875001 1 0.9414727640624999 0.9088772765625001 0.9006016156250001 0.90508511875 0.9124425593750001 1 0.9270403421875001 1
0 0.26930240625 0 0.27256096875 0.0966879203125 0.354320496875 0.1122717328125 0.3463306390625 0.0025577734375 0.331763725 0 0.26930240625 0
1 0.42400586406249996 0.0174946953125 0.347755 0.002505215625 0.3545607484375 0.11230978437500001 0.4335050765625 0.127008653125 0.42400586406249996 0.0174946953125
1 0.506717940625 0.03630281875 0.42444057500000004 0.01710893125 0.43379907656250005 0.1266161546875 0.51476436875 0.1394397984375 0.506717940625 0.03630281875
1 0.814002909375 1 0.7989457734375 0.89464129375 0.7079691984375 0.8796827546875001 0.7211412578124999 1 0.814002909375 1
1 0.7186486640624999 1 0.704587025 0.8796963359375001 0.609587271875 0.8698466546875 0.623319565625 1 0.7186486640624999 1
1 0.910613553125 1 0.8971616171875001 0.9038104625000001 0.8050603625000001 0.8931451296875 0.8182973484374999 1 0.910613553125 1
1 0.619983084375 1 0.6048266875 0.8678875328125001 0.513133128125 0.8501006562500001 0.522690640625 1 0.619983084375 1
1 0.109725775 0.7849303046875 0.10848240625000001 0.9442222687499999 0.20953902812499997 0.9602280640625 0.20296295312499998 0.8002468890625 0.109725775 0.7849303046875
1 0.2061264171875 0.8027524749999999 0.21293953124999998 0.9607666515625001 0.3146218765625 0.9768715531250001 0.305375075 0.8180640468749999 0.2061264171875 0.8027524749999999
1 0.3071149390625 0.8187474859374999 0.315744084375 0.9770492921875 0.4192947921875 0.9934501140625001 0.4079077328125 0.836698634375 0.3071149390625 0.8187474859374999
1 0.52027419375 1 0.5087771078125 0.8494814296875 0.4108003453125 0.8358080921875001 0.4197920625 0.9935288734375 0.4606491453125 1 0.52027419375 1
1 0 0.9270403421875001 0.10491574687500001 0.9436573640624999 0.10773051250000001 0.7851635515625001 0.0054484921875 0.771606665625 0 0.8993912187499999 0 0.9270403421875001
1 0.7386114171875 0.06689633125 0.751024559375 0.184666409375 0.827140115625 0.19538804062499998 0.8115983 0.07621105624999999 0.7386114171875 0.06689633125
1 0.514773959375 0.1390022546875 0.5915366953125 0.1499669125 0.5790126124999999 0.04907035625 0.5078609562499999 0.0364838546875 0.514773959375 0.1390022546875
1 0.8136849453125 0.0772084953125 0.82757453125 0.196728946875 0.904827071875 0.21036022499999998 0.8775038296875 0.08998419375 0.8136849453125 0.0772084953125
1 0.6575513328125 0.060991542187500004 0.67145705 0.1673955390625 0.7496120078125 0.1817749046875 0.7344995 0.0693353703125 0.6575513328125 0.060991542187500004
1 0.6546244984375 0.061485165625000004 0.5800930953125001 0.04808221875 0.5925481234375 0.151759534375 0.6704636015625 0.1667345109375 0.6546244984375 0.061485165625000004
1 1 0.11265261875000002 0.9536736703124999 0.1029587734375 0.983499259375 0.224154565625 1 0.2267680265625 1 0.11265261875000002
1 0.903947353125 0.2148895078125 0.9814669015625 0.22383267187500003 0.9567968953125 0.1292207875 0.9493993187499999 0.1027052109375 0.8827724453125001 0.093486440625 0.903947353125 0.2148895078125