1 0.89373213125 0.2607516109375 0.9178380468749999 0.38163787031249996 0.9928455046875 0.39140276875 0.965263821875 0.26951170625 0.89373213125 0.2607516109375
0 0.813601434375 0.2551256 0.8422918203125 0.3780930671875 0.9145080703125 0.384272328125 0.8851963203125001 0.261258778125 0.813601434375 0.2551256
0 0.630427809375 0.241784803125 0.5539186703125 0.23167671875 0.5489269718750001 0.23115207031249999 0.572128265625 0.354528009375 0.6537118203125 0.36047581093750003 0.630427809375 0.241784803125
1 0.6357225109375 0.24069619062499997 0.6585301218749999 0.35890278124999997 0.7420245734375001 0.3733222953125 0.7162540828124999 0.249269971875 0.6357225109375 0.24069619062499997
1 0.72056191875 0.2484653703125 0.7460557421875 0.3767388359375 0.831491409375 0.3852481625 0.804071984375 0.256789609375 0.72056191875 0.2484653703125
1 0.4690094 0.22437911718749998 0.48869371875 0.34925922656249997 0.572465 0.355436965625 0.5492260015625 0.23281022187499997 0.4690094 0.22437911718749998
1 0.379802428125 0.2174570765625 0.39877592812499996 0.343599228125 0.485760525 0.350771446875 0.4670102671875 0.22401927656249998 0.379802428125 0.2174570765625
0 0.12103025625 0.1879999515625 0.035187801562499996 0.1781498890625 0.0442819578125 0.3280130796875 0.13236327187500002 0.33668361406249997 0.12103025625 0.1879999515625
0 0.12140372968749999 0.1888668609375 0.1339937421875 0.34018997500000003 0.2241240734375 0.3504152828125 0.21359329374999997 0.2002116875 0.12140372968749999 0.1888668609375
0 0.295012721875 0.20794155937499997 0.313574459375 0.3620530734375 0.3982347859375 0.37029448593750003 0.377523253125 0.21413079375000002 0.295012721875 0.20794155937499997
0 0.2141388453125 0.199441371875 0.2251081203125 0.351441396875 0.31245733750000004 0.3586519359375 0.2925430890625 0.209337303125 0.2141388453125 0.199441371875
1 0.9191802046875001 0.395390203125 0.8361572203125001 0.388366415625 0.8675542046875 0.5522074296875 0.9571870796875 0.5623014359375 0.9191802046875001 0.395390203125
1 1 0.40601624531249997 0.9231409906250001 0.3948168609375 0.9594634765625001 0.5692727828125 0.994698746875 0.5766419390624999 1 0.526203884375 1 0.40601624531249997
1 0.5713601390624999 0.366378465625 0.49010880781250005 0.35899425156250003 0.51155751875 0.5182970453125 0.6016102953125 0.5243959296875 0.5713601390624999 0.366378465625
1 0.8314176828125 0.396264121875 0.743774134375 0.3872707 0.7804215390625 0.547088671875 0.8644702843750001 0.5491904625 0.8314176828125 0.396264121875
1 0.6562033406250001 0.3779886796875 0.5749628953125 0.368451159375 0.601281925 0.5230149953125001 0.6902849421874999 0.5391016796875 0.6562033406250001 0.3779886796875
1 0.659836121875 0.38060199843750003 0.692457528125 0.5400032359375 0.7784927515625 0.54837269375 0.740603546875 0.38753270781250004 0.659836121875 0.38060199843750003
1 0.42339739375 0.5157631312500001 0.51022628125 0.5201767515625 0.48644620468750005 0.3581268609375 0.4028873453125 0.3513640953125 0.40447406093750005 0.374220940625 0.42339739375 0.5157631312500001
1 0.044722203125 0.32468431249999996 0.0160766 0.320837475 0.00016952031250000001 0.4721832375 0.0490318234375 0.4767289453125 0.044722203125 0.32468431249999996
0 0.1359372265625 0.3445735390625 0.0471246703125 0.33175729062500003 0.0527672140625 0.4771215515625 0.144517396875 0.48452219375 0.1359372265625 0.3445735390625
1 0.3137310765625 0.3642092890625 0.22615145937499997 0.3538633296875 0.239442484375 0.4957554828125 0.33115411875 0.504048346875 0.3137310765625 0.3642092890625
0 0.22508058281249999 0.35282153906249997 0.13757444218749998 0.3430574859375 0.14739708125 0.4870675515625 0.23805841874999997 0.49883913281250003 0.22508058281249999 0.35282153906249997
1 0.3991825859375 0.37453702031249997 0.3152663609375 0.36592160156250003 0.331597865625 0.5034217765625 0.42003946875000003 0.5140637828125 0.3991825859375 0.37453702031249997
1 0.8423320000000001 0.6734600171875 0.8722191296874999 0.8725754578125 0.9607151343749999 0.8802643171875 0.918481925 0.685019565625 0.8423320000000001 0.6734600171875
1 0.1531274796875 0.6036102515625 0.058288465624999994 0.5901940421874999 0.0661886609375 0.7906532890625 0.166938375 0.8023174718750001 0.1531274796875 0.6036102515625
1 0.7595474249999999 0.6643291703124999 0.7858974609375 0.8672650515625 0.8700849859374999 0.872888628125 0.8378477890625 0.6743946515625 0.7595474249999999 0.6643291703124999
1 0.2572016703125 0.6149692109375 0.27315973125 0.81455675 0.371876471875 0.8254697765625 0.350623215625 0.62006804375 0.2572016703125 0.6149692109375
0 0 0.7847511171875 0.0653475140625 0.7882584796875001 0.05547375624999999 0.59132513125 0 0.5868817296875 0 0.7847511171875
1 0.6451355390625 0.6553128640625 0.6739982906249999 0.8561490968750001 0.765795803125 0.8668723671875 0.7340614734375001 0.6635939125 0.6451355390625 0.6553128640625
1 0.3532910703125 0.6262607390625 0.372398375 0.8233747062500001 0.46900723125 0.83137878125 0.4457044296875 0.6397361421875 0.3532910703125 0.6262607390625
0 0.157319990625 0.60318170625 0.16975293593750002 0.8047632203124999 0.2721623046875 0.8149893953125 0.254025128125 0.6201273203125 0.157319990625 0.60318170625
1 0.5413311484375 0.6487009703125 0.5742438203125 0.8483518875 0.6726989921875 0.8560125359375 0.64247573125 0.655580309375 0.5413311484375 0.6487009703125
0 0.46835542031250005 0.808736059375 0.471249234375 0.8300019828125 0.5708992640624999 0.846387915625 0.5385374890625 0.648418328125 0.448387078125 0.6397918312499999 0.46835542031250005 0.808736059375
1 0.049797978124999996 0 0.0416066453125 0.07793532812500001 0.11195604374999998 0.084618234375 0.10570763593750002 0 0.049797978124999996 0
1 0.106129690625 0 0.11252494531249999 0.0859387859375 0.19567484375 0.0938376875 0.18696860625 0 0.106129690625 0
1 0.9502020218749999 1 0.9630259156250001 0.8779888046875 0.8701793312499999 0.8742538953125001 0.8926282671875001 1 0.9502020218749999 1
0 0.18796490937500002 0 0.196189490625 0.095194540625 0.27920068750000004 0.10655112343749999 0.2657885765625 0 0.18796490937500002 0
1 0.267196790625 0 0.279444209375 0.10657671875000001 0.35957873125 0.117192328125 0.3442517921875 0.0076794078125 0.2904276484375 0 0.267196790625 0
1 0.42839065625000006 0.022224896875 0.34466843593749996 0.0072690359375 0.3598535671875 0.11678258593749999 0.44192073593750003 0.12540819375 0.42839065625000006 0.022224896875
1 0.7932252890625 1 0.7674384812499999 0.8691066484375 0.6751948078125001 0.858862728125 0.6982013171875 1 0.7932252890625 1
1 0.6958309625 1 0.6717955828125 0.8590541734375 0.5757771359375 0.8541538624999999 0.5989637531249999 1 0.6958309625 1
1 0.8912474703125 1 0.8666540125 0.87315428125 0.7735062546875 0.8672822281249999 0.7970817375 1 0.8912474703125 1
1 0.5957282234375 1 0.57088818125 0.8524360906249999 0.4777745390625 0.83938865625 0.49652003125000005 1 0.5957282234375 1
1 0.06880975624999999 0.7951290906249999 0.07609748281249999 0.958200190625 0.178677821875 0.96898181875 0.16334479531249999 0.8056138421875 0.06880975624999999 0.7951290906249999
1 0.16665707031250002 0.8079645281250001 0.182130759375 0.9693447359375 0.2852432671875 0.9801822984375 0.26723490625 0.8181282187500001 0.16665707031250002 0.8079645281250001
1 0.26901996875 0.8187233031250001 0.2863693296875 0.9803006515625 0.3913851359375 0.9913382578125001 0.37128931249999997 0.8314574046875001 0.26901996875 0.8187233031250001
1 0.4942088390625 1 0.4733629640625 0.838995609375 0.3741501375 0.8304107437500001 0.3918410015625 0.9913861703125001 0.473796115625 1 0.4942088390625 1
1 0 0.9502020218749999 0.072452359375 0.957817071875 0.066816315625 0.795468290625 0 0.79014958125 0 0.9502020218749999
1 0.66311635625 0.040766859375 0.6818081140625 0.158420284375 0.75888916875 0.165189265625 0.736978078125 0.0462870109375 0.66311635625 0.040766859375
1 0.441907290625 0.12496815624999999 0.5196517468749999 0.13194725000000002 0.50173869375 0.031249964062500003 0.42954922812499996 0.02234666875 0.441907290625 0.12496815624999999
1 0.7391283078125 0.047179293750000004 0.7593966109375 0.1665134375 0.8377741359374999 0.1761455359375 0.80395646875 0.056658134375 0.7391283078125 0.047179293750000004
1 0.5813189296875 0.0390965734375 0.6009114421875 0.14525372812499998 0.6802355906249999 0.155589878125 0.659111521875 0.0434331625 0.5813189296875 0.0390965734375
1 0.578402765625 0.0397463078125 0.5027727203125 0.030200528124999997 0.5207630671875 0.13369485625 0.5998779015625 0.14464191875000001 0.578402765625 0.0397463078125
1 0.88121095625 0.0656874640625 0.9175873640625 0.1858668078125 0.9923103937500001 0.1937205140625 0.9562968265625 0.07733372187500001 0.88121095625 0.0656874640625
1 0.8371287531249999 0.1807416765625 0.915527346875 0.185650290625 0.8857361390625 0.09190479375 0.876900771875 0.0656574515625 0.809437534375 0.05989934375 0.8371287531249999 0.1807416765625
1 1 0.081100046875 0.959704090625 0.07673508125 0.9928188390624999 0.19244139062500001 1 0.1936264109375 1 0.081100046875