1 1 0.395971971875 0.99363593125 0.3332611109375 0.9274427921875 0.3167825359375 0.9362089250000001 0.4328581171875 1 0.449253228125 1 0.395971971875
1 0.852811653125 0.3022470390625 0.8656456140625 0.42080299062500004 0.9327781703125 0.43494206406249997 0.9193657734375 0.3162710953125 0.852811653125 0.3022470390625
1 0.6822647890625 0.2685698984375 0.6115504609375 0.25025265937499996 0.606921353125 0.2491839453125 0.614551803125 0.36748816562500003 0.69051085 0.3824931796875 0.6822647890625 0.2685698984375
1 0.687363775 0.268161765625 0.6952179109375 0.3815760015625 0.7719994234375 0.4047412078125 0.7620330546875 0.285506115625 0.687363775 0.268161765625
1 0.76617234375 0.285250065625 0.775394146875 0.40840903125 0.8546778765624999 0.4262598890625 0.8436683578125 0.30270487031250004 0.76617234375 0.285250065625
1 0.532622115625 0.23359822343749997 0.5367759171875 0.35290551875 0.6147637765625 0.36837892031249997 0.6070118875 0.25077245625 0.532622115625 0.23359822343749997
1 0.44961326718750005 0.216798934375 0.452954403125 0.3372067875 0.5338467625 0.3539836265625 0.5307853875 0.2330299 0.44961326718750005 0.216798934375
0 0.209897353125 0.159279175 0.1303854109375 0.140124815625 0.121722053125 0.2816208703125 0.203472671875 0.299928640625 0.209897353125 0.159279175
1 0.21014866875 0.160134775 0.20460179687500002 0.30340311875000003 0.2880988078125 0.323404815625 0.29545164687500003 0.1814236796875 0.21014866875 0.160134775
0 0.3710518984375 0.19807979375 0.3707948828125 0.3446516234375 0.4493809984375 0.362161778125 0.4478540546875 0.21341822656249998 0.3710518984375 0.19807979375
0 0.2960525953125 0.180764840625 0.28890543750000003 0.3244801984375 0.3701359328125 0.3413351 0.3685716 0.19910233125000001 0.2960525953125 0.180764840625
1 0.9358908015624999 0.44590131250000004 0.8587030499999999 0.42972153593750007 0.8693867375 0.5868951484375 0.9524315 0.606716290625 0.9358908015624999 0.44590131250000004
0 1 0.462306803125 0.9396775078124999 0.44582186874999996 0.9537695921875 0.6135126578125 0.9845284140624999 0.623982603125 1 0.5569678046875 1 0.462306803125
1 0.61246958125 0.3785050625 0.5369875562499999 0.3621923125 0.5388466078125 0.5139629 0.6227445406250001 0.5300885421875 0.61246958125 0.3785050625
1 0.853343809375 0.436575009375 0.7720415140625 0.41801525 0.7881195062499999 0.5720256 0.8668360093749999 0.5837112875 0.853343809375 0.436575009375
1 0.6908407015625 0.3991934390625 0.6156161375 0.38086397031249997 0.6225946125 0.5287564359375 0.7043596140624999 0.554120821875 0.6908407015625 0.3991934390625
0 0.693953390625 0.402062465625 0.706297090625 0.55521686875 0.7861601203124999 0.5730059578125 0.7690328890625 0.417894271875 0.693953390625 0.402062465625
1 0.45631736875 0.5013969734375 0.537380184375 0.5155705828125 0.533646390625 0.3609560390625 0.45592525625 0.344958934375 0.45479153281249995 0.3665627234375 0.45631736875 0.5013969734375
1 0.0401113796875 0.26929072187499997 0.022848375 0.4027052078125 0.109109271875 0.4215395078125 0.12251782656250002 0.2785521953125 0.042783378125 0.2577170265625 0.0401113796875 0.26929072187499997
0 0.205924259375 0.30773585468750003 0.12396268437499999 0.2854583859375 0.11257332812500001 0.42233924843750004 0.19791639375 0.43988105468749994 0.205924259375 0.30773585468750003
0 0.3706944484375 0.3466904328125 0.289607503125 0.32687052968749997 0.2858020046875 0.46138165625000005 0.37100641562500003 0.479755153125 0.3706944484375 0.3466904328125
0 0.288721103125 0.32577041875 0.207636371875 0.30650434375 0.20032940156249998 0.442599334375 0.2841477203125 0.46411151093749997 0.288721103125 0.32577041875
0 0.449784278125 0.366247246875 0.37194013593749997 0.3484726109375 0.3714952234375 0.47921925937500004 0.45335795 0.4994162484375 0.449784278125 0.366247246875
1 0.8317705468750001 0.6976117296875 0.83698576875 0.88766834375 0.9192386718750001 0.9051040718750001 0.901980771875 0.7172476875 0.8317705468750001 0.6976117296875
1 0.1923317546875 0.5524801359375 0.10477763437500001 0.528943753125 0.08918340625 0.7177180437499999 0.18249136562499998 0.7402957828125001 0.1923317546875 0.5524801359375
1 0.7550486890625 0.679484875 0.756502415625 0.8727129437500001 0.8349449359375001 0.8877151281250001 0.8274506390624999 0.697969253125 0.7550486890625 0.679484875
1 0.2887978703125 0.5751561374999999 0.2808735171875 0.7640449921875 0.3723578890625 0.78568376875 0.37597534375 0.5907340046875 0.2887978703125 0.5751561374999999
0 0 0.6996147234375 0.0886681703125 0.7153765046875 0.1020035484375 0.5296783781250001 0.0117547390625 0.5111805656249999 0 0.6286756390625 0 0.6996147234375
0 0.648602071875 0.6578092640625 0.6526573890625 0.849360109375 0.7376634234375 0.8700211984375 0.7311908703125 0.675849665625 0.648602071875 0.6578092640625
1 0.377770584375 0.5968459125 0.3730887265625 0.7837807 0.46292688593750003 0.8024496750000001 0.463039175 0.6201573625 0.377770584375 0.5968459125
0 0.1963195234375 0.5525631734374999 0.184854634375 0.742913184375 0.2798868296875 0.76433514375 0.28522150156250003 0.5796228703125 0.1963195234375 0.5525631734374999
1 0.551844375 0.6396131765625 0.559840396875 0.83052136875 0.65145246875 0.84908193125 0.6460726640625001 0.6577524296874999 0.551844375 0.6396131765625
0 0.4649142984375 0.781154625 0.465191165625 0.8014185765624999 0.5569239203125 0.8282941953125 0.549252384375 0.6390253515625 0.46555293750000004 0.6205196640625 0.4649142984375 0.781154625
1 0.1395494484375 0 0.13603613750000002 0.044331125 0.2132426359375 0.061345690625000004 0.2161906765625 0 0.1395494484375 0
1 0.21660019687499998 0 0.213625459375 0.0626490125 0.2908319578125 0.0796635765625 0.293156271875 0 0.21660019687499998 0
1 0.8977179578125 1 0.92011593125 0.9029837234375 0.8348768124999999 0.8890055 0.841006775 1 0.8977179578125 1
0 0.2940373453125 0 0.29115964375000003 0.08099464687499999 0.367838846875 0.10123355625 0.3674735015625 0 0.2940373453125 0
1 0.368795734375 0 0.3680646796875 0.10128569375 0.44212652500000005 0.1204976515625 0.440301778125 0.0160954796875 0.380709409375 0 0.368795734375 0
1 0.5176742062499999 0.0394532375 0.44074030156250005 0.0157590609375 0.44243175937499996 0.12014543281250001 0.5185376734375 0.1377158671875 0.5176742062499999 0.0394532375
1 0.7482961312499999 1 0.7389500734375 0.8723049546875 0.6534698624999999 0.852041515625 0.659400384375 1 0.7482961312499999 1
1 0.6572823546875 1 0.6502545515625 0.8518279796874999 0.5606146796875 0.83613595625 0.56653700625 1 0.6572823546875 1
1 0.839579775 1 0.8316912796875 0.88756746875 0.7448597875 0.8712966234374999 0.7518562125 1 0.839579775 1
1 0.563738484375 1 0.55621908125 0.8339609828125001 0.4702434859375 0.81096965 0.46921997656250003 0.9990986546875 0.472754790625 1 0.563738484375 1
1 0.09113184375 0.7222155531250001 0.0762073390625 0.9153118093750001 0.17326325468749998 0.9377189328125001 0.1787369796875 0.7429695703125 0.09113184375 0.7222155531250001
1 0.1815787296875 0.74555541875 0.17654527343749998 0.938476646875 0.2727695421875 0.96069176875 0.2748975046875 0.766707096875 0.1815787296875 0.74555541875
1 0.27650611875000003 0.7674711328125 0.2736655625 0.9608986312500001 0.3717782890625 0.9835497390624999 0.3711188203125 0.7912272203125 0.27650611875000003 0.7674711328125
1 0.4675037046875 1 0.46614425312499996 0.8100913296875 0.3739265328125 0.790577046875 0.37157561562499997 0.9835029484375 0.44303219531250004 1 0.4675037046875 1
1 0 0.8977179578125 0.07243849999999999 0.9144417031250001 0.089220203125 0.72230299375 0 0.7040618265624999 0 0.8977179578125
1 0.73605340625 0.0839640578125 0.740104503125 0.1963841015625 0.8117394875 0.211638203125 0.8048074406250001 0.09767566093749999 0.73605340625 0.0839640578125
1 0.5185755671875001 0.13730193125 0.590809646875 0.15282962656250001 0.585543253125 0.0563901 0.5187486203125 0.039701285937500004 0.5185755671875001 0.13730193125
1 0.8067249828125 0.09876043125 0.8120641578125 0.212937815625 0.884588353125 0.231024965625 0.8665381062499999 0.11513765625000001 0.8067249828125 0.09876043125
1 0.6594023140624999 0.07294300625 0.665619559375 0.17469341249999998 0.738952203125 0.193549796875 0.7319850140625 0.0859998375 0.6594023140624999 0.07294300625
1 0.6565881828125 0.0732148 0.5866351390625 0.0555261515625 0.591653 0.1545958703125 0.664718865625 0.174000575 0.6565881828125 0.0732148
1 1 0.1500637796875 0.938076496875 0.1325301 0.9584510500000001 0.24936165312499997 1 0.258953984375 1 0.1500637796875
0 0.8834543515625001 0.23525764843750002 0.9565406718749999 0.24892060625 0.9393174203125 0.1576228625 0.93403083125 0.13200371718749998 0.8713150375 0.118808775 0.8834543515625001 0.23525764843750002