1 1 0.3019767625 0.9320788312499999 0.2912415390625 0.9515060046875 0.41008464218749996 1 0.41812738281249995 1 0.3019767625
1 0.8540090250000001 0.28301269218749997 0.8778428515625001 0.40404420312499995 0.9481640015625 0.41254292656249997 0.9237248765625001 0.29144520625000003 0.8540090250000001 0.28301269218749997
1 0.675562815625 0.2637333625 0.60118270625 0.25125238125 0.5963253203125001 0.2505697203125 0.6147841953125 0.37181258281249996 0.6942620078124999 0.3804052015625 0.675562815625 0.2637333625
1 0.68077106875 0.2628513625 0.6990214703125 0.3790340015625 0.780077125 0.3959627125 0.7591320203125 0.2739717734375 0.68077106875 0.2628513625
1 0.763366759375 0.2733333484375 0.783897915625 0.399435896875 0.8670507531249999 0.41066084218750004 0.84464521875 0.2843118421875 0.763366759375 0.2733333484375
1 0.518502721875 0.2412284046875 0.53347545 0.3638196765625 0.6150821203125 0.3727114859375 0.5965609109375001 0.2521987671875 0.518502721875 0.2412284046875
1 0.43161250781250005 0.23142432968749999 0.445848025 0.3552234484375 0.5305591875 0.36519588125 0.5165624765625 0.24080883125 0.43161250781250005 0.23142432968749999
0 0.179880128125 0.1938293296875 0.09637564531250001 0.181281546875 0.1001545421875 0.327901909375 0.18588581875000001 0.3393745828125 0.179880128125 0.1938293296875
1 0.1802153671875 0.19468843593750002 0.1873588546875 0.34285348125000004 0.2750384078125 0.35591402968749997 0.2698679921875 0.208912278125 0.1802153671875 0.19468843593750002
0 0.34912482499999997 0.2192391078125 0.3620057765625 0.370330353125 0.44441048437499997 0.3812672625 0.42949976718749994 0.2280990890625 0.34912482499999997 0.2192391078125
0 0.27042704687499997 0.20817885781249998 0.27596455625 0.3569494171875 0.3610305296875 0.3669717125 0.34666527812500003 0.22051742812500003 0.27042704687499997 0.20817885781249998
1 0.9523485609375 0.4235567265625 0.8715015375 0.413864484375 0.8965870031250001 0.5748928234374999 0.9837851734375 0.5878081984375 0.9523485609375 0.4235567265625
1 1 0.4310771171875 0.956236471875 0.42313222968749997 0.9857710796875001 0.5946919796875 0.9914108593750001 0.59607831875 1 0.534963409375 1 0.4310771171875
1 0.6136304578125 0.3833558265625 0.53452603125 0.37337219843749997 0.5500498375 0.529630215625 0.637794153125 0.5386595359374999 0.6136304578125 0.3833558265625
1 0.8666036343749999 0.4214130890625 0.7813109046875 0.4096401328125 0.8116612999999999 0.5669201046875 0.8936777593749999 0.571842084375 0.8666036343749999 0.4214130890625
1 0.6960990609375 0.3975879046875 0.617078590625 0.3855023984375 0.637520465625 0.53730013125 0.7238994109375 0.556044584375 0.6960990609375 0.3975879046875
1 0.6995581078125 0.4002633078125 0.725990615625 0.556998953125 0.8097337843749999 0.5681078187499999 0.778205359375 0.40978766093749996 0.6995581078125 0.4002633078125
1 0.4640326234375 0.52414596875 0.5486856484375 0.531419896875 0.53097840625 0.37240030625 0.44959912187500006 0.36294459687499997 0.4503705046875 0.3853136703125 0.4640326234375 0.52414596875
1 0.0130323359375 0.37230670625 0.0093117546875 0.46164653749999995 0.0997295640625 0.47325380624999996 0.1006978671875 0.324667103125 0.0216170046875 0.3112236140625 0.0130323359375 0.37230670625
0 0.18910773281249998 0.347199471875 0.1028034421875 0.3316544125 0.10336444375 0.47376465625 0.1927222421875 0.484122828125 0.18910773281249998 0.347199471875
0 0.3620853171875 0.372440790625 0.276901084375 0.3593495515625 0.2850503734375 0.49833118593750003 0.374340140625 0.5095591078124999 0.3620853171875 0.372440790625
0 0.27589066406249996 0.35829589375 0.1907583796875 0.345775271875 0.19544807343749998 0.48670616562499996 0.283593590625 0.5012944593750001 0.27589066406249996 0.35829589375
1 0.44519170781249995 0.38544156875 0.3635264796875 0.3741649296875 0.374794871875 0.5089625484375 0.46081089999999997 0.5223722484375 0.44519170781249995 0.38544156875
1 0.9609695593750001 0.8126794187499999 0.9418041781250001 0.7062949187500001 0.867824325 0.6924091546875 0.890234003125 0.8878239796875 0.9493928265625 0.89505215625 0.9609695593750001 0.8126794187499999
1 0.19707630781250002 0.6006812312500001 0.10490657343750001 0.58434465 0.105796478125 0.7803206265625 0.20379868124999997 0.7951485578125 0.19707630781250002 0.6006812312500001
1 0.7872818968749999 0.6806679531250001 0.806106903125 0.8796918515625001 0.88813898125 0.8880568515625 0.863412896875 0.6931685046875 0.7872818968749999 0.6806679531250001
1 0.29833582812500004 0.6153246921875 0.30712530312499997 0.8107247859375001 0.4031675375 0.82474995 0.389404378125 0.6234927046875 0.29833582812500004 0.6153246921875
0 0.0076293828125 0.5744531687500001 0.005154403125 0.7690845359375 0.10505650156249999 0.777953878125 0.1021190109375 0.58535280625 0.0076293828125 0.5744531687500001
1 0.675846071875 0.66795859375 0.697196675 0.86501843125 0.78648755625 0.878622065625 0.7624155296875 0.6790798578125 0.675846071875 0.66795859375
1 0.391799125 0.6296296671875 0.40374860625000003 0.8227223765625 0.49783118593750003 0.8338355828124999 0.4815977734375 0.645941209375 0.391799125 0.6296296671875
0 0.20118560625 0.6004060078125 0.20646430312500003 0.797632425 0.3061364125 0.8111131140625 0.295057746875 0.6202520296875 0.20118560625 0.6004060078125
1 0.5746884109375 0.6579588515625 0.6000348171875001 0.853999771875 0.695932334375 0.8648407406249999 0.6732392046875 0.668128871875 0.5746884109375 0.6579588515625
0 0.49796560625 0.811707478125 0.5000677703124999 0.8325679875 0.5968351609375 0.851968159375 0.5719695484375 0.6575875156250001 0.4842159421875 0.64608718125 0.49796560625 0.811707478125
1 0.09295123281249999 0 0.09359675468749999 0.0820380703125 0.17453793281250002 0.0925890125 0.1709369578125 0 0.09295123281249999 0
1 0.1713430125 0 0.1750485953125 0.093897678125 0.25598977343749996 0.10444862031249999 0.249988509375 0.00053049375 0.246222228125 0 0.1713430125 0
1 0.93464336875 1 0.9495390562500001 0.89401168125 0.8881846359375001 0.88939296875 0.9039821078125 1 0.93464336875 1
0 0.32737503437500004 0.01205095625 0.2510095296875 0.0000134375 0.2564462109375 0.1057908765625 0.33713418281249996 0.119712778125 0.32737503437500004 0.01205095625
1 0.4040345125 0.025406693749999997 0.32877511406250004 0.0119751078125 0.3373711515625 0.11974608281250002 0.41527478906250004 0.1328463515625 0.4040345125 0.025406693749999997
1 0.4857152546875 0.0424803984375 0.404455409375 0.0250202796875 0.41555716406250004 0.1324557109375 0.4954161265625 0.14367915625 0.4857152546875 0.0424803984375
1 0.8072087281250001 1 0.7880158328125 0.8808594624999999 0.6982728734375 0.867708578125 0.7151355781250001 1 0.8072087281250001 1
1 0.7127846421874999 1 0.694946428125 0.8677794109375 0.60133479375 0.859716534375 0.618656559375 1 0.7127846421874999 1
1 0.90244471875 1 0.8847790015625 0.8881990468750001 0.7940041796874999 0.8792854968749999 0.8111390125 1 0.90244471875 1
1 0.6154843484375 1 0.5966183859374999 0.85787255 0.5061212171875 0.8419549156249999 0.519009384375 1 0.6154843484375 1
1 0.10820401718749999 0.7847798078125 0.1098262375 0.950078440625 0.209935259375 0.9641478453125 0.2001766875 0.7982440578125 0.10820401718749999 0.7847798078125
1 0.20333165000000003 0.8006521109375001 0.21330726093750002 0.9646217500000001 0.31373548906250004 0.9787360156249999 0.301217078125 0.81400925625 0.20333165000000003 0.8006521109375001
1 0.3029402359375 0.814651184375 0.3148090296875 0.9788868921875 0.41710783906250004 0.993264053125 0.4023901859375 0.83057555625 0.3029402359375 0.814651184375
1 0.5167671703125001 1 0.5018259406250001 0.8414205453125 0.40521991249999995 0.8296514015625001 0.41745768749999995 0.9933132203125 0.465036596875 1 0.5167671703125001 1
1 0.005406903125 0.773461346875 0.0013666796875 0.9348354437499999 0.1062209609375 0.9495717515625 0.10624553125 0.7850428953125 0.005406903125 0.773461346875
1 0.7143338109374999 0.0685979234375 0.7285832125 0.1840999671875 0.8036355984375 0.193340546875 0.7862844890625 0.0765093546875 0.7143338109374999 0.0685979234375
1 0.49541797968749995 0.14324909375 0.5711111375 0.15271745625 0.5570448875 0.053796098437499995 0.48684265312499997 0.04263884375 0.49541797968749995 0.14324909375
1 0.788354175 0.077453903125 0.8040861125 0.1946506515625 0.8803072296875 0.20673073125000002 0.8513472296875 0.0889216890625 0.788354175 0.077453903125
1 0.6345014578125 0.0641740953125 0.65002206875 0.16848321093750002 0.727143753125 0.1812829765625 0.7103316093750001 0.0710642546875 0.6345014578125 0.0641740953125
1 0.631631196875 0.0647088453125 0.558090525 0.0528068546875 0.5721370218749999 0.154461575 0.6490334718749999 0.1678506171875 0.631631196875 0.0647088453125
1 1 0.1164077921875 0.9994297 0.11430902968750001 0.9264920343749999 0.10037494531249999 0.9579275218750001 0.218946896875 1 0.22485979843749998 1 0.1164077921875
1 0.879520396875 0.21119585624999998 0.955922934375 0.2186651703125 0.9300189062499999 0.126125165625 0.922283421875 0.10019846406249999 0.8565900640624999 0.092273209375 0.879520396875 0.21119585624999998