1 0.9489441046874999 0.2702600046875 0.9783599203125 0.2679045125 0.9657254390625001 0.14769545 0.8988620781250001 0.15356289843749998 0.9489441046874999 0.2702600046875
1 0.81714164375 0.16503337499999998 0.8722754484375 0.2828476359375 0.9461616390625001 0.2736278953125 0.8903936171875 0.1559001015625 0.81714164375 0.16503337499999998
1 0.6302312828125001 0.1907702015625 0.551191059375 0.19694800625 0.54606306875 0.1974869796875 0.59576870625 0.3168872078125 0.6790178359375 0.3054303046875 0.6302312828125001 0.1907702015625
1 0.6353186281250001 0.1885402359375 0.683522859375 0.30281395624999996 0.7705043609375 0.299487796875 0.718072453125 0.1799553703125 0.6353186281250001 0.1885402359375
1 0.7222289328125 0.1782228 0.775285825 0.3020693375 0.8629535953125 0.29237041874999997 0.8079222265625001 0.1687492359375 0.7222289328125 0.1782228
1 0.464311434375 0.207755740625 0.5108049171875 0.3294245265625 0.5963015046875 0.31773140624999996 0.5467182515625 0.19909443437500002 0.464311434375 0.207755740625
1 0.3731937328125 0.219861403125 0.419242946875 0.342954390625 0.508181078125 0.3315763171875 0.4622256875 0.20782067343750002 0.3731937328125 0.219861403125
0 0.1068728515625 0.2455249078125 0.018509521875 0.2539593765625 0.0597061640625 0.40307665000000004 0.15006681875 0.3929742765625 0.1068728515625 0.2455249078125
1 0.1074335734375 0.24631886249999999 0.1524552265625 0.3961599140625 0.245207371875 0.38718643125 0.20249436250000002 0.2380333515625 0.1074335734375 0.24631886249999999
0 0.28595979374999997 0.2284078921875 0.3375784484375 0.3797821921875 0.42440983125000004 0.36997907812499997 0.3701920171875 0.21699605625 0.28595979374999997 0.2284078921875
0 0.20287775625 0.237140165625 0.24641566718750002 0.388010253125 0.335728375 0.37659280625 0.283776834375 0.23034311093749998 0.20287775625 0.237140165625
1 0.9879375375 0.3590294453125 0.953234625 0.28383529531249996 0.86830895 0.2945155234375 0.934906046875 0.45295148906250005 0.9971705406250001 0.4468755984375 0.9879375375 0.3590294453125
1 0.5975319203125 0.32899683281250003 0.5143093375000001 0.3389347546875 0.569939396875 0.49492430625 0.661730890625 0.48180796406250004 0.5975319203125 0.32899683281250003
1 0.8652360421875 0.30349032187499997 0.775246190625 0.313173578125 0.8462584062499999 0.46643113437499995 0.9311618749999999 0.45057008437499996 0.8652360421875 0.30349032187499997
1 0.6852677093749999 0.3225503625 0.6015954296875 0.330315415625 0.661105528125 0.480486221875 0.7539787859375 0.4776621859375 0.6852677093749999 0.3225503625
0 0.6894770390625 0.3244074734375 0.7563547046875 0.47810620000000004 0.844595 0.4681380375 0.7721163703125 0.3141159328125 0.6894770390625 0.3244074734375
1 0.48081229375 0.5112292765625 0.5690038484375 0.4971038359375 0.5104435281249999 0.338843925 0.42503523593750003 0.349901896875 0.4315191234375 0.3726022578125 0.48081229375 0.5112292765625
1 0 0.5262038890625 0.0038469859374999998 0.5628055140625 0.0962921421875 0.55196674375 0.05943644218750001 0.3996270625 0 0.40414448593749996 0 0.5262038890625
0 0.15534580781250001 0.40016281249999996 0.0633635375 0.40624272031249997 0.10012952187499999 0.55156341875 0.193905075 0.5393961468749999 0.15534580781250001 0.40016281249999996
0 0.338197078125 0.3819221625 0.247982134375 0.3902283796875 0.2916907125 0.5304130218750001 0.3856183953125 0.519153359375 0.338197078125 0.3819221625
0 0.246683234375 0.38940732968749997 0.1566666015625 0.39828439375 0.197343140625 0.54134585625 0.290959628125 0.5338174343750001 0.246683234375 0.38940732968749997
0 0.42626975937499995 0.374052815625 0.3401060609375 0.383319753125 0.38593024374999996 0.51842685 0.47707465937500004 0.5102346515625 0.42626975937499995 0.374052815625
1 1 0.5767830171874999 0.9355005609375 0.580570096875 1 0.7531430109375 1 0.5767830171874999
1 0.22803191250000002 0.6575955171875 0.1298657921875 0.6643598374999999 0.180686203125 0.8647335453125 0.2844167140625 0.8549387640624999 0.22803191250000002 0.6575955171875
1 1 0.760046628125 0.931194671875 0.582471471875 0.8503637046874999 0.5890753984375 0.92025268125 0.7879987875000001 1 0.7765280984375 1 0.760046628125
1 0.3350376328125 0.6467818984375 0.3937682703125 0.8445531890625 0.49529532343750005 0.83443613125 0.4300002015625 0.6319368546875 0.3350376328125 0.6467818984375
0 0.0281319859375 0.6790228078125 0.07517803906250001 0.87887760625 0.179328703125 0.8624995046875 0.1272794796875 0.6661021 0.0281319859375 0.6790228078125
0 0.7334716015625 0.60446185625 0.8054362484375 0.800731271875 0.8999701328124999 0.7919030953124999 0.8245976296875 0.5937861984375 0.7334716015625 0.60446185625
1 0.434005653125 0.6376084093750001 0.495371565625 0.832212646875 0.594158296875 0.8196142703125 0.5297470875 0.6314226546875 0.434005653125 0.6376084093750001
0 0.2321529546875 0.6562666828125 0.2877680359375 0.8568019984375 0.3928585859375 0.8452026671875 0.3329492 0.652660815625 0.2321529546875 0.6562666828125
1 0.6277524703124999 0.6200028203125 0.7035329953125 0.8142110765625 0.8041014734375 0.8008715625 0.730856184375 0.6053004265624999 0.6277524703124999 0.6200028203125
0 0.588659625 0.7969297515625 0.5961165828125 0.81774684375 0.6997521875 0.81294685 0.6248848828125 0.620315534375 0.5324545781250001 0.63090491875 0.588659625 0.7969297515625
1 0 0.1519754890625 0.07563953906250001 0.14325687812500001 0.047064484375 0.0448513015625 0 0.049797978124999996 0 0.1519754890625
1 0.1617340765625 0.1346410421875 0.13108020468749998 0.03602089375 0.047492825 0.04480628125 0.07649367500000001 0.1444662984375 0.1617340765625 0.1346410421875
0 0.24838215937500002 0.12958843281250002 0.212932375 0.0274178828125 0.1321525546875 0.035908184375 0.16254146249999998 0.1358986625 0.24838215937500002 0.12958843281250002
1 0.3314239796875 0.12312038125 0.2936561125 0.018933476562500003 0.21436926406249998 0.027266860937499998 0.24863233125 0.1295621375 0.3314239796875 0.12312038125
1 0.29414574375 0.0188820140625 0.3316124875 0.12264856875 0.4159203984375 0.11378744999999998 0.380252190625 0.0126726265625 0.3411490734375 0.013941765625 0.29414574375 0.0188820140625
1 0.80721903125 0.8032106640625001 0.8695924484375 0.9639084078125 0.970130834375 0.9533413984375001 0.9020986843750001 0.793803859375 0.80721903125 0.8032106640625001
1 0.7063148546875 0.8197314828125 0.765811909375 0.9748161828124999 0.8673017328125001 0.964149171875 0.8038443765625001 0.8041308031250001 0.7063148546875 0.8197314828125
1 1 0.7770523093749999 0.9078054249999999 0.7906668203125 0.973472775 0.9529901453124999 1 0.9502020218749999 1 0.7770523093749999
1 0.6046813296875 0.8258127578125001 0.6586759078125 0.9860766296874999 0.762559053125 0.975158071875 0.7010348734375 0.8190458062499999 0.6046813296875 0.8258127578125001
1 0.325492759375 1 0.2815109734375 0.85903025625 0.1842773890625 0.8686844703125001 0.21831815312499997 1 0.325492759375 1
1 0.4383900359375 1 0.38857889375 0.8494206796875 0.285342071875 0.8606911937499999 0.32911217187499997 1 0.4383900359375 1
1 0.5262038875 1 0.5503805140625 0.9974589343750001 0.4959862046875 0.8405972890625 0.390499859375 0.8496386656249999 0.43962309375 1 0.5262038875 1
1 0.498636915625 0.8389302656250001 0.5508488265625 0.9974097125 0.6563009953125001 0.98632624375 0.6001644109375001 0.8263602875 0.498636915625 0.8389302656250001
1 0.21480861093749998 1 0.182346903125 0.8694528187499999 0.07655029062499999 0.8832933578125 0.10251563593749999 1 0.21480861093749998 1
1 0.6273048765625 0 0.6640259421875 0.0957471875 0.7429265390625 0.0860812109375 0.7074584515625 0 0.6273048765625 0
1 0.41581275624999997 0.11334676562499998 0.4954248984375 0.10375066718749999 0.455884396875 0.00607935625 0.3814423953125 0.0125475296875 0.41581275624999997 0.11334676562499998
1 0.7091637921875 0 0.7437196921875 0.087307428125 0.8245354828125 0.080250146875 0.78232876875 0 0.7091637921875 0
1 0.5387782249999999 0 0.5799227734375 0.0997806203125 0.6618403609375 0.093230521875 0.6229984015625 0 0.5387782249999999 0
1 0.5138326875 0 0.4566989125 0.004800321875 0.4969154234375 0.1052745296875 0.578753371875 0.099385009375 0.53549985 0 0.5138326875 0
1 0.8667326171875 0 0.9068129734375001 0.0729756234375 0.9573141875 0.06766773125 0.950852096875 0.0061850453125 0.9474053703124999 0 0.8667326171875 0
0 0.785490690625 0 0.8248701953124999 0.0850211328125 0.904696709375 0.0731980515625 0.8631742328125 0 0.785490690625 0