1 0.9297111640625 0.1167649046875 0.9140911812500001 0.0904971859375 0.843820215625 0.10417856875 0.9037218890625001 0.21107209062500001 0.9479986234375 0.2028006421875 0.9297111640625 0.1167649046875
1 0.7663877796875 0.12346349062499999 0.8312598859375001 0.23091707968750003 0.9013849578125 0.214585384375 0.8359116578125001 0.1072790109375 0.7663877796875 0.12346349062499999
1 0.5892347578125 0.16709365781250002 0.5138472765625 0.181028875 0.5089701703125 0.1820655359375 0.5687818359375 0.2915907609375 0.6476857078125 0.272163984375 0.5892347578125 0.16709365781250002
1 0.5939026562499999 0.16443865625 0.65175474375 0.26919725625 0.735065840625 0.257193553125 0.6726191578125 0.14781769843749998 0.5939026562499999 0.16443865625
1 0.6764419296875 0.145734240625 0.7399236515625 0.25918604218749997 0.8232535671875001 0.2409983375 0.7578957640625 0.127962796875 0.6764419296875 0.145734240625
1 0.43138683125000005 0.2002006078125 0.4883377578125 0.31222788125 0.5693791328125 0.29234676249999997 0.50976194375 0.1835414640625 0.43138683125000005 0.2002006078125
1 0.3449814203125 0.22104703906249998 0.4016483984375 0.33448580156249996 0.4860310265625 0.314558290625 0.42938760625 0.20047422343750002 0.3449814203125 0.22104703906249998
0 0.09145592500000001 0.2726521671875 0.0073299140625 0.2896971390625 0.06194859375 0.4285970734375 0.1478275328125 0.409749440625 0.09145592500000001 0.2726521671875
1 0.09207501875 0.2733571359375 0.150444834375 0.4125639890625 0.23873711874999998 0.39455720625 0.18265662656249998 0.2557765421875 0.09207501875 0.2733571359375
0 0.26195275625000003 0.238085071875 0.326820828125 0.3780946703125 0.4093359484375 0.359891728125 0.34180655312499997 0.218601934375 0.26195275625000003 0.238085071875
0 0.1829354578125 0.2548807171875 0.23998195937500003 0.3952252234375 0.3247208359375 0.3752219859375 0.26004820781250004 0.24016301874999998 0.1829354578125 0.2548807171875
1 0.9763609640625001 0.33623496406250003 0.9092136078124999 0.223662503125 0.82861935 0.2425139359375 0.908601871875 0.387781490625 0.98403376875 0.37233266875000004 0.9763609640625001 0.33623496406250003
1 0.9127795234375 0.22190425781249998 0.975317775 0.33132714218750003 0.9506810015625 0.2154202375 0.9127795234375 0.22190425781249998
1 0.5716957171875 0.30303095625 0.492664559375 0.320997625 0.5618545125 0.46502901718749995 0.6488061968750001 0.4431446078125 0.5716957171875 0.30303095625
1 0.8265671984375 0.25143631875 0.7410026796875 0.26984425624999997 0.8247100250000001 0.4096959671875 0.904761709375 0.3858759359375 0.8265671984375 0.25143631875
1 0.6554182578125001 0.2879569875 0.5757360484375 0.30388441093749996 0.6480718453125001 0.4419397921875 0.7370992640625 0.42982095156250005 0.6554182578125001 0.2879569875
1 0.65965299375 0.28931237187500003 0.739428734375 0.430006259375 0.8232821328125001 0.4115022171875 0.7380876921875 0.2710655078125 0.65965299375 0.28931237187500003
1 0.47778583125 0.48970288906250004 0.561174115625 0.46721499531250005 0.4889378671875 0.3213021328125 0.4079175046875 0.340564896875 0.4164365015625 0.36168832968750003 0.47778583125 0.48970288906250004
1 0 0.5196988953125 0.0217083921875 0.58809514375 0.1121105734375 0.5677461562499999 0.0613421703125 0.425314621875 0 0.4365180015625 0 0.5196988953125
0 0.153627271875 0.4161118015625 0.065784228125 0.4312642859375 0.11576021249999999 0.5669704015625 0.20471534687499998 0.545795584375 0.153627271875 0.4161118015625
0 0.3276310234375 0.3800852359375 0.24171150468749997 0.397194746875 0.2978471171875 0.527269590625 0.387039859375 0.5069501859375001 0.3276310234375 0.3800852359375
0 0.2403798171875 0.3965385703125 0.15470843437499998 0.41417570000000004 0.2082177109375 0.547317953125 0.29748657343749996 0.5306100921875 0.2403798171875 0.3965385703125
1 0.41153438593749997 0.363611928125 0.3296073984375 0.3812327796875 0.3872666578125 0.5062215250000001 0.4740914734375 0.48912724531249996 0.41153438593749997 0.363611928125
1 1 0.50200034375 0.9975065484375 0.49771500625 0.9220126562500001 0.5101676015625001 1 0.6664064890625 1 0.50200034375
1 0.24942485312499998 0.655746953125 0.1557039671875 0.6721826140625 0.22473399062500002 0.8592865953125 0.32350099375 0.83937955 0.24942485312499998 0.655746953125
1 1 0.6717620359375001 0.9180631890625 0.5124281578125001 0.8409965093749999 0.526953653125 0.9282179015625 0.7107342015625 1 0.6925972046875 1 0.6717620359375001
1 0.35123895781250003 0.6345305390625 0.4276140328125 0.8183361687499999 0.5242296578125 0.798343146875 0.4410661875 0.6106662187499999 0.35123895781250003 0.6345305390625
0 0.0593468625 0.6965582546875 0.124695071875 0.8835467484375 0.2232037984375 0.8572806312499999 0.1533921203125 0.6741162921875 0.0593468625 0.6965582546875
1 0.7301352171875 0.5535591875 0.819085678125 0.7345830359375001 0.9091059906250001 0.71653515625 0.8166925031250001 0.5340839625 0.7301352171875 0.5535591875
1 0.4454886171875 0.6157021078125 0.5240792828124999 0.7962020515625 0.61781004375 0.77410590625 0.5369360125 0.6000672125000001 0.4454886171875 0.6157021078125
0 0.25325416562499997 0.654054459375 0.326911240625 0.8408277359375 0.4268045765625 0.8190514875 0.349822065625 0.640382775 0.25325416562499997 0.654054459375
1 0.6300339546875 0.579181003125 0.7224465906249999 0.7578406296875 0.8178162062500001 0.7348528703125 0.7277044671875 0.5546287484375 0.6300339546875 0.579181003125
0 0.6102400718750001 0.7528978578125 0.6195053546875 0.772115765625 0.7186835890625 0.7570106875 0.627307803125 0.579771565625 0.53948758125 0.59929615625 0.6102400718750001 0.7528978578125
1 0 0.189098090625 0.05113175 0.17769330625 0.016012403124999998 0.0917044421875 0 0.0951079828125 0 0.189098090625
1 0.1330577328125 0.16070417343750001 0.0960297453125 0.07469623125 0.0164231765625 0.09161712968749999 0.052074801562499995 0.178767175 0.1330577328125 0.16070417343750001
0 0.2158745078125 0.1470777734375 0.174074234375 0.0581073625 0.097011821875 0.074487484375 0.133960675 0.16182902500000002 0.2158745078125 0.1470777734375
1 0.295080921875 0.132458659375 0.25093279687500003 0.0417705703125 0.17537547656250002 0.057830775 0.21611244062499999 0.1470272 0.295080921875 0.132458659375
1 0.37539793125 0.114943403125 0.3323204171875 0.024471098437499998 0.25139071562500004 0.0416732375 0.29521473593750003 0.13198686875 0.37539793125 0.114943403125
1 1 0.8772091296875001 0.9113441390625001 0.7181432328125 0.8210495296874999 0.736781321875 0.911484678125 0.9123890953125 1 0.8943096453124999 1 0.8772091296875001
1 0.817896865625 0.7380060640624999 0.7256771453125 0.7628554624999999 0.8137703343749999 0.935577290625 0.9099181125 0.9135282015625 0.817896865625 0.7380060640624999
1 1 0.693128671875 0.916516421875 0.7145551703125 1 0.8711577374999999 1 0.693128671875
1 0.72053066875 0.7627325046875 0.6285531109375 0.77898705625 0.7111534328125 0.9590014328124999 0.8128797984375 0.939797196875 0.72053066875 0.7627325046875
1 0.388649246875 1 0.3211183140625 0.84359960625 0.22858493750000003 0.8627135593749999 0.28005843124999996 1 0.388649246875 1
1 0.5029117109375 1 0.423113365625 0.823532134375 0.3249695859375 0.8448050874999999 0.3923501078125 1 0.5029117109375 1
1 0.5525521203125 1 0.611577653125 0.9874537359375 0.5255138875 0.8041846015624999 0.4249825921875 0.8235466671875 0.5039884531250001 1 0.5525521203125 1
1 0.52789523125 0.8023165890625 0.6113641234375 0.9874991218750001 0.7124741218749999 0.966007528125 0.6242645046875 0.7799700171875 0.52789523125 0.8023165890625
1 0.27638746875 1 0.22680578593749998 0.8636463515624999 0.1264589421875 0.88764450625 0.1641801578125 1 0.27638746875 1
1 0.5752071562500001 0 0.6121735890625 0.07249800468749999 0.6870758703125001 0.0552301328125 0.6571756828125 0 0.5752071562500001 0
1 0.4508436515625 0.097258571875 0.40390232499999995 0.009255893749999999 0.3334181015625 0.024237778125 0.3752500828125 0.1145314875 0.4508436515625 0.097258571875
1 0.6584794046875 0 0.6879619703125 0.056326296875 0.7649684437500001 0.04136735625 0.7372874890625 0 0.6584794046875 0
1 0.4857149609375 0 0.5317015921875 0.08488870312499999 0.6098186343750001 0.0703047640625 0.5713996375 0 0.4857149609375 0
1 0.447447884375 0 0.40510523593750003 0.0090002078125 0.4524303203125 0.09856966406249999 0.5305372375 0.0846276 0.482543525 0 0.447447884375 0
1 0.738299734375 0 0.7657703046875 0.0459110703125 0.8413459812499999 0.0264797109375 0.822378278125 0 0.738299734375 0