1 0.85700546875 0.1946437265625 0.8978220734375 0.3050431609375 0.9700730453125 0.30304552500000004 0.925825865625 0.192217809375 0.85700546875 0.1946437265625
1 0.780537734375 0.2013099390625 0.8259921625000001 0.3129871046875 0.8950729562499999 0.3080250765625 0.849025203125 0.19639728437499998 0.780537734375 0.2013099390625
0 0.6056656640625 0.21609571875000003 0.5319461265625 0.21799406875 0.52715658125 0.218245078125 0.5674914734375001 0.3311275421875 0.64537849375 0.3245477296875 0.6056656640625 0.21609571875000003
1 0.6105000921875 0.21427806562499999 0.64969090625 0.322344425 0.7306474578125 0.32346830937500004 0.6877866906250001 0.21033183437499997 0.6105000921875 0.21427806562499999
1 0.6917321656250001 0.2089294578125 0.734962634375 0.32608798437500003 0.8168680625 0.3213482828125 0.771792559375 0.20430290156250003 0.6917321656250001 0.2089294578125
1 0.4507185890625 0.2237978328125 0.48795896718750004 0.3386242390625 0.5679451171875 0.3319344171875 0.5276866015625 0.2197641109375 0.4507185890625 0.2237978328125
1 0.36549103125000004 0.230597859375 0.4022491421875 0.34672062187499997 0.48541662187499995 0.34048855625 0.44877804218749995 0.223757165625 0.36549103125000004 0.230597859375
0 0.116860946875 0.2414799140625 0.0343712296875 0.245016015625 0.06535019843749999 0.38498474531250004 0.14977666875 0.380001803125 0.116860946875 0.2414799140625
0 0.11734298125 0.242241646875 0.1518394984375 0.3830648546875 0.23843216875 0.3792419984375 0.206046453125 0.23916689062500002 0.11734298125 0.242241646875
0 0.2840448890625 0.23429216875 0.3245941953125 0.3768527609375 0.40572782500000004 0.3719762453125 0.36284286718750003 0.227801546875 0.2840448890625 0.23429216875
0 0.206446221875 0.23835894375 0.23951425468749998 0.3800626484375 0.3230315875 0.3738122453125 0.2819226453125 0.23597738750000002 0.206446221875 0.23835894375
1 0.9011439796875 0.3178116765625 0.8217376328125001 0.32359184375 0.8758547859375 0.4734101453125 0.9619583359374999 0.4695377890625 0.9011439796875 0.3178116765625
1 0.96514860625 0.4757719671875 0.9995047515625 0.477457134375 0.9910226281250001 0.3156085890625 0.9047964703125 0.3166792359375 0.96514860625 0.4757719671875
1 0.56853748125 0.342417790625 0.4907493484375 0.3475933671875 0.5347991640624999 0.49461823593750004 0.620701975 0.486915575 0.56853748125 0.342417790625
1 0.818444734375 0.3317478203125 0.7343831734374999 0.3363608640625 0.7928544328125 0.481600834375 0.8724933328125 0.47102576249999994 0.818444734375 0.3317478203125
1 0.6503471484375 0.34069087656249997 0.5722474953125001 0.3438341671875 0.6201856921875 0.4856623546875 0.7065903484375 0.487535453125 0.6503471484375 0.34069087656249997
1 0.654166290625 0.342612596875 0.70877555625 0.48806106875 0.7912259390624999 0.483099890625 0.7314299421875 0.33708164375 0.654166290625 0.342612596875
1 0.4512153859375 0.5054000515625 0.5338236578125 0.496589771875 0.48716297500000005 0.34732258437499997 0.40728988125 0.3534289671875 0.4122032015625 0.37474689375 0.4512153859375 0.5054000515625
1 0 0.509741284375 0.0031078015625 0.53024846875 0.0920575890625 0.5245205484375 0.065268240625 0.3817798 0 0.383321090625 0 0.509741284375
0 0.1543288390625 0.386908378125 0.0685926828125 0.3880909875 0.095641703125 0.5243327125 0.1833410578125 0.5176040656249999 0.1543288390625 0.386908378125
1 0.325064240625 0.378862765625 0.2408608921875 0.3821907578125 0.27460963125000004 0.514015428125 0.36240593906249996 0.5081339453125 0.325064240625 0.378862765625
0 0.23969451406250003 0.3813682953125 0.15564747343750002 0.385234071875 0.1864392734375 0.5195742140624999 0.273764184375 0.5171302265625 0.23969451406250003 0.3813682953125
1 0.40725636718749997 0.375835534375 0.326769128125 0.380248175 0.3627311078125 0.507476765625 0.44779223906250004 0.504299175 0.40725636718749997 0.375835534375
1 1 0.73588168125 0.9437679171875001 0.591048928125 0.8701704921875001 0.5915248171874999 0.928134153125 0.7748339953125 1 0.7697663109375 1 0.73588168125
1 0.20926404375000002 0.62862284375 0.11775048125000001 0.630140034375 0.1551638046875 0.818001396875 0.2519940234375 0.8139488937499999 0.20926404375000002 0.62862284375
1 0.79067426875 0.5952823171875 0.845870575 0.7827227875 0.9261667609374999 0.775448178125 0.8660779906249999 0.5930761734375001 0.79067426875 0.5952823171875
1 0.30918627656250003 0.6237858140625 0.35407430156249997 0.8096212484375 0.44887355937500006 0.8051641078125 0.398119065625 0.6146367546875 0.30918627656250003 0.6237858140625
0 0.02253703125 0.6387935390624999 0.0564698453125 0.825992434375 0.15401204531249998 0.8158686578125 0.11526300625000001 0.6316272265625 0.02253703125 0.6387935390624999
1 0.6813454609375 0.603873053125 0.73859948125 0.788958059375 0.8268400453125 0.7853557234374999 0.7665108734375 0.598396621875 0.6813454609375 0.603873053125
1 0.4015624265625 0.620078146875 0.44905303593749996 0.8031103906249999 0.5414281609375 0.7962249046875 0.4907955109375 0.6189791812500001 0.4015624265625 0.620078146875
0 0.21315687031250002 0.6275923328124999 0.25501589375 0.8158348359375 0.353197590625 0.810178271875 0.3069591125 0.6291247171875 0.21315687031250002 0.6275923328124999
1 0.5823872765625 0.6131464609374999 0.643286453125 0.7965085937499999 0.7373528 0.7890233953125 0.6788751140625 0.60452265 0.5823872765625 0.6131464609374999
0 0.537429196875 0.7749692296874999 0.5433384 0.7945915625 0.6398363781249999 0.7951561703125 0.5797083953125 0.6132972984375 0.49333570312499997 0.6186309015625 0.537429196875 0.7749692296874999
1 0 0.0852168765625 0.013190207812499999 0.1503160875 0.092847115625 0.14534223125 0.0697368953125 0.04705119375 0 0.050975096875 0 0.0852168765625
1 0.14809233593749999 0.042944759375 0.07012789999999999 0.047006746875 0.09358138906249999 0.1465025703125 0.17323829531249998 0.141528715625 0.14809233593749999 0.042944759375
1 1 0.7680910390625 0.9264598328125 0.7767215890625 0.9903105421875 0.9607560765625 1 0.9604402453124999 1 0.7680910390625
0 0.22451829375000001 0.039564104687500004 0.148975871875 0.0422582390625 0.1739267890625 0.142731396875 0.25396951562500003 0.141039003125 0.22451829375000001 0.039564104687500004
1 0.3005887890625 0.0380798875 0.2258479625 0.039230193749999996 0.254203175 0.14102675781250001 0.331420178125 0.1390653796875 0.3005887890625 0.0380798875
1 0.3821723609375 0.0392262953125 0.30092068906249997 0.0376306421875 0.33161833125 0.138637915625 0.41036196562500005 0.13451113750000002 0.3821723609375 0.0392262953125
1 0.82872429375 0.7872173234375001 0.740134278125 0.7913383671875 0.7996142093749999 0.9715084109375001 0.8948222937500001 0.967277128125 0.82872429375 0.7872173234375001
1 0.7369547171875 0.7920267625 0.6456006515625 0.8017510203124999 0.7032900890625 0.9788316343749999 0.7979544078125 0.972353759375 0.7369547171875 0.7920267625
1 0.922968325 0.7762112984375 0.8341783843749999 0.7845902734375 0.900174115625 0.9753386468749999 0.99414725625 0.9719304484375 0.922968325 0.7762112984375
1 0.640729771875 0.8008615140625001 0.5508997203125 0.802468696875 0.6022727875 0.9856424531249999 0.7018087328125 0.9827010843749999 0.640729771875 0.8008615140625001
1 0.2958289578125 1 0.249095040625 0.8175944046874999 0.1583064546875 0.8218306703125 0.194767659375 1 0.2958289578125 1
1 0.40011058750000006 1 0.349016209375 0.8138744828125001 0.2525724421875 0.8193163374999999 0.299252596875 1 0.40011058750000006 1
1 0.48748915937500004 1 0.5038125046874999 0.9991445296875 0.44921420625 0.8108984187500001 0.3507898734375 0.8141689796874999 0.40106295156250005 1 0.48748915937500004 1
1 0.5130929562500001 1 0.60329198125 0.9952728703125 0.5466773593750001 0.802757140625 0.4517578234375 0.8094839578125 0.5038088859375 1 0.5130929562500001 1
1 0.19097054375 1 0.15647574687500002 0.8224483765624999 0.057528689062500006 0.8301446312499999 0.0861610078125 1 0.19097054375 1
1 0.606476309375 0.0216433921875 0.6416999359375 0.12980301562500002 0.715460240625 0.12467029999999998 0.6770115921875 0.01581395625 0.606476309375 0.0216433921875
1 0.4102835171875 0.1340981703125 0.48470133593750003 0.129064484375 0.4527466171875 0.0367788890625 0.38328401093750003 0.0391680359375 0.4102835171875 0.1340981703125
1 0.679174315625 0.016334165625 0.71613705 0.12584323749999998 0.7915488265625 0.12321686875 0.7417753640625 0.015587584375 0.679174315625 0.016334165625
1 0.5290266796875 0.0322890375 0.5633824 0.1294726078125 0.6397928109375 0.1273687609375 0.6030950265625 0.0247561671875 0.5290266796875 0.0322890375
1 0.526371515625 0.0333374484375 0.45356569531249996 0.0356347390625 0.4860113609375 0.1305465203125 0.5623155171875001 0.1290500609375 0.526371515625 0.0333374484375
1 0.8160371453125 0.012560564062499998 0.8683289406249999 0.12046009375 0.9400258562499999 0.1167026171875 0.8886432781250001 0.0123254171875 0.8160371453125 0.012560564062499998
1 0.791626578125 0.1276476484375 0.86635235 0.1205636828125 0.8242259796875 0.0366085546875 0.8119647296875 0.0131762171875 0.7474327421875 0.0178252953125 0.791626578125 0.1276476484375
1 0.9403145687500001 0.1154203859375 0.9805447421875 0.11567859218750001 0.974857640625 0.007162242187499999 0.891769575 0.0112518171875 0.9403145687500001 0.1154203859375