1 1 0.3307179578125 0.9662156968750001 0.319752546875 0.9668125328125001 0.44301741093749997 1 0.45406859062500005 1 0.3307179578125
1 0.88863071875 0.29894024375 0.8933306828124999 0.42512283437500004 0.96304105625 0.4449680765625 0.957739940625 0.3186216859375 0.88863071875 0.29894024375
1 0.7113680546875 0.25089337968750003 0.6381933171874999 0.226372378125 0.6333934375 0.2249049078125 0.6326272187499999 0.35044109843750004 0.7115769609375 0.37184649687500004 0.7113680546875 0.25089337968750003
1 0.71677319375 0.2508350453125 0.716606884375 0.37122174375 0.7958159328125001 0.40130782343750004 0.7941892187499999 0.2746174484375 0.71677319375 0.2508350453125
1 0.798571434375 0.2746496046875 0.7991211328125 0.40543077656250004 0.8813634499999999 0.43008565625 0.8789588437500001 0.298755375 0.798571434375 0.2746496046875
1 0.5562365171875 0.2030073984375 0.5517309312500001 0.32934905625 0.632784328125 0.35139760625 0.6333705843749999 0.22658965000000003 0.5562365171875 0.2030073984375
1 0.469989315625 0.17919104531250002 0.4645451625 0.30663592500000003 0.5485630828125 0.3302738125 0.554342771875 0.20227271875000002 0.469989315625 0.17919104531250002
0 0.22159220156249998 0.100899071875 0.13920639375 0.0748504671875 0.119538221875 0.2236954984375 0.20434681718749997 0.2490134390625 0.22159220156249998 0.100899071875
1 0.2217933984375 0.101821315625 0.20527828593750003 0.2527664859375 0.2918015890625 0.280001603125 0.3101244875 0.1305483046875 0.2217933984375 0.101821315625
0 0.38857308125 0.15367171562499998 0.37738792499999996 0.3084935125 0.4589202671875 0.332737459375 0.46838670000000004 0.1754909875 0.38857308125 0.15367171562499998
0 0.31080699843750004 0.12989623749999998 0.292571765625 0.28119662968750003 0.3769402953125 0.30494170781249996 0.3858825015625 0.1545705875 0.31080699843750004 0.12989623749999998
1 0.9655059625 0.45677317031250003 0.8853485453125 0.434036896875 0.884906340625 0.60085851875 0.9709663781250001 0.6278698265625 0.9655059625 0.45677317031250003
1 1 0.4676401515625 0.9695033765625001 0.4569661140625 0.9718707562500001 0.6351474453125 0.9804268687500001 0.6387463265625 1 0.5747255 1 0.4676401515625
1 0.62961203125 0.36192726249999996 0.551262490625 0.33917523125 0.5419207218750001 0.4996437921875 0.6291552546875 0.5228135015625 0.62961203125 0.36192726249999996
1 0.879189134375 0.440885153125 0.7948718703125001 0.415333790625 0.8003512515625 0.579208109375 0.88245474375 0.597308540625 0.879189134375 0.440885153125
1 0.710681090625 0.3895130109375 0.63275310625 0.3646493125 0.6290964109375 0.5213952843749999 0.71339470625 0.5541689875 0.710681090625 0.3895130109375
1 0.7137484828125 0.39277148125 0.7153553515625 0.555468528125 0.798212896875 0.5801005109374999 0.791709540625 0.4149860046875 0.7137484828125 0.39277148125
1 0.4558638390625 0.48033468749999997 0.540255278125 0.5012349515625 0.547832684375 0.33762491875 0.467099434375 0.315042625 0.46429570625 0.337782284375 0.4558638390625 0.48033468749999997
1 0.1206055375 0.22051189375 0.06802714843749999 0.2027677203125 0.02321764375 0.3493330078125 0.09582449531250001 0.37058535312499996 0.1206055375 0.22051189375
0 0.206349640625 0.25744034375 0.12161427656249998 0.227913334375 0.099416340625 0.371683490625 0.18806870625 0.3964549234375 0.206349640625 0.25744034375
0 0.3771302390625 0.3106399953125 0.2931338078125 0.28377314375 0.27910633906250004 0.42559438437499997 0.367550621875 0.451234290625 0.3771302390625 0.3106399953125
0 0.2922813875 0.282546159375 0.20824605 0.2562645421875 0.1904098046875 0.399502984375 0.2771593140625 0.4283572875 0.2922813875 0.282546159375
1 0.45904113906250005 0.33708289687500004 0.378310590625 0.3126137953125 0.36810576875 0.45070390312499997 0.4528918609375 0.47802583906249996 0.45904113906250005 0.33708289687500004
1 0.912108371875 0.8622060625 0.9095566249999999 0.7409479875 0.8370114531249999 0.7150707281249999 0.8283564562500001 0.9162305906249999 0.8901835124999999 0.9339190484375001 0.912108371875 0.8622060625
1 0.173797525 0.5149978796875 0.083260903125 0.48373202656250003 0.052766523437500004 0.6820157 0.1494395484375 0.71268953125 0.173797525 0.5149978796875
1 0.757490109375 0.6903116 0.74463403125 0.8945468015625 0.8262017640625 0.9161307953125 0.8324312921875 0.7151325640625 0.757490109375 0.6903116
1 0.2737921890625 0.5460064328125 0.2513739578125 0.74497193125 0.34619468750000004 0.7745204953125 0.3645244125 0.5688372578124999 0.2737921890625 0.5460064328125
0 0 0.666369946875 0.05239778125 0.679504390625 0.0802820875 0.48430526250000006 0 0.46192095625 0 0.666369946875
1 0.6469006875 0.6596301312499999 0.6369117890625 0.8622837109375 0.724976625 0.8903257546875001 0.732612703125 0.684726903125 0.6469006875 0.6596301312499999
1 0.36596163125 0.5754252265625001 0.3471067609375 0.7725635015625001 0.44041339218750003 0.7988543578125 0.45410586718749996 0.60628635 0.36596163125 0.5754252265625001
0 0.177994778125 0.5153771765624999 0.1517357296875 0.7156273890625 0.2503123015625 0.7452063078125 0.26968979531250004 0.550463659375 0.177994778125 0.5153771765624999
1 0.546265084375 0.6333329062499999 0.5404778671875 0.8355957078125 0.63566241875 0.861901740625 0.644238715625 0.6593851484375 0.546265084375 0.6333329062499999
0 0.444093990625 0.7765032734374999 0.4428769078125 0.7979306484375 0.5375695031250001 0.8330296484374999 0.543576684375 0.6325224 0.45672860000000004 0.6068528875 0.444093990625 0.7765032734374999
1 0.8699805375 1 0.8905431921875 0.9327425890625 0.8260338718750001 0.91748898125 0.82476958125 1 0.8699805375 1
0 0.315642284375 0 0.31307865625 0.0241398140625 0.392397765625 0.051127028124999994 0.3958165921875 0 0.315642284375 0
1 0.3966114765625 0 0.3926319296875 0.05119861875 0.46926860000000004 0.076909578125 0.47334353125 0 0.3966114765625 0
1 0.47377055625000003 0 0.46961656874999996 0.07655980625 0.5485300890625 0.100686090625 0.5547405578125 0 0.47377055625000003 0
1 0.7264338375 1 0.726162803125 0.8928324234374999 0.6375685375 0.8651757921875 0.6334686984375 1 0.7264338375 1
1 0.6310720671875 1 0.6341952359375 0.8647151171875 0.5408759421875 0.8415836531249999 0.53543605625 1 0.6310720671875 1
1 0.8227429046875001 1 0.8227831406250001 0.91573690625 0.7324672109375 0.8921993109375 0.73072243125 1 0.8227429046875001 1
1 0.532343115625 1 0.536404578125 0.8389645874999999 0.4474912625 0.8083899484374999 0.4329396265625 1 0.532343115625 1
1 0.05448543593750001 0.6869093984375 0.026131934375 0.877969871875 0.12619746874999999 0.908562975 0.14528301875 0.7152396515625 0.05448543593750001 0.6869093984375
1 0.14808590625 0.7181791578125 0.12957689375 0.9095961687499999 0.22917268750000003 0.9400456593750001 0.24487651875 0.7473472703125 0.14808590625 0.7181791578125
1 0.2465152375 0.748272025 0.23014567968750002 0.9403431328125 0.3316630359375 0.971380103125 0.3444758234375 0.780286078125 0.2465152375 0.748272025
1 0.43102661875 1 0.44323573906249997 0.8071623562499999 0.3474837984375 0.77980451875 0.331638171875 0.9713725015625 0.4252745 1 0.43102661875 1
1 0 0.8699805375 0.022339153125 0.8768103015625 0.052463899999999994 0.686862 0 0.6722619140625 0 0.8699805375
1 0.852084334375 0.2002167 0.8532066484374999 0.08514023125 0.7816925203125 0.06327616875 0.7777110578124999 0.1788643234375 0.852084334375 0.2002167
1 0.5558455343750001 0 0.54860085625 0.100251571875 0.623585253125 0.12193678125 0.6252152609375 0.0196716171875 0.564783221875 0 0.5558455343750001 0
1 0.9274294062499999 0.226023634375 0.9172371328125 0.1047163140625 0.8550825453125 0.08571375 0.852329790625 0.2016133671875 0.9274294062499999 0.226023634375
1 0.7717702453124999 0.0602426234375 0.70183618125 0.0425586875 0.7008129828125 0.1505038640625 0.7767074921875 0.17578586875 0.777370321875 0.0619547390625 0.7717702453124999 0.0602426234375
1 0.69884961875 0.0426400546875 0.62643053125 0.0188387640625 0.6243426953125 0.12386432968750001 0.6999151671875 0.1497060859375 0.69884961875 0.0426400546875
1 1 0.233494334375 0.9905841046875 0.1524822140625 0.98705695625 0.1260623765625 0.9404399937499999 0.11181014062500001 0.921794246875 0.1065063328125 0.925918896875 0.23041218593749999 1 0.249684940625 1 0.233494334375