1 0.9463171046875001 0.1948897140625 0.8939397328125 0.10680804531250002 0.823668765625 0.12048942656249999 0.8835704390625001 0.2273829484375 0.950563575 0.2148677890625 0.9463171046875001 0.1948897140625
1 0.7462363296875 0.13977435 0.8111084359375 0.24722794062500003 0.8812335093750001 0.23089624375 0.8157602078125 0.12358987031249999 0.7462363296875 0.13977435
0 0.5690833078125 0.183404515625 0.493695828125 0.19733973437500002 0.48881872031249995 0.1983763953125 0.5486303875 0.3079016203125 0.6275342578124999 0.28847484218749997 0.5690833078125 0.183404515625
1 0.57375120625 0.18074951718750001 0.63160329375 0.285508115625 0.7149143921875 0.2735044125 0.652467709375 0.1641285578125 0.57375120625 0.18074951718750001
1 0.65629048125 0.1620451 0.7197722015625 0.27549690312499997 0.8031021171875 0.257309196875 0.737744315625 0.14427365625 0.65629048125 0.1620451
0 0.41123538125000003 0.2165114671875 0.46818630937499994 0.3285387390625 0.5492276828125 0.308657621875 0.48961049375 0.19985232343749998 0.41123538125000003 0.2165114671875
1 0.3248299703125 0.23735789999999998 0.38149694843750004 0.350796659375 0.4658795765625 0.33086915 0.4092361578125 0.21678508281250003 0.3248299703125 0.23735789999999998
0 0 0.3386142484375 0.04179714375 0.4449079328125 0.1276760828125 0.42606029999999995 0.0713044765625 0.2889630265625 0 0.303410196875 0 0.3386142484375
0 0.07192357031249999 0.2896679953125 0.1302933859375 0.42887484843749996 0.21858567031249998 0.410868065625 0.16250517656250002 0.272087403125 0.07192357031249999 0.2896679953125
0 0.2418013078125 0.2543959296875 0.306669378125 0.39440553125 0.3891844984375 0.3762025875 0.3216551015625 0.2349127953125 0.2418013078125 0.2543959296875
0 0.16278400937499998 0.271191575 0.219830509375 0.41153608124999996 0.3045693875 0.3915328453125 0.23989675781250003 0.256473878125 0.16278400937499998 0.271191575
0 0.8890621578125 0.23997336093750002 0.8084679015624999 0.25882479531249997 0.8884504234374999 0.40409235 0.9762324031249999 0.3861141703125 0.8890621578125 0.23997336093750002
1 0.9805241406249999 0.3920064515625 0.9880424296875001 0.3911919390625 0.9533192734375 0.22783233281249998 0.892628075 0.2382151171875 0.9805241406249999 0.3920064515625
1 0.5515442687500001 0.31934181562499997 0.472513109375 0.33730848281250003 0.5417030640625 0.4813398765625 0.6286547484375 0.45945546562499995 0.5515442687500001 0.31934181562499997
1 0.80641575 0.267747178125 0.7208512296875 0.2861551140625 0.8045585765625001 0.4260068265625 0.8846102609375001 0.40218679375 0.80641575 0.267747178125
1 0.635266809375 0.3042678453125 0.5555845984375 0.3201952703125 0.6279203953125 0.4582506515625 0.716947815625 0.4461318109375 0.635266809375 0.3042678453125
1 0.63950154375 0.30562323281250003 0.7192772859375001 0.44631711875 0.803130684375 0.4278130765625 0.71793624375 0.2873763671875 0.63950154375 0.30562323281250003
1 0.45763438125 0.5060137484375 0.541022665625 0.48352585625 0.46878641718749997 0.337612990625 0.38776605625 0.3568757546875 0.396285053125 0.37799918906249996 0.45763438125 0.5060137484375
1 0 0.552552115625 0.010589709375 0.6023727828125 0.0919591234375 0.584057015625 0.041190721875 0.4416254796875 0 0.44914845156250005 0 0.552552115625
0 0.1334758234375 0.4324226609375 0.045632778125 0.4475751453125 0.0956087625 0.5832812609375 0.18456389687500002 0.5621064421875 0.1334758234375 0.4324226609375
1 0.3074795734375 0.39639609375 0.2215600546875 0.41350560625000005 0.27769566874999996 0.54358045 0.366888409375 0.5232610453125 0.3074795734375 0.39639609375
0 0.22022836875000001 0.4128494296875 0.13455698437500002 0.43048655937499997 0.1880662609375 0.5636288140625 0.2773351234375 0.546920953125 0.22022836875000001 0.4128494296875
1 0.3913829375 0.3799227875 0.30945595 0.3975436390625 0.367115209375 0.5225323859375 0.45394002499999997 0.50543810625 0.3913829375 0.3799227875
1 1 0.552944225 0.9773550999999999 0.5140258656250001 0.9018612062500001 0.5264784609375 0.9912509593750001 0.7055608 1 0.7035352703125 1 0.552944225
1 0.22927340312500002 0.6720578125000001 0.1355525171875 0.6884934734375 0.2045825421875 0.8755974546875 0.30334954375 0.8556904078124999 0.22927340312500002 0.6720578125000001
1 0.820845059375 0.5432645125 0.9080664531249999 0.7270450609375 0.9893308828125 0.7065121875 0.8979117390625 0.5287390171874999 0.820845059375 0.5432645125
1 0.331087509375 0.6508413984375 0.40746258125 0.8346470281249999 0.5040782078125 0.8146540046874999 0.42091473749999997 0.626977078125 0.331087509375 0.6508413984375
0 0.0391954125 0.712869115625 0.10454362343750001 0.8998576078125 0.20305234843750003 0.8735914921875001 0.1332406703125 0.6904271515625 0.0391954125 0.712869115625
1 0.70998376875 0.5698700484375 0.7989342296874999 0.7508938953125 0.8889545406250001 0.7328460156250001 0.796541053125 0.550394821875 0.70998376875 0.5698700484375
1 0.5895791406249999 0.766811796875 0.598844425 0.78602970625 0.6980226593750001 0.7709246265624999 0.606646871875 0.5936855078125001 0.5188266500000001 0.6132100953124999 0.5895791406249999 0.766811796875
1 0.42533716562499996 0.6320129671875 0.5039278328125001 0.8125129109375001 0.5976585937500001 0.7904167656250001 0.5167845609375 0.6163780703125 0.42533716562499996 0.6320129671875
0 0.23310271562499998 0.6703653187499999 0.30675979062500003 0.857138596875 0.40665312656249997 0.8353623453125 0.3296706171875 0.6566936343750001 0.23310271562499998 0.6703653187499999
0 0.60988250625 0.5954918625000001 0.702295140625 0.774151490625 0.7976647578125 0.7511637296875 0.70755301875 0.5709396078125 0.60988250625 0.5954918625000001
1 0 0.11704171249999999 0.031923353125 0.195078034375 0.1129062828125 0.1770150328125 0.0711343390625 0.07998791250000001 0 0.0951079828125 0 0.11704171249999999
0 0.072192034375 0.0797630921875 0.11380922499999999 0.178139884375 0.1957230578125 0.16338863125 0.14894591875000002 0.06382513749999999 0.12734300468749998 0.06804039218749999 0.072192034375 0.0797630921875
1 0.2268149 0.04993364375 0.15025683750000002 0.063265625 0.19596098906249998 0.1633380578125 0.27492947343749996 0.14876951875 0.2268149 0.04993364375
1 0.31077350625 0.0378511796875 0.2270824953125 0.049417715625000004 0.2750632859375 0.148297728125 0.35524648124999997 0.13125426406250001 0.31077350625 0.0378511796875
1 0.8008980796875 0.75309218125 0.8910036171875 0.9280599125 0.987649890625 0.9075171140625 0.8911926890625 0.7344540921875 0.8008980796875 0.75309218125
1 0.705525696875 0.779166321875 0.7921793328125 0.9490656625 0.889051453125 0.9284748578125 0.7977454140625 0.7543169234375 0.705525696875 0.779166321875
1 1 0.732805 0.986171015625 0.7078168375 0.8963649734375 0.730866028125 0.9902424812499999 0.906966040625 1 0.904892015625 1 0.732805
1 0.6084016625 0.795297915625 0.68901999375 0.9709928578125 0.7893671109375 0.9496634187499999 0.7003792203125 0.7790433640625001 0.6084016625 0.795297915625
1 0.36145505624999996 1 0.3009668640625 0.8599104640625 0.20843348750000001 0.8790244171875001 0.2537914703125 1 0.36145505624999996 1
1 0.47538453125 1 0.4029619140625 0.8398429937499999 0.3048181359375 0.8611159468749999 0.36511701875 1 0.47538453125 1
1 0.552552115625 1 0.58629065 0.992828653125 0.5053624375 0.8204954609374999 0.4048311421875 0.8398575265625 0.4765339203125 1 0.552552115625 1
1 0.5077437812500001 0.8186274484375 0.5862653859375 0.9928340234374999 0.6871419515625 0.9713920484375 0.6041130546875 0.7962808765625 0.5077437812500001 0.8186274484375
1 0.25030497500000004 1 0.20665433593750002 0.8799572109374999 0.10630749375 0.903955365625 0.13855264843749998 1 0.25030497500000004 1
1 0.54673886875 0 0.5920221390625 0.088808865625 0.6669244203125 0.0715409921875 0.6281939484375 0 0.54673886875 0
1 0.3550986328125 0.1308423453125 0.4306922015625 0.11356943125 0.382841871875 0.023862612499999998 0.31190548125 0.037610571875 0.3550986328125 0.1308423453125
1 0.62979045 0 0.6678105203125 0.07263715781249999 0.7448169953125 0.057678215624999994 0.7062216328125 0 0.62979045 0
1 0.4863274578125 0 0.46043625625000006 0.0068462359375 0.51155014375 0.1011995609375 0.589667184375 0.0866156234375 0.542334896875 0 0.4863274578125 0
1 0.4578807203125 0.008355956250000001 0.38349647187499997 0.022552895312499998 0.432278871875 0.11488052343749999 0.5103857875 0.10093845937499998 0.4578807203125 0.008355956250000001
1 0.7937364828125 0 0.8232072578125 0.0423627515625 0.8962149109374999 0.0268444953125 0.8772931796875 0 0.7937364828125 0
1 0.708388796875 0 0.74561885625 0.0622219296875 0.8211945328124999 0.04279056875 0.7905431828125 0 0.708388796875 0