1 0.954871275 0.20031795312499998 0.9059109515625 0.110983415625 0.8356688125 0.12212960625 0.891449784375 0.23041607812499998 0.95839719375 0.22031443281250002 0.954871275 0.20031795312499998
1 0.7581227109374999 0.138593696875 0.8188192890625 0.2476096578125 0.889008146875 0.23382524531249999 0.8277095781250001 0.12493461875 0.7581227109374999 0.138593696875
0 0.580726590625 0.17577343437499998 0.5053956828125 0.1869936796875 0.5005175671875 0.18785382343749998 0.556118246875 0.2987518125 0.635130184375 0.282198015625 0.580726590625 0.17577343437499998
1 0.58545290625 0.1732981546875 0.63927268125 0.2793921765625 0.722403921875 0.2703668 0.66418186875 0.1595254703125 0.58545290625 0.1732981546875
1 0.6680493421875 0.15758860624999999 0.7271582203125 0.272515509375 0.8105218046875 0.25734685 0.74953585 0.1427681953125 0.6680493421875 0.15758860624999999
1 0.4228613671875 0.20317026093749999 0.4755352796875 0.3164544875 0.5566851609375 0.2995237109375 0.5012526953124999 0.1893477546875 0.4228613671875 0.20317026093749999
1 0.336352378125 0.2208733421875 0.3886956015625 0.3355500265625 0.47316449374999997 0.31868948750000003 0.42086695625 0.2033724984375 0.336352378125 0.2208733421875
0 0 0.2808925859375 0.048168656250000004 0.41722458125 0.13408586875 0.40148901718749996 0.082853315625 0.2633173921875 0 0.27711300625 0 0.2808925859375
0 0.08344363437499999 0.264039346875 0.13658725 0.404376453125 0.224871534375 0.3895603140625 0.173986178125 0.24972634375 0.08344363437499999 0.264039346875
0 0.25332761875 0.2349102625 0.3128953765625 0.3762711578125 0.3954505078125 0.36105899375 0.3332846484375 0.21833354531250002 0.25332761875 0.2349102625
0 0.1742939703125 0.248846028125 0.226084409375 0.39026734375 0.31090962499999997 0.373343971875 0.25136486874999997 0.23690843906249998 0.1742939703125 0.248846028125
1 0.8964673078125 0.2431161125 0.815796928125 0.25903944375 0.8901896046875001 0.406150446875 0.9779662374999999 0.39134496093750004 0.8964673078125 0.2431161125
1 0.982023765625 0.39734848437500003 0.9895165390624999 0.39680100625 0.9606852984375 0.2332909171875 0.900068521875 0.24149341093749999 0.982023765625 0.39734848437500003
1 0.5586160718750001 0.31021933281249997 0.4795282046875 0.3253180515625 0.543248046875 0.47082515156250004 0.6303352703125 0.452109834375 0.5586160718750001 0.31021933281249997
1 0.813451153125 0.2678325703125 0.7278613046875 0.28314223125 0.8061393390625 0.42500216718750006 0.8864426859375 0.404123540625 0.813451153125 0.2678325703125
1 0.6422618984375 0.29815790781249996 0.5625980796875 0.31120792812500003 0.629647784375 0.45088725937499996 0.7184585296875 0.441946509375 0.6422618984375 0.29815790781249996
1 0.64641958125 0.2996519484375 0.7207649734375 0.44221171875 0.8046592312499999 0.42674700000000004 0.724924928125 0.284254084375 0.64641958125 0.2996519484375
1 0.458926871875 0.4924122296875 0.5424969796875 0.472973278125 0.4758175875 0.32549083749999996 0.39470993125 0.3418079984375 0.4024383125 0.3630911671875 0.458926871875 0.4924122296875
1 0 0.54374433125 0.005299390625 0.5737986703125 0.0931650109375 0.5572185265625 0.0476799703125 0.4139422828125 0 0.420939775 0 0.54374433125
0 0.139624396875 0.40801207812499996 0.0518847640625 0.420008053125 0.0968154046875 0.5565748640625 0.1858672640625 0.53863429375 0.139624396875 0.40801207812499996
1 0.31363101875 0.37827703281249997 0.2277335640625 0.392284321875 0.27897443593750004 0.5234708015625 0.36823265156249996 0.506388375 0.31363101875 0.37827703281249997
0 0.22643405312499998 0.3915860328125 0.1407647359375 0.4061261640625 0.189292034375 0.5402687390625001 0.2785010484375 0.52677710625 0.22643405312499998 0.3915860328125
1 0.39750472187499997 0.3648316296875 0.3155536390625 0.3794859515625 0.3684830078125 0.50567233125 0.45527876875000006 0.49171169375 0.39750472187499997 0.3648316296875
1 1 0.5657603703125 0.974661553125 0.51846698125 0.8992762171875001 0.5282105046875001 0.9818406796874999 0.7092447234375 1 0.7057031031250001 1 0.5657603703125
1 0.226458846875 0.6494298703125 0.13283898593750001 0.662496065625 0.194911875 0.8507911078125 0.293661775 0.83445170625 0.226458846875 0.6494298703125
1 0.8182583156250001 0.542067146875 0.8985075703125001 0.727693640625 0.9799014343750001 0.7101230984375 0.8952768343749999 0.5303189109375 0.8182583156250001 0.542067146875
1 0.328279340625 0.631895671875 0.3977588171875 0.8171694593750001 0.4943756640625 0.8006697359375 0.41828999375000003 0.6113133875 0.328279340625 0.631895671875
0 0.03632739375 0.6833590125 0.0947487359375 0.87141113125 0.19346190937500002 0.8487448671875001 0.13047682968750002 0.664336725 0.03632739375 0.6833590125
1 0.7072690109375 0.564640565625 0.789330234375 0.7475884171875 0.8793316359375 0.7327916109375 0.7938814140625 0.5483050921875 0.7072690109375 0.564640565625
1 0.42250686875000004 0.61647061875 0.4943003375 0.798537278125 0.5881255734375 0.7798476187500001 0.513841796875 0.6041208499999999 0.42250686875000004 0.61647061875
0 0.230319303125 0.6478816625 0.29699765 0.836009240625 0.3969304234375 0.8178519609375 0.3266703640625 0.637660659375 0.230319303125 0.6478816625
0 0.6069969296875 0.58661125625 0.6925773015625001 0.7673307453125 0.7880605015625 0.74781230625 0.70481865625 0.565618565625 0.6069969296875 0.58661125625
1 0.5813423671875 0.7585134250000001 0.58987754375 0.7779293968750001 0.68886983125 0.7663751671875 0.604269828125 0.5871030796875 0.516401796875 0.6034436234375 0.5813423671875 0.7585134250000001
1 0 0.17617537968750002 0.0460977734375 0.16756986406250002 0.013173685937499999 0.0781273078125 0 0.080450184375 0 0.17617537968750002
1 0.1280260328125 0.153543134375 0.0931515546875 0.0640250515625 0.013582849999999999 0.0780551609375 0.046996992187499996 0.1686696078125 0.1280260328125 0.153543134375
0 0.21072254375 0.1428883625 0.17111372656249998 0.050278217187499995 0.0941527421875 0.063848515625 0.1288836671875 0.154692134375 0.21072254375 0.1428883625
1 0.289868759375 0.13112161093750002 0.24794608906249999 0.0367305984375 0.1724479203125 0.050042962499999996 0.210960525 0.14284639999999998 0.289868759375 0.13112161093750002
1 0.37021770468750004 0.11651615 0.32937696562499996 0.022372139062499997 0.248407984375 0.036649154687500005 0.29001791718750003 0.1306575359375 0.37021770468750004 0.11651615
1 0.8814982499999999 0.7344671921875 0.79120411875 0.749840834375 0.8749265625 0.9274593953125001 0.971991021875 0.9111402984374999 0.8814982499999999 0.7344671921875
1 0.7880316406250001 0.7509478765625001 0.6956115390625001 0.7724255578125 0.777108446875 0.9470953359375001 0.873331821875 0.928536578125 0.7880316406250001 0.7509478765625001
1 1 0.757100125 0.9767190421875 0.7113092828124999 0.8867575890625 0.7310824546875 0.9784951062499999 0.9187493390625001 1 0.9153144265625001 1 0.757100125
1 0.690506040625 0.7721242187499999 0.5986233249999999 0.7850711718750001 0.6744146078125001 0.966795009375 0.7760784671875001 0.9512568968749999 0.690506040625 0.7721242187499999
1 0.354241728125 1 0.2911502953125 0.8385614640625001 0.19861693593750002 0.8543299421875 0.24748970781250001 1 0.354241728125 1
1 0.4661285140625 1 0.39311075 0.8221750625 0.2949324328125 0.8398932234375 0.3578740921875 1 0.4661285140625 1
1 0.53575681875 1 0.57518685625 0.9930474203124999 0.49544890468749997 0.8065180546875 0.3949661328125 0.8222545828125 0.46718353749999997 1 0.53575681875 1
1 0.49787779375 0.8047450546875 0.5754860749999999 0.9944030734375 0.6766753671875 0.976560671875 0.5943313625 0.785898453125 0.49787779375 0.8047450546875
1 0.2438039140625 1 0.1968182546875 0.8551947484375001 0.096358440625 0.87554375 0.13335134531249998 1 0.2438039140625 1
1 0.5682463640625001 0 0.6067700015625 0.082589321875 0.6817343171875 0.06804112031250001 0.6479304421875 0 0.5682463640625001 0
1 0.3305068296875 0.0221729125 0.3700851421875 0.11610175468749999 0.44573598593749997 0.1015726109375 0.4013265453125 0.0107810671875 0.3421768078125 0.02011518125 0.3305068296875 0.0221729125
1 0.6494130046875 0 0.682576221875 0.0691610328125 0.7595499390625 0.0569800640625 0.7242561000000001 0 0.6494130046875 0
1 0.4806570953125 0 0.5264442296875 0.09209803125 0.6045076328125 0.08032830156250001 0.5642054296875 0 0.4806570953125 0
1 0.463372121875 0 0.40483388593749997 0.009067046875 0.402048621875 0.009558164062500001 0.447266034375 0.10293045 0.5252972046875 0.0917980828125 0.47741536093750003 0 0.463372121875 0
1 0.80922418125 0 0.8379098875000001 0.0444930609375 0.9109326453125 0.031617178125 0.8902714203125001 0 0.80922418125 0
1 0.726253071875 0 0.7601890906250001 0.06152225625 0.8358967453125 0.044848031249999996 0.8061004296875 0 0.726253071875 0