1 1 0.23706547968749997 0.981403171875 0.2341250296875 1 0.34860097031250004 1 0.23706547968749997
1 0.899335225 0.2254848203125 0.924329471875 0.35313757031250004 0.9982513828125 0.36206638125 0.9726208406250001 0.2343441015625 0.899335225 0.2254848203125
0 0.7117505984375 0.20523944374999997 0.6335636625000001 0.19211218125 0.62845760625 0.191394571875 0.64780124375 0.319272984375 0.7313491937500001 0.3282961875 0.7117505984375 0.20523944374999997
1 0.71722630625 0.204306459375 0.7363533515625 0.32684742031249997 0.8215558015625 0.344662790625 0.7995988546875 0.2159965625 0.71722630625 0.204306459375
1 0.8040510171875 0.215321 0.8255707046874999 0.34832438906249996 0.9129807484375 0.3601223234375 0.8894907156249999 0.226859925 0.8040510171875 0.215321
1 0.54665010625 0.1815807953125 0.5623281890625 0.3108832890625 0.6481139859375 0.3202210015625 0.6287044484375001 0.19311278125 0.54665010625 0.1815807953125
1 0.45531036406250003 0.1712835015625 0.47021283125 0.301860415625 0.5592617234375 0.3123364 0.54461060625 0.1811392125 0.45531036406250003 0.1712835015625
0 0.1906917875 0.1317558390625 0.10291274375 0.1185627421875 0.1068109375 0.273216965625 0.196931478125 0.28527489687499996 0.1906917875 0.1317558390625
0 0.1910437765625 0.132661859375 0.19847826562499998 0.2889437140625 0.29064615625 0.3026755578125 0.285285303125 0.14761975 0.1910437765625 0.132661859375
0 0.3686000640625 0.1584723234375 0.3820646671875 0.3178378421875 0.468688371875 0.329332334375 0.45309100156250004 0.1677770875 0.3686000640625 0.1584723234375
0 0.285873390625 0.14684584843749998 0.2916192609375 0.303767221875 0.3810411296875 0.31429562187500004 0.3660137765625 0.159821953125 0.285873390625 0.14684584843749998
1 1 0.3733648 0.9176580765625 0.3634992875 0.9439478265625001 0.5333403234375 0.9990802546875001 0.5415077375 1 0.534963409375 1 0.3733648
1 0.646582496875 0.3314494609375 0.5634277812499999 0.3209588203125 0.5796681031250001 0.48577294374999996 0.671906125 0.4952525859375 0.646582496875 0.3314494609375
1 0.9125052484375 0.371464090625 0.8228458890624999 0.3590892 0.8546723796875 0.5249737609375 0.9408909859374999 0.5301238609375 0.9125052484375 0.371464090625
1 0.733271703125 0.3464196859375 0.6502063109375 0.333711928125 0.6716190984375 0.49381881875 0.7624168203125 0.513546740625 0.733271703125 0.3464196859375
1 0.736906721875 0.3492399625 0.7646147484375 0.514552353125 0.85264544375 0.5262275468750001 0.819581059375 0.3592463890625 0.736906721875 0.3492399625
1 0.4892439265625 0.480031790625 0.5782330671875 0.487661403125 0.5596987765625 0.3199354625 0.4741523109375 0.31000283125 0.47495188437499997 0.33359748749999996 0.4892439265625 0.480031790625
1 0.012997390624999999 0.37255535625 0.011243115625 0.4143378125 0.10629038125000001 0.4265353375 0.10738375781250001 0.2698045953125 0.02930463125 0.25652330624999997 0.012997390624999999 0.37255535625
0 0.2003145953125 0.2935270046875 0.1095937296875 0.2771737875 0.11011134687499999 0.427072340625 0.20404489531249997 0.4379528453125 0.2003145953125 0.2935270046875
1 0.382147215625 0.32006390625000003 0.29260258281249996 0.3062984234375 0.3010990953125 0.452893046875 0.39496068281249996 0.46469100625 0.382147215625 0.32006390625000003
0 0.2915408953125 0.30518753125 0.2020505859375 0.2920239140625 0.20690915625 0.440676384375 0.2995661265625 0.456019465625 0.2915408953125 0.30518753125
1 0.46950752656250005 0.333735025 0.38366138125 0.3218818078125 0.395439028125 0.46406151875 0.48585793749999995 0.4781624953125 0.46950752656250005 0.333735025
1 0.9371102718750001 0.8634254296874999 0.9535554312500001 0.865433684375 0.9810261671875 0.66996924375 0.9136509453125001 0.657311940625 0.9371102718750001 0.8634254296874999
1 0.208563003125 0.56089721875 0.11167640000000001 0.543712075 0.1125124390625 0.7504283984375 0.215531284375 0.766019246875 0.208563003125 0.56089721875
1 0.8289854 0.644968128125 0.8486744500000001 0.8548903140625 0.934907728125 0.863672128125 0.9090129765625001 0.6581151484375 0.8289854 0.644968128125
1 0.31500624843749997 0.5762918375 0.324147128125 0.7823967015625 0.4251059328125 0.7971417828125 0.41073936250000004 0.584861278125 0.31500624843749997 0.5762918375
0 0.0094172296875 0.5333278578125 0.0067165609375 0.7386275859375 0.1117357265625 0.7479323109375 0.10874541874999999 0.5447769 0.0094172296875 0.5333278578125
1 0.71184316875 0.63161878125 0.734188290625 0.83946798125 0.82804984375 0.8537718562500001 0.8028450406250001 0.6433056171875 0.71184316875 0.63161878125
1 0.41325376093750005 0.5913333734374999 0.4257178203125 0.7950027890625 0.5246179859375 0.8066773125 0.5076477374999999 0.608493309375 0.41325376093750005 0.5913333734374999
0 0.21288310781250003 0.560604825 0.21833229843750002 0.7686378921875 0.32310734218750004 0.782806815625 0.3115576109375 0.5814908875 0.21288310781250003 0.560604825
1 0.6055046484375 0.621122340625 0.6320509390625 0.8278947499999999 0.732859225 0.83928119375 0.7091025734375 0.6317997156249999 0.6055046484375 0.621122340625
0 0.5247705296875 0.783336371875 0.526969871875 0.805339109375 0.6286882796875 0.8257534156249999 0.602646590625 0.6207320328125 0.51040005625 0.6086459546875 0.5247705296875 0.783336371875
1 0.09993959375 0 0.10004177343750001 0.0138814703125 0.1851271140625 0.024969584375 0.1841712546875 0 0.09993959375 0
1 0.184639578125 0 0.1856632921875 0.0263497140625 0.2707486359375 0.0374378296875 0.26861182031249997 0 0.184639578125 0
0 0.26925618125 0 0.271227790625 0.0388534171875 0.35604523593750004 0.053497371875 0.3512377109375 0 0.26925618125 0
1 0.35206441875 0 0.3562943390625 0.053532381250000004 0.43818512187499997 0.067311084375 0.43119875781249994 0 0.35206441875 0
1 0.43162429218750004 0 0.43848217343749996 0.0668988890625 0.5224294765625 0.0786969140625 0.5149484765625 0 0.43162429218750004 0
1 0.852686578125 1 0.8296553328125 0.8561311015624999 0.7353182968749999 0.84230501875 0.75527695625 1 0.852686578125 1
1 0.752940134375 1 0.7318212828124999 0.842381421875 0.633414659375 0.8339241703125 0.653773628125 1 0.752940134375 1
1 0.93464336875 1 0.9431986609375 0.9391259328125001 0.931375425 0.8638238234375001 0.8359514765625 0.8544678343750001 0.8564710703125 1 0.93464336875 1
1 0.650605809375 1 0.6284573953125 0.8319815171875 0.533328890625 0.8152374312499999 0.548256884375 1 0.650605809375 1
1 0.1150411375 0.75513075 0.11686328906250001 0.9510674328125001 0.22316005 0.9660064687500001 0.211722034375 0.769286240625 0.1150411375 0.75513075
1 0.2150375140625 0.77182466875 0.22674875 0.9665108281249999 0.33265021093749997 0.9813943078125 0.317934346875 0.7858641828125 0.2150375140625 0.77182466875
1 0.3197455171875 0.78654041875 0.33369695 0.9815414171875 0.441632825 0.9967108140625 0.42428577343749996 0.803287065625 0.3197455171875 0.78654041875
1 0.5461277484375 1 0.528813684375 0.81467595625 0.4272610375 0.802310825 0.44165565000000007 0.9967140234375 0.465036590625 1 0.5461277484375 1
1 0.006979784375000001 0.743244146875 0.002104346875 0.934939115625 0.11285918125000001 0.9505046921875 0.112982115625 0.7554092484375 0.006979784375000001 0.743244146875
1 0.846424884375 0.1309236140625 0.8332939625 0.041927625 0.756496428125 0.0311344359375 0.7675295609375 0.12121468906249999 0.846424884375 0.1309236140625
1 0.515822496875 0 0.52243164375 0.0782432796875 0.602000471875 0.0881921453125 0.5906489796875001 0.007826096875 0.5349634078125 0 0.515822496875 0
1 0.9270203546875001 0.145008746875 0.9042511718749999 0.0519000109375 0.8348790984375001 0.0421504015625 0.8468978281249999 0.13230529062500002 0.9270203546875001 0.145008746875
1 0.7660177359375 0.11824403750000001 0.752735990625 0.030605940625 0.6723130187499999 0.0193032296875 0.6849488390625 0.10478191249999999 0.7660177359375 0.11824403750000001
1 0.6839098796874999 0.1041151484375 0.6696245937499999 0.018925395312500003 0.591818571875 0.007990471875 0.6030780640625 0.0900313328125 0.6839098796874999 0.1041151484375
1 1 0.134199478125 0.9800433515625 0.0625519078125 0.9075266375 0.052360346875 0.9261909171875 0.149718990625 1 0.1569237625 1 0.134199478125