1 1 0.21853266875 0.93452241875 0.21166973125 0.9618054953125 0.3373159953125 1 0.341613471875 1 0.21853266875
1 0.85097453125 0.207272221875 0.88306930625 0.335005121875 0.9583852265624999 0.34012494375 0.9256425453125001 0.2123553796875 0.85097453125 0.207272221875
1 0.659980778125 0.196719040625 0.5801234921875 0.1875801046875 0.57491578125 0.1871244890625 0.6013016953125 0.3153841828125 0.6863683578125 0.3200906625 0.659980778125 0.196719040625
1 0.665474940625 0.19548640781249998 0.6913576734375 0.31836150937499996 0.7785670578125 0.3318692203125 0.7494934390625 0.2029511875 0.665474940625 0.19548640781249998
1 0.7539650234375 0.2020328984375 0.7828266359375 0.3353588109375 0.8719509953125 0.342666359375 0.8410807625000001 0.20918273437499998 0.7539650234375 0.2020328984375
1 0.4915691578125 0.1815267671875 0.5143196890625 0.3114199078125 0.60166875 0.316326075 0.5752570828125 0.1888485109375 0.4915691578125 0.1815267671875
1 0.3985460609375 0.175944028125 0.420579115625 0.3071665703125 0.5112923890625 0.313051040625 0.4894808140625 0.18118813125 0.3985460609375 0.175944028125
0 0.1285349578125 0.1499683890625 0.038962801562499996 0.14126986875 0.051135425 0.2974156125 0.1430178125 0.30484275312500003 0.1285349578125 0.1499683890625
1 0.128939515625 0.15086575 0.144778971875 0.3084700875 0.2388231984375 0.3174813046875 0.22514837187499998 0.161006875 0.128939515625 0.15086575
0 0.31007624843750003 0.167575134375 0.3321848125 0.327978271875 0.42049691874999995 0.33502060624999996 0.39611260000000004 0.1725164265625 0.31007624843750003 0.167575134375
0 0.22570260625 0.160193396875 0.23986646875 0.31853352031250004 0.330960140625 0.324451265625 0.307529590625 0.1690762703125 0.22570260625 0.160193396875
1 1 0.500440075 0.9634511578125 0.351635534375 0.8768660984375 0.34583317812500003 0.9125164546875 0.5161489687499999 0.9997719609375 0.5244369671875 1 0.5218304687499999 1 0.500440075
0 1 0.3551163984375 0.9675654984375001 0.3509648265625 1 0.4944876265625 1 0.3551163984375
1 0.60071545625 0.327758725 0.5159688640625 0.3215479140625 0.5411774640625 0.48731275937499996 0.6350665249999999 0.4920213953125 0.60071545625 0.327758725
1 0.8720728453125 0.3541577484375 0.7806405140625 0.3463857953125 0.821686009375 0.51240905 0.909250525 0.5130587640625001 0.8720728453125 0.3541577484375
1 0.689278746875 0.338311484375 0.604504665625 0.3298544984375 0.6346996671875 0.49058705937499997 0.7276756171875001 0.5057325890625 0.689278746875 0.338311484375
0 0.6931089703125 0.3409705953125 0.729954359375 0.506633071875 0.8197005624999999 0.5137837281250001 0.77734345625 0.346717265625 0.6931089703125 0.3409705953125
1 0.4493236515625 0.4862877796875 0.539825034375 0.48929779218749997 0.5121390640625 0.3207104140625 0.4250006671875 0.31519014843750004 0.427065165625 0.3390015296875 0.4493236515625 0.4862877796875
1 0.051533865624999994 0.29393551093750003 0.016476048437499998 0.28984743281249997 0.002621175 0.4482093640625 0.0587633046875 0.4524443859375 0.051533865624999994 0.29393551093750003
0 0.14688191718750002 0.31300663125 0.054163278125000006 0.3012687875 0.062660340625 0.45278533125 0.1583405171875 0.45882059374999995 0.14688191718750002 0.31300663125
0 0.33238678906249997 0.33022440625 0.2409966484375 0.3210405328125 0.25739607656249996 0.468795175 0.3530521953125 0.4757617640625 0.33238678906249997 0.33022440625
0 0.239862675 0.319973559375 0.14855954375 0.31139528906249997 0.16138525312500002 0.4614226421875 0.25601033906250004 0.4720369328125 0.239862675 0.319973559375
0 0.421560434375 0.3394283265625 0.3340164765625 0.33198223437499996 0.35350300625000003 0.47510008593749997 0.4457961390625 0.4845769265625 0.421560434375 0.3394283265625
1 0.9828793953125 0.7175198765624999 0.9679462359375 0.6537420921875 0.88843685625 0.6430826328125 0.9231509062500001 0.8502186171874999 0.9709798 0.853532878125 0.9828793953125 0.7175198765624999
1 0.1694541328125 0.5828756625 0.0704488453125 0.5706226375 0.082290390625 0.7795637796875 0.18741936406249998 0.789880903125 0.1694541328125 0.5828756625
1 0.8020620812500001 0.6350781609375 0.8331615609374999 0.8462639187500001 0.9209340984375001 0.8505844343750001 0.8837839437499999 0.6441397875 0.8020620812500001 0.6350781609375
1 0.2780396453125 0.5928134093749999 0.2982567640625 0.800697446875 0.4012550984375 0.810268396875 0.3754188375 0.5964171265625 0.2780396453125 0.5928134093749999
0 0 0.7741437828125 0.0813712578125 0.777081346875 0.0675380625 0.5718540609375 0 0.567631825 0 0.7741437828125
0 0.68275335 0.6277736093749999 0.7164316609375 0.8367232437500001 0.81222103125 0.8462232578125001 0.7755082859375 0.6347790015625 0.68275335 0.6277736093749999
1 0.37830874531249997 0.6028273671875 0.40176082031250004 0.808073584375 0.5025115984374999 0.8146490765625 0.47478907187499997 0.61518665 0.37830874531249997 0.6028273671875
0 0.17381239843750002 0.582351728125 0.19039448750000001 0.79238025 0.29722586562500003 0.80116701875 0.2748246640625 0.5982517984375 0.17381239843750002 0.582351728125
1 0.5745343953125001 0.6227822671875 0.6124088359375001 0.8304212484375 0.7150761343750001 0.8366046515625 0.6799883015625 0.6281013796875 0.5745343953125001 0.6227822671875
0 0.5014245500000001 0.7910438734375 0.5048215500000001 0.8131718796875 0.6088904734375 0.8284341375000001 0.5716200390624999 0.622538734375 0.4775837296875 0.6151955015625 0.5014245500000001 0.7910438734375
1 0.0418344125 0 0.038665207812500005 0.0362241765625 0.1172212046875 0.042304114062499995 0.113366015625 0 0.0418344125 0
1 0.113832596875 0 0.11783745781249999 0.043671053125 0.204570459375 0.0503838578125 0.199023246875 0 0.113832596875 0
1 0.9581655874999999 1 0.97101431875 0.8531383265624999 0.921056965625 0.8520067250000001 0.9500851640624999 1 0.9581655874999999 1
0 0.1997600234375 0 0.205130865625 0.0517896578125 0.2917817734375 0.062111490625 0.2828824875 0 0.1997600234375 0
1 0.2838162671875 0 0.29203583437499997 0.06213371875 0.3756776671875 0.0717354859375 0.3643859453125 0 0.2838162671875 0
1 0.3648255546875 0 0.3759564875 0.07130306875 0.461575059375 0.078793721875 0.449870409375 0 0.3648255546875 0
1 0.8464976875 1 0.81397196875 0.8485235421875 0.7177266171875 0.8395316984375001 0.7466997937500001 1 0.8464976875 1
1 0.74432653125 1 0.7141901875000001 0.8397937687500001 0.6141102125 0.8364447734375 0.642979040625 1 0.74432653125 1
1 0.9489081781250001 1 0.9173659453124999 0.8509244875 0.820257928125 0.8465092484375001 0.850227190625 1 0.9489081781250001 1
1 0.639710009375 1 0.6089879859375 0.834742803125 0.511786115625 0.8228427578125 0.535541175 1 0.639710009375 1
1 0.0851006453125 0.7841840984374999 0.096402221875 0.9665996890624999 0.20404100781249998 0.9760168625000001 0.183736521875 0.7933850859375 0.0851006453125 0.7841840984374999
1 0.18722824062500001 0.79577614375 0.20766905000000002 0.9763342749999999 0.31543709531249997 0.98576275625 0.29215117031250004 0.8045313515625001 0.18722824062500001 0.79577614375
1 0.2940208265625 0.805119284375 0.31656423437500003 0.98586136875 0.4263576109375 0.9954670453125001 0.40075160312499997 0.8165244796875 0.2940208265625 0.805119284375
1 0.53325583125 1 0.5071849046875 0.8225137609375001 0.4037119359375 0.8153802718750001 0.4266321765625 0.995491065625 0.47816952968750004 1 0.53325583125 1
1 0 0.9581655874999999 0.09247448593749999 0.96625605625 0.083030834375 0.7845744796874999 0 0.77942494375 0 0.9581655874999999
1 0.792376690625 0.1144695453125 0.7737120046875 0.022036778125 0.695467321875 0.015191256249999998 0.7119840296875 0.10882390625 0.792376690625 0.1144695453125
1 0.4507576703125 0 0.461553125 0.0783349953125 0.542640425 0.084187609375 0.5262569187499999 0.00038726406250000003 0.5218304703125 0 0.4507576703125 0
1 0.87472340625 0.12444956562500001 0.84575976875 0.028340140625 0.7753752109375001 0.022182290625 0.79292900625 0.11584139062500001 0.87472340625 0.12444956562500001
1 0.7102954 0.10590055312499999 0.6915371125 0.0148474078125 0.6095252515625 0.0076722984375 0.6275025109375 0.0965753984375 0.7102954 0.10590055312499999
1 0.6264151703125 0.0959562296875 0.606718071875 0.007426703125000001 0.5274628765625 0.000492771875 0.5438292421875001 0.08599003125 0.6264151703125 0.0959562296875
1 1 0.0418344125 0.9266302718749999 0.03541539375 0.9580145265625 0.133124403125 1 0.13679765625 1 0.0418344125
0 0.8492770171874999 0.028647860937500002 0.874134190625 0.1292553484375 0.9558653640625 0.13293637656249999 0.9231511109375001 0.035703234375 0.9229338296874999 0.035091996874999996 0.8492770171874999 0.028647860937500002