1 1 0.391168090625 0.9880761015624999 0.30363620468749997 0.91918219375 0.28901555156250003 0.932362975 0.40871252656249996 1 0.4236042875 1 0.391168090625
1 0.84165004375 0.27671212500000003 0.85911690625 0.39882513125 0.92889689375 0.4109925328125 0.910829028125 0.28878172812499997 0.84165004375 0.27671212500000003
1 0.6644573890625 0.24812006250000002 0.59083241875 0.2317634328125 0.58601741875 0.23082749218749998 0.5981056359375 0.352870259375 0.6770248234375 0.365610646875 0.6644573890625 0.24812006250000002
1 0.6697046656250001 0.24751185000000003 0.681849528125 0.36449041718749997 0.7619081171875 0.385638053125 0.747376228125 0.26271811718750004 0.6697046656250001 0.24751185000000003
1 0.7516385765625 0.26230219843749997 0.7655418984375 0.3893064453125 0.8479933093750001 0.40486788906250004 0.8322310765625 0.2775194296875 0.7516385765625 0.26230219843749997
1 0.5087903593750001 0.21742605625000003 0.5173266375 0.340632934375 0.598356109375 0.353783521875 0.586167428125 0.2324666359375 0.5087903593750001 0.21742605625000003
1 0.42253233124999995 0.20308793593750002 0.43026919374999995 0.327462421875 0.514342346875 0.341854628125 0.506874734375 0.216905515625 0.42253233124999995 0.20308793593750002
0 0.17311251249999998 0.1523698046875 0.0903791703125 0.1354689296875 0.08647937343749999 0.282086128125 0.1714927234375 0.29802990625 0.17311251249999998 0.1523698046875
1 0.1734023296875 0.15324527968749999 0.1727816703125 0.3015811296875 0.2596575234375 0.31921257187499996 0.262187671875 0.1721416828125 0.1734023296875 0.15324527968749999
0 0.340795421875 0.1866023421875 0.3457512140625 0.338160659375 0.427470596875 0.353395309375 0.4205965171875 0.1996566796875 0.340795421875 0.1866023421875
0 0.26278434375000004 0.171438525 0.26052821718749997 0.3202950109375 0.344953084375 0.33475558125 0.3382723421875 0.1877501875 0.26278434375000004 0.171438525
1 0.9324993015624999 0.42221024218750003 0.8522703281249999 0.408300075 0.8688938453124999 0.570420603125 0.955296575 0.5878818781249999 0.9324993015624999 0.42221024218750003
0 1 0.4370109203125 0.9364041015625 0.42198980312499995 0.9569194890625001 0.594860159375 0.9890335015625 0.6045622671875 1 0.548144525 1 0.4370109203125
1 0.596349353125 0.3643373 0.5178758390625 0.350227346875 0.52520045625 0.507083671875 0.612351965625 0.5206928 0.596349353125 0.3643373
1 0.846984075 0.41558199843750004 0.762424384375 0.3993613015625 0.7845017875 0.55801414375 0.86614825 0.5672217859375001 0.846984075 0.41558199843750004
1 0.6779600859375 0.38286594687500003 0.599680415625 0.3666613921875 0.6121498 0.5193209359375001 0.6974293546875 0.542560425 0.6779600859375 0.38286594687500003
0 0.6812743718750001 0.3857187171875 0.699467746875 0.5436229296875 0.782514753125 0.5590993515625 0.759315375 0.3993460953125 0.6812743718750001 0.3857187171875
1 0.43958814999999996 0.4971051484375 0.523744471875 0.5087995046875 0.5143839390625 0.3490711203125 0.43361105625 0.33536930625 0.43321067500000005 0.35774809531249996 0.43958814999999996 0.4971051484375
1 0.08719125 0.2788841890625 0.0358612109375 0.26736553750000003 0.0073061921875 0.4142683765625 0.07844784375 0.42721658281249997 0.08719125 0.2788841890625
0 0.1743007 0.3060126921875 0.08892825 0.285972121875 0.0820510078125 0.42791696718749994 0.170744240625 0.44293757031250003 0.1743007 0.3060126921875
0 0.3457201953125 0.34027236875 0.2613378484375 0.322740871875 0.2622022296875 0.46195853593749997 0.35078200625 0.47784413593749997 0.3457201953125 0.34027236875
0 0.26038395468750003 0.32163577499999996 0.17602361875 0.30467683437500004 0.173331134375 0.44566002656250003 0.2605923578125 0.46484150625 0.26038395468750003 0.32163577499999996
0 0.42803228281249994 0.35760477968750004 0.347069146875 0.34206956875 0.3512673328125 0.47727219375 0.436463671875 0.49516524687499996 0.42803228281249994 0.35760477968750004
1 0.834020253125 0.6862705609375 0.8461719984375 0.8825904093749999 0.9316726109375001 0.8976141875 0.9071719953124999 0.7040091015625001 0.834020253125 0.6862705609375
1 0.1689921421875 0.5595641078125 0.077803715625 0.5384261234375 0.0684358109375 0.7341800968750001 0.16552767031249999 0.7541167453125001 0.1689921421875 0.5595641078125
1 0.7542026921875 0.670330184375 0.7625857953125 0.8700665531249999 0.8440676593750001 0.882713315625 0.8295751296875 0.6867979937500001 0.7542026921875 0.670330184375
1 0.269346509375 0.5794870140625 0.2678974890625 0.7750793234375 0.36307408125 0.7941117296875 0.35986277499999997 0.59240999375 0.269346509375 0.5794870140625
0 0 0.7221576234375 0.0678207140625 0.7317778640625 0.0749672109375 0.5392870078125 0 0.526633978125 0 0.7221576234375
0 0.64358474375 0.6518061421875 0.654592771875 0.8497133203124999 0.7430493234375 0.867971434375 0.72945351875 0.667442859375 0.64358474375 0.6518061421875
1 0.36193305468750003 0.5986638765625 0.36376047031250003 0.7921173453125 0.4571324921875 0.8081392234375 0.45075495625000006 0.6196527609375 0.36193305468750003 0.5986638765625
0 0.1731102125 0.559504325 0.1680596421875 0.756736715625 0.26688962968749996 0.775415365625 0.26581504375 0.5842360375 0.1731102125 0.559504325
1 0.5430890625 0.636525921875 0.55814074375 0.8336247015625 0.653339465625 0.849469703125 0.6409725390625 0.6518397546875 0.5430890625 0.636525921875
0 0.458424821875 0.7860484796875 0.45943235 0.8069904187500001 0.5550517984375001 0.8314284171875 0.540393359375 0.6360127999999999 0.45336189843749997 0.6199355578125 0.458424821875 0.7860484796875
1 0.094410459375 0 0.092798090625 0.036216028125 0.173076146875 0.05098864374999999 0.1737638953125 0 0.094410459375 0
1 0.1741934671875 0 0.1735176203125 0.0523222421875 0.25379567812500003 0.0670948609375 0.2534383296875 0 0.1741934671875 0
1 0.9121681921875 1 0.93250235625 0.8953897984375001 0.844043325 0.8840499906250001 0.8544493375 1 0.9121681921875 1
0 0.254250228125 0 0.254181240625 0.0684591625 0.33403001875 0.08658486875 0.330734790625 0 0.254250228125 0
1 0.331905065625 0 0.3342649203125 0.086630528125 0.41137617656250003 0.10379000625000001 0.405986678125 0 0.331905065625 0
1 0.4064404375 0 0.4116786109375 0.1034146796875 0.4908407375 0.1188022375 0.4864494953125 0.017234465625 0.42269359218749997 0 0.4064404375 0
1 0.7584386078125 1 0.744458409375 0.8702857500000001 0.6555267046875 0.8524561046875 0.66652765 1 0.7584386078125 1
1 0.664297184375 1 0.6522011109375 0.8523527468750001 0.5591397484375 0.8394016671875001 0.5704799421875 1 0.664297184375 1
1 0.85299245 1 0.84070484375 0.8826794687499999 0.750520925 0.869027346875 0.7621612718749999 1 0.85299245 1
1 0.5675049578125 1 0.5545263078125 0.8373133703125 0.4649862265625 0.8166812953125 0.470305334375 1 0.5675049578125 1
1 0.0706066734375 0.7387591671875 0.0627054046875 0.9243568890624999 0.1629430234375 0.9438411078125 0.1617486359375 0.75701844375 0.0706066734375 0.7387591671875
1 0.16477324375 0.7595883125 0.16632715781250001 0.9444989171874999 0.266192009375 0.963910678125 0.2618254671875 0.77805008125 0.16477324375 0.7595883125
1 0.26351266562500003 0.7787813124999999 0.26717908125 0.9641025453125 0.36896238124999997 0.9838872140625 0.36199290781250004 0.79988866875 0.26351266562500003 0.7787813124999999
1 0.4683835171875 1 0.4607248046875 0.8159228609375001 0.3648671203125 0.7991138765625 0.36898390625 0.9838913984375001 0.451855475 1 0.4683835171875 1
1 0 0.9121681921875 0.058929540625 0.9236229359375001 0.068637103125 0.7389193953125 0 0.7273696281250001 0 0.9121681921875
1 0.7133878499999999 0.05528116875 0.7215728140625 0.171370675 0.7960387296875 0.1845265328125 0.7848258703125001 0.0669473640625 0.7133878499999999 0.05528116875
1 0.490865096875 0.11837286093749999 0.5659589828125 0.131789721875 0.557089153125 0.032267762500000005 0.4875670546875 0.017451696875 0.490865096875 0.11837286093749999
1 0.7868432859375 0.0679989375 0.7964200609375001 0.1858584171875 0.8719044953124999 0.201911046875 0.8491498343749999 0.08274780781249999 0.7868432859375 0.0679989375
1 0.6338964296875 0.0466852984375 0.6439366546875 0.15166375 0.7202827562499999 0.168482209375 0.7092620562499999 0.057534659375 0.6338964296875 0.0466852984375
1 0.63100211875 0.0470690984375 0.5581851343750001 0.0313345984375 0.56689218125 0.133585140625 0.64298251875 0.1509802828125 0.63100211875 0.0470690984375
1 1 0.13573210625 0.9957006937499999 0.11585039374999999 0.9235922390625 0.09811814375 0.9487790687500001 0.218172803125 1 0.22812914375 1 0.13573210625
0 0.8708850546875 0.2063288734375 0.9467919734375 0.2177865515625 0.9257666140625 0.12401765625000001 0.919398628125 0.09772164375 0.8542100765624999 0.086369125 0.8708850546875 0.2063288734375