1 1 0.299079296875 0.9308734875000001 0.2881535625 0.9503006609375 0.40699666562500003 1 0.4152393140625 1 0.299079296875
1 0.85280368125 0.279924715625 0.8766375078124999 0.4009562265625 0.9469586578125 0.40945495000000004 0.9225195328125 0.2883572296875 0.85280368125 0.279924715625
0 0.674357471875 0.26064538593750003 0.5999773625 0.2481644046875 0.5951199765624999 0.24748174375 0.6135788515625 0.36872460625 0.6930566640625 0.377317225 0.674357471875 0.26064538593750003
1 0.6795657234375 0.25976338593750004 0.6978161265625 0.3759460234375 0.77887178125 0.3928747359375 0.7579266765625 0.270883796875 0.6795657234375 0.25976338593750004
1 0.7621614171875 0.27024537187500003 0.782692571875 0.3963479203125 0.8658454093750001 0.407572865625 0.843439875 0.281223865625 0.7621614171875 0.27024537187500003
1 0.517297378125 0.2381404265625 0.53227010625 0.3607317 0.6138767765625001 0.369623509375 0.5953555671874999 0.249110790625 0.517297378125 0.2381404265625
1 0.43040716406249996 0.228336353125 0.44464268125000006 0.35213547031250003 0.5293538437499999 0.3621079046875 0.5153571328125001 0.23772085468749998 0.43040716406249996 0.228336353125
0 0.178674784375 0.190741353125 0.0951703015625 0.17819356875 0.0989491984375 0.32481393281250004 0.184680475 0.33628660625 0.178674784375 0.190741353125
0 0.17901002500000002 0.191600459375 0.18615351093750002 0.3397655046875 0.2738330640625 0.352826053125 0.2686626484375 0.2058243015625 0.17901002500000002 0.191600459375
0 0.34791948125 0.21615113125000002 0.36080043281249996 0.36724237656250003 0.44320514062500005 0.3781792859375 0.4282944234375 0.2250111109375 0.34791948125 0.21615113125000002
0 0.269221703125 0.2050908796875 0.2747592125 0.35386144062499997 0.3598251875 0.3638837359375 0.3454599328125 0.21742944999999997 0.269221703125 0.2050908796875
1 0.9511432171875001 0.42046875000000006 0.87029619375 0.4107765078125 0.895381659375 0.571804846875 0.9825798296875 0.584720221875 0.9511432171875001 0.42046875000000006
1 1 0.42820796093749997 0.955031128125 0.4200442515625 0.9845657359375 0.5916040031249999 0.991790103125 0.5933798593749999 1 0.5349634046875 1 0.42820796093749997
1 0.6124251140625 0.38026784999999996 0.5333206875000001 0.37028422031249997 0.54884449375 0.5265422390625 0.636588809375 0.535571559375 0.6124251140625 0.38026784999999996
1 0.8653982890625 0.4183251125 0.7801055609375 0.40655215624999996 0.81045595625 0.5638321281249999 0.8924724156250001 0.5687541078125 0.8653982890625 0.4183251125
1 0.6948937171875 0.394499928125 0.615873246875 0.38241442187499997 0.6363151234375 0.5342121546875 0.7226940671875 0.5529566078125 0.6948937171875 0.394499928125
1 0.6983527640625 0.39717533125000004 0.724785271875 0.5539109765625 0.8085284406250001 0.5650198421875 0.777000015625 0.40669968437500004 0.6983527640625 0.39717533125000004
1 0.4628272796875 0.5210579921875 0.547480303125 0.52833191875 0.5297730609375 0.3693123296875 0.448393778125 0.3598566203125 0.44916516093750003 0.38222569375000004 0.4628272796875 0.5210579921875
1 0.0111366640625 0.385795109375 0.0081064109375 0.4585585609375 0.0985242203125 0.47016582968750004 0.09949252343750001 0.3215791265625 0.0220127390625 0.30840781562499997 0.0111366640625 0.385795109375
0 0.187902390625 0.34411149375 0.1015980984375 0.3285664359375 0.10215909999999999 0.47067667812499997 0.1915168984375 0.4810348515625 0.187902390625 0.34411149375
1 0.3608799734375 0.36935281249999996 0.27569574218750004 0.356261575 0.28384502968750003 0.495243209375 0.373134796875 0.50647113125 0.3608799734375 0.36935281249999996
0 0.27468532031250004 0.3552079171875 0.1895530359375 0.34268729531250003 0.1942427296875 0.48361818906250004 0.28238824687499997 0.4982064828125 0.27468532031250004 0.3552079171875
1 0.4439863640625 0.382353590625 0.3623211359375 0.371076953125 0.373589528125 0.5058745703125 0.4596055578125 0.5192842718749999 0.4439863640625 0.382353590625
1 0.960685125 0.8147032812500001 0.940598834375 0.7032069421875 0.86661898125 0.6893211781249999 0.889028659375 0.8847360015625 0.9497991390625 0.8921610921875001 0.960685125 0.8147032812500001
1 0.19587096406249999 0.597593253125 0.1037012296875 0.5812566734375 0.1045911359375 0.77723265 0.20259333906250002 0.79206058125 0.19587096406249999 0.597593253125
1 0.786076553125 0.6775799765625 0.804901559375 0.876603875 0.8869336375 0.884968875 0.862207553125 0.690080528125 0.786076553125 0.6775799765625
1 0.297130484375 0.612236715625 0.305919959375 0.807636809375 0.40196219375000003 0.8216619734374999 0.38819903437500003 0.6204047265625 0.297130484375 0.612236715625
0 0.0064240390625 0.571365190625 0.003949059374999999 0.765996559375 0.10385115781250001 0.7748659 0.10091366718749999 0.582264828125 0.0064240390625 0.571365190625
1 0.674640728125 0.6648706171875001 0.69599133125 0.8619304546875 0.7852822125000001 0.8755340890625 0.7612101859375 0.6759918796875 0.674640728125 0.6648706171875001
1 0.39059378125 0.626541690625 0.40254326249999994 0.8196343984375 0.49662584374999996 0.8307476046875 0.48039242968750007 0.6428532328125 0.39059378125 0.626541690625
0 0.1999802625 0.59731803125 0.205258959375 0.7945444484374999 0.30493106875 0.8080251374999999 0.293852403125 0.617164053125 0.1999802625 0.59731803125
1 0.5734830671875 0.6548708750000001 0.5988294734374999 0.8509117937499999 0.694726990625 0.8617527640624999 0.6720338609375001 0.6650408953125 0.5734830671875 0.6548708750000001
0 0.49676026249999994 0.8086195015625 0.4988624265625 0.8294800109375 0.5956298171875 0.8488801828125 0.5707642046875 0.6544995390625 0.4830105984375 0.6429992046875 0.49676026249999994 0.8086195015625
1 0.0917701875 0 0.0923914125 0.07895009375 0.1733325890625 0.0895010359375 0.1698517125 0 0.0917701875 0
1 0.1702595328125 0 0.1738432515625 0.0908097015625 0.25478442968750004 0.10136064375 0.248930859375 0 0.1702595328125 0
1 0.93464336875 1 0.9499558796875001 0.89104581875 0.8869792921874999 0.8863049921874999 0.90321780625 1 0.93464336875 1
0 0.24996220937500002 0 0.2552408671875 0.1027028984375 0.33592883906250004 0.11662480156249999 0.326169690625 0.0089629796875 0.26930892968750003 0 0.24996220937500002 0
1 0.40282916875 0.0223187171875 0.3275697703125 0.00888713125 0.336165809375 0.11665810624999999 0.41406944531249995 0.129758375 0.40282916875 0.0223187171875
1 0.4845099109375 0.039392421875 0.403250065625 0.0219323015625 0.41435182031249995 0.129367734375 0.49421078281249997 0.14059117968749998 0.4845099109375 0.039392421875
1 0.8065008421875 1 0.7868104890625001 0.8777714859374999 0.6970675281250001 0.8646206 0.7143238484375 1 0.8065008421875 1
1 0.7119959046875 1 0.693741084375 0.864691434375 0.6001294500000001 0.8566285578124999 0.617832509375 1 0.7119959046875 1
1 0.9017273078124999 1 0.8835736578125 0.8851110703125 0.7927988359375 0.8761975203124999 0.8103719921874999 1 0.9017273078124999 1
1 0.6146889015625 1 0.5954130421875 0.8547845734375 0.5049158734375 0.8388669390624999 0.518055859375 1 0.6146889015625 1
1 0.1069986734375 0.7816918312500001 0.10864957500000001 0.9499130703124999 0.20890301875 0.9640027734375 0.1989713453125 0.79515608125 0.1069986734375 0.7816918312500001
1 0.20212630625 0.797564134375 0.21228101093750001 0.9644775187500001 0.31275433750000003 0.9785981250000001 0.30001173593749997 0.8109212796874999 0.20212630625 0.797564134375
1 0.3017348921875 0.8115632078124999 0.31381676718749996 0.9787474390625001 0.41616992656249996 0.9931322375 0.40118484218750006 0.8274875796875 0.3017348921875 0.8115632078124999
1 0.515852775 1 0.5006205968749999 0.83833256875 0.40401456874999997 0.826563425 0.4164728984375 0.9931748171875 0.465036596875 1 0.515852775 1
1 0.004201559375 0.7703733703125 0.000088521875 0.9346558093749999 0.10501518125 0.949402290625 0.10504018749999999 0.78195491875 0.004201559375 0.7703733703125
1 0.7131284671875 0.065509946875 0.72737786875 0.181011990625 0.8024302546875001 0.190252571875 0.7850791453125 0.0734213765625 0.7131284671875 0.065509946875
1 0.4942126359375 0.1401611171875 0.5699057937500001 0.1496294796875 0.55583954375 0.050708121875 0.48563730937500005 0.0395508671875 0.4942126359375 0.1401611171875
1 0.78714883125 0.07436592656249999 0.80288076875 0.191562675 0.8791018859375 0.2036427546875 0.8501418875000001 0.0858337109375 0.78714883125 0.07436592656249999
1 0.6332961140625 0.0610861171875 0.648816725 0.165395234375 0.725938409375 0.178195 0.7091262671874999 0.067976278125 0.6332961140625 0.0610861171875
1 0.630425853125 0.06162086875 0.5568851828125 0.049718878125 0.5709316796875 0.1513735984375 0.647828128125 0.16476264062499998 0.630425853125 0.06162086875
1 1 0.11775560468749999 0.9982243562500001 0.111221053125 0.925286690625 0.09728696875000001 0.9567221781249999 0.2158589203125 1 0.221941221875 1 0.11775560468749999
1 0.8783150531249999 0.2081078796875 0.9547175906250001 0.21557719375 0.9288135625 0.12303718906250001 0.921078078125 0.0971104875 0.8553847203125 0.08918523125 0.8783150531249999 0.2081078796875