1 0.8845993890624999 0.22791705 0.9186934765625001 0.34485750312499996 0.9932754062500001 0.3480087265625 0.955677778125 0.230378478125 0.8845993890624999 0.22791705
1 0.80533653125 0.2292821546875 0.8441167187499999 0.3478766390625 0.9156461984375 0.3477381484375 0.8762511671875 0.22915183125 0.80533653125 0.2292821546875
0 0.62410545 0.2319300203125 0.5480176578125 0.2285703046875 0.54306504375 0.22848385625 0.57648385 0.3479534453125 0.6572027296875 0.346779975 0.62410545 0.2319300203125
1 0.6292172359375 0.23040204062499997 0.661804496875 0.3448161140625 0.74513050625 0.351818746875 0.7091276765625001 0.2319045953125 0.6292172359375 0.23040204062499997
1 0.713293665625 0.2307412640625 0.7493874609375 0.354835140625 0.8341137359375 0.3558516953125 0.796110903125 0.2317415046875 0.713293665625 0.2307412640625
1 0.4639130921875 0.2287013859375 0.4940035890625 0.34995491562500003 0.5768930640625001 0.3488193359375 0.5435016125 0.230090609375 0.4639130921875 0.2287013859375
1 0.3756156109375 0.2295725171875 0.4051158 0.352129825 0.49124990156250004 0.35169648750000004 0.4619167375 0.22851935625 0.3756156109375 0.2295725171875
0 0.118675334375 0.2228668484375 0.03343384375 0.2205653328125 0.055261053125 0.3673281828125 0.1426022140625 0.368275503125 0.118675334375 0.2228668484375
0 0.1191170515625 0.2236881765625 0.1445066875 0.371587175 0.2339959953125 0.3738886875 0.21072712343750002 0.22691447656250002 0.1191170515625 0.2236881765625
0 0.29143788125 0.22750966875 0.32293828125 0.3776394296875 0.40687925937499997 0.37845901875 0.3730888609375 0.22649403281249997 0.29143788125 0.22750966875
0 0.21119723437500001 0.2261090625 0.2350516765625 0.374814153125 0.32154754531249996 0.37438712500000004 0.2891299234375 0.22909662343749998 0.21119723437500001 0.2261090625
0 0.9211955328125001 0.3582815921875 0.8389689796875001 0.3585197328125 0.88392475 0.5171226859375 0.9729137 0.5193377875 0.9211955328125001 0.3582815921875
1 1 0.3616897359375 0.9250402078125 0.3573758484375 0.9757511515624999 0.5260052234375 0.9995725046875 0.528854584375 1 0.5043634015625 1 0.3616897359375
1 0.576747678125 0.3596868828125 0.496231903125 0.35941752031249996 0.5310169703125001 0.5144095625 0.62007520625 0.512655125 0.576747678125 0.3596868828125
1 0.8349884953125001 0.3667037078125 0.748049953125 0.3654007765625 0.797821646875 0.519590496875 0.8806334234375001 0.514418071875 0.8349884953125001 0.3667037078125
1 0.661158121875 0.3638074359375 0.5804678921875001 0.36141711718749997 0.6196336312499999 0.5113238328125 0.7085186484375 0.5194932390625 0.661158121875 0.3638074359375
1 0.664954340625 0.36606735 0.7107321109375 0.5201936640625 0.796035803125 0.52102085625 0.744955375 0.36593191406250003 0.664954340625 0.36606735
1 0.44412600468749996 0.5195107859375 0.5298698203125001 0.5163749109375 0.49255649375 0.35887911093749997 0.409825553125 0.359420409375 0.41335092187500005 0.381787190625 0.44412600468749996 0.5195107859375
1 0 0.512937228125 0.07271859375 0.5133357546874999 0.0554076390625 0.36401294375000004 0.0023403859375 0.3615559359375 0 0.49563659531250004 0 0.512937228125
0 0.1467943234375 0.37573551875 0.058377775 0.37076958125 0.07642473749999999 0.5134004453125 0.16726368593750002 0.512781390625 0.1467943234375 0.37573551875
1 0.323277665625 0.3797488171875 0.23628567500000003 0.37710874843750003 0.261553546875 0.51566218125 0.35243131875 0.5159248765625 0.323277665625 0.3797488171875
0 0.23514327812500002 0.3761753296875 0.1482735609375 0.37410184062499996 0.17031366718750002 0.5150392828125 0.260457984375 0.5188174125 0.23514327812500002 0.3761753296875
1 0.4081758796875 0.382554303125 0.3249342921875 0.381302378125 0.3528137015625 0.5152697609375 0.44067859687500005 0.5181270296875 0.4081758796875 0.382554303125
1 0.9947843046875 0.8031703953125 0.9454137062499999 0.64349365625 0.869554259375 0.6386739625 0.9160588234375 0.8321361156249999 0.9942795625 0.832087121875 0.9947843046875 0.8031703953125
1 0.18596869375 0.6292865796875 0.0915757453125 0.6242492000000001 0.11657979375000001 0.8209288000000001 0.216633084375 0.82373196875 0.18596869375 0.6292865796875
1 0.7873809140625 0.636817075 0.8307365578124999 0.8343453671875001 0.9139876062500001 0.832628325 0.865226053125 0.6399805140625 0.7873809140625 0.636817075
1 0.289264140625 0.6315028015624999 0.322115178125 0.826629896875 0.420105196875 0.82886868125 0.3815483296875 0.6284735140625 0.289264140625 0.6315028015624999
0 0 0.6914539078125 0.014322446875 0.822057946875 0.115546909375 0.8186434874999999 0.08890577499999999 0.625605321875 0 0.6262608828125 0 0.6914539078125
1 0.6741235828125001 0.637797996875 0.7197690156250001 0.8330426015624999 0.8109402015624999 0.8356907328125001 0.762261628125 0.6382890796875 0.6741235828125001 0.637797996875
1 0.3847036828125 0.6343406109374999 0.42043814687500003 0.82676103125 0.516105703125 0.8263174531249999 0.47671697812499997 0.639645265625 0.3847036828125 0.6343406109374999
0 0.1900536359375 0.6285034296875 0.2196104765625 0.8258974015625 0.321171778125 0.8271417921875001 0.2865847140625 0.6368548609375 0.1900536359375 0.6285034296875
0 0.571501575 0.6402322093749999 0.6210266921875001 0.8339608765625 0.7184798890625 0.8330201 0.6715316359375 0.6382904796875 0.571501575 0.6402322093749999
1 0.5135178812500001 0.80408093125 0.5181915 0.8247687656249999 0.6175696734375 0.8323154374999999 0.5687307359375 0.6401946406250001 0.4793591640625 0.639468953125 0.5135178812500001 0.80408093125
1 0.0079390984375 0.04080595 0.0184380125 0.121252671875 0.10086458437500001 0.1218651828125 0.0841400203125 0.018705240625 0.0083428578125 0.0176745875 0.0079390984375 0.04080595
1 0.1651632078125 0.02011950625 0.08454606406250001 0.0186875609375 0.10153744218750001 0.1231163015625 0.183964015625 0.1237288140625 0.1651632078125 0.02011950625
1 0.99134863125 1 0.994312784375 0.8301838125 0.9141977578124999 0.8339643578124999 0.9589982265625 1 0.99134863125 1
0 0.24414619062499998 0.022143946875 0.1661229734375 0.019474385937499998 0.1845866546875 0.1250203484375 0.2671741875 0.12904903750000002 0.24414619062499998 0.022143946875
1 0.32262625 0.026100939062500002 0.2455401765625 0.021895114062500002 0.2674158015625 0.1290532546875 0.347111465625 0.132600284375 0.32262625 0.026100939062500002
1 0.40659663437500004 0.033172078125 0.32300057656250003 0.025661015625 0.3473464328125 0.1321731984375 0.428771028125 0.1335944703125 0.40659663437500004 0.033172078125
1 0.8596453296875 1 0.81274729375 0.8377489390624999 0.7211786906250001 0.8356111890625 0.7628895171875001 1 0.8596453296875 1
1 0.7607194015625 1 0.7178532640624999 0.83609255625 0.62303304375 0.83954104375 0.663077665625 1 0.7607194015625 1
1 0.9583121046875 1 0.9106373484375 0.8331854875 0.8185558390625 0.835429915625 0.8628088406250001 1 0.9583121046875 1
1 0.6600072031249999 1 0.6180788484375 0.838271065625 0.5254138796875 0.8334481 0.5597216859375 1 0.6600072031249999 1
1 0.119541540625 0.8251095734374999 0.14189351562500002 0.9938253921875001 0.2441124265625 0.9956096296875 0.2133835703125 0.82728700625 0.119541540625 0.8251095734374999
1 0.21684210625000003 0.8293159609374999 0.2475566453125 0.9956697484375001 0.34999975 0.9974579 0.31659739375 0.8306566406250001 0.21684210625000003 0.8293159609374999
1 0.31840351718750004 0.831088721875 0.3510830078125 0.9974768078125 0.4554428 0.999298415625 0.42004280781250003 0.834814334375 0.31840351718750004 0.831088721875
1 0.5575375640625 1 0.521042921875 0.8334412359375 0.4227653765625 0.8335373625000001 0.45575171093750005 0.9993038078125001 0.49563654375 1 0.5575375640625 1
1 0.0151140359375 0.8264217828125 0.0312041234375 0.9918933015625001 0.13818786875 0.9937607093749999 0.11761089375 0.8256152875 0.0151140359375 0.8264217828125
1 0.638957471875 0.0312031921875 0.6674507390625 0.145427278125 0.7438136765625 0.1454502359375 0.7120479921875 0.030274007812499996 0.638957471875 0.0312031921875
1 0.428719971875 0.13316239218749998 0.5057531890625 0.133335053125 0.47948351718750004 0.035737882812499996 0.40774613437499996 0.03319214375 0.428719971875 0.13316239218749998
1 0.7142386796875 0.030967229687499997 0.744426421875 0.146710215625 0.8223101546875 0.1494403203125 0.7787884140625 0.034713875 0.7142386796875 0.030967229687499997
1 0.5583961453125 0.036606476562500004 0.586786428125 0.13943440625 0.66566135625 0.14277611875000001 0.635249459375 0.0341733375 0.5583961453125 0.036606476562500004
1 0.5555850375 0.037497426562500005 0.4804098625 0.034615578125000004 0.5069960359375 0.13495989218749999 0.5857177124999999 0.13892110625 0.5555850375 0.037497426562500005
1 0.8555162218750001 0.03694729375 0.9016130421874999 0.152134521875 0.975751 0.1534286046875 0.9303370171875001 0.0419440359375 0.8555162218750001 0.03694729375
1 0.822070871875 0.15402101562499998 0.8995691546875 0.1520988453125 0.8622194546875 0.062369428125 0.8512761578125 0.0372891140625 0.7844557328125 0.037432723437499996 0.822070871875 0.15402101562499998
1 1 0.042431046875 0.93363533125 0.041061075 0.9761408796875 0.15212544687500001 1 0.15395092500000002 1 0.042431046875