1 0.88913855625 0.175238440625 0.9208530749999999 0.1663965734375 0.88550614375 0.0507819703125 0.81770981875 0.0702414921875 0.88913855625 0.175238440625
1 0.7396794890625 0.09709421562500001 0.8162803515625001 0.20222387187500002 0.8870498328125 0.1790753734375 0.8098429062499999 0.07415161249999999 0.7396794890625 0.09709421562500001
1 0.5611140140625 0.15802236249999999 0.484704765625 0.1791682484375 0.47977383125 0.1806757859375 0.5513488734374999 0.2883980140625 0.6308824015625001 0.2612669234375 0.5611140140625 0.15802236249999999
1 0.5656823953125001 0.1548626578125 0.6348054328125 0.2578390453125 0.719554178125 0.23797714375 0.6452777281250001 0.1306453453125 0.5656823953125001 0.1548626578125
1 0.649027253125 0.1281515125 0.724740375 0.23959890781249998 0.8089468 0.21335038750000002 0.7313384765625 0.1025009546875 0.649027253125 0.1281515125
1 0.401483575 0.206354828125 0.470338340625 0.3169168421875 0.5520329625 0.28912503906250003 0.4807236921875 0.18212869375000001 0.401483575 0.206354828125
1 0.3143498328125 0.23562415468750003 0.3830402421875 0.3476689734375 0.4681732890625 0.3195297515625 0.399448540625 0.20681654843750003 0.3143498328125 0.23562415468750003
0 0 0.3916858671875 0.04158103125 0.4752894703125 0.1283538828125 0.44813107968750004 0.05781884375 0.31163256875 0 0.32870714687499997 0 0.3916858671875
1 0.058520754687499996 0.31230494375 0.13130625625 0.45080245625000004 0.2206420609375 0.4242959 0.1502540609375 0.28603320625 0.058520754687499996 0.31230494375
0 0.230349375 0.260658640625 0.3099032265625 0.3994024640625 0.39326874843750004 0.3732112515625 0.31085653125 0.23338420625 0.230349375 0.260658640625
0 0.15045998437500002 0.285083278125 0.22198535156250002 0.4248740296875 0.30747857968750003 0.3966246875 0.2285757796875 0.26297483125 0.15045998437500002 0.285083278125
1 0.9505529906250001 0.2635406171875 0.89594053125 0.1877456453125 0.8146130656249999 0.2144342296875 0.91021759375 0.35725195625 0.9734500468749999 0.338433515625 0.9505529906250001 0.2635406171875
1 0.555390315625 0.2999487140625 0.47559301249999997 0.325583665625 0.5599651999999999 0.4680925328125 0.647567509375 0.43770253437499995 0.555390315625 0.2999487140625
1 0.8133090890625001 0.2238304734375 0.7268202578125 0.2505066953125 0.8257706984375 0.387398709375 0.9060878203125 0.3556287265625 0.8133090890625001 0.2238304734375
1 0.6402841078125 0.2768799046875 0.5596307671874999 0.300467715625 0.6467014375 0.43652440156249994 0.7373295 0.416031196875 0.6402841078125 0.2768799046875
0 0.6447704546875 0.2778997171875 0.7397464890625 0.41601370624999995 0.8244635453125 0.38939164531250003 0.7239277484375 0.252028934375 0.6447704546875 0.2778997171875
1 0.475586746875 0.501104190625 0.5594627140624999 0.4704105296875 0.471780896875 0.326232134375 0.3900517578125 0.35338361093750004 0.40074794999999996 0.37442971875 0.475586746875 0.501104190625
1 0 0.5747255 0.020477718750000002 0.6417050984375 0.10590439062499998 0.6144631 0.040658053124999996 0.47195472499999996 0 0.48311288281250003 0 0.5747255
0 0.13490751875 0.4541802625 0.0457753234375 0.47769950781250003 0.109594309375 0.6133349781249999 0.199325315625 0.5834980328125 0.13490751875 0.4541802625
0 0.31091881718750003 0.40138507656250005 0.223946275 0.426752509375 0.29360029375 0.5560215765625001 0.383653815625 0.5270465375 0.31091881718750003 0.40138507656250005
0 0.2225145765625 0.4261943875 0.13584562656250002 0.4520843375 0.20307223593749998 0.5847559078125 0.293532234375 0.559502934375 0.2225145765625 0.4261943875
0 0.3958718125 0.37685525468750003 0.313059396875 0.402392740625 0.38382131249999996 0.526273871875 0.47172800156249994 0.5008410125 0.3958718125 0.37685525468750003
1 1 0.46581020312500004 0.9351519625 0.4824124125 1 0.5882624859375001 1 0.46581020312500004
1 0.25537865000000004 0.6930140406249999 0.16030681093750002 0.718385059375 0.2484266125 0.9053803468750001 0.348382371875 0.8759728093750001 0.25537865000000004 0.6930140406249999
1 1 0.5942980718750001 0.9312879875 0.48510045625 0.8532021999999999 0.5070063265625 0.9597634890625001 0.6889394859375 1 0.6749393296874999 1 0.5942980718750001
1 0.3583550390625 0.66198144375 0.45374316875 0.8449127859375001 0.5514744609375 0.8156093328124999 0.4487403078125 0.629289434375 0.3583550390625 0.66198144375
0 0.06323996875 0.7521903546875001 0.147555746875 0.9393964484374999 0.24666778125 0.9034463765625 0.1581004546875 0.720588803125 0.06323996875 0.7521903546875001
0 0.7413936078125001 0.5444141546875 0.8494860328125 0.7233460468749999 0.9405985671874999 0.6966421546875 0.8288083828125 0.5165469734375 0.7413936078125001 0.5444141546875
1 0.4537543515625 0.6340925109375 0.551125040625 0.8134121499999999 0.645692896875 0.782195846875 0.54655645 0.6097520765625 0.4537543515625 0.6340925109375
0 0.25917042343749996 0.6909232875 0.35202764062499997 0.8771623484375001 0.452974125 0.8457239078125 0.357426725 0.668150840625 0.25917042343749996 0.6909232875
1 0.6405821890625 0.5798417484375 0.752027096875 0.756022246875 0.8482025484375001 0.723738446875 0.73898625 0.5457363625 0.6405821890625 0.5798417484375
0 0.635966840625 0.7609773015625 0.64725888125 0.779989071875 0.748074525 0.7555026609375 0.6378269578125 0.580695878125 0.5491154078125 0.608727240625 0.635966840625 0.7609773015625
1 0 0.20128799531250002 0.0087149265625 0.2182273109375 0.09051447500000001 0.1923179359375 0.0489671984375 0.1150486875 0 0.13001946250000002 0 0.20128799531250002
0 0.1746065046875 0.1708249234375 0.12817163125 0.09083346249999999 0.049902774999999996 0.114762653125 0.091546990625 0.19339839375 0.1746065046875 0.1708249234375
1 0.25488845000000004 0.1486305828125 0.2060061390625 0.067037065625 0.12938813437500002 0.0904615390625 0.17484706249999998 0.1707513765625 0.25488845000000004 0.1486305828125
1 0.3360516234375 0.12334644531250001 0.288211909375 0.0419042390625 0.206457346875 0.0668991171875 0.25498346875 0.14813146875 0.3360516234375 0.12334644531250001
1 1 0.7822313624999999 0.9430506937500001 0.698101846875 0.8517091499999999 0.7254397140625 0.9520203875 0.8846493765625001 1 0.8699805375 1 0.7822313624999999
1 0.7558111890625 0.7609104234374999 0.85216665 0.915177728125 0.9499321875 0.885287803125 0.8485720671875001 0.7269868609375 0.7558111890625 0.7609104234374999
1 0.6572053203125 0.7862725609375001 0.7485082000000001 0.946869296875 0.8491810921875 0.9160905046875 0.75049738125 0.7612448125 0.6572053203125 0.7862725609375001
1 0.410705709375 1 0.3463107109375 0.88054356875 0.2527056921875 0.9085734499999999 0.29637821875000003 1 0.410705709375 1
1 0.533385659375 1 0.449577896875 0.8506810249999999 0.350388340625 0.881442984375 0.41460543593750004 1 0.533385659375 1
1 0.5747255015625 1 0.644509703125 0.9786648281250001 0.5533282515625 0.821525465625 0.45150516406249996 0.8505284703125 0.5346735687499999 1 0.5747255015625 1
1 0.5556121796875 0.8193832890625 0.6447220890625001 0.9785998953125 0.7464169890625 0.94750864375 0.6528758640625 0.7876719 0.5556121796875 0.8193832890625
1 0.29299745625 1 0.2509572828125 0.9096960375 0.14974535 0.9434692312499999 0.1743762 1 0.29299745625 1
1 0.5397528296874999 0 0.5761565265625 0.058296865625000006 0.651763140625 0.033753534375 0.6295125703125 0 0.5397528296874999 0
1 0.4121802953125 0.0983238921875 0.3610098390625 0.019647678125 0.28922480625 0.041594565625 0.33586187343749996 0.12293439843750001 0.4121802953125 0.0983238921875
1 0.6305220171875 0 0.652775696875 0.034805884375 0.7307600796875 0.0124578828125 0.72076455625 0 0.6305220171875 0
1 0.4427190484375 0 0.494368184375 0.0783038328125 0.5735308953125 0.056243465625 0.5361377453125 0 0.4427190484375 0
1 0.4252745 0 0.3621888640625 0.0192872140625 0.4139341984375 0.099535353125 0.49314478125 0.07813862187500001 0.43940295 0 0.4252745 0