1 0.83027890625 0.176207615625 0.8800605656249999 0.28143200468749996 0.951184684375 0.2732199890625 0.8979809187500001 0.1678701921875 0.83027890625 0.176207615625
1 0.7553956796875 0.18938296875 0.8098638687499999 0.29546520468750004 0.8776044984375 0.28460701093749996 0.8225550765625 0.178624690625 0.7553956796875 0.18938296875
1 0.5841076578125 0.21906117812499998 0.5115258328125 0.2273023125 0.5068211953125 0.22796350625 0.5563412750000001 0.33567550156250003 0.6326324718749999 0.32246260000000004 0.5841076578125 0.21906117812499998
1 0.588721709375 0.2168528421875 0.6366982046875 0.3199194828125 0.7166815890625 0.31403003281249997 0.6646471484375 0.2062861109375 0.588721709375 0.2168528421875
1 0.6684197453125 0.20456367968750003 0.72116526875 0.3162376796875 0.8015801828125 0.30449014375 0.74702375 0.1930870546875 0.6684197453125 0.20456367968750003
1 0.43187145937500004 0.240039446875 0.478505278125 0.3499338125 0.5568583890625 0.336431128125 0.5074749890625 0.22941406406249998 0.43187145937500004 0.240039446875
1 0.348355696875 0.25410366875 0.3946252296875 0.365316728125 0.476157034375 0.351990028125 0.42995305625 0.2401670953125 0.348355696875 0.25410366875
0 0.10394837187499999 0.2863108484375 0.022853271875 0.29692324531250003 0.06547298124999999 0.43212586249999996 0.1483546765625 0.41992083750000003 0.10394837187499999 0.2863108484375
1 0.104489615625 0.28701955625000003 0.150653946875 0.42275989999999997 0.23577309062500001 0.41151044062500003 0.1917560671875 0.2763246078125 0.104489615625 0.28701955625000003
0 0.2683040015625 0.26478172187500004 0.32059070312500004 0.401710421875 0.40023223906250005 0.3898948140625 0.3455017921875 0.25157795312500003 0.2683040015625 0.26478172187500004
0 0.1920809953125 0.2754941671875 0.236911525 0.4122253265625 0.31878698125 0.398850325 0.2663548875 0.266625203125 0.1920809953125 0.2754941671875
1 0.884437834375 0.2937228828125 0.8065785484375001 0.3062793765625 0.8728786140624999 0.44918489375000004 0.9575108390624999 0.4379289421875 0.884437834375 0.2937228828125
0 0.977153296875 0.302473853125 0.9742526687499999 0.2836535484375 0.8879445578125 0.29229168125 0.9611956578124999 0.44379436875 0.9968220750000001 0.44242448124999995 0.977153296875 0.302473853125
1 0.5583454578125 0.3467068625 0.48203094999999996 0.3585279375 0.5381562375 0.4995517625 0.6222606203125001 0.48454001562500004 0.5583454578125 0.3467068625
1 0.80403133125 0.314598225 0.7214778765625 0.32640733437499997 0.791680346875 0.46442654531249994 0.8693563093750001 0.4471266015625 0.80403133125 0.314598225
1 0.6389252515625 0.337935428125 0.5621283781249999 0.3477814671875 0.621643265625 0.4833501171875 0.707067253125 0.47772785625 0.6389252515625 0.337935428125
0 0.642859365625 0.33949840625 0.7092688328125 0.4780567734375 0.7902024328125 0.46604396875000004 0.7186257281249999 0.32737258593749996 0.642859365625 0.33949840625
1 0.45660533125 0.51739629375 0.5373633546875001 0.5015781828125 0.4784686609375 0.35857114375 0.40017688125 0.37148932343749996 0.40686056718749997 0.3920644875 0.45660533125 0.51739629375
1 0 0.512295615625 0.0165591953125 0.5806009875 0.103840290625 0.5672711796875001 0.065116184375 0.428975828125 0 0.43622875937499994 0 0.512295615625
0 0.1534412859375 0.42633092812499995 0.0689400328125 0.43490552187500003 0.1073608671875 0.5667763953125 0.193321903125 0.5525688640624999 0.1534412859375 0.42633092812499995
0 0.32122758125 0.40364980624999997 0.238423578125 0.41420529375 0.2830753171875 0.5411460171875 0.36920495781249996 0.527764625 0.32122758125 0.40364980624999997
0 0.237201809375 0.413495909375 0.1545983484375 0.4245676484375 0.1965487875 0.5542418515625 0.282509203125 0.5442873984375 0.237201809375 0.413495909375
0 0.402072834375 0.3935644046875 0.3230292078125 0.40486719843749996 0.369469253125 0.5270891515625 0.453132646875 0.5166076875 0.402072834375 0.3935644046875
1 1 0.660549259375 0.9500219375000001 0.5591988156250001 0.8774381484375 0.5660281625 0.9504171765624999 0.7415923296875 1 0.7337109953125001 1 0.660549259375
1 0.228460096875 0.659690515625 0.13828659999999998 0.6690940015625 0.19137878749999998 0.85091845625 0.286580409375 0.8385580078125001 0.228460096875 0.659690515625
1 0.7993160406250001 0.576599940625 0.8699199578125001 0.7564729156250001 0.9485286593750001 0.7423673765625 0.873533290625 0.56791005625 0.7993160406250001 0.576599940625
1 0.3266453265625 0.646290025 0.386939015625 0.8254727953125001 0.48010167812500004 0.81288926875 0.41361511718750005 0.629591603125 0.3266453265625 0.646290025
0 0.0450764875 0.6858470624999999 0.094677134375 0.8673197343749999 0.190058640625 0.8489170843749999 0.1359600328125 0.670773975 0.0450764875 0.6858470624999999
0 0.6921717171874999 0.594511071875 0.764603365625 0.7718858953125001 0.851367609375 0.7607112453125 0.77574010625 0.581756059375 0.6921717171874999 0.594511071875
1 0.41748142968749996 0.6346542046875 0.480101975 0.8108506906249999 0.570663484375 0.7960845640625 0.5054405953125001 0.6258597890625001 0.41748142968749996 0.6346542046875
0 0.2322127578125 0.6583389515625 0.28972470625 0.84015464375 0.386121846875 0.826097271875 0.32490723125 0.651741734375 0.2322127578125 0.6583389515625
1 0.59531973125 0.6121984171875 0.6712000390624999 0.7875610515625 0.7633787859375001 0.772058 0.6897899437499999 0.5953644703125 0.59531973125 0.6121984171875
0 0.5648874328125 0.775491696875 0.5724078593749999 0.7943105046875 0.667679125 0.786526978125 0.5926892406250001 0.6125785234375 0.5079172328125 0.6252971734375 0.5648874328125 0.775491696875
1 0 0.2045324265625 0.0719752421875 0.1936832234375 0.04070839375 0.0988562828125 0 0.1047370234375 0 0.2045324265625
1 0.1176747578125 0.088039365625 0.0410904046875 0.09877870625 0.07279970625 0.1947627875 0.150975659375 0.182978915625 0.1176747578125 0.088039365625
1 1 0.733031884375 0.9489274906249999 0.7435964546875 1 0.857444609375 1 0.733031884375
0 0.1927996203125 0.07810414843749999 0.1184875125 0.08728673125 0.151758590625 0.1841041453125 0.2305977703125 0.175519425 0.1927996203125 0.07810414843749999
1 0.2677369875 0.0700677921875 0.19408296875 0.0776603046875 0.2308272890625 0.17548716875 0.3068549296875 0.1668816859375 0.2677369875 0.0700677921875
1 0.3483410421875 0.06414634062499999 0.26802582343750003 0.069596565625 0.307013665625 0.166443475 0.3843613375 0.15557296874999998 0.3483410421875 0.06414634062499999
1 0.8533872234375 0.762382221875 0.76632280625 0.7740980390625001 0.840527809375 0.9464388796875 0.9341133421875 0.934042509375 0.8533872234375 0.762382221875
1 0.76324453125 0.77505095 0.6739349812500001 0.79252524375 0.74610718125 0.9619774984375 0.838962721875 0.94741505625 0.76324453125 0.77505095
1 1 0.860332228125 0.94543819375 0.7433955296875 0.858543065625 0.7593230125 0.9400884656249999 0.9415212000000001 1 0.9340814390625001 1 0.860332228125
1 0.669051896875 0.7920699703125 0.58054740625 0.8014166093749999 0.647011284375 0.9774169609375001 0.74497853125 0.9659172281249999 0.669051896875 0.7920699703125
1 0.3395026375 1 0.2840335875 0.8423996562499999 0.1948095734375 0.8544189859375001 0.2381548484375 1 0.3395026375 1
1 0.44540313437499995 1 0.382313940625 0.8300996968750001 0.2876132765625 0.8437953609375001 0.34294496093750004 1 0.44540313437499995 1
1 0.5349634046875 1 0.550469396875 0.9978207749999999 0.480931503125 0.8185085671874999 0.3840895171875 0.8302365109375 0.4464112546875 1 0.5349634046875 1
1 0.48331972968750003 0.816895384375 0.55026341875 0.9978497234375 0.647797859375 0.9841421515625 0.57640568125 0.8020656625000001 0.48331972968750003 0.816895384375
1 0.2346039484375 1 0.1930562390625 0.8551856890625 0.0960794546875 0.87131845625 0.12954999843749998 1 0.2346039484375 1
1 0.568166840625 0.027440664062499998 0.61223660625 0.13094203437500002 0.6845802078125 0.1195112796875 0.6372680609375 0.01560230625 0.568166840625 0.027440664062499998
1 0.384248371875 0.1551729453125 0.4572493234375 0.14378291875 0.41777188593750003 0.055636171874999994 0.3494329875 0.0639928765625 0.384248371875 0.1551729453125
1 0.6394469875000001 0.015927840625000002 0.685349053125 0.120608221875 0.7595380765625 0.111503684375 0.7011564234375001 0.009782190625 0.6394469875000001 0.015927840625000002
1 0.49265729062499997 0.0446209203125 0.5349256734375001 0.137385046875 0.61014511875 0.128708928125 0.565098228125 0.030799209374999997 0.49265729062499997 0.0446209203125
1 0.4901274765625 0.04588315625 0.4184816390625 0.05443830937500001 0.4586696265625 0.14512961875 0.5338365125 0.1370610078125 0.4901274765625 0.04588315625
1 0.77838541875 0 0.77417615625 0.00038236875 0.8350661265625 0.1021524328125 0.9054920046875001 0.092254721875 0.8495181953125 0 0.77838541875 0
0 0.759996253125 0.11586162343749999 0.8331245765625 0.10242530000000001 0.7843271015625 0.023363775 0.7702105640625 0.0013407859374999999 0.7069316828125001 0.0114975765625 0.759996253125 0.11586162343749999
1 0.8531011453125 0 0.9056665125000001 0.0909666734375 0.9469571109375 0.087616825 0.93464336875 0 0.8531011453125 0