1 0.7723032234375 0.1210900671875 0.840002121875 0.216597353125 0.909053603125 0.196028975 0.837941475 0.1009958125 0.7723032234375 0.1210900671875
1 0.700392675 0.1472312375 0.7728856921875 0.24276871249999998 0.8381222671874999 0.22017120937499998 0.7650706781250001 0.124834309375 0.700392675 0.1472312375
0 0.5358242359375 0.2065719015625 0.4653332359375 0.22742398593750002 0.4607862890625 0.228901378125 0.5286601203125 0.3269180515625 0.601959428125 0.3004935234375 0.5358242359375 0.2065719015625
1 0.5400113875 0.203578103125 0.6055447609375 0.29726403437500004 0.683781221875 0.2774468921875 0.6134100578125 0.1798382140625 0.5400113875 0.203578103125
1 0.6168481265625 0.177472759375 0.6886098921875 0.27884935 0.7662515953125 0.25315508124999997 0.69274248125 0.152363415625 0.6168481265625 0.177472759375
1 0.38861795 0.25396535 0.4540123578125 0.354648021875 0.529304465625 0.3275759921875 0.4616873703125 0.23022365625000002 0.38861795 0.25396535
1 0.30830760625 0.28249615625 0.3735711546875 0.3845485140625 0.45204409375 0.35709500625 0.386739071875 0.25442718593749997 0.30830760625 0.28249615625
0 0 0.394866746875 0.0590381109375 0.5082637625 0.1390445734375 0.4816851125 0.071718578125 0.357125715625 0 0.37967789218750003 0 0.394866746875
0 0.072378646875 0.35773296875 0.141818675 0.48409483125 0.22420924531250003 0.4580713453125 0.1569939984375 0.33188321875 0.072378646875 0.35773296875
0 0.23083920156249998 0.3070677375 0.3065539640625 0.43353606562499997 0.3834173609375 0.40790959843749997 0.3050385453125 0.280493740625 0.23083920156249998 0.3070677375
0 0.1571710703125 0.3310039640625 0.2254622140625 0.45858030312500003 0.3042672875 0.431018875 0.2292293515625 0.30923425312499997 0.1571710703125 0.3310039640625
0 0.846485159375 0.22800455312499998 0.7715172984375 0.2540531640625 0.8621625796875 0.38399064374999997 0.944069475 0.35804586562499996 0.846485159375 0.22800455312499998
1 0.9487448578125001 0.36321055625 0.9791485640625 0.356633659375 0.9294075796874999 0.20354665156250001 0.8497105734374999 0.2259740125 0.9487448578125001 0.36321055625
1 0.5325715843750001 0.337492778125 0.4590062640625 0.3625429578125 0.5392398234375 0.49239583906249995 0.6199681234375001 0.46282371875 0.5325715843750001 0.337492778125
1 0.7704448671875 0.2627372671875 0.690694596875 0.2888664234375 0.7843543937499999 0.413282346875 0.8583127078125001 0.3825680171875 0.7704448671875 0.2627372671875
1 0.610896103125 0.314717125 0.5365080484375 0.3378956265625 0.619148646875 0.4617532171875 0.7028234328125 0.4412494484375 0.610896103125 0.314717125
1 0.6150676359375 0.3155772078125 0.7050626265625 0.44119027187500004 0.783172053125 0.4151425984375 0.688036553125 0.2903210546875 0.6150676359375 0.3155772078125
1 0.461536446875 0.5243270156250001 0.5388077390625 0.4945413765625 0.45548354062499996 0.3632085828125 0.38015019843750003 0.389691015625 0.3903647734375 0.408899475 0.461536446875 0.5243270156250001
1 0 0.57919221875 0.00164049375 0.5842411390625 0.036477360937499995 0.6638613671875 0.12064736406250001 0.6353995671875 0.05813475 0.5052064421875 0 0.5222688359375 0 0.57919221875
0 0.1452042078125 0.48714413125 0.062959128125 0.510410471875 0.1240499359375 0.6342940046875001 0.20675855781250002 0.6051937359374999 0.1452042078125 0.48714413125
1 0.30752359687499997 0.43534542500000006 0.22730623749999998 0.46027683750000004 0.2937114765625 0.578188271875 0.376731375 0.549876709375 0.30752359687499997 0.43534542500000006
0 0.2259716421875 0.4597878984375 0.146043121875 0.4851955265625 0.2102484171875 0.6062864203125 0.293698715625 0.5813983859375 0.2259716421875 0.4597878984375
1 0.3858818625 0.41122204375000004 0.309521496875 0.4362360953125 0.3768754015625 0.5491615296875 0.45795734843749997 0.524153171875 0.3858818625 0.41122204375000004
1 1 0.5369700703125 0.9578130796875 0.479457396875 0.8870737343749999 0.4989116296875 0.9900378359375 0.6600255328125 1 0.6565892468750001 1 0.5369700703125
1 0.2602767640625 0.7051402999999999 0.17255510000000002 0.7302192953125 0.256903746875 0.9010102468750001 0.3490922546875 0.8721236390625 0.2602767640625 0.7051402999999999
1 0.811499021875 0.5230405890625 0.9128613765625 0.688837075 0.9883015640625 0.661123309375 0.8835324265625 0.501458134375 0.811499021875 0.5230405890625
1 0.3552405375 0.6747020078125 0.44626489375 0.8416175890625001 0.5363938375 0.8128665453125 0.43851411249999994 0.642958459375 0.3552405375 0.6747020078125
0 0.0831068421875 0.763108021875 0.16393393750000002 0.9341610421875 0.25524616875 0.8992589609375001 0.17054265468750002 0.7322898734375001 0.0831068421875 0.763108021875
1 0.708443934375 0.559512509375 0.811181590625 0.7225153390625 0.895215525 0.6962783109374999 0.7890349265625 0.5322691046875 0.708443934375 0.559512509375
1 0.6131671921875 0.7587792296875 0.623904453125 0.7761019499999999 0.716960784375 0.7517360156249999 0.6122858953125 0.5925738468749999 0.53049575625 0.6199916828125 0.6131671921875 0.7587792296875
1 0.44322924218750004 0.6472963203125001 0.536038340625 0.8108475437499999 0.6232085859375001 0.7803897046875 0.5288627796875 0.6232076875 0.44322924218750004 0.6472963203125001
0 0.2637598015625 0.7031456296874999 0.35248694375 0.8731551453125 0.445564059375 0.8423789296875 0.35446955468749997 0.6804051125 0.2637598015625 0.7031456296874999
0 0.6155496015625 0.5939632734375 0.7213537234375 0.7543703203125001 0.8099980562500001 0.7228998921875001 0.706232515625 0.5607741234375 0.6155496015625 0.5939632734375
1 0 0.2256907515625 0.0248720875 0.2719052484375 0.1002886140625 0.24656645781250003 0.050717321875 0.15836345624999998 0 0.174825375 0 0.2256907515625
0 0.12343283281249999 0.135388975 0.051391414062499995 0.1574759671875 0.1012608953125 0.2475439625 0.17789303125 0.22525755625000002 0.12343283281249999 0.135388975
1 0.196293940625 0.11432785000000001 0.12462717968749999 0.134725021875 0.17811485625 0.22518548124999999 0.25195710781249997 0.2033700859375 0.196293940625 0.11432785000000001
1 0.2751399078125 0.0943704953125 0.1964979375 0.1138106609375 0.252037934375 0.20290834218749998 0.3267930375 0.1786189359375 0.2751399078125 0.0943704953125
1 1 0.8428844671875 0.8975086187500001 0.6975800859375 0.8132716546875001 0.72440555 0.9168881453125 0.8821128125 1 0.855834665625 1 0.8428844671875
1 0.810387365625 0.725887496875 0.7249304796875 0.7588085296875 0.8260282953125 0.9140104390625 0.9155075 0.8833532328125001 0.810387365625 0.725887496875
1 1 0.6834875609375 0.9854183234375 0.6626819015625001 0.9020841875000001 0.6936488796875 1 0.838148284375 1 0.6834875609375
1 0.7200118343749999 0.75921140625 0.633934253125 0.783942290625 0.7305178999999999 0.94662729375 0.825597390625 0.9181095671874999 0.7200118343749999 0.75921140625
1 0.4168926984375 1 0.34723880937499996 0.876373584375 0.2609146375 0.9038772249999999 0.3090206875 1 0.4168926984375 1
1 0.532176625 1 0.44248892656249994 0.8470085921875 0.3510299109375 0.8771299734375001 0.42058427812500004 1 0.532176625 1
1 0.5791922203125 1 0.636910090625 0.9812463265625 0.5381969359375 0.818286646875 0.44427242031249997 0.8468336453124999 0.5332992796875 1 0.5791922203125 1
1 0.5402821453125 0.8162714390625 0.6367548968750001 0.9812967531250001 0.7309657296875 0.950685796875 0.629943040625 0.7853092375 0.5402821453125 0.8162714390625
1 0.30570188125 1 0.25931087812500003 0.9049431015625 0.1660215484375 0.937876078125 0.1944436328125 1 0.30570188125 1
1 0.5412173 0 0.4865832734375 0.019583621875000002 0.5483209109375 0.11438315624999999 0.618019146875 0.0904138171875 0.5558983 0 0.5412173 0
1 0.32661127031250003 0.178242515625 0.3969680578125 0.15419858125000002 0.3424613015625 0.07380289062499999 0.276195253125 0.09402759375 0.32661127031250003 0.178242515625
1 0.55806709375 0 0.618972528125 0.09136577031250001 0.6909055921875 0.06937759375 0.63296463125 0 0.55806709375 0
1 0.41475100625000005 0.049800640624999996 0.47282948906250005 0.134281275 0.54585848125 0.11253723125 0.4841284109375 0.023446346875 0.41475100625000005 0.049800640624999996
1 0.4124642328125 0.0514930390625 0.342955609375 0.07249246718749999 0.39861063125 0.15528398593749998 0.47169356562500003 0.1341507875 0.4124642328125 0.0514930390625
1 0.7234770171875 0 0.764122584375 0.0469109578125 0.8321878999999999 0.024795196875 0.8104345328125 0 0.7234770171875 0
1 0.6367214078125001 0 0.6921202390625 0.0736134609375 0.7622461109375 0.0475206609375 0.7199094890625 0 0.6367214078125001 0