1 0.901731890625 0.21391706250000003 0.9204461453125001 0.3459183578125 0.9955949546875 0.359015890625 0.9762334515625 0.2269093546875 0.901731890625 0.21391706250000003
1 0.710904290625 0.18315000625 0.6316175187499999 0.1655266453125 0.6264321328125 0.1645187078125 0.6393532093750001 0.2964484265625 0.7243452109375 0.3101580046875 0.710904290625 0.18315000625
1 0.7165565234375 0.18248821875000001 0.7295427125 0.308943021875 0.8157551296875001 0.331740690625 0.8002027328124999 0.19886465 0.7165565234375 0.18248821875000001
1 0.8047939640624999 0.1984115484375 0.81966603125 0.3357036140625 0.9084602359374999 0.3524601515625 0.8915862515624999 0.2147974671875 0.8047939640624999 0.1984115484375
1 0.5432632265625 0.15009310625 0.5523576328125 0.283284215625 0.6396222468749999 0.2974355453125 0.626592378125 0.166290653125 0.5432632265625 0.15009310625
1 0.450367996875 0.1346621796875 0.4586004234375 0.269116228125 0.549142321875 0.284607396875 0.5412003640624999 0.1495319046875 0.450367996875 0.1346621796875
0 0.18176385 0.08003333124999999 0.0926670703125 0.061828973437500004 0.088347846875 0.2203388828125 0.1799011578125 0.2375066828125 0.18176385 0.08003333124999999
1 0.1820752984375 0.080979565625 0.1812865796875 0.2413448390625 0.2748445859375 0.26033565 0.277688953125 0.10133636875 0.1820752984375 0.080979565625
0 0.36234411718750004 0.116905971875 0.3675590765625 0.280750509375 0.45556509062500006 0.29715434531249996 0.44828575 0.13095424218750001 0.36234411718750004 0.116905971875
0 0.2783321875 0.10057570625000001 0.275781515625 0.2615051625 0.3667021828125 0.277069953125 0.3596256265625 0.11814894375 0.2783321875 0.10057570625000001
1 1 0.375056878125 0.9994659468749999 0.37114035312500004 0.9130641468749999 0.356167196875 0.9308376265625 0.53142100625 1 0.54540029375 1 0.375056878125
1 0.6374522578125 0.3088467828125 0.5529413921875 0.2936562171875 0.5607034718749999 0.463226471875 0.6545616421875 0.477868565625 0.6374522578125 0.3088467828125
1 0.907364525 0.3640439125 0.81630006875 0.346576371875 0.8399506328124999 0.518076871875 0.9278829921874999 0.5279650140625 0.907364525 0.3640439125
1 0.7253385796875 0.328811821875 0.6410381968750001 0.311356640625 0.6543450046875 0.47638561875 0.7461791265625 0.501440540625 0.7253385796875 0.328811821875
0 0.7289060203125 0.3318932421875 0.7483737765625 0.5025875546874999 0.8378095578125 0.519251690625 0.812951428125 0.3465624515625 0.7289060203125 0.3318932421875
1 0.4685002046875 0.45250815 0.55913386875 0.46508262499999997 0.549181271875 0.2924090578125 0.46219346874999995 0.27766159375 0.46174409218749995 0.3018554578125 0.4685002046875 0.45250815
1 0.089117190625 0.2168767140625 0.0474919078125 0.20753079375 0.016725896875 0.365808196875 0.0795796234375 0.3772448328125 0.089117190625 0.2168767140625
0 0.1829191046875 0.2461345359375 0.0909823359375 0.224538015625 0.083459953125 0.37799909375 0.1789775421875 0.39416587187499996 0.1829191046875 0.2461345359375
0 0.3675239546875 0.2830334859375 0.276651571875 0.2641487046875 0.277469753125 0.41465517343749997 0.3728644375 0.4317571875 0.3675239546875 0.2830334859375
0 0.2756250484375 0.26295476875 0.1847759125 0.244688953125 0.1817616265625 0.397107003125 0.2757334546875 0.4177732359375 0.2756250484375 0.26295476875
0 0.4561666609375 0.30170471875 0.3689754265625 0.2849753328125 0.3733876390625 0.4311384703125 0.46513645937500003 0.45041346875 0.4561666609375 0.30170471875
1 0.9732227296874999 0.685901634375 0.9719580125 0.675811503125 0.8931820671875 0.656693784375 0.9061113687500001 0.86892384375 0.93660570625 0.87427989375 0.9732227296874999 0.685901634375
1 0.17699587187500002 0.5202513625 0.0787957140625 0.4974731515625 0.06854707812500001 0.7091088890624999 0.1731066796875 0.7305835609375 0.17699587187500002 0.5202513625
1 0.8072250390625 0.6395254515625 0.8160924390625001 0.855452140625 0.903844728125 0.8690584250000001 0.8883938828125 0.6572675921875 0.8072250390625 0.6395254515625
1 0.2850694671875 0.5417085375 0.2833502390625 0.7531630828125 0.38584767656249996 0.7736617375 0.3825523078125 0.5556061109375 0.2850694671875 0.5417085375
0 0 0.6968969656249999 0.067886515625 0.7065123515625 0.07573987343750001 0.49840614531250005 0 0.4856304578125 0 0.6968969656249999
0 0.6880956031250001 0.6195889 0.6997917421875 0.8335359375 0.7950517828125 0.8532029578125 0.7805705234375 0.6364240453125001 0.6880956031250001 0.6195889
1 0.38477709843749996 0.562365459375 0.3865885859375 0.7715050671875 0.487144796875 0.788750525 0.4804284359375 0.5849844 0.38477709843749996 0.562365459375
0 0.18143141406250002 0.5201833953125 0.1758316953125 0.7334139390625001 0.2822644203125 0.7535271921875 0.2812619453125 0.5468455296875 0.18143141406250002 0.5201833953125
1 0.5798660375 0.6031510140624999 0.595918171875 0.8162208234375001 0.698442028125 0.8332735796874999 0.6852820187499999 0.6196273546875 0.5798660375 0.6031510140624999
0 0.48855464531250004 0.7648673421875001 0.4896228609375 0.787506696875 0.592592909375 0.8138489390625001 0.5769629640625 0.6025984671875 0.48323609218749997 0.5852880171875 0.48855464531250004 0.7648673421875001
1 0.3551581703125 0 0.3553912625 0.008832490625 0.43843239531249995 0.027320976562499998 0.437039390625 0 0.3551581703125 0
1 0.4374203296875 0 0.4387584453125 0.02691496875 0.5240099671875 0.0434861859375 0.522169375 0 0.4374203296875 0
1 0.8119547624999999 1 0.79656760625 0.8557038046875001 0.700795440625 0.8365003828124999 0.71281891875 1 0.8119547624999999 1
1 0.7104457359375 1 0.6972135921875 0.8363913406249999 0.5969894984375 0.8224654453125 0.6093466390625 1 0.7104457359375 1
1 0.91216819375 1 0.913227728125 0.9945491656250001 0.9002227312500001 0.8690245578125 0.8030984437500001 0.8543384421875 0.8158879000000001 1 0.91216819375 1
1 0.60617796875 1 0.5920221437500001 0.8202115437499999 0.49559698125 0.7979789296875001 0.501285675 1 0.60617796875 1
1 0.0708815625 0.714057528125 0.061812051562500005 0.9241832390625 0.1702227765625 0.9452561484374999 0.169034003125 0.733723628125 0.0708815625 0.714057528125
1 0.17228966875 0.73649944375 0.1738864078125 0.9459682859375 0.28157760781249996 0.9669013359375 0.27680777343749996 0.756379665625 0.17228966875 0.73649944375
1 0.2786244296875 0.757168828125 0.2826050234375 0.9671010453125 0.39239186406250004 0.9884414453125 0.3846784828125 0.77990801875 0.2786244296875 0.757168828125
1 0.49926383750000003 1 0.49100770000000005 0.797162446875 0.3877748703125 0.7790680671875 0.39226492031250004 0.98841676875 0.45185547656249997 1 0.49926383750000003 1
1 0 0.91216819375 0.0576524828125 0.9233746999999999 0.06876004531249999 0.7142323453125 0 0.70266906875 0 0.91216819375
1 0.8526795406250001 0.114292878125 0.8473887093749999 0.0581671765625 0.768502359375 0.0428332234375 0.7724844078124999 0.10013053281249999 0.8526795406250001 0.114292878125
1 0.5226680546875 0 0.52403655 0.043021970312500005 0.604907846875 0.0574659765625 0.6007482984375 0.0102251375 0.5481445265625 0 0.5226680546875 0
1 0.934378996875 0.13302566093749998 0.9229762296875 0.072859903125 0.8484890546875 0.058381062500000004 0.8530891859375 0.11573245937500001 0.934378996875 0.13302566093749998
1 0.7710972546875 0.097008878125 0.765722971875 0.042292965625 0.683916753125 0.0263914484375 0.688879978125 0.07888844375000001 0.7710972546875 0.097008878125
1 0.68785285 0.07815032499999999 0.68190105 0.025999634375000004 0.6017927703125 0.010428162500000001 0.6059115234375 0.059406235937499996 0.68785285 0.07815032499999999
1 1 0.0878318078125 0.9243685921875 0.07313055 0.9332773968750001 0.13780256562499998 1 0.147862378125 1 0.0878318078125