1 0.907197165625 0.3267587578125 0.9190939546875001 0.454820971875 0.9959916859375 0.47316153281249995 0.9805916531250001 0.34367639375 0.907197165625 0.3267587578125
1 0.824523975 0.3121517421875 0.840959196875 0.4428750265625 0.9153461140625 0.4571898734375 0.89827008125 0.32635077031250004 0.824523975 0.3121517421875
1 0.6355906328125001 0.27826291875 0.5571694515625001 0.2594019421875 0.552038328125 0.2583112875 0.5627238828125 0.38885763125 0.6468721046875 0.4039575234375 0.6355906328125001 0.27826291875
1 0.6412122874999999 0.2777129171875 0.65205133125 0.40285278281250003 0.7372635562500001 0.4269515265625 0.7239812765625 0.29542222812499996 0.6412122874999999 0.2777129171875
1 0.7285462984375 0.295058890625 0.7410815578125 0.430937503125 0.8289547390625 0.4491166625 0.8144382109375 0.3128352703125 0.7285462984375 0.295058890625
1 0.4697114953125 0.2425375984375 0.47657788125 0.3742596625 0.562974934375 0.389837559375 0.5521686453125 0.2600644078125 0.4697114953125 0.2425375984375
1 0.3777457515625 0.22559255937499997 0.3837359640625 0.35854624375 0.4733646 0.37550762656250003 0.4676728203125 0.24194545937499998 0.3777457515625 0.22559255937499997
0 0.1119916578125 0.16670864375 0.0620357375 0.15559267968749999 0.0300108953125 0.3062577203125 0.10758696718750001 0.3222137734375 0.1119916578125 0.16670864375
1 0.112285471875 0.16764896875 0.108899971875 0.3260301984375 0.20146587500000002 0.34650355625 0.20686982656250003 0.18950924062500002 0.112285471875 0.16764896875
0 0.29065348750000003 0.20644013437500003 0.29317131406249997 0.368368 0.38026779374999997 0.3861843359375 0.3757389015625 0.22189197656249998 0.29065348750000003 0.20644013437500003
0 0.207520703125 0.188769715625 0.20237697500000001 0.3476758859375 0.2923804171875 0.3647169328125 0.28793469531250004 0.20761798437499998 0.207520703125 0.188769715625
1 0.91899204375 0.469236415625 0.8334648375 0.45286261093749997 0.8482642203124999 0.626289934375 0.940327371875 0.6465726187499999 0.91899204375 0.469236415625
1 1 0.4886387375 0.9231711796875001 0.4690750375 0.9419345781249999 0.654054784375 0.9760935046875 0.6650233328125 1 0.552552115625 1 0.4886387375
1 0.5606356156250001 0.40106885 0.476989046875 0.384514984375 0.481942453125 0.55214495625 0.5748769 0.5683285109375 0.5606356156250001 0.40106885
1 0.827679046875 0.460538059375 0.7375637484374999 0.4416149921875 0.7582581687500001 0.6114428875 0.8453872718750001 0.6228222015625 0.827679046875 0.460538059375
1 0.6475554812500001 0.42240045625 0.564154609375 0.40361364687499995 0.5746859125 0.5668598046875 0.6654421187499999 0.5932911765625 0.6475554812500001 0.42240045625
1 0.6510468359375 0.4255094546875 0.6676021109375 0.594464353125 0.7561136796875 0.6125640125 0.7342398109375 0.4415398328125 0.6510468359375 0.4255094546875
1 0.3905871359375 0.53986733125 0.4803542015625 0.5539495265625 0.473276653125 0.3832141828125 0.3871640625 0.3670525515625 0.38632533125 0.3909410296875 0.3905871359375 0.53986733125
0 0.014977692187499999 0.3769833796875 0.0095707125 0.459212015625 0.1041277015625 0.47693196406249994 0.1104428328125 0.3307910078125 0.0291698328125 0.310214609375 0.014977692187499999 0.3769833796875
0 0.2930993984375 0.3706222953125 0.2031977703125 0.35030291875 0.20156742031250002 0.49897589687500005 0.295987228125 0.5176173375 0.2930993984375 0.3706222953125
0 0.2021981265625 0.34910481875 0.1123095265625 0.3293972328125 0.10684370624999999 0.4798880296875 0.1997932140625 0.5020238203125 0.2021981265625 0.34910481875
1 0.38079111875 0.390689853125 0.294508746875 0.3725669109375 0.2965166453125 0.5170158140625001 0.387281975 0.5377366890624999 0.38079111875 0.390689853125
1 0.8088508859375001 0.749333559375 0.8182414250000001 0.9591941593750001 0.909384740625 0.9768569921875001 0.8867407249999999 0.7696611703125 0.8088508859375001 0.749333559375
1 0 0.788353115625 0.09284008125 0.8091101625 0.10011429375 0.6014325515625 0.0030016421875 0.577133178125 0 0.6231997171875 0 0.788353115625
1 0.723800825 0.7307996921875 0.729099159375 0.9442370296875 0.8159891671875 0.95928551875 0.8040883921875001 0.74981250625 0.723800825 0.7307996921875
1 0.20704965 0.6246081859375 0.20191132343749998 0.833434153125 0.3033268359375 0.8555607765625 0.303594353125 0.6401228390625 0.20704965 0.6246081859375
1 0.60586576875 0.7089232484375 0.61400429375 0.9204571250000001 0.7082488125 0.9416296000000001 0.6973914859375 0.727247553125 0.60586576875 0.7089232484375
1 0.3056931828125 0.6468399703125 0.3040973328125 0.8534441828125001 0.40363860625000003 0.8723219656250001 0.400278234375 0.6709352875000001 0.3056931828125 0.6468399703125
0 0.104518515625 0.6014467640625 0.0954992421875 0.8119557515625001 0.2008275328125 0.8337738765625 0.20318659375 0.629612259375 0.104518515625 0.6014467640625
1 0.4986941265625 0.690702396875 0.5111710390625 0.9014497046875001 0.6126687015625001 0.9201732375 0.6030721296875 0.708909634375 0.4986941265625 0.690702396875
0 0.40542574531250003 0.848757965625 0.40611874062500003 0.871138859375 0.507908578125 0.8990459671875 0.4958212421875 0.690103396875 0.4030604390625 0.6712866656250001 0.40542574531250003 0.848757965625
1 0.0951079828125 0 0.08396578593750001 0.05241991875 0.113813059375 0.058453171875 0.1156074484375 0 0.0951079828125 0
1 0.1160646984375 0 0.114260621875 0.059885553125000004 0.1998244859375 0.0771812140625 0.200739090625 0 0.1160646984375 0
1 0.9048920171875 1 0.9103127375 0.9744975140625 0.8159386218750001 0.9607123578125 0.8187895359375 1 0.9048920171875 1
0 0.2016425515625 0 0.2002117015625 0.0786453234375 0.28525504218750003 0.099513275 0.283174225 0 0.2016425515625 0
1 0.2845009921875 0 0.28550536718749997 0.0995664828125 0.367639425 0.11935081249999999 0.3636292921875 0.0040496671875 0.34752594375 0 0.2845009921875 0
1 0.4494975890625 0.028349642187500003 0.36410700625 0.0036694890624999997 0.3679696796875 0.1189557703125 0.45232908437499997 0.136886915625 0.4494975890625 0.028349642187500003
1 0.71477293125 1 0.7097129703125 0.9441275296875 0.6149525453125 0.9234035687500001 0.6193491343749999 1 0.71477293125 1
1 0.61636995625 1 0.61139865 0.9232301765625 0.512133190625 0.9076372781250001 0.51707041875 1 0.61636995625 1
1 0.81596658125 1 0.8123941968749999 0.95918564375 0.716218225 0.9428987093750001 0.720312215625 1 0.81596658125 1
1 0.51316665625 1 0.5072387265625 0.9053199609375 0.4118792375 0.8815920343749999 0.4131976359375 0.9927198859375 0.44744788125 1 0.51316665625 1
1 0 0.9048920171875 0.0875455578125 0.9235004 0.0887462140625 0.812136971875 0 0.792741528125 0 0.9048920171875
1 0.09193303281250001 0.814938403125 0.09097474375 0.9242292953125 0.19606212812499998 0.9465663078125001 0.19536448125 0.8364912468749999 0.09193303281250001 0.814938403125
1 0.19715505 0.8373040328125001 0.1974426546875 0.9468597484375 0.30430084687500003 0.9695731578125001 0.3020648203125 0.8617089 0.19715505 0.8373040328125001
1 0.30515220468750004 0.8609360515625 0.30571028437500003 0.9698727437500001 0.41006029687499995 0.9920530234375 0.40733675468749997 0.8807014140625 0.30515220468750004 0.8609360515625
1 0.691446559375 0.07327693125 0.6980679125 0.19739241093749998 0.7774469828125 0.2128515390625 0.767615475 0.087088015625 0.691446559375 0.07327693125
1 0.45236300781249994 0.13642888749999998 0.532408728125 0.15217861875 0.524751096875 0.045740984375 0.45068852187499997 0.028602782812499998 0.45236300781249994 0.13642888749999998
1 0.7697532421875 0.0882491203125 0.777830271875 0.21428095156250002 0.8582452078125 0.2328525609375 0.8361020375000001 0.1051788203125 0.7697532421875 0.0882491203125
1 0.6066104453125 0.0625917109375 0.6154193625 0.17487796875 0.696741559375 0.1942836578125 0.6869938265625 0.07560501562500001 0.6066104453125 0.0625917109375
1 0.60350874375 0.062946678125 0.5259400624999999 0.044765325 0.533373578125 0.15411345468749998 0.6144117234375 0.174130078125 0.60350874375 0.062946678125
1 1 0.1826325015625 0.9921897828124999 0.143303246875 0.9154153328125 0.123002125 0.9401426687500001 0.25167381875 1 0.2643968859375 1 0.1826325015625
1 0.8570741359375 0.2375505921875 0.9380251140625001 0.2512237171875 0.917264978125 0.150698828125 0.9109387171875 0.12249926250000001 0.8414461015624999 0.10914156562499999 0.8570741359375 0.2375505921875