1 0.9287475640625 0.2130727453125 0.9527965093749999 0.20901456718750003 0.9297406453124999 0.0904024328125 0.868685290625 0.10118464375 0.9287475640625 0.2130727453125
1 0.7882755453125 0.11973387656250001 0.853467740625 0.23229459062500002 0.9262692156250001 0.21667032812499998 0.86045275625 0.104251028125 0.7882755453125 0.11973387656250001
0 0.604319546875 0.161663078125 0.526118528125 0.1747061828125 0.521057025 0.1756900390625 0.58097993125 0.2903037828125 0.6629137390625 0.2716348359375 0.604319546875 0.161663078125
1 0.6091931796875001 0.15899820625 0.667173590625 0.26863580468750003 0.7535342078125 0.25774136406250003 0.69088388125 0.1432335390625 0.6091931796875001 0.15899820625
1 0.694873540625 0.141145296875 0.7585224734375 0.25989635 0.8450113234375 0.2425935890625 0.77941506875 0.12423912343750002 0.694873540625 0.141145296875
1 0.44051146093750004 0.1930448484375 0.4974321546875 0.31019847500000003 0.58158428125 0.29109833125 0.5218498140625 0.177234275 0.44051146093750004 0.1930448484375
1 0.3507955671875 0.2130458765625 0.4073978125 0.3316570046875 0.495005840625 0.3125707609375 0.4384393109375 0.19329132031250001 0.3507955671875 0.2130458765625
0 0.0877248390625 0.26182311875000003 0.00043287031249999997 0.2779268640625 0.0544691765625 0.4228861765625 0.14360550156250002 0.4049467953125 0.0877248390625 0.26182311875000003
0 0.08835262499999999 0.2625651828125 0.1462624671875 0.40791214687500005 0.2378795703125 0.390888928125 0.18232955 0.24602610625 0.08835262499999999 0.2625651828125
0 0.2646384578125 0.22916278124999998 0.3292538265625 0.3754621953125 0.414900390625 0.35812853125 0.3475555421875 0.2104530515625 0.2646384578125 0.22916278124999998
0 0.1826336375 0.2451029046875 0.2391550703125 0.39160430625 0.32713281875 0.372446190625 0.2626324703125 0.23128089375 0.1826336375 0.2451029046875
1 0.9674302421875 0.2842985984375 0.9342049203125 0.22622243437499998 0.8505332578125 0.24426378125 0.9306855359374999 0.3962925296875 0.987150878125 0.38575247031250004 0.9674302421875 0.2842985984375
1 0.583791859375 0.30221365 0.5017521109375 0.319367084375 0.5707658671875 0.46991456718749997 0.6610649000000001 0.44884798124999997 0.583791859375 0.30221365
1 0.8482542484375 0.2534722484375 0.7594507875 0.2709617890625 0.84355005625 0.41744703281250006 0.9267480578124999 0.3942465140625 0.8482542484375 0.2534722484375
1 0.670631940625 0.288145034375 0.5879548296875 0.303173059375 0.6603267203125001 0.44758577343750006 0.7526004375 0.4366780453125 0.670631940625 0.288145034375
1 0.6749871109375001 0.2896282109375 0.755006015625 0.4369132953125 0.8420417453125 0.4192924171875 0.7564150078125 0.272173340625 0.6749871109375001 0.2896282109375
1 0.483398990625 0.4939254328125 0.5700238375 0.4721673421875 0.49789309531250003 0.3196135265625 0.4137735734375 0.3380732421875 0.4222112546875 0.3601221140625 0.483398990625 0.4939254328125
1 0 0.548144525 0.0031066375 0.564126790625 0.010052479687500001 0.5874323984375 0.10389256093749999 0.5680210203125 0.0538998296875 0.41947322343750004 0 0.42834445312499997 0 0.548144525
0 0.149490925 0.41164788281250003 0.0583885734375 0.4257214375 0.10768018593749999 0.5672847812499999 0.200038446875 0.5469907296875001 0.149490925 0.41164788281250003
1 0.3300566140625 0.3775401046875 0.240908896875 0.393677465625 0.29666904843749997 0.529519209375 0.3892579625 0.51011605625 0.3300566140625 0.3775401046875
0 0.23954338125 0.392972746875 0.1506429765625 0.409661496875 0.20363335624999998 0.5486333734375 0.2962374609375 0.532974384375 0.23954338125 0.392972746875
1 0.41710829218749995 0.3620246640625 0.3320801375 0.378766 0.38950530781250003 0.5093651312499999 0.47958889375 0.4932603484375 0.41710829218749995 0.3620246640625
1 1 0.51490895625 0.9424004828125 0.5233736953125 1 0.6441698312499999 1 0.51490895625
1 0.2443371734375 0.6617659671875 0.1471341546875 0.6770602875 0.215224896875 0.8722422218749999 0.3177070109375 0.853444003125 0.2443371734375 0.6617659671875
1 1 0.6511924078125 0.9382766968749999 0.5256431187499999 0.8583288828125 0.5392667984374999 0.9452892265624999 0.731341996875 1 0.7185246453125 1 0.6511924078125
1 0.3499932375 0.6416673328125 0.42573728906249997 0.8335673328125001 0.52599624375 0.8146401078125001 0.4433006125 0.618602246875 0.3499932375 0.6416673328125
0 0.047065440624999996 0.700534146875 0.11135096093750001 0.8955281046874999 0.2136778546875 0.870134996875 0.14470953125 0.6790213328125 0.047065440624999996 0.700534146875
1 0.7432226078124999 0.5647825234375 0.832019415625 0.7540329421874999 0.9254241437499999 0.7369991890625001 0.8330714296874999 0.5462053328125 0.7432226078124999 0.5647825234375
1 0.44778512968750006 0.623903121875 0.52587840625 0.8124184390625 0.6231912015625001 0.7912581734375 0.542623115625 0.609396490625 0.44778512968750006 0.623903121875
0 0.2483267203125 0.6600830156249999 0.321207971875 0.8550080609374999 0.424887671875 0.8342936234374999 0.3484251328125 0.6477059 0.2483267203125 0.6600830156249999
0 0.6392602546874999 0.5894783796875 0.731678778125 0.77634290625 0.8307019468749999 0.7542890328125 0.7406902296875 0.5658458515625 0.6392602546874999 0.5894783796875
0 0.6157363671875 0.769139215625 0.624979278125 0.7892271765625 0.7278021703124999 0.775413009375 0.6364308359375 0.5900398296875 0.5452751796875 0.6086447500000001 0.6157363671875 0.769139215625
1 0 0.17243571093750001 0.047697134375 0.1626664125 0.0173730109375 0.0844548359375 0 0.0878318078125 0 0.17243571093750001
1 0.1327131375 0.146579728125 0.10064823593750001 0.06826777187500001 0.0178063515625 0.084370603125 0.048653428124999995 0.16379678749999999 0.1327131375 0.146579728125
0 0.2185911328125 0.13399446718750002 0.1820521234375 0.052444459374999995 0.101588965625 0.06808491250000001 0.13362705625 0.1477621953125 0.2185911328125 0.13399446718750002
1 0.300753225 0.1203134578125 0.2619913328125 0.0369058515625 0.18326693125 0.052208325 0.21883806093749997 0.13394646875 0.300753225 0.1203134578125
1 0.38411469062500003 0.10365169375000001 0.3463464578125 0.020508875 0.26245046250000004 0.0368166046875 0.3008998953125 0.11982701093749999 0.38411469062500003 0.10365169375000001
1 1 0.8741221687499999 0.9277102578124999 0.7387072046875 0.8340115078125001 0.7563475203125 0.9185268843750001 0.9280049625 1 0.91216819375 1 0.8741221687499999
1 0.7349311875 0.78159985 0.8160165015624999 0.9479309625000001 0.91640689375 0.928417046875 0.830729890625 0.757558278125 0.7349311875 0.78159985
1 1 0.7191518109375 0.9331218734375 0.735084728125 1 0.8661954406250001 1 0.7191518109375
1 0.6342144249999999 0.7965159296875 0.7094819609374999 0.9686391796875 0.8129811015625 0.9485209843750001 0.729611534375 0.7813769625 0.6342144249999999 0.7965159296875
1 0.37358055 1 0.315168925 0.857773178125 0.219146765625 0.87586511875 0.263185265625 1 0.37358055 1
1 0.49039952500000006 1 0.42099189062500003 0.838868584375 0.31913020468750003 0.8590938937500001 0.37732966874999996 1 0.49039952500000006 1
1 0.5481445234375 1 0.602757428125 0.9893843265625 0.5272214749999999 0.8207176046875 0.4229245453125 0.8389183171875001 0.49160605156250003 1 0.5481445234375 1
1 0.529716809375 0.8188259015625 0.60292659375 0.9893514437500001 0.7073748828124999 0.9690487531249999 0.6297624171875 0.797455053125 0.529716809375 0.8188259015625
1 0.25962535 1 0.2172905921875 0.8767987984375001 0.1131028484375 0.8998074515625 0.1447763046875 1 0.25962535 1
1 0.5984851828125 0 0.62970380625 0.06405625625 0.7074617171875001 0.047550421875 0.682821125 0 0.5984851828125 0
1 0.4624418890625 0.0867238296875 0.4212177953125 0.0059553625 0.347353021875 0.02031321875 0.3839690515625 0.1032220671875 0.4624418890625 0.0867238296875
1 0.683977128125 0 0.708358725 0.0487028453125 0.788251903125 0.034628857812500004 0.76598500625 0 0.683977128125 0
1 0.5071715703125 0 0.5462722125 0.07540441406250001 0.6273071984375 0.061739653125 0.59500616875 0 0.5071715703125 0
1 0.45185547656249997 0 0.42241532656249997 0.0057225859375 0.4640595546875 0.0881119859375 0.5450727796875 0.0751122296875 0.5042575015625 0 0.45185547656249997 0
1 0.766416028125 0 0.7890011593749999 0.039352517187500005 0.8674934625 0.020617085937499998 0.85328948125 0 0.766416028125 0