1 1 0.243609890625 0.9568691046875 0.237559221875 0.9792529046875 0.361770690625 1 0.3648427890625 1 0.243609890625
1 0.87521994375 0.230403515625 0.9022429265625 0.356825996875 0.9758073906250001 0.364410521875 0.9481513140625 0.23793003750000002 0.87521994375 0.230403515625
0 0.6885839875 0.213554390625 0.610711596875 0.2018719 0.605628490625 0.201247771875 0.6270438515625 0.327993021875 0.7101693828125 0.3355035375 0.6885839875 0.213554390625
1 0.69400571875 0.212531753125 0.7151139296875 0.333976546875 0.8000341531249999 0.3501956625 0.7760099765625 0.2227130609375 0.69400571875 0.212531753125
1 0.7804196828125 0.2219640859375 0.8040844312500001 0.353764478125 0.8910931906249999 0.3639651234375 0.8654672625 0.2319416859375 0.7804196828125 0.2219640859375
1 0.524217734375 0.1929212625 0.5420174640625001 0.3211456328125 0.6273707828124999 0.3289296859375 0.6059032578125 0.2029509828125 0.524217734375 0.1929212625
1 0.433332346875 0.184280425 0.4503838078125 0.313784803125 0.538997278125 0.32264315625 0.5221847281249999 0.192517984375 0.433332346875 0.184280425
0 0.16986285 0.14961199218750001 0.08246358125 0.138031303125 0.0890021734375 0.2916549703125 0.17870716250000002 0.30206674375000003 0.16986285 0.14961199218750001
0 0.17022803125 0.1505062390625 0.180306525 0.30568575781249996 0.2720735671875 0.3177253328125 0.2640755078125 0.163728078125 0.17022803125 0.1505062390625
0 0.3470010140625 0.1730606421875 0.3631210859375 0.33119950781249996 0.44934371406249995 0.3411123078125 0.43106786250000007 0.18083452656250001 0.3470010140625 0.1730606421875
0 0.264646178125 0.16294873906250001 0.2730587671875 0.3187932359375 0.3620435359375 0.327697178125 0.344455896875 0.1744469578125 0.264646178125 0.16294873906250001
1 1 0.4701553953125 0.9803708203125 0.37587693906249997 0.8957964015625001 0.36723952656250003 0.9248335609374999 0.5355651203125 0.9982135734375 0.5451305828125 1 0.5305813078125 1 0.4701553953125
1 0.6260435515625 0.34011495625 0.5432832249999999 0.33113928125 0.5622537828125 0.49464444687500003 0.654017134375 0.5024570625 0.6260435515625 0.34011495625
1 0.8908165953125 0.3752445859375 0.8015641328124999 0.36450978749999996 0.8360314843750001 0.5288070078125 0.92174239375 0.5324219671875 0.8908165953125 0.3752445859375
1 0.712391171875 0.353480715625 0.6296813140624999 0.3423001671875 0.6537073640625 0.501037221875 0.7442171328125 0.5190594421875 0.712391171875 0.353480715625
1 0.7160496828125 0.3562200671875 0.746417196875 0.5200204765625001 0.8340401999999999 0.530088328125 0.7983246015625001 0.364722915625 0.7160496828125 0.3562200671875
1 0.47235620625 0.49051542968749995 0.5608612484375 0.49654617031250003 0.53956236875 0.330187303125 0.45443646718749997 0.321807859375 0.45563745312500004 0.3452417203125 0.47235620625 0.49051542968749995
1 0.0895121765625 0.28825385312499996 0.0234783921875 0.278202534375 0.004296959375 0.43442276093750004 0.0911295484375 0.44402813593749996 0.0895121765625 0.28825385312499996
0 0.1822091984375 0.310208509375 0.0918339578125 0.2955386515625 0.094933340625 0.4444951828125 0.188404646875 0.45367038437499996 0.1822091984375 0.310208509375
1 0.36324145625000004 0.3334102765625 0.2740789421875 0.321291540625 0.2850450328125 0.466825609375 0.3784607 0.4769138078125 0.36324145625000004 0.3334102765625
0 0.273005440625 0.320206071875 0.183907253125 0.308684509375 0.1912960640625 0.45632703750000003 0.28357659218750003 0.46995929375 0.273005440625 0.320206071875
1 0.450233134375 0.34547331406250004 0.3647765 0.335190465625 0.378924878125 0.47627990000000003 0.46896140468749997 0.4887167984375 0.450233134375 0.34547331406250004
1 0.9794246328125 0.698154228125 0.9743638484374999 0.6724558859374999 0.8968844718750001 0.6592932921875 0.9237363921874999 0.8637149187500001 0.9586486875 0.8673607203125 0.9794246328125 0.698154228125
1 0.19501195468750002 0.5757707640625 0.0984992859375 0.560381646875 0.10289484062500001 0.7657967546875 0.205469825 0.7794945921875 0.19501195468750002 0.5757707640625
1 0.81259180625 0.6485023203125 0.8357652265625 0.8567746640625 0.9215533421875 0.8639984796875 0.8922924453125001 0.66017235625 0.81259180625 0.6485023203125
1 0.3009842625 0.5892138953125 0.31361665156249996 0.79387656875 0.41413126250000004 0.8067698156249999 0.3962028234375 0.59606104375 0.3009842625 0.5892138953125
0 0 0.756082225 0.10208045156250001 0.7633297453125001 0.09560695 0.5614909406249999 0 0.5521601656249999 0 0.756082225
1 0.6960298125 0.6372782515625001 0.721805175 0.84344420625 0.8152640265625 0.8560227265625 0.7866036328125 0.6473058734375 0.6960298125 0.6372782515625001
1 0.398811453125 0.60244901875 0.414702025 0.8046334671875 0.5131192796875 0.8145111593750001 0.49284830468749996 0.6178565390624999 0.398811453125 0.60244901875
0 0.1992971265625 0.5754048765625 0.208296625 0.782048109375 0.31259113437499997 0.7943022562500001 0.29764915625 0.5944407078125 0.1992971265625 0.5754048765625
1 0.5902459859375 0.6287009859375 0.620174875 0.8337236125 0.72048208125 0.8432817515625001 0.6933113 0.6375058390625 0.5902459859375 0.6287009859375
0 0.5128682 0.7913128375 0.5154318124999999 0.813140284375 0.6167985515625001 0.8316542296874999 0.58740096875 0.6283629328125 0.49558421093750005 0.61796025 0.5128682 0.7913128375
1 0.07696544375 0 0.0778070046875 0.034051634375 0.16249490312499998 0.043587409375000004 0.1600694 0 0.07696544375 0
1 0.16052421875 0 0.163051175 0.0449496 0.2477390765625 0.0544853734375 0.2436817484375 0 0.16052421875 0
0 0.24443222968749997 0 0.2482393296875 0.0558837953125 0.332722515625 0.0689579484375 0.32532150625 0 0.24443222968749997 0
1 0.32631657187499996 0 0.332970496875 0.068988396875 0.414532346875 0.08125370312499999 0.40467661093749996 0 0.32631657187499996 0
1 0.40511870468750005 0 0.41482023281249997 0.0808388953125 0.4983902109375 0.0910999984375 0.48813804843749997 0 0.40511870468750005 0
1 0.8420903078125 1 0.8168990968750001 0.8583392984374999 0.7229762921875 0.8462438875 0.7451405249999999 1 0.8420903078125 1
1 0.7427942484375001 1 0.7195047921875 0.84638078125 0.6216331515625 0.8396917296874999 0.6441018734374999 1 0.7427942484375001 1
1 0.9417755671875 1 0.9180480937500001 0.864210809375 0.82312299375 0.8565766187499999 0.8458765625 1 0.9417755671875 1
1 0.640907125 1 0.61667668125 0.8378475906249999 0.521917553125 0.8228661374999999 0.5393180609375 1 0.640907125 1
1 0.105487146875 0.7704257546875 0.11043115156250001 0.9559218734374999 0.21579673437500002 0.9688591390625 0.201743278125 0.7828076609375 0.105487146875 0.7704257546875
1 0.2050796 0.7852724890625 0.2193505015625 0.9692954874999999 0.324634371875 0.9822227218749999 0.307506659375 0.7974307765625 0.2050796 0.7852724890625
1 0.3093169609375 0.798071228125 0.3257112890625 0.9823549500000001 0.4329913890625 0.995527290625 0.41342276718750004 0.8128911484374999 0.3093169609375 0.798071228125
1 0.5371207859375 1 0.517423903125 0.8223868718749999 0.41636060625000004 0.8118691140625 0.43316127812499994 0.99554815 0.46941868906249995 1 0.5371207859375 1
1 0 0.9423626328125 0.10653645468749999 0.9554436640624999 0.10344717343750001 0.7707384171875 0 0.76069426875 0 0.9423626328125
1 0.8210447484375001 0.1373532828125 0.8038952984375 0.033558737500000005 0.7278420515625 0.0242205734375 0.742527828125 0.1290802015625 0.8210447484375001 0.1373532828125
1 0.48914589375000006 0 0.4983845390625 0.09064915 0.5775744421875 0.0991489359375 0.562441503125 0.0039119390625 0.5305813125000001 0 0.48914589375000006 0
1 0.90132553125 0.14994569375 0.87296160625 0.042039014062500005 0.8057002984375 0.0337803640625 0.82153825 0.138718115625 0.90132553125 0.14994569375
1 0.740975228125 0.1261543984375 0.723635346875 0.0237040546875 0.6436334718750001 0.013881059375 0.660235040625 0.114189371875 0.740975228125 0.1261543984375
1 0.6591917703125 0.1135448703125 0.6406387687499999 0.01351335625 0.5636696859375 0.0040627421875 0.5786762999999999 0.100957890625 0.6591917703125 0.1135448703125
1 1 0.0576373671875 0.9516435046874999 0.0516999359375 0.9825759375 0.16128957500000002 1 0.16342898125 1 0.0576373671875
1 0.8770840968750001 0.042545192187500004 0.900583071875 0.15464107968750002 0.9804781968749999 0.1610320046875 0.9517979249999999 0.0645147359375 0.9475952124999999 0.05120286875 0.8770840968750001 0.042545192187500004