1 0.7791647953124999 0.133747921875 0.848154909375 0.23501390625 0.92053455625 0.2148301984375 0.8479759484375 0.11399408281250001 0.7791647953124999 0.133747921875
1 0.7037078046875 0.1597081390625 0.77769825 0.261098859375 0.846133075 0.23871750625 0.771556553125 0.1375258421875 0.7037078046875 0.1597081390625
1 0.5310315250000001 0.21861218437500002 0.45714544999999995 0.23906482499999998 0.452377253125 0.240522609375 0.52150706875 0.34441812656250004 0.5984175328125 0.31818835 0.5310315250000001 0.21861218437500002
1 0.5354502609375 0.215560453125 0.6022125171875 0.314878271875 0.6841604 0.29565920625 0.6124186109374999 0.1921421453125 0.5354502609375 0.215560453125
1 0.6160452515625 0.189733440625 0.68917338125 0.2972207296875 0.7706010375 0.2718395515625 0.6956402453125 0.16493045312500001 0.6160452515625 0.189733440625
1 0.37666971718750003 0.26535050625 0.44316775 0.37198788125000004 0.5221679828125 0.3451191953125 0.45329464843749995 0.24192391249999998 0.37666971718750003 0.26535050625
1 0.29240999218749997 0.29364833749999997 0.3587481734375 0.401716578125 0.44107290312499997 0.37451046718750003 0.3747019484375 0.265797325 0.29240999218749997 0.29364833749999997
0 0 0.4677419625 0.0285433671875 0.5250765187499999 0.11245283125000001 0.49881576406250006 0.044346920312499996 0.36715329531249996 0 0.3802505484375 0 0.4677419625
1 0.0450251 0.3678016234375 0.115305478125 0.5013914890625 0.20169239062500002 0.47575804687499995 0.13372976718750001 0.3423932234375 0.0450251 0.3678016234375
0 0.2111822390625 0.317857959375 0.28800610781249997 0.45168115625 0.36862074375 0.4263558140625 0.2890340984375 0.2914892453125 0.2111822390625 0.317857959375
0 0.13392946249999998 0.341476503125 0.20299071249999998 0.47631502656249997 0.2856637375 0.449002428125 0.2094660421875 0.3200939921875 0.13392946249999998 0.341476503125
1 0.8547230562499999 0.24707777343749998 0.7760784968750001 0.2728817234375 0.8684175625 0.41062555468750006 0.9542986046875 0.3850650828125 0.8547230562499999 0.24707777343749998
1 0.9590875562500001 0.39056089374999997 0.9876599828125 0.38491212343750003 0.9384433218750001 0.2239316796875 0.8581221625 0.2450154296875 0.9590875562500001 0.39056089374999997
1 0.5254069421875001 0.355560828125 0.44824241875000004 0.3803471484375 0.529722246875 0.5178001546875 0.6144357015625 0.488420684375 0.5254069421875001 0.355560828125
1 0.774811790625 0.2819490109375 0.6911772265625 0.3077443390625 0.786754921875 0.4397682984375 0.8644259328125001 0.40906194375 0.774811790625 0.2819490109375
1 0.607497109375 0.33324732031250004 0.5295062796875001 0.356058896875 0.6135991359374999 0.48728445625 0.701231553125 0.4674524796875 0.607497109375 0.33324732031250004
1 0.611833859375 0.33422846562499997 0.7035683109375 0.46743405625 0.7854898875 0.44169212187499995 0.6883797734375 0.30921500156250004 0.611833859375 0.33422846562499997
1 0.44812394062500005 0.549707203125 0.5292349578125 0.520037115625 0.44455644687499996 0.3809752984375 0.365523253125 0.407226153125 0.37585086093750003 0.427526725 0.44812394062500005 0.549707203125
1 0 0.5747254984375 0.031618396874999996 0.6781446140625 0.09064210624999999 0.6593241921875 0.0276531671875 0.5218594109375 0 0.52945055 0 0.5747254984375
0 0.11878501875 0.5046484328124999 0.03259686875 0.5273992828125 0.0942102453125 0.6582333015625 0.18098137187500002 0.6293861109375001 0.11878501875 0.5046484328124999
0 0.288986709375 0.45359353281250003 0.2048853328125 0.4781263171875 0.2721441046875 0.6028136468749999 0.35922648437500004 0.5747979015625 0.288986709375 0.45359353281250003
0 0.2035015234375 0.4775887015625 0.11969332343750001 0.50262546875 0.18460309218749998 0.6305974359375 0.2720760734375 0.606172859375 0.2035015234375 0.4775887015625
1 0.371135053125 0.4298702515625 0.2910555796875 0.45456445624999997 0.35938891562499997 0.5740522484375 0.44439347187499995 0.5494557359375001 0.371135053125 0.4298702515625
1 1 0.5598007765624999 0.9665652671875 0.5123921874999999 0.892443965625 0.5313771234375 0.9971016203125 0.70198716875 1 0.7010434625 1 0.5598007765624999
1 0.2351036390625 0.735022390625 0.143171853125 0.7595638218749999 0.2282463828125 0.9399394531249999 0.32490253281250003 0.9115000500000001 0.2351036390625 0.735022390625
1 0.8131991093750001 0.5551603218750001 0.91610613125 0.730639684375 0.9952717671875 0.7031022828125 0.8887065484375001 0.5339732953125 0.8131991093750001 0.5551603218750001
1 0.3346811796875 0.7050130265625 0.4267853375 0.8814626953125 0.52129080625 0.8531251453124999 0.42208667499999997 0.6734105593749999 0.3346811796875 0.7050130265625
0 0.1027565453125 0.910827015625 0.130702553125 0.97282625625 0.2265471796875 0.9380744890624999 0.1410373328125 0.7616916328125 0.0649130390625 0.7870464828125 0.1027565453125 0.910827015625
1 0.70507850625 0.5913268125 0.8094677499999999 0.763909265625 0.8975725328124999 0.7380842765625 0.7896090359375 0.56438173125 0.70507850625 0.5913268125
1 0.4269311828125 0.6780418453125 0.5209543937500001 0.8510053046875001 0.612402675 0.82082406875 0.516667921875 0.6544962796875 0.4269311828125 0.6780418453125
0 0.23877086875 0.7330025906250001 0.3284260203125 0.912645503125 0.42604130781249994 0.882245840625 0.333779734375 0.710966484375 0.23877086875 0.7330025906250001
1 0.6075912484375 0.6255755296875 0.7152234359375 0.795501009375 0.8082266265625 0.764288715625 0.7027502234375 0.59260415625 0.6075912484375 0.6255755296875
0 0.6030131062499999 0.8003564890625 0.6139180828125 0.8186937437499999 0.711402421875 0.7950021921875 0.6049269390625 0.6264014437500001 0.5191425796875 0.6535057734375 0.6030131062499999 0.8003564890625
1 0 0.2760864984375 0.076033509375 0.2520054609375 0.0258281703125 0.15873578906250002 0 0.16662358593749999 0 0.2760864984375
0 0.102070853125 0.136105225 0.02654645625 0.15782010625 0.077031053125 0.2530473359375 0.1573475234375 0.23121295625 0.102070853125 0.136105225
1 0.178432796875 0.11547986406249999 0.10332801875 0.1354335890625 0.1575801421875 0.2311418375 0.23497839375 0.209746178125 0.178432796875 0.11547986406249999
1 0.26101885937499997 0.09612590625 0.1786544078125 0.114942578125 0.23507057812499998 0.209264521875 0.313463215625 0.1852974875 0.26101885937499997 0.09612590625
1 0.8116157218750001 0.7659280265625 0.8971084250000001 0.9014376484375 0.9903920156250001 0.87291799375 0.8999423171875 0.7394911671875 0.8116157218750001 0.7659280265625
1 0.7188787703124999 0.8002151968750001 0.8006330953124999 0.9309331171874999 0.8949341453124999 0.9021023921875001 0.808581796875 0.76742288125 0.7188787703124999 0.8002151968750001
1 1 0.7162024328125 0.9922376312500001 0.70467736875 0.9047821984375 0.7354659640625 0.9936140296874999 0.871932925 1 0.8699805375 1 0.7162024328125
1 0.6235302828125 0.824750321875 0.7012613812499999 0.9613140984375 0.7975534296875 0.9318746656249999 0.7137411625000001 0.800541253125 0.6235302828125 0.824750321875
1 0.36827557031249997 1 0.32289672187499996 0.9159117109375 0.23238135468749999 0.9430177437499999 0.259624959375 1 0.36827557031249997 1
1 0.4862337640625 1 0.42275465468749995 0.887031146875 0.326838403125 0.9167769453125001 0.371966359375 1 0.4862337640625 1
1 0.574725503125 1 0.600511928125 0.9921162984375 0.5230792640625 0.8588324437500001 0.4246180375 0.8868827109374999 0.4876304171875 1 0.574725503125 1
1 0.5252887390625001 0.8567639921874999 0.6010394125 0.9919550296875 0.698978659375 0.962011996875 0.619343665625 0.8261033203125001 0.5252887390625001 0.8567639921874999
1 0.25673520625 1 0.2306902703125 0.9441020515625 0.13281685468749999 0.9767546890625001 0.142952434375 1 0.25673520625 1
1 0.5476545984375 0 0.482854646875 0.0219677640625 0.5456385109374999 0.12237724531250001 0.618750771875 0.0986469203125 0.5536310140625 0 0.5476545984375 0
1 0.3132800296875 0.18490002187500001 0.387080509375 0.16110442187500001 0.33159379843750003 0.0759093953125 0.26212555625 0.0957875546875 0.3132800296875 0.18490002187500001
1 0.555922459375 0 0.6197290390625 0.0996616828125 0.695138721875 0.078048109375 0.6324123312500001 0 0.555922459375 0
1 0.4074098390625 0.052194976562499995 0.46655265625000003 0.1417343890625 0.5431013640625 0.1203975984375 0.4802280859375 0.0259625015625 0.4074098390625 0.052194976562499995
1 0.4049956078125 0.05392168125 0.33213176093749996 0.074547609375 0.3887754109375 0.1622722390625 0.46536997343750003 0.1415757609375 0.4049956078125 0.05392168125
1 0.7252306749999999 0 0.7718958546875 0.0559587640625 0.8432731875 0.034136525 0.8144473859374999 0 0.7252306749999999 0
1 0.6366235265625 0 0.6963335421875 0.0825046453125 0.7699280749999999 0.056560374999999996 0.721425246875 0 0.6366235265625 0
1 0.8167469671875001 0 0.8432413515625001 0.032768590624999996 0.8774625109375 0.024472434374999998 0.8699805375 0 0.8167469671875001 0