1 0.7719355734375 0.0964042359375 0.8410702562499999 0.1941462515625 0.9114602125 0.17318591249999998 0.838845559375 0.0759251140625 0.7719355734375 0.0964042359375
1 0.6986361718749999 0.1230604890625 0.772659459375 0.22083849375 0.83915718125 0.197799015625 0.764564534375 0.10022553281249999 0.6986361718749999 0.1230604890625
0 0.5308888046875 0.1835689734375 0.4590312703125 0.204817903125 0.4543963203125 0.20632388906250002 0.5237120625 0.30663229375 0.59842728125 0.27968775 0.5308888046875 0.1835689734375
1 0.5351552546875 0.1805118609375 0.6020798015625 0.2763889703125 0.6818365 0.25620668750000003 0.6099746609375 0.15631284843749998 0.5351552546875 0.1805118609375
1 0.6134779390625 0.153897509375 0.686761803125 0.25764605625 0.7659057484375 0.2314529421875 0.6908407359375001 0.1283007 0.6134779390625 0.153897509375
1 0.3808328984375 0.2318782796875 0.4476232140625 0.33491039375 0.5243698046875 0.30730581875 0.455316565625 0.20767706874999997 0.3808328984375 0.2318782796875
1 0.2989707640625 0.260969303125 0.3656291046875 0.365401975 0.44561878750000006 0.33741068125 0.378917496875 0.232348565625 0.2989707640625 0.260969303125
0 0 0.40496660625 0.04503130625 0.49158243281249997 0.12658565625 0.46448744218750004 0.057800198437500006 0.337035934375 0 0.355209271875 0 0.40496660625
0 0.05847391875 0.3376576390625 0.129416984375 0.4669546828125 0.2134030078125 0.440429971875 0.1447287421875 0.31131297343750003 0.05847391875 0.3376576390625
0 0.2200023296875 0.28601449218749997 0.2973438671875 0.41542711250000003 0.3756942453125 0.38930250625 0.295635159375 0.2589180578125 0.2200023296875 0.28601449218749997
0 0.14490836406250002 0.3104140015625 0.2146812078125 0.44095179062499995 0.2950094515625 0.4128504875 0.21836307812500003 0.2882283421875 0.14490836406250002 0.3104140015625
1 0.8476932046875 0.2058186515625 0.77127615625 0.23237698281250002 0.863846075 0.365353246875 0.9473389796875 0.33890850625 0.8476932046875 0.2058186515625
1 0.9521119921875 0.3441951265625 0.9735993875 0.33955505 0.922899809375 0.183517790625 0.85097999375 0.20374557968749998 0.9521119921875 0.3441951265625
1 0.5277118828125 0.317450625 0.452723940625 0.3429894171875 0.5346769203124999 0.47586804843749997 0.6169641343750001 0.4457125796875 0.5277118828125 0.317450625
1 0.7701918703125 0.2412565625 0.6888982765625 0.26789215624999996 0.7845362078125 0.3952250671875 0.8599188359375001 0.36389429687499997 0.7701918703125 0.2412565625
1 0.6075552140625 0.2942429390625 0.53172633125 0.317866796875 0.6161273703125 0.444616965625 0.70142880625 0.4237383171875 0.6075552140625 0.2942429390625
0 0.6118098515625 0.29512695 0.7037120515625 0.423680190625 0.7833325609374999 0.3971261734375 0.68618941875 0.269376884375 0.6118098515625 0.29512695
1 0.4554767453125 0.5084392140625 0.5342386140625 0.478061703125 0.4491325234375 0.343666353125 0.372343259375 0.37066793593749997 0.3827795921875 0.3903222140625 0.4554767453125 0.5084392140625
1 0 0.5791922203125 0.0231249421875 0.6503634734375 0.10799014062500001 0.6216625796875 0.0441068796875 0.4884549265625 0 0.501395284375 0 0.5791922203125
0 0.132872475 0.47007663906249997 0.049031865625 0.4937819359375 0.11145857031249999 0.62053561875 0.19576562656250002 0.5908648000000001 0.132872475 0.47007663906249997
1 0.2983345375 0.4172784734375 0.2165633734375 0.44268870624999995 0.28440283437499997 0.56334075 0.3690281421875 0.5344768281250001 0.2983345375 0.4172784734375
0 0.21520196249999998 0.44218727031249994 0.1337258375 0.4680848109375 0.199325409375 0.591985953125 0.28439325000000004 0.5666235328125 0.21520196249999998 0.44218727031249994
1 0.378210840625 0.39269258281249997 0.3003727515625 0.41819144374999995 0.36917424374999996 0.533745609375 0.4518269453125 0.5082576125 0.378210840625 0.39269258281249997
1 1 0.5157097546875 0.9614830156249999 0.46308365625 0.88937075 0.4829028203125 0.9945354859375 0.64777454375 1 0.64588925625 1 0.5157097546875
1 0.2504449703125 0.6931314609375 0.1610218140625 0.718684603125 0.2472146703125 0.8934325968750001 0.3411886109375 0.863990403125 0.2504449703125 0.6931314609375
1 0.8123328453124999 0.5074973890625001 0.9158692796875 0.6771560062499999 0.99276618125 0.6488953203125 0.88576239375 0.48550319999999997 0.8123328453124999 0.5074973890625001
1 0.3472472 0.662105409375 0.44024314999999997 0.832897421875 0.532117096875 0.8035916593750001 0.43212751562499996 0.62973206875 0.3472472 0.662105409375
0 0.06984638125 0.7522224578125 0.1524485890625 0.9272346953125 0.24552256562500002 0.8916398921875001 0.1589719296875 0.7207999125 0.06984638125 0.7522224578125
1 0.707286334375 0.544685034375 0.8122221812499999 0.7114882109375 0.8978837203125 0.6847468796875 0.7894360218750001 0.5169108625 0.707286334375 0.544685034375
1 0.610345265625 0.7483617109375 0.6213125671874999 0.7660881109375001 0.716176259375 0.7412698703125 0.6092691125 0.5783922453125 0.5258968390625001 0.6063435187499999 0.610345265625 0.7483617109375
1 0.436940175 0.6341731828125 0.5317524390624999 0.8015265656249999 0.620607571875 0.770472203125 0.5242351249999999 0.6096305937500001 0.436940175 0.6341731828125
0 0.2539945 0.691095346875 0.344651284375 0.865048890625 0.4395293234375 0.8336752515624999 0.346467115625 0.6679368171875 0.2539945 0.691095346875
0 0.612598603125 0.579816615625 0.7206585609375 0.7439685093749999 0.8110157390625 0.7118802078125 0.70503269375 0.5459728515625 0.612598603125 0.579816615625
1 0 0.231339359375 0.0099397390625 0.24983591718749998 0.0868150484375 0.22400395468749998 0.03617291875 0.1337509671875 0 0.14549199375 0 0.231339359375
0 0.1102965234375 0.11033396250000001 0.0368593421875 0.132844103125 0.087807528125 0.22500463124999998 0.16592565937499998 0.20229546250000002 0.1102965234375 0.11033396250000001
1 0.1845706359375 0.0888737890625 0.1115136921875 0.109656253125 0.16615177812499998 0.2022219921875 0.24142555781250002 0.179991521875 0.1845706359375 0.0888737890625
1 0.26494870000000004 0.0685487703125 0.18477809843749998 0.088345109375 0.24150748437499997 0.1795194078125 0.317709459375 0.154759884375 0.26494870000000004 0.0685487703125
1 1 0.8278379984375001 0.9002233828125 0.6860805765625 0.8143554421875001 0.7134234515625 0.9201817828125 0.8748121 1 0.8495778109375 1 0.8278379984375001
1 0.8114159109375001 0.7149358734375 0.7243105234375 0.7485110265625 0.8275658921875 0.9073349078125 0.9187752609375 0.87607913125 0.8114159109375001 0.7149358734375
1 1 0.6650309437499999 0.9898277999999999 0.650486121875 0.9048848984375001 0.6820652484374999 1 0.8227183890624999 1 0.6650309437499999
1 0.7192954031250001 0.7489177734375 0.631548346875 0.7741166796875001 0.7302086 0.9405882609375 0.8271308765625 0.911526384375 0.7192954031250001 0.7489177734375
1 0.41336709374999997 1 0.3393031890625 0.8683345953125 0.25130764375000003 0.896368771875 0.30310346875 1 0.41336709374999997 1
1 0.5309675953124999 1 0.43639855 0.8384064531250001 0.3431697890625 0.8691121578125 0.417142853125 1 0.5309675953124999 1
1 0.5747811265625 1 0.6371231359375 0.979743853125 0.53396150625 0.80913640625 0.4382169921875 0.8382294484375 0.532086640625 1 0.5747811265625 1
1 0.5360856468749999 0.807077796875 0.637599815625 0.9810222218750001 0.73374500625 0.9497827546875 0.6274799609375 0.7755103140624999 0.5360856468749999 0.807077796875
1 0.29965561875 1 0.24967342656249997 0.8974570703125 0.1545812953125 0.931036075 0.18609898593750002 1 0.29965561875 1
1 0.48548645312499994 0 0.5435332374999999 0.0893062796875 0.6145790609375 0.0648686703125 0.570101871875 0 0.48548645312499994 0
1 0.3175237109375 0.15437474843750001 0.389240978125 0.1298615546875 0.33357448125 0.0475873765625 0.2660244703125 0.06819923125 0.3175237109375 0.15437474843750001
1 0.5717483453125001 0 0.6155522421875 0.0658431953125 0.6888790359375 0.043433990625 0.6526954468749999 0 0.5717483453125001 0
1 0.4680911296875 0 0.4072627953125 0.023118878125 0.466575746875 0.10957430625 0.5410203234375001 0.08741593125 0.4805773734375 0 0.4680911296875 0
1 0.40493277499999997 0.0248471515625 0.3340771296875 0.0462478109375 0.390917071875 0.1309732890625 0.4654173046875 0.10943965 0.40493277499999997 0.0248471515625
1 0.6542560140625 0 0.6901221375000001 0.0477670609375 0.761601753125 0.02115836875 0.7428011390625 0 0.6542560140625 0