1 0.7688798796875 0.1017805390625 0.8365152859375 0.20483409218749998 0.909718984375 0.1857896609375 0.8384844984375001 0.083106515625 0.7688798796875 0.1017805390625
1 0.6924764515625 0.12658168125 0.7651421375 0.22984752187500002 0.83441466875 0.20852415156249998 0.7611556015625001 0.105448346875 0.6924764515625 0.12658168125
0 0.5176432734375 0.18283035625 0.44291867968750004 0.2021191328125 0.4380939203125 0.203502609375 0.5058232265625 0.30920343125 0.5836942656249999 0.2841563984375 0.5176432734375 0.18283035625
1 0.5221446328125 0.1798375828125 0.5875724499999999 0.2808929421875 0.6703888015625 0.2629849125 0.600024 0.1576193953125 0.5221446328125 0.1798375828125
1 0.6037167484375 0.1552596390625 0.675406296875 0.264642571875 0.7578085171875 0.2405275171875 0.684264246875 0.1316943171875 0.6037167484375 0.1552596390625
1 0.36145844375 0.227160484375 0.426490340625 0.33557343125 0.506475940625 0.3099200578125 0.43899232968749996 0.2049280015625 0.36145844375 0.227160484375
1 0.2761541390625 0.25416000156249996 0.34099974375 0.36400937031249997 0.42433721718750006 0.3380743328125 0.35947008125 0.22757573749999999 0.2761541390625 0.25416000156249996
0 0 0.4687516359375 0.0064799828125 0.48235392343749994 0.0913955953125 0.45739726249999996 0.025189925000000002 0.32378559375 0 0.3307496875 0 0.4687516359375
0 0.025860953125000002 0.324449471875 0.094220846875 0.46003751875 0.181618703125 0.43575484062500003 0.11558747656249999 0.30043339375 0.025860953125000002 0.324449471875
0 0.19397391718749998 0.27710015 0.26891524843750003 0.4130365078125 0.350498225 0.388963496875 0.2727948765625 0.2519297203125 0.19397391718749998 0.27710015
0 0.1158047375 0.2995148015625 0.182915484375 0.43633760781250003 0.266605384375 0.4103015109375 0.19220696718750002 0.27931940312500003 0.1158047375 0.2995148015625
1 0.842911428125 0.2170822515625 0.7633026984375 0.2416708671875 0.8537894015624999 0.38182009375 0.9406768359375001 0.3576020265625 0.842911428125 0.2170822515625
1 0.9453989875 0.3632129921875 0.9791857046875 0.35714150624999996 0.9324265890625 0.1940730921875 0.8463690265625001 0.21506692031250002 0.9453989875 0.3632129921875
1 0.509550290625 0.320478728125 0.4314491921875 0.3440694875 0.5110119671875 0.4837376375 0.59679213125 0.45565806093749994 0.509550290625 0.320478728125
1 0.7618668093750001 0.2507689546875 0.67723613125 0.2752622515625 0.7710838796874999 0.40971453437500005 0.8497998640625 0.3801780671875 0.7618668093750001 0.2507689546875
1 0.5925647984375 0.2994607078125 0.5136671515625 0.3210508796875 0.5959703640625 0.4545006921875 0.6845187015625 0.43607488906249997 0.5925647984375 0.2994607078125
0 0.5969120203125 0.30052286875 0.68687081875 0.43609693125 0.769776540625 0.411627596875 0.6743945625000001 0.276692903125 0.5969120203125 0.30052286875
1 0.4283221015625 0.514413596875 0.5104818171875001 0.48597916249999995 0.427728353125 0.3446372921875 0.3477205546875 0.369668665625 0.35775405625 0.39026676875 0.4283221015625 0.514413596875
1 0 0.570270415625 0.0179954296875 0.6330279375 0.0665939265625 0.6184615421874999 0.0056411937500000005 0.479102625 0 0.48054594531249994 0 0.570270415625
0 0.097664925 0.46337384375 0.010518307812499999 0.484760596875 0.07020439375000001 0.6174262578125 0.15804601093749998 0.589917790625 0.097664925 0.46337384375
1 0.26986819375 0.4149770453125 0.1847901234375 0.43819234375000005 0.2502670828125 0.5647735515625001 0.3384071921875 0.5381067765624999 0.26986819375 0.4149770453125
0 0.1834069609375 0.43762756875 0.098615003125 0.46135487499999994 0.16166951406250002 0.59119905625 0.25013895625 0.568151140625 0.1834069609375 0.43762756875
1 0.352966290625 0.3925420546875 0.2719331296875 0.4159895484375 0.33858390781250003 0.5373596015625 0.42457209999999995 0.5140958906249999 0.352966290625 0.3925420546875
1 1 0.5583213015624999 0.9507610625 0.4858835015625 0.875825796875 0.5036919375 0.97812661875 0.6771126421875 1 0.670410915625 1 0.5583213015624999
1 0.21064031249999998 0.6971089218750001 0.1176813078125 0.72019695 0.20009959843749997 0.903100059375 0.2978825859375 0.8761733968750001 0.21064031249999998 0.6971089218750001
1 0.7956488 0.5262376125 0.896101246875 0.7045255874999999 0.9762651921875 0.6782024765625 0.8720182296875001 0.50623833125 0.7956488 0.5262376125
1 0.3113913625 0.6686538859375 0.400954228125 0.8477302359375001 0.4965708875 0.8208686765625 0.3999203671875 0.638385115625 0.3113913625 0.6686538859375
0 0.1154952703125 0.722300084375 0.04952898125 0.742998503125 0.10415987499999999 0.933519071875 0.19842258906250002 0.9011947296875 0.1154952703125 0.722300084375
1 0.6861903796875 0.5607372859375 0.7881860359374999 0.736137221875 0.8773162140625 0.7116917109374999 0.7717432078125 0.5351030984375 0.6861903796875 0.5607372859375
1 0.404713784375 0.6431274859375 0.496269959375 0.818730653125 0.5888425109375001 0.7899615859375 0.4954459328125 0.6210030093750001 0.404713784375 0.6431274859375
0 0.2143670046875 0.6951410390625 0.3014083953125 0.8773867015624999 0.40019150156250005 0.8485050203125001 0.310378384375 0.6746263546875 0.2143670046875 0.6951410390625
0 0.587467765625 0.593492653125 0.6927744140625001 0.7662764578125 0.7869301890625 0.7364973296875 0.683824434375 0.5619816390625 0.587467765625 0.593492653125
0 0.5797560484375001 0.76921179375 0.5904055015624999 0.787845171875 0.6889376796875 0.7657083859375 0.5847716515625 0.5942771140625001 0.49795410156250003 0.62004970625 0.5797560484375001 0.76921179375
1 0 0.226113684375 0.059125378125 0.20851750781249997 0.013153465625 0.1194512796875 0 0.12322297499999998 0 0.226113684375
0 0.14133172656249998 0.18901586718750002 0.0901655015625 0.0973684328125 0.0141624015625 0.119161971875 0.060110834375 0.20958276874999998 0.14133172656249998 0.18901586718750002
1 0.21984321874999999 0.16877207656249998 0.16611583125 0.0755900265625 0.0915174234375 0.09698077656250001 0.14156710625 0.18894837343749998 0.21984321874999999 0.16877207656249998
1 0.166576509375 0.07545792968750001 0.21994455 0.16828921562500002 0.29926711250000004 0.1455438359375 0.24806909843749997 0.05494240625 0.210800409375 0.06277692968750001 0.166576509375 0.07545792968750001
1 0.7903119703125 0.7382050328124999 0.8930434249999999 0.9074463296875 0.9886523625000001 0.8800309078125 0.87967625625 0.7131479421875 0.7903119703125 0.7382050328124999
1 0.6963695375000001 0.7710815625 0.79527985625 0.9354795812500001 0.8911122140625001 0.9080000953124999 0.7872319812499999 0.7396559109374999 0.6963695375000001 0.7710815625
1 1 0.721070940625 0.9731835640625001 0.67973405 0.8846187578125001 0.7091833421875 0.991217128125 0.8792954734375 1 0.876777025 1 0.721070940625
1 0.5999719671875 0.794103921875 0.693227759375 0.9647425500000001 0.79249781875 0.9362773171875001 0.691193090625 0.771320309375 0.5999719671875 0.794103921875
1 0.35758819062499997 1 0.2957855203125 0.8805759156249999 0.2042064984375 0.9062680734375 0.24703896875 1 0.35758819062499997 1
1 0.4759450078125 1 0.39679872031249996 0.853261121875 0.2997371890625 0.88151463125 0.36135625312499997 1 0.4759450078125 1
1 0.570270415625 1 0.59160104375 0.993883540625 0.4982694859375 0.8266402625 0.3986767234375 0.8531441765625001 0.477184825 1 0.570270415625 1
1 0.500529909375 0.8245981328124999 0.5915760515625 0.9938907078125 0.6913698765625 0.9652752890625 0.595734390625 0.7953921015625001 0.500529909375 0.8245981328124999
1 0.2437221765625 1 0.20248528124999998 0.9073293281250001 0.1054002203125 0.9378446671875 0.110430403125 0.9553869984375 0.1289673890625 1 0.2437221765625 1
1 0.482150075 0 0.5340533625 0.08628871875 0.608057378125 0.0636897390625 0.5675743296875 0 0.482150075 0
1 0.29908980625 0.14514087656250002 0.37378762499999996 0.1224881921875 0.31945706406249996 0.03583364375 0.2491889234375 0.054621303125 0.29908980625 0.14514087656250002
1 0.569141953125 0 0.6090239140625 0.064727396875 0.6853025359375 0.0442973875 0.650938584375 0 0.569141953125 0
1 0.43522262968750003 0 0.39618196562499997 0.0132976125 0.454114996875 0.10438532812500001 0.5315350546875 0.08425348906249999 0.4775150734375 0 0.43522262968750003 0
1 0.393721540625 0.01499245 0.3200226703125 0.034473271875 0.37547268749999996 0.1236922390625 0.4529275234375 0.104205240625 0.393721540625 0.01499245
1 0.6523737625 0 0.68642589375 0.048800618750000004 0.760954603125 0.023983175000000002 0.7410930875 0 0.6523737625 0