1 0.9213798171875001 0.16811947031250002 0.8658200921875 0.09092771250000001 0.7985628874999999 0.110235975 0.8659812062500001 0.20916966874999998 0.9285919828125 0.1917094 0.9213798171875001 0.16811947031250002
1 0.7248094328125 0.135608915625 0.7971149859375 0.23466391406249998 0.8640046734375 0.212788490625 0.7911262781249999 0.113928046875 0.7248094328125 0.135608915625
1 0.556031596875 0.1931805890625 0.4838141625 0.2131721953125 0.4791536328125 0.2145970609375 0.5467081968749999 0.316099915625 0.62188228125 0.2904634359375 0.556031596875 0.1931805890625
1 0.5603507515625 0.1901984046875 0.62559181875 0.287228903125 0.7056886 0.2684416421875 0.6355810921875 0.16730885625 0.5603507515625 0.1901984046875
1 0.6391259890625001 0.164955025 0.71058803125 0.2699667484375 0.79017705625 0.245158875 0.7169237296875 0.1407122796875 0.6391259890625001 0.164955025
1 0.40515543125000003 0.2388637 0.4701374171875 0.3430457765625 0.5473540828125001 0.316784815625 0.480050121875 0.2159660953125 0.40515543125000003 0.2388637
1 0.3227980546875 0.266521603125 0.3876236421875 0.37210171875000003 0.4680896578125 0.3455106984375 0.4032321125 0.2393004875 0.3227980546875 0.266521603125
0 0 0.36238159375 0.06487251875 0.4926677546875 0.146887321875 0.4670002109375 0.0803366765625 0.33836764218750004 0 0.3620943234375 0 0.36238159375
1 0.0809994421875 0.3390010109375 0.1496751609375 0.46951648749999997 0.2341113125 0.44446157499999994 0.1677009078125 0.3141657109375 0.0809994421875 0.3390010109375
0 0.24340455 0.2901847875 0.318475746875 0.42092749375 0.3972701296875 0.39617426875 0.31949875781250003 0.2644124546875 0.24340455 0.2901847875
0 0.167896190625 0.3132700109375 0.235380209375 0.44500562343750005 0.31618665468749996 0.4183105203125 0.24172691093749998 0.292369690625 0.167896190625 0.3132700109375
1 0.872399434375 0.220955878125 0.7955305187499999 0.2461765015625 0.8857655828125001 0.38074808125000004 0.9697072953125 0.35576452187499996 0.872399434375 0.220955878125
0 0.9743873171875 0.3611336375 0.9800479484375 0.36001428125 0.9323708500000001 0.20406951874999998 0.8757219046875001 0.21894048437500002 0.9743873171875 0.3611336375
1 0.5505186 0.3269864046875 0.47509636562499996 0.3512125890625 0.5547178125000001 0.4855012578125 0.637518778125 0.456786490625 0.5505186 0.3269864046875
1 0.794291428125 0.25503580625 0.7125453609375 0.280248575 0.8059464609375 0.40923120312499994 0.881864403125 0.379220815625 0.794291428125 0.25503580625
1 0.630754803125 0.3051757125 0.5545251734375001 0.3274725765625 0.6367012625 0.455676440625 0.7223540890625 0.43628968749999997 0.630754803125 0.3051757125
0 0.6349933625 0.30613384374999997 0.7246380015625 0.43627141875 0.804709815625 0.41111101406249995 0.709811003125 0.2816858015625 0.6349933625 0.30613384374999997
1 0.47496125625 0.5166852296875 0.5542412890625 0.48768692812500003 0.47149368281250004 0.351826740625 0.3942448703125 0.37748405625000003 0.4043366 0.397317478125 0.47496125625 0.5166852296875
1 0 0.5570771062500001 0.0392603046875 0.65134140625 0.1255515546875 0.6238268734375 0.06400281875 0.48952459218750005 0 0.5070949921875 0 0.5570771062500001
0 0.1530756390625 0.4726982765625 0.06883408437500001 0.49493674062500004 0.129039121875 0.6227606171875 0.213851165625 0.5945656765625 0.1530756390625 0.4726982765625
0 0.3194339546875 0.4227958625 0.237231775 0.446775121875 0.302955234375 0.5685927515625 0.3880713984375 0.5412101421875 0.3194339546875 0.4227958625
0 0.235879321875 0.446250003125 0.1539636328125 0.47072164375 0.21739084062499997 0.5957487859375 0.30288835937499997 0.5718748671875 0.235879321875 0.446250003125
0 0.399727175 0.39960775000000004 0.32145592500000003 0.42374426718749997 0.388230240625 0.5404815843749999 0.4713151796875 0.5164399578125 0.399727175 0.39960775000000004
1 1 0.506134653125 0.981682021875 0.4801676078125 0.9092348484375 0.4987252203125 1 0.6466544484375001 1 0.506134653125
1 0.266737384375 0.6977710484374999 0.17688188124999998 0.72175965 0.2600118390625 0.8979853015625 0.3544853046875 0.8701876625 0.266737384375 0.6977710484374999
1 1 0.6510778671875 0.9055816578125 0.501262228125 0.8317794421875 0.5219715453125 0.93233915625 0.6934112828125001 1 0.6698769718750001 1 0.6510778671875
1 0.3640663484375 0.6684391546875 0.4540674046875 0.84082815625 0.5464388125 0.8131302796875 0.44949872968750004 0.6375521109375 0.3640663484375 0.6684391546875
0 0.0851350203125 0.753701165625 0.16467026093749998 0.93012835625 0.25835127812500003 0.8961633375 0.17479539375 0.7238388625 0.0851350203125 0.753701165625
0 0.726099915625 0.5573202140625 0.8281086625 0.7259293671875 0.9142238546874999 0.7006871078125 0.8087218171874999 0.5309839796875 0.726099915625 0.5573202140625
1 0.45423314687499994 0.6420765390625001 0.5461102515625 0.8110591359375 0.635493825 0.7815602390625 0.5419431296874999 0.6190611968749999 0.45423314687499994 0.6420765390625001
0 0.2703219078125 0.6957971921875 0.357928975 0.8713064203125 0.45334011093750004 0.8415934093749999 0.3631846109375 0.6742560609375 0.2703219078125 0.6957971921875
1 0.6308134765625 0.5907939140625 0.7359921296875 0.7568067125 0.8268955640625 0.7263002484375 0.7238241421875 0.558568503125 0.6308134765625 0.5907939140625
0 0.626318940625 0.7615635359375 0.6369752046875 0.7794786421875 0.7322575859375 0.7563197796875001 0.628209328125 0.5916011765625 0.5443619359375 0.61809314375 0.626318940625 0.7615635359375
1 0 0.184328175 0.03400535625 0.25034562656250003 0.1113197859375 0.2258592578125 0.062260503125 0.1347361875 0 0.15375025 0 0.184328175
0 0.1367815 0.11261638437499999 0.0629626484375 0.133841440625 0.112294653125 0.226877103125 0.1907972140625 0.2055347421875 0.1367815 0.11261638437499999
1 0.21141883125 0.0924557421875 0.1380103125 0.1119600203125 0.1910245796875 0.2054652296875 0.266674871875 0.1845518515625 0.21141883125 0.0924557421875
1 0.2921393734375 0.07353660937499999 0.21163549062499998 0.0919307625 0.266765025 0.1840812390625 0.3433875078125 0.1606553953125 0.2921393734375 0.07353660937499999
1 1 0.8251464359374999 0.9165398859374999 0.702061434375 0.8302078265624999 0.7279015453125 0.9328260437499999 0.8905176765625 1 0.8699805375 1 0.8251464359374999
1 0.739564259375 0.761412275 0.8383902750000001 0.9193895890625001 0.93096056875 0.891088009375 0.8272423453125001 0.7293624328125 0.739564259375 0.761412275
1 1 0.6704130703125 0.9212707703125 0.6981280734374999 1 0.8190456656249999 1 0.6704130703125
1 0.6463693296875 0.785395103125 0.739811953125 0.9495280062499999 0.835702934375 0.9202111921875 0.734542803125 0.76173143125 0.6463693296875 0.785395103125
1 0.42026530781250004 1 0.352524353125 0.8744982875 0.2640529453125 0.9009924625 0.31139659062499997 1 0.42026530781250004 1
1 0.53652876875 1 0.4501272421875 0.8462692515624999 0.35637679218749996 0.8753432125 0.4239854390625 1 0.53652876875 1
1 0.5747255015625 1 0.6416445359375 0.9795407984375 0.5481861734375 0.8187063703125 0.45194849843749996 0.8461240109375 0.537682934375 1 0.5747255015625 1
1 0.550345915625 0.816685146875 0.64162039375 0.9795481781250001 0.7380173109375 0.950076684375 0.6422772390625 0.7867175234375 0.550345915625 0.816685146875
1 0.30804441250000003 1 0.2623999828125 0.9020520734374999 0.1667363 0.933966375 0.1955324578125 1 0.30804441250000003 1
1 0.51207991875 0 0.508966690625 0.0010553687500000001 0.5703192140625 0.099152928125 0.6417807109375 0.0759589609375 0.59162559375 0 0.51207991875 0
1 0.343208509375 0.1602670765625 0.415342665625 0.13700925625 0.36112053125 0.0537760921875 0.29322108125 0.0732058984375 0.343208509375 0.1602670765625
1 0.5934589421875 0 0.6427367375 0.076950321875 0.7164434578125001 0.055824259375 0.67156490625 0 0.5934589421875 0
1 0.43522465625000006 0.030597359375 0.49301971875 0.11807477343749999 0.5678396734375 0.09721901250000001 0.506399075 0.0049587140624999995 0.43522465625000006 0.030597359375
1 0.43286482812499993 0.03228470625 0.3616464828125 0.0524455046875 0.41699910312500005 0.138150071875 0.4918638015625 0.117919921875 0.43286482812499993 0.03228470625
1 0.762910771875 0 0.7914672078125 0.034233190625 0.8612327921875 0.012903710937499998 0.8503332125 0 0.762910771875 0
0 0.6740469109375 0 0.7176107468749999 0.060178365624999994 0.7895438625 0.034821217187499996 0.7596739875 0 0.6740469109375 0