1 0.9682064203125 0.2387212140625 0.9789919625 0.23804656093749998 0.9684052671875 0.1170400828125 0.919846309375 0.12044906250000001 0.9682064203125 0.2387212140625
1 0.8373750062499999 0.13055848750000001 0.8908011046875 0.25004286875 0.9653458781250001 0.24206059375 0.9112797828125 0.122652103125 0.8373750062499999 0.13055848750000001
0 0.64875605625 0.15317934375 0.5690763 0.15801129375 0.56390438125 0.158463778125 0.6118379 0.27944865625 0.6958479203125 0.2693796296875 0.64875605625 0.15317934375
1 0.6539168796875 0.15102503125 0.700429328125 0.26682643125 0.788053378125 0.26500213906250003 0.73737761875 0.14383657656249998 0.6539168796875 0.15102503125
1 0.74159255625 0.14216635 0.7928214109375 0.26768279375000004 0.881248728125 0.2594595875 0.8280281687500001 0.134135303125 0.74159255625 0.14216635
1 0.48142286093750003 0.167363746875 0.5260826562500001 0.29057456875 0.6123593875 0.28030723125 0.5645356125000001 0.1600923234375 0.48142286093750003 0.167363746875
1 0.389480009375 0.1779477515625 0.43366743437500005 0.30258353125 0.5234032531249999 0.29269334062499996 0.47932197031249996 0.167392578125 0.389480009375 0.1779477515625
0 0.12091876406249999 0.1991055203125 0.0318135171875 0.2060445359375 0.0706568265625 0.35677554843750003 0.1618022203125 0.34819358437500003 0.12091876406249999 0.1991055203125
0 0.1214692453125 0.1999140390625 0.164150478125 0.3514400828125 0.25768350624999997 0.3440356109375 0.217314284375 0.19324204843749998 0.1214692453125 0.1999140390625
0 0.30150976093750004 0.18501921875 0.350805234375 0.3382031125 0.43839238593749996 0.3298604515625 0.3865086765625 0.17501272968749998 0.30150976093750004 0.18501921875
0 0.21771600468750002 0.192350221875 0.25888538437499997 0.3448855046875 0.348998990625 0.334962259375 0.299278015625 0.186927834375 0.21771600468750002 0.192350221875
1 0.9822250828125 0.2750012953125 0.9722863203125 0.25245286562499997 0.8866021999999999 0.2617112328125 0.9508521234374999 0.42226113437499996 0.9948010609375 0.418745390625 0.9822250828125 0.2750012953125
1 0.6133993796875 0.291661646875 0.529442875 0.30020305937499997 0.5826952859375 0.4581000234375 0.6753342796874999 0.446511075 0.6133993796875 0.291661646875
1 0.8833503828125 0.2706860125 0.7925856718750001 0.27885283906249997 0.8613716796875 0.434270565625 0.9471248156250001 0.41979996249999996 0.8833503828125 0.2706860125
1 0.7018378125 0.2867115546875 0.617466915625 0.29305921874999996 0.67472803125 0.445170478125 0.76827453125 0.44395439531249997 0.7018378125 0.2867115546875
1 0.7060426468750001 0.28865343125 0.7706585687499999 0.4444426359375 0.8596670015625 0.43595858906249996 0.789418221875 0.2797460796875 0.7060426468750001 0.28865343125
1 0.49268233281249996 0.47294331093749997 0.5817150203125 0.4602762375 0.5255527171875001 0.30004405 0.4393760765625 0.30967398125 0.4455031390625 0.3326237203125 0.49268233281249996 0.47294331093749997
1 0 0.4694568546875 0.008852034375 0.5167578546875 0.104862525 0.507197353125 0.07044613281249999 0.353300584375 0 0.3574211765625 0 0.4694568546875
0 0.1669898671875 0.355517525 0.07428291249999999 0.36002456562499996 0.108732778125 0.5068587499999999 0.2033524125 0.496259265625 0.1669898671875 0.355517525
1 0.35139027500000003 0.34036671875 0.2604232453125 0.347144321875 0.301952890625 0.48893315781249996 0.39670966875 0.47924937968750003 0.35139027500000003 0.34036671875
0 0.2591301078125 0.34629563124999996 0.1683526546875 0.3536509671875 0.20677916875000002 0.498280803125 0.3011568578125 0.4923451640625 0.2591301078125 0.34629563124999996
1 0.4401929546875 0.3339911265625 0.35328742343749997 0.3418060796875 0.3970364234375 0.478523975 0.4889371515625 0.47187733749999994 0.4401929546875 0.3339911265625
1 1 0.548558809375 0.9491999046874999 0.55065438125 1 0.6940815640625 1 0.548558809375
1 0.23562373281250001 0.6157635359375 0.136679346875 0.6208508968750001 0.18430705 0.8233136609375 0.288906625 0.8152750453125 0.23562373281250001 0.6157635359375
1 1 0.7025115093750001 0.9448315796875001 0.5524918109375 0.8633415421875 0.5577211046875 0.9301913921875 0.7590584796875001 1 0.7502599421875 1 0.7025115093750001
1 0.343538471875 0.6067572796875 0.399175396875 0.8067404375 0.5015624078124999 0.7983390625 0.4394003125 0.59348475625 0.343538471875 0.6067572796875
0 0.034004025 0.6338217890625 0.07784118437500001 0.8356965046875 0.18297983906249998 0.8210424937499999 0.1340449453125 0.6225583421875001 0.034004025 0.6338217890625
1 0.745393409375 0.5711546140625 0.8143796703125 0.7698584390625001 0.909703834375 0.762631315625 0.8373194249999999 0.5620093234375 0.745393409375 0.5711546140625
1 0.443332628125 0.5992603546875 0.5016783765625 0.796103596875 0.6013504281250001 0.7851581015625 0.5398258484375 0.5947126015624999 0.443332628125 0.5992603546875
0 0.239795875 0.6144988421875001 0.2922475828125 0.8172080703125 0.398248153125 0.8073778890625001 0.3413323375 0.612634865625 0.239795875 0.6144988421875001
0 0.6386905234375 0.5849390343749999 0.711554628125 0.7816361171875 0.8130334593749999 0.7699762171875 0.7427456453125 0.5719524484375 0.6386905234375 0.5849390343749999
1 0.5962149171875 0.762241534375 0.60335479375 0.7833137546875 0.7077707359375001 0.780298171875 0.635798171875 0.5852034500000001 0.54256064375 0.5942391328125 0.5962149171875 0.762241534375
1 0 0.081899215625 0.0052935390625 0.104071390625 0.0912794203125 0.09567862187500001 0.0748710515625 0.0352840453125 0 0.0418344125 0 0.081899215625
1 0.1781038453125 0.0885174578125 0.1603787703125 0.0278030890625 0.0753264265625 0.0352442046875 0.092117959375 0.096910228125 0.1781038453125 0.0885174578125
0 0.265422684375 0.08495054375 0.24428924687500003 0.0204618734375 0.161199690625 0.027731267187500002 0.17889446874999998 0.08979673437499999 0.265422684375 0.08495054375
1 0.34913601875 0.07989661875000001 0.32628480312499997 0.0132881921875 0.245288015625 0.020374492187500003 0.265675 0.08492846875 0.34913601875 0.07989661875000001
1 0.43436424218749997 0.0719861046875 0.41228410000000004 0.0057642281250000005 0.32672515468749996 0.013249665625 0.34933411406250003 0.07942527656250001 0.43436424218749997 0.0719861046875
1 0.911813153125 0.7645807015625 0.8161306906249999 0.7723838703125 0.8873378734375 0.965670225 0.9901757671875 0.9574985843749999 0.911813153125 0.7645807015625
1 0.79111515 0.97644064375 0.8855744375000001 0.9666500140625001 0.81271715625 0.773250478125 0.7142578015625001 0.7872382515624999 0.783366425 0.9771185687499999 0.79111515 0.97644064375
1 1 0.750826796875 0.917613528125 0.7615247203125 0.9934617328125 0.9587376109375001 1 0.9581655874999999 1 0.750826796875
1 0.61183478125 0.7915778140625 0.673837146875 0.9867011390625 0.7804140578125 0.9773768671875 0.70895446875 0.78645609375 0.61183478125 0.7915778140625
1 0.3388601515625 1 0.2859092203125 0.8193402000000001 0.1878526640625 0.8273510749999999 0.2294262625 1 0.3388601515625 1
1 0.45260829999999996 1 0.39386534218749997 0.8115462843750001 0.2897367421875 0.8210781125000001 0.34256811875 1 0.45260829999999996 1
1 0.5218304687499999 1 0.5649263921875 0.9962295953125 0.5021492671875001 0.8045492046874999 0.3957953578125 0.8117991859375 0.4536966765625 1 0.5218304687499999 1
1 0.5048471718750001 0.802918571875 0.564849690625 0.9962363062499999 0.67188595 0.986871846875 0.6072778875 0.792049596875 0.5048471718750001 0.802918571875
1 0.2254882984375 1 0.18589566875000002 0.8280902515624999 0.0791447703125 0.8401627062499999 0.111803071875 1 0.2254882984375 1
1 0.663285796875 0 0.6844534265625 0.058178545312499996 0.7640541375 0.049835090625 0.74451943125 0 0.663285796875 0
1 0.47816952187500006 0 0.41307546562499997 0.005694992187499999 0.43426365 0.07154089999999999 0.5145794484375 0.063280190625 0.490224003125 0 0.47816952187500006 0
1 0.7456259328125 0 0.7648309906249999 0.0510825296875 0.84631374375 0.0453968984375 0.8234257546875 0 0.7456259328125 0
1 0.575876421875 0 0.5997145578125 0.060764703125 0.6822975578125 0.05560857031250001 0.6602477359375001 0 0.575876421875 0
1 0.4913898078125 0 0.5160531046875 0.06483925625 0.5985442812499999 0.060346262500000004 0.57350940625 0 0.4913898078125 0
1 0.9084433593749999 0 0.9292718390625 0.0395182984375 0.9613772468749999 0.0367094390625 0.9581655874999999 0 0.9084433593749999 0
1 0.8243564750000001 0 0.846566559375 0.0502023125 0.9271374484375 0.039705034374999996 0.90550754375 0 0.8243564750000001 0