1 1 0.20373237500000002 0.98652665625 0.16388990625 0.9130056109375 0.1626249578125 0.9503601343750001 0.2831826734375 1 0.28441560625 1 0.20373237500000002
1 0.8310929874999999 0.16547311874999998 0.8733215718749999 0.28765999062500003 0.9472620171875 0.2862227296875 0.9043979921874999 0.1640554390625 0.8310929874999999 0.16547311874999998
0 0.643794796875 0.17149478437500001 0.5650791171875 0.1693896296875 0.5599578375 0.1693896296875 0.5966599328125 0.29258026406250004 0.680081159375 0.2899043421875 0.643794796875 0.17149478437500001
1 0.6490514859375 0.1698190265625 0.6848027578125 0.2877861453125 0.7710666125000001 0.29353519375000003 0.7316852859375 0.1699306390625 0.6490514859375 0.1698190265625
1 0.735970846875 0.1686498390625 0.775521628125 0.296583803125 0.8631249828125 0.29610471562499996 0.8216004578125 0.168188375 0.735970846875 0.1686498390625
1 0.47813915781249994 0.1710466609375 0.5114328328125 0.296146025 0.5970985765625 0.293470103125 0.5604381265625 0.1710466609375 0.47813915781249994 0.1710466609375
1 0.3868781640625 0.17354637343749998 0.4195851390625 0.30000739374999996 0.508617659375 0.2980004546875 0.47607215937499997 0.1708941484375 0.3868781640625 0.17354637343749998
0 0.12114751093750001 0.171245209375 0.032988371875 0.1704021296875 0.058200240624999997 0.3220838578125 0.1485054578125 0.3214857328125 0.12114751093750001 0.171245209375
0 0.1216189515625 0.17208828437499998 0.1505339453125 0.32488286093749996 0.243084225 0.325649103125 0.21637823906250003 0.1737744390625 0.1216189515625 0.17208828437499998
0 0.299822984375 0.1729313640625 0.335095178125 0.3279269421875 0.42188318281250003 0.32725796093750004 0.3842106109375 0.1704021296875 0.299822984375 0.1729313640625
0 0.216849678125 0.1729313640625 0.2441922265625 0.32658898125 0.333598834375 0.3245820390625 0.2974657875 0.17461751875 0.216849678125 0.1729313640625
1 1 0.43486023906250004 0.9531888359374999 0.2970475359375 0.8681921875 0.2987815328125 0.9175266375 0.462313715625 1 0.46292824843749997 1 0.43486023906250004
1 1 0.29775999375 0.9571468921875 0.2960394609375 1 0.43033420624999996 1 0.29775999375
1 0.5971443796875 0.3047337484375 0.5139070765625 0.305910925 0.5526624984375 0.46588541875 0.6446939781250001 0.4624566609375 0.5971443796875 0.3047337484375
1 0.8642250718750001 0.30733381249999997 0.7743296390625 0.3075561671875 0.8285628734375001 0.46642822656250005 0.9140754578125 0.459570709375 0.8642250718750001 0.30733381249999997
1 0.6844772546875 0.3074767546875 0.6010213375 0.3064593390625 0.64421348125 0.4610851546875 0.7362449609375 0.4679426734375 0.6844772546875 0.3074767546875
0 0.6884423390625 0.3097498265625 0.7385457468750001 0.468628425 0.8267425828125001 0.4679426734375 0.77114023125 0.30816250625 0.6884423390625 0.3097498265625
1 0.46293180468750006 0.4727429359375 0.5515121046875 0.4679426734375 0.5100979390625 0.3054195 0.42458535468749997 0.3074767546875 0.4286332578125 0.330589578125 0.46293180468750006 0.4727429359375
1 0 0.4740087328125 0.07888137656250001 0.47306199375 0.0582919515625 0.3186459359375 0 0.31696186718749997 0 0.4740087328125
0 0.15297362187500002 0.329140021875 0.06148421875 0.32559348125 0.082713734375 0.47306199375 0.1766064953125 0.47077751875 0.15297362187500002 0.329140021875
1 0.3354840765625 0.3301065640625 0.2455092640625 0.3289443359375 0.27412975624999997 0.472057184375 0.368078559375 0.47068568125 0.3354840765625 0.3301065640625
0 0.24431147968750003 0.327997784375 0.1544732921875 0.3274204390625 0.179800125 0.47306199375 0.2730541609375 0.4753464703125 0.24431147968750003 0.327997784375
1 0.42329744687500004 0.3314780671875 0.33722463125 0.331686409375 0.3684620234375 0.46999992968750004 0.4593431109375 0.47137143281249994 0.42329744687500004 0.3314780671875
1 1 0.6429036640625 0.983370521875 0.59214789375 0.904864546875 0.5885257734375 0.9564290468750001 0.7881512453124999 1 0.7873615328125 1 0.6429036640625
1 0.1980448453125 0.5911625515625001 0.10037610625 0.587650078125 0.1297727015625 0.7909983703125001 0.23325245468750003 0.7920933609375 0.1980448453125 0.5911625515625001
1 0.8198850984374999 0.5880879265625001 0.8682678015624999 0.7919837125 0.9542968265624999 0.7886987390625 0.9004138796875001 0.5899579125 0.8198850984374999 0.5880879265625001
1 0.3048655578125 0.591590703125 0.34234589375 0.7931883515625 0.44368257499999997 0.7937358453125001 0.40020883281249997 0.586782590625 0.3048655578125 0.591590703125
0 0 0.6044565578125 0.02408548125 0.7940179296875 0.12866373125 0.788648996875 0.09764051875 0.589103590625 0 0.591533975 0 0.6044565578125
1 0.7028240718750001 0.5911528546875 0.753532615625 0.7926408546875 0.8478277750000001 0.7937358453125001 0.7939448265625 0.5900675609375 0.7028240718750001 0.5911528546875
1 0.403576515625 0.5928050390624999 0.4439887265625 0.7915458640625 0.5428761828125 0.78935588125 0.49879013437499997 0.59663750625 0.403576515625 0.5928050390624999
0 0.20225348593749998 0.5902771609374999 0.2363693796875 0.7942833421875 0.3413798984375 0.7937358453125001 0.3021922984375 0.597185003125 0.20225348593749998 0.5902771609374999
0 0.596783434375 0.5955313265625 0.6514752125000001 0.7953783328124999 0.7521995859375 0.7926408546875 0.70015355625 0.5917100484375 0.596783434375 0.5955313265625
0 0.5397998109375 0.7663610750000001 0.5450044125 0.787713396875 0.647871859375 0.7937358453125001 0.593918425 0.5955425156249999 0.5015182874999999 0.5964070218749999 0.5397998109375 0.7663610750000001
1 0.0056688859375 0 0.01569456875 0.06776500625000001 0.1009133359375 0.0669088421875 0.08889256250000001 0 0.0056688859375 0
1 0.08933992187499999 0 0.10163147187499999 0.0681930875 0.1868502390625 0.067336925 0.173445403125 0 0.08933992187499999 0
1 1 0.7871310703125001 0.9545381765625001 0.7900793421875 1 0.9479590515625 1 0.7871310703125001
0 0.1742979875 0 0.18751718906249998 0.0686639578125 0.2729639875 0.0713447453125 0.25632754375 0 0.1742979875 0
1 0.257385153125 0 0.2732138328125 0.0713447453125 0.355662496875 0.0735787390625 0.33743185625 0 0.257385153125 0
1 0.3378760421875 0 0.355897684375 0.0731319390625 0.44009525937499994 0.0731319390625 0.4226445734375 0 0.3378760421875 0
1 0.849732978125 0.795835884375 0.7550361999999999 0.7952769421875 0.808392975 0.991624725 0.9101529812500001 0.992437125 0.849732978125 0.795835884375
1 0.7516072578124999 0.795835884375 0.6536499484375 0.8011242453125 0.7052701124999999 0.9940619296875 0.8065758328125 0.992437125 0.7516072578124999 0.795835884375
1 1 0.9510112390625001 0.9508435828125 0.7893366703125 0.855695665625 0.7933278421875001 0.915015059375 1 1 1 1 0.9510112390625001
1 0.648505678125 0.7998978937500001 0.5526270921875 0.7965763421875 0.5971713890625 0.9956867328125 0.703474253125 0.9981239390625 0.648505678125 0.7998978937500001
1 0.2708262875 1 0.2299574453125 0.795835884375 0.13290981875000002 0.7952769421875 0.1636035546875 1 0.2708262875 1
1 0.3808583234375 1 0.33671459375 0.7974606875 0.23356928593749998 0.7978757453124999 0.27445094062500003 1 0.3808583234375 1
1 0.49034819374999994 1 0.44372536250000005 0.7998978937500001 0.338589453125 0.7978757453124999 0.3818613234375 1 0.49034819374999994 1
1 0.596284196875 1 0.548108528125 0.7966482874999999 0.4465167515625 0.7985254453125 0.49017339687500006 1 0.596284196875 1
1 0.1594647078125 1 0.1309231546875 0.795835884375 0.0249825203125 0.7985254453125 0.048074440625 1 0.1594647078125 1
1 0.6653591171875 0 0.6870417343749999 0.0810761546875 0.7659816359375 0.0797187640625 0.7425464421875 0 0.6653591171875 0
1 0.42349528437500006 0 0.44003468437500004 0.0726851421875 0.51967018125 0.0714707515625 0.49913754375 0 0.42349528437500006 0
1 0.7440448281250001 0 0.7666377921875001 0.081013278125 0.847198646875 0.0824335453125 0.8143487031250001 0 0.7440448281250001 0
1 0.5810873671875 0 0.6035476078124999 0.076325284375 0.6851441406250001 0.0783613734375 0.661774125 0 0.5810873671875 0
1 0.5002848921874999 0 0.5209842828125 0.0731319390625 0.60243356875 0.0758127296875 0.578519228125 0 0.5002848921874999 0
1 0.8940686546875 0 0.9292258953125 0.0837909359375 1 0.0837909359375 1 0.069994821875 0.970123678125 0 0.8940686546875 0
1 0.8172866437499999 0 0.8470339453125 0.087184415625 0.9271124015625001 0.0837909359375 0.8905931203125 0 0.8172866437499999 0