1 0.753125 0.3265625 0.11875 0.178125
1 0.5765625 0.290625 0.10625 0.1484375
1 0.6578125 0.309375 0.1109375 0.15625
1 0.4828125 0.27421875 0.1265625 0.159375
1 0.21953125 0.221875 0.128125 0.16875
1 0.97734375 0.38515625 0.0453125 0.1703125
1 0.84375 0.35546875 0.11875 0.178125
0 0.4046875 0.2640625 0.1171875 0.165625
1 0.92734375 0.37578125 0.1140625 0.1734375
0 0.3125 0.25078125 0.1171875 0.1734375
0 0.121875 0.215625 0.121875 0.153125
1 0.58984375 0.44921875 0.1171875 0.178125
1 0.48984375 0.43046875 0.1234375 0.165625
0 0.30703125 0.39453125 0.1140625 0.1484375
1 0.68046875 0.47421875 0.125 0.178125
1 0.86171875 0.51484375 0.1234375 0.18125
0 0.2140625 0.37734375 0.121875 0.1640625
0 0.39609375 0.4171875 0.1171875 0.15625
1 0.94609375 0.534375 0.1078125 0.190625
0 0.765625 0.5 0.13125 0.1671875
1 0.04609375 0.35 0.078125 0.15
0 0.11953125 0.36796875 0.125 0.159375
1 0.2171875 0.01875 0.096875 0.0375
1 0.9859375 0.153125 0.028125 0.11875
1 0.553125 0.059375 0.1 0.11875
1 0.46953125 0.05078125 0.1015625 0.1015625
1 0.81640625 0.821875 0.128125 0.196875
1 0.9 0.8453125 0.10625 0.18125
1 0.70859375 0.809375 0.1296875 0.1890625
0 0.303125 0.03671875 0.109375 0.0734375
1 0.634375 0.07734375 0.1 0.13125
1 0.87578125 0.12890625 0.0984375 0.1296875
1 0.3859375 0.04609375 0.10625 0.0921875
1 0.60859375 0.79296875 0.140625 0.196875
0 0.0359375 0.671875 0.071875 0.209375
0 0.5109375 0.784375 0.1421875 0.184375
0 0.2078125 0.72109375 0.1375 0.19375
1 0.103125 0.70390625 0.14375 0.1921875
1 0.3046875 0.7484375 0.1484375 0.2
1 0.4109375 0.77734375 0.13125 0.2
1 0.7140625 0.09453125 0.10625 0.13125
1 0.796875 0.11171875 0.1015625 0.13125
0 0.94765625 0.14375 0.1046875 0.13125
1 0.74140625 0.959375 0.1203125 0.08125
1 0.84375 0.96953125 0.134375 0.0609375
1 0.42578125 0.92734375 0.1265625 0.1453125
1 0.63828125 0.95 0.1265625 0.1
1 0.20546875 0.88359375 0.134375 0.146875
1 0.31953125 0.9078125 0.1328125 0.146875
1 0.53515625 0.94140625 0.1328125 0.1171875
1 0.0984375 0.8640625 0.125 0.1390625
1 0.02890625 0.83984375 0.0578125 0.1421875