1 1 0.3192836140625 0.9406296890625001 0.298964865625 0.9385372515625001 0.42902469375 1 0.45005278750000005 1 0.3192836140625
0 0.7613534859375 0.24016086250000002 0.6876044343750001 0.21106448437499997 0.68275915625 0.209300946875 0.6750926703125 0.338406678125 0.7549388687499999 0.3646032984375 0.7613534859375 0.24016086250000002
1 0.7669035140625 0.24038673125 0.7601348890625 0.3642266140625 0.8397714374999999 0.39936726093749997 0.8450455171875 0.26894759218750003 0.7669035140625 0.24038673125
1 0.8495408453125 0.2692124484375 0.8429373171875 0.40378359062499997 0.9259843109375 0.43349728125000003 0.9307144031249999 0.2982631328125 0.8495408453125 0.2692124484375
1 0.6047797453125 0.182692890625 0.5932317234375 0.312429471875 0.6752014765625 0.339399003125 0.68264336875 0.21103293125000003 0.6047797453125 0.182692890625
1 0.5175769234375001 0.1536300171875 0.50500526875 0.284451909375 0.58993015 0.3132132734375 0.6028766234375 0.1818369203125 0.5175769234375001 0.1536300171875
0 0.266959159375 0.0599488328125 0.183841296875 0.028793746874999998 0.155499884375 0.180878884375 0.24114409218750002 0.21141043750000002 0.266959159375 0.0599488328125
0 0.2671150859375 0.0609082375 0.2418942890625 0.21532067656249998 0.329193078125 0.24791522812500003 0.3561872875 0.0951331765625 0.2671150859375 0.0609082375
0 0.43542504531250004 0.123070709375 0.415461459375 0.28175315625 0.497802390625 0.31100654843750003 0.5161350828125 0.14973879375000002 0.43542504531250004 0.123070709375
0 0.3569234265625 0.09449845625 0.32991795 0.24918535625 0.41519675781250004 0.2780755375 0.43261467031249995 0.1238531265625 0.3569234265625 0.09449845625
1 1 0.46169533749999997 0.9298573203125 0.437772921875 0.9202606390625 0.6093684703125 0.9836847656250001 0.632989228125 1 0.5881634906250001 1 0.46169533749999997
1 0.6713689265625 0.350063678125 0.5922124656250001 0.3225134453125 0.573831115625 0.4871025390625 0.6620825875 0.5155523921875 0.6713689265625 0.350063678125
1 0.9231611171875 0.4444923421875 0.8380339140625 0.41374664218749996 0.83467558125 0.5826233265625 0.9179393375 0.6055867390625 0.9231611171875 0.4444923421875
1 0.753051278125 0.3827304671875 0.6744431578125 0.3530301390625 0.662099928125 0.5140902781250001 0.7468118375 0.5522650062500001 0.753051278125 0.3827304671875
1 0.7560204953125 0.38624487812499997 0.74875265625 0.5537056171875 0.8324322625 0.5834282921875 0.8348077484375 0.41322159999999997 0.7560204953125 0.38624487812499997
1 0.48657657499999996 0.46268659999999995 0.57203480625 0.48865136875 0.5887777171875 0.3207371484375 0.50716575625 0.2932354578125 0.5030422531250001 0.31648075468750003 0.48657657499999996 0.46268659999999995
1 0.1567696609375 0.1776601796875 0.094265134375 0.1528451796875 0.040105175 0.3016484453125 0.1231140234375 0.330738653125 0.1567696609375 0.1776601796875
0 0.2427375703125 0.2201856046875 0.1573991984375 0.1853278171875 0.12673984375 0.33205834375 0.216358534375 0.36223096718750003 0.2427375703125 0.2201856046875
1 0.41507937968749997 0.2839477390625 0.3303535171875 0.2518656890625 0.3081856234375 0.3970233921875 0.3975431765625 0.428078459375 0.41507937968749997 0.2839477390625
0 0.32954599687499997 0.2505583359375 0.24474813593750003 0.21907629218750002 0.2185939484375 0.3654905046875 0.306036134375 0.39976276875 0.32954599687499997 0.2505583359375
1 0.4976882734375 0.315483340625 0.41618249531249996 0.28604072812500003 0.398141946875 0.42756218125 0.483653228125 0.460154165625 0.4976882734375 0.315483340625
1 0.9377360796875 0.7592322046875 0.9378793203125 0.7547902718749999 0.8648506687499999 0.72433193125 0.8449439484375001 0.9308188171875 0.8719111953124999 0.9400845906249999 0.9377360796875 0.7592322046875
1 0.1952163375 0.4834280796875 0.10401993125 0.44647461406250005 0.0618589609375 0.6488475109375 0.15938507500000001 0.6855164859375 0.1952163375 0.4834280796875
1 0.7846016890625 0.69465490625 0.7602152109375 0.9040833734374999 0.8427382437500001 0.930602190625 0.8601470546875 0.7241533015625 0.7846016890625 0.69465490625
1 0.296132821875 0.520617084375 0.2622223390625 0.7241185578125 0.357909278125 0.7595319390624999 0.38799225000000004 0.5489032953125 0.296132821875 0.520617084375
0 0 0.627331565625 0.0616181875 0.6462444828125 0.1009316109375 0.44690678437500003 0.0061543703125 0.415056440625 0 0.44224675468749997 0 0.627331565625
1 0.672794784375 0.6572420359375 0.651437334375 0.86519504375 0.7402738421875 0.898701259375 0.7593782171875 0.6875938390624999 0.672794784375 0.6572420359375
1 0.3891060796875 0.55575673125 0.3589525171875 0.75756690625 0.4532642046875 0.7895488140625 0.47786956875 0.5921672921875001 0.3891060796875 0.55575673125
0 0.1995028296875 0.484040275 0.1615804359375 0.6886602703125 0.261120009375 0.7243035265625 0.29167860156250003 0.5249855109375 0.1995028296875 0.484040275
0 0.5709623484375 0.6248659453125 0.5539381375 0.8326391671875 0.6501761453125 0.8647360078125 0.6700764593749999 0.656849215625 0.5709623484375 0.6248659453125
0 0.4582662703125 0.76674964375 0.45584292499999995 0.7887288375 0.55109416875 0.8298454890625001 0.5682478953125 0.62388994375 0.48053000468749996 0.5928888406249999 0.4582662703125 0.76674964375
1 0.447552821875 0 0.4452064703125 0.017865451562500002 0.522442990625 0.048369109375000004 0.52759026875 0 0.447552821875 0
1 0.5279917703125 0 0.52281925 0.048027681249999996 0.60247915625 0.0770215171875 0.6104168015625 0.00809954375 0.5881634890624999 0 0.5279917703125 0
1 0.7363473796875 1 0.7413537328124999 0.9013427484375001 0.65195279375 0.868205028125 0.640916434375 1 0.7363473796875 1
1 0.6383981578125 1 0.6485163125 0.867552690625 0.5540184703125 0.8388203624999999 0.539885690625 1 0.6383981578125 1
1 0.8354898203125 1 0.8392515906250001 0.9300161625 0.7478581046875 0.9010248703125001 0.7409815734375 1 0.8354898203125 1
1 0.53668505625 1 0.549573434375 0.8358894875 0.46000500625 0.7997329718749999 0.4340631390625 1 0.53668505625 1
1 0.06335472812500001 0.6539728515625 0.021947925 0.8580921609375001 0.12339209375 0.89501481875 0.15497982187499998 0.6879200984375 0.06335472812500001 0.6539728515625
1 0.15769508125 0.691092384375 0.126821403125 0.896262984375 0.22749416249999999 0.9329048734375001 0.2554243921875 0.72621855625 0.15769508125 0.691092384375
1 0.2570553875 0.727256578125 0.22844310937499998 0.9332502609375 0.331083284375 0.9706082296874999 0.3558293640625 0.7653724125 0.2570553875 0.727256578125
1 0.43213800156250004 1 0.45570520625000005 0.7982450015625 0.3589425828125 0.7650360968750001 0.330917909375 0.9705480375000001 0.41183651093750007 1 0.43213800156250004 1
1 0 0.85010376875 0.018032134375 0.8566669296875 0.061282795312500006 0.6538171703125 0 0.6332565921875 0 0.85010376875
1 0.9085359453124999 0.1954693703125 0.9133955703125001 0.11837479687500001 0.8402159390625 0.0917395890625 0.8333832718749999 0.1695693484375 0.9085359453124999 0.1954693703125
1 0.6783371625 0.1028529953125 0.68306639375 0.0345418328125 0.6111581890625 0.0083693859375 0.6025755921875 0.0765782453125 0.6783371625 0.1028529953125
1 0.9844417484375001 0.22600345000000002 0.98192755 0.143318396875 0.9147266578125001 0.118859271875 0.9087112875000001 0.1969191859375 0.9844417484375001 0.22600345000000002
1 0.8325221171875 0.1663492875 0.837000753125 0.09056935625 0.7606397265625 0.06277621562499999 0.7560237046875 0.1363261703125 0.8325221171875 0.1663492875
1 0.755146078125 0.135457965625 0.7583313765625 0.0619360453125 0.6841275640625 0.034928065625 0.6790088203125 0.10487603593749999 0.755146078125 0.135457965625
1 1 0.14989623125 0.9843785875 0.14421050156249998 0.9826511203124999 0.2304383140625 1 0.235933434375 1 0.14989623125