1 0.9960711328125 0.270551959375 0.9737530828125 0.2083063578125 0.9026320921875 0.2083270296875 0.9407865703124999 0.3240063796875 0.99701136875 0.324417959375 0.9960711328125 0.270551959375
1 0.823465159375 0.21245753750000002 0.8663606093749999 0.3296263671875 0.9378416828124999 0.32699161875 0.894332046875 0.20985240625 0.823465159375 0.21245753750000002
0 0.6424368874999999 0.2214286625 0.5662781953125 0.22072641875 0.56132558125 0.22081286718749998 0.59889345625 0.339043378125 0.679522209375 0.335053575 0.6424368874999999 0.2214286625
1 0.6474922328125 0.21972321562500002 0.6840526359375 0.3329303125 0.7675722734375 0.3370206421875 0.727406434375 0.21843602031249998 0.6474922328125 0.21972321562500002
1 0.7315292859375 0.21712800625 0.7719319078125 0.339886634375 0.856642046875 0.3379456640625 0.8143309828125 0.21523735781250003 0.7315292859375 0.21712800625
1 0.4822294375 0.223792628125 0.516533290625 0.34392215 0.5993326390625 0.3398944609375 0.56181795625 0.2224034046875 0.4822294375 0.223792628125
1 0.394016146875 0.227744765625 0.42777555312500004 0.3491978734375 0.5138420625 0.3457587609375 0.48022794687500003 0.22368037968749999 0.394016146875 0.227744765625
0 0.1369983671875 0.23001026875 0.051728479687499995 0.2306850390625 0.07866434375 0.376596728125 0.165985359375 0.3744953078125 0.1369983671875 0.23001026875
0 0.13746847812500002 0.23081568125000002 0.1680042484375 0.377738496875 0.25751936249999996 0.3769154765625 0.229135340625 0.2308428703125 0.13746847812500002 0.23081568125000002
0 0.30981770468750003 0.228620934375 0.34653836718750003 0.37755989218749997 0.4304568125 0.375449484375 0.39138349687499996 0.22475633906249998 0.30981770468750003 0.228620934375
0 0.2295770546875 0.230021540625 0.2586067015625 0.377803534375 0.3450349765625 0.3743581046875 0.307566534375 0.23028746875 0.2295770546875 0.230021540625
1 1 0.49563657812499995 0.9999614640625 0.49342884062500003 0.9437555968750001 0.33733497031250004 0.8615874453125001 0.34044263125 0.91205099375 0.497380034375 1 0.49649876875 1 0.49563657812499995
1 0.947566321875 0.3362956015625 0.9999123359375 0.49061428906250004 0.9972382734374999 0.337417353125 0.947566321875 0.3362956015625
1 0.5995666140625 0.3507604625 0.5190904890625 0.353301221875 0.5592635078125 0.5069848671875 0.648206265625 0.5021234109375 0.5995666140625 0.3507604625
1 0.8578950046875 0.34876053749999997 0.7709639484374999 0.3504925109375 0.8260864671875 0.5028512968750001 0.9086672828125 0.4947919328125 0.8578950046875 0.34876053749999997
1 0.68406944375 0.35193262187499996 0.6033449484375 0.3523598078125 0.6477184984375 0.500808340625 0.736834475 0.5058707265625 0.68406944375 0.35193262187499996
1 0.6879422203125001 0.354058671875 0.7390710359375 0.5064934765625 0.8243516312500001 0.5043431093749999 0.7678897921875001 0.35113132343750003 0.6879422203125001 0.354058671875
1 0.4726035046875 0.515115434375 0.5581856468749999 0.508989053125 0.5153985265625 0.3528914109375 0.43273687499999997 0.3563196484375 0.437040684375 0.3785497703125 0.4726035046875 0.515115434375
1 0 0.44524677968750004 0.00919021875 0.52461458125 0.1012068421875 0.5219060953125 0.0786951390625 0.3732783921875 0 0.3723843546875 0 0.44524677968750004
0 0.1704352671875 0.3818044765625 0.08189926875 0.37992725781250003 0.10491298281250001 0.5218414046875 0.195674990625 0.5180524937500001 0.1704352671875 0.3818044765625
1 0.3469511625 0.3796561515625 0.2599200265625 0.3800536671875 0.2900079515625 0.5176408593749999 0.3808395296875 0.5147318078125 0.3469511625 0.3796561515625
0 0.25874575 0.37916068593749996 0.1718565890625 0.38012016875 0.1988019125 0.5202025671875 0.289023171875 0.5208324046875 0.25874575 0.37916068593749996
1 0.4318955671875 0.379497021875 0.34866099687499996 0.38115095 0.3811988171875 0.5140637453125 0.4691099046875 0.5138528328125 0.4318955671875 0.379497021875
1 1 0.6850212640625 0.9779127750000001 0.6215280875 0.9019313359375 0.6193587875000001 0.9551593 0.8110801015625 1 0.8094861078125 1 0.6850212640625
1 0.21843457656249998 0.633833915625 0.1239233296875 0.6320938703125 0.1557761640625 0.8277810296875 0.255866334375 0.82709068125 0.21843457656249998 0.633833915625
1 0.81974324375 0.6203708390625 0.8699661140625 0.8162657125000001 0.9531065234374999 0.8116442968750001 0.8976513640625001 0.6208155953125 0.81974324375 0.6203708390625
1 0.32174444375 0.632443828125 0.3613853078125 0.826305571875 0.45939376562499995 0.8251231906250001 0.4138666953125 0.6261957140625001 0.32174444375 0.632443828125
0 0.0253362703125 0.6376022203125 0.05362051718750001 0.83247821875 0.1546641515625 0.82553315625 0.12130231250000001 0.633542346875 0.0253362703125 0.6376022203125
1 0.706589140625 0.6253037875 0.7590207062500001 0.8188364515625001 0.8502287687500001 0.8183011406249999 0.7946906296875 0.622718596875 0.706589140625 0.6253037875
1 0.41722488437500005 0.6319491171875 0.4596529578125 0.8230052046875 0.5552467546875001 0.8192231453125001 0.509367259375 0.6340393234375 0.41722488437500005 0.6319491171875
0 0.2224896984375 0.6329086796875 0.258917484375 0.8291508859375 0.36046034531250004 0.8268500812499999 0.319253434375 0.6378861375 0.2224896984375 0.6329086796875
0 0.6041146000000001 0.6313179734375 0.6603705796875 0.8232002250000001 0.757731578125 0.8188589546875 0.704015959375 0.6258864281250001 0.6041146000000001 0.6313179734375
0 0.5518844671875 0.797090484375 0.55727723125 0.817602609375 0.6568582421875 0.8216764359375001 0.6013441375 0.6313771296875 0.51200168125 0.63377090625 0.5518844671875 0.797090484375
1 0.0953589546875 0.0271782953125 0.0161437921875 0.0288666203125 0.033275823437500004 0.1319562234375 0.1156735609375 0.1296917171875 0.0953589546875 0.0271782953125
1 0.17638214218749998 0.025764029687500002 0.0957641328125 0.0271464546875 0.116389671875 0.130918590625 0.198787409375 0.128654084375 0.17638214218749998 0.025764029687500002
1 1 0.8091365234375001 0.9533631734375 0.8129721812499999 1 0.96456569375 1 0.8091365234375001
0 0.2553876609375 0.025030771875000003 0.17731880625000002 0.0250858078125 0.19945474218749998 0.1299231015625 0.2821325625 0.1310670734375 0.2553876609375 0.025030771875000003
1 0.333958009375 0.026246440625 0.2567721125 0.0247334421875 0.2823741796875 0.13106285625 0.362145084375 0.1318263859375 0.333958009375 0.026246440625
1 0.41812401875000005 0.030382746874999998 0.33431675625 0.02579371875 0.3623650015625 0.131391359375 0.443789596875 0.12997008906250002 0.41812401875000005 0.030382746874999998
1 0.7605191625 0.8213542781250001 0.8109881453125001 0.9946478453125 0.9086094171875001 0.992943859375 0.8521065906249999 0.8202950265625001 0.7605191625 0.8213542781250001
1 0.6625704546875 0.8287069734375001 0.7106953703125 0.9963984625 0.8088907640624999 0.9946844562500001 0.7572125625 0.8219514078125 0.6625704546875 0.8287069734375001
1 1 0.967349453125 0.9497777515625 0.8123180421875 0.8578306671875 0.8177747015625 0.9115396062500001 0.9928927140624999 1 0.9913486328125 1 0.967349453125
1 0.5647981171875001 0.8260246 0.6065811578125 0.9982157828125 0.7076966859375 0.9964508046875 0.6575749546874999 0.8276106671875001 0.5647981171875001 0.8260246
1 0.2897860046875 1 0.25274286875 0.8307569593749999 0.1588820140625 0.83185589375 0.187160796875 1 0.2897860046875 1
1 0.396148675 1 0.356011415625 0.83052243125 0.25627010625 0.8326639765625 0.29324791875 1 0.396148675 1
1 0.5021155562499999 1 0.45953891562500004 0.8310674 0.35783151874999997 0.8308912156250001 0.39722093125 1 0.5021155562499999 1
1 0.504363471875 1 0.6044807515625 0.9982524453125 0.56042958125 0.826170284375 0.462215259375 0.8296961890624999 0.5023303953125 1 0.504363471875 1
1 0.18344175468749999 1 0.1569701921875 0.8324286781250001 0.0545639203125 0.8368117703125 0.076204125 1 0.18344175468749999 1
1 0.650274596875 0.020305784375 0.68273686875 0.1334658859375 0.7590540890625 0.1308238015625 0.7232881640625 0.016826342187500003 0.650274596875 0.020305784375
1 0.44372349218749996 0.12954005625 0.5207158078125 0.127024190625 0.4910560484375 0.0304032734375 0.41927351875 0.030362682812500003 0.44372349218749996 0.12954005625
1 0.7255017125000001 0.0174426875 0.7597104359375 0.132061628125 0.8376420015624999 0.13207196875 0.790142878125 0.0189342984375 0.7255017125000001 0.0174426875
1 0.5699509171875 0.0285173265625 0.60191255 0.130291809375 0.6808560546875 0.13087879062500002 0.6466724984375001 0.0234035265625 0.5699509171875 0.0285173265625
1 0.567172615625 0.0295058390625 0.49194266249999996 0.029249321875 0.52201460625 0.128604665625 0.60082656875 0.1298161203125 0.567172615625 0.0295058390625
1 0.8669018906250001 0.01848859375 0.9169906062500001 0.1319968984375 0.991128565625 0.130702815625 0.941851490625 0.020871084375 0.8669018906250001 0.01848859375
1 0.8375627281250001 0.136658225 0.9149467187500001 0.1320325734375 0.8744882609375001 0.043661303125 0.862676340625 0.0189781828125 0.79590163125 0.0214537046875 0.8375627281250001 0.136658225
1 0.991472728125 0.12938684375 0.993608634375 0.1294754421875 0.9916839281250001 0.0192091640625 0.9451169828125 0.019873553125000002 0.991472728125 0.12938684375