1 0.8509423453125 0.1917239 0.8958653062499999 0.30124823749999996 0.9684633781249999 0.29670016875 0.9200750203125001 0.18686599375 0.8509423453125 0.1917239
1 0.7742668484374999 0.20111248750000002 0.8238992078124999 0.311757975 0.893204865625 0.3043419375 0.8429774875 0.193766934375 0.7742668484374999 0.20111248750000002
0 0.5989035609375 0.22212166249999998 0.5248249625 0.22662158125 0.5200165640625001 0.22704226093750002 0.5645420875 0.339079159375 0.6426480953125 0.329727509375 0.5989035609375 0.22212166249999998
1 0.603702171875 0.22012481562500003 0.6469081546875 0.3273614078125 0.7283715125 0.32564460781250004 0.681296625 0.21344121718750003 0.603702171875 0.22012481562500003
1 0.6852157078125 0.2118930046875 0.73280345 0.32812585156249996 0.8150155796874999 0.3204823625 0.76557611875 0.20442810625000002 0.6852157078125 0.2118930046875
0 0.443331946875 0.2353106953125 0.48481324375 0.3494101984375 0.565026640625 0.3398741765625 0.5206029062499999 0.2285503625 0.443331946875 0.2353106953125
1 0.357850740625 0.2451417640625 0.39889244218750003 0.36056115625 0.482321584375 0.351373359375 0.44137876875000004 0.23533805000000002 0.357850740625 0.2451417640625
0 0.10816673125000001 0.26482070156250004 0.025324740624999998 0.2712750328125 0.0613899921875 0.4108645375 0.1461291890625 0.402887934375 0.10816673125000001 0.26482070156250004
0 0.10867825625000001 0.2655693515625 0.148311321875 0.4058939953125 0.2352699015625 0.3990072015625 0.19778605 0.2593602390625 0.10867825625000001 0.2655693515625
0 0.2760638984375 0.2517184125 0.3218456140625 0.393576440625 0.4032766921875 0.385822578125 0.3550892484375 0.2424243765625 0.2760638984375 0.2517184125
0 0.1981598 0.2585341375 0.23638700625000003 0.3997939703125 0.32016737968750003 0.390575440625 0.2739884859375 0.25348679375 0.1981598 0.2585341375
0 0.8996540671875 0.313964725 0.8199919250000001 0.32256609062499997 0.879674284375 0.4712416078125 0.966139184375 0.4643222578125 0.8996540671875 0.313964725
1 0.9695664484375 0.47047588906250004 0.9993634796875 0.47089406718750004 0.9851836078125 0.3088173984375 0.9032879390625 0.312698121875 0.9695664484375 0.47047588906250004
1 0.56598998125 0.35038990000000003 0.4879342015625 0.3583267125 0.537393159375 0.5045485859375 0.6235218671875 0.49378656249999997 0.56598998125 0.35038990000000003
1 0.8169659703125 0.330879215625 0.73258081875 0.3384712125 0.796481903125 0.4823920859375 0.8762098265624999 0.4689633171875 0.8169659703125 0.330879215625
1 0.648211428125 0.3457778453125 0.569771075 0.3516830171875 0.6229586625 0.49254513749999995 0.709927846875 0.49138980156249995 0.648211428125 0.3457778453125
1 0.6521199984375 0.3475750359375 0.7121441 0.49184125156249997 0.794896565625 0.48395600156249996 0.729635809375 0.3392994828125 0.6521199984375 0.3475750359375
1 0.45370483124999994 0.518323846875 0.53648114375 0.5065644218750001 0.4843176265625 0.3581806515625 0.40419748125000005 0.3671263 0.40988659531250005 0.388379609375 0.45370483124999994 0.518323846875
1 0 0.5218304687499999 0.002710265625 0.55280894375 0.0038813124999999998 0.5590535046875 0.0931438234375 0.5501691078125 0.061195192187500004 0.4076462171875 0 0.4112325046875 0 0.5218304687499999
0 0.15094979375 0.4096694921875 0.0647601046875 0.4138725328125 0.0967420453125 0.5498543046875 0.18471181718750002 0.54000806875 0.15094979375 0.4096694921875
1 0.32238884687499997 0.39558011406250004 0.23781603125 0.40188552499999997 0.276381509375 0.5331922796875 0.3644784984375 0.5241940984375 0.32238884687499997 0.39558011406250004
0 0.23661408437499998 0.4010999 0.1522173375 0.40794033125 0.187896996875 0.5418792796874999 0.2756403890625 0.536352603125 0.23661408437499998 0.4010999
1 0.404949371875 0.3896476984375 0.3241521484375 0.3969126078125 0.36478250156250003 0.523522153125 0.45022332187499997 0.51733774375 0.404949371875 0.3896476984375
1 1 0.6986725234375 0.9521040296875001 0.5870893171875 0.8780983765625001 0.5901552624999999 0.942823671875 0.7723562921875 1 0.7663136625 1 0.6986725234375
1 0.21467688593749998 0.65067854375 0.1226881671875 0.65542099375 0.1669040765625 0.8429198343750001 0.26415126093749997 0.8354422843749999 0.21467688593749998 0.65067854375
1 0.7982749250000001 0.5967268609375 0.8603617343750001 0.7831774390625 0.9408664531250001 0.7730427625 0.8740366390625001 0.591858378125 0.7982749250000001 0.5967268609375
1 0.315006428125 0.642303771875 0.3666691671875 0.8275036046875 0.4618594734375 0.8196907687499999 0.40413189374999997 0.62998148125 0.315006428125 0.642303771875
0 0.027228401562499997 0.6674660421875 0.067920484375 0.8544214296874999 0.1656708953125 0.8408167750000001 0.120238471875 0.6570031859375 0.027228401562499997 0.6674660421875
1 0.6886161078125 0.609205109375 0.752689925 0.7932159249999999 0.8413136437500001 0.7864928296875 0.7740812125 0.6007065328125 0.6886161078125 0.609205109375
1 0.407785915625 0.6353294078125 0.4619679828125 0.817620325 0.5546350234374999 0.807452059375 0.4974956546875 0.631087484375 0.407785915625 0.6353294078125
0 0.2185560578125 0.6495059359375001 0.2672567015625 0.83723154375 0.3658069234375 0.8280942781249999 0.3129535921875 0.6477480625 0.2185560578125 0.6495059359375001
0 0.5894117249999999 0.6220048671875 0.6570913390625 0.8041559062499999 0.7514383375 0.793325425 0.6861542734375 0.6099448578125 0.5894117249999999 0.6220048671875
1 0.5498677265625 0.786229165625 0.5564990234375 0.80574326875 0.6535739265625 0.8029179281250001 0.586722665625 0.6222506578125 0.5000383015625001 0.6306481265625 0.5498677265625 0.786229165625
1 0 0.17390985625 0.0007011671875000001 0.1768394578125 0.0806435828125 0.16903968281249998 0.053953765625000004 0.071062615625 0 0.0759920890625 0 0.17390985625
1 0.1326176171875 0.0641804203125 0.0543454703125 0.07100419375 0.081422778125 0.170180090625 0.161365196875 0.16238031718749998 0.1326176171875 0.0641804203125
1 1 0.7653250890625001 0.9412058640625001 0.7743123265625 1 0.9263255640624999 1 0.7653250890625001
0 0.20936628906250002 0.058095525 0.1334821828125 0.06345935312499999 0.16209983125 0.163564890625 0.2425453453125 0.15904965937499999 0.20936628906250002 0.058095525
1 0.28582393906250003 0.05392918437500001 0.21069192656250002 0.05771316875 0.2427799265625 0.1590291359375 0.32037397031250003 0.15434290625 0.28582393906250003 0.05392918437500001
1 0.367918725 0.052212978125 0.28614200312500004 0.0534659921875 0.3205582828125 0.1539063046875 0.399611853125 0.1469900140625 0.367918725 0.052212978125
1 0.7543170390625 0.79555434375 0.8202162328125 0.9738946281249999 0.9155009484375001 0.965558296875 0.843274040625 0.788297625 0.7543170390625 0.79555434375
1 0.6596027015625 0.8093435609374999 0.72278419375 0.982418828125 0.8182915703125 0.9740630140625001 0.7511432578125 0.7963580234375 0.6596027015625 0.8093435609374999
1 1 0.928205671875 0.9376763078125 0.7739222078125 0.8486675140625 0.7854654859375 0.9180570140625001 0.96533466875 1 0.9581655859374999 1 0.928205671875
1 0.564380178125 0.8133945062500001 0.62107816875 0.9913169515625 0.7200115890625 0.9826613984374999 0.6546725125 0.8086207999999999 0.564380178125 0.8133945062500001
1 0.3086209640625 1 0.26136335625 0.8392082125 0.1701991296875 0.8466580390624999 0.207215628125 1 0.3086209640625 1
1 0.41426028906249995 1 0.36173099531249997 0.831956253125 0.2649212078125 0.8408166156249999 0.3120543046875 1 0.41426028906249995 1
1 0.5197376218749999 1 0.46240314062500004 0.825442190625 0.3635252234375 0.8321898828125001 0.41529859687500004 1 0.5197376218749999 1
1 0.5218304765624999 1 0.6192265859375 0.99147894375 0.560143553125 0.8138328703125 0.4649118484375 0.8239311218750001 0.519715096875 1 0.5218304765624999 1
1 0.20362320625 1 0.1683795109375 0.8473432453124999 0.069131021875 0.8585574578124999 0.0980953265625 1 0.20362320625 1
1 0.5929012171875 0.02665449375 0.632120378125 0.1341243046875 0.706126578125 0.1263721875 0.66363935 0.018315509375 0.5929012171875 0.02665449375
1 0.399518471875 0.1465777125 0.47418945468749996 0.13890200625 0.4388146328125 0.047271809375 0.369034753125 0.0521153390625 0.399518471875 0.1465777125
1 0.665832796875 0.018762315625 0.7068484203125001 0.127527278125 0.782603503125 0.122236153125 0.728769096875 0.015810934375 0.665832796875 0.018762315625
1 0.515377678125 0.0400772203125 0.55333909375 0.1365458203125 0.6301168953125 0.1317447578125 0.589609546875 0.029901940625 0.515377678125 0.0400772203125
1 0.5127439421875 0.041224304687500005 0.43959832499999996 0.0460930578125 0.47555900624999997 0.14034549999999998 0.5522512359375 0.136158640625 0.5127439421875 0.041224304687500005
1 0.803353496875 0.010157557812499999 0.8597302499999999 0.1167658515625 0.931709365625 0.11046849375000001 0.8763705749999999 0.00736843125 0.803353496875 0.010157557812499999
1 0.7828370484375 0.1266866734375 0.8577458796874999 0.1169394609375 0.812432753125 0.034039617187499996 0.7992791546875 0.01091951875 0.73453759375 0.0178610859375 0.7828370484375 0.1266866734375
1 0.9527912781250001 0 0.8794772796875 0.006179465625 0.9319547890625 0.1091696078125 0.9676276250000001 0.108151596875 0.9581655859374999 0 0.9527912781250001 0