1 0.9913499953124999 0.321855128125 0.9478599390625 0.21261994999999997 0.8733634234375 0.2152419203125 0.9175664343750001 0.3351297671875 0.9919382296875 0.333079296875 0.9913499953124999 0.321855128125
1 0.7905895468749999 0.2224669796875 0.8398131531249999 0.3437431171875 0.91459109375 0.3383672796875 0.8647252296874999 0.21714465 0.7905895468749999 0.2224669796875
1 0.6012960390625001 0.23849134843750003 0.521496190625 0.2405395734375 0.51631163125 0.24081128437500002 0.5599936390625 0.3633953171875 0.6443038875 0.35626433125 0.6012960390625001 0.23849134843750003
1 0.6065289046875 0.236518459375 0.648971609375 0.35387257656250004 0.7366059468749999 0.35510743125 0.6901896734374999 0.2322471203125 0.6065289046875 0.236518459375
1 0.6944603359375 0.230725009375 0.7412775218750001 0.35795285468750004 0.82993795625 0.35282072656249996 0.7811235703125 0.225715415625 0.6944603359375 0.230725009375
1 0.4335697515625 0.24682726718749998 0.47390234531250003 0.3715216359375 0.5604848453125 0.3642715671875 0.516885640625 0.24246086562500002 0.4335697515625 0.24682726718749998
1 0.3413135328125 0.254196065625 0.38112431406249997 0.38029803906250004 0.47115063125 0.37354560625 0.4314691328125 0.246782759375 0.3413135328125 0.254196065625
0 0 0.34731271874999997 0.0164435671875 0.42178815625 0.10783294531250001 0.41639234687500004 0.0721774921875 0.2659682921875 0 0.26906016718750003 0 0.34731271874999997
1 0.072699421875 0.26679553125 0.11006647031250001 0.419718821875 0.20380093281249997 0.41558311562499994 0.1687189234375 0.2634725484375 0.072699421875 0.26679553125
0 0.25315008125 0.2581931078125 0.297069484375 0.4130040703125 0.3848944359375 0.40772324062500004 0.33844644062499996 0.25115913437500004 0.25315008125 0.2581931078125
0 0.1691515234375 0.2625952859375 0.20497241875 0.41647443749999996 0.2953774453125 0.40970215625 0.2508530875 0.260022671875 0.1691515234375 0.2625952859375
1 0.9211646234374999 0.34899543906249997 0.8352095875 0.3552578328125 0.893817259375 0.5179522234375 0.9870222484375001 0.513762678125 0.9211646234374999 0.34899543906249997
1 1 0.48690704374999993 0.9926644390625 0.3469361984375 0.92511818125 0.347766396875 0.990476775 0.5205328171875 1 0.5210029625 1 0.48690704374999993
1 0.561127940625 0.375655359375 0.4769244875 0.38126153125 0.5246339359375 0.5409207921875 0.61762094375 0.5325719578125 0.561127940625 0.375655359375
1 0.831646534375 0.3641136609375 0.7406520984375 0.36910786875 0.8039722015624999 0.526831515625 0.8901781156249999 0.5153624703124999 0.831646534375 0.3641136609375
1 0.6496852546875 0.3737947421875 0.565144221875 0.37719403749999997 0.61706185 0.53121101875 0.71059380625 0.533260403125 0.6496852546875 0.3737947421875
0 0.65381975625 0.37588218281249997 0.7129593515625 0.5338315484375 0.802209653125 0.52845901875 0.737455403125 0.369890021875 0.65381975625 0.37588218281249997
1 0.43415779218750006 0.5526136312500001 0.5235783171875 0.54306146875 0.47304225000000005 0.380966853125 0.3865820265625 0.3875833984375 0.3919044203125 0.41073298906250005 0.43415779218750006 0.5526136312500001
1 0 0.5130929562500001 0.0032980484375000002 0.5760234734375 0.045378784374999995 0.573312090625 0.0163542765625 0.4183079546875 0 0.41869267343749994 0 0.5130929562500001
0 0.1127618296875 0.42389287500000006 0.019954056249999998 0.425161740625 0.049258496875 0.5731087640625 0.1441904078125 0.5658179125 0.1127618296875 0.42389287500000006
0 0.2975786625 0.4151867796875 0.20643051250000002 0.41878555000000006 0.2429864984375 0.5619373750000001 0.3380235125 0.5555664609375001 0.2975786625 0.4151867796875
0 0.2051677796875 0.41789224531249997 0.11418892968750001 0.42207501406250003 0.1475445265625 0.5679578109375 0.24207187343749997 0.565319521875 0.2051677796875 0.41789224531249997
0 0.3865497484375 0.4119142390625 0.29942441875000003 0.416691471875 0.33837538437500003 0.5548529015625 0.43045209375000004 0.5514176015625 0.3865497484375 0.4119142390625
1 1 0.7300255390625 0.9673531078125001 0.645705971875 0.8876851890624999 0.6462095953125 0.950462621875 0.84527175 1 0.8417757453125001 1 0.7300255390625
1 0.17227143125 0.6863756359375001 0.0732097734375 0.6880067875 0.1137426140625 0.8920084015624999 0.2185590140625 0.8876251546875 0.17227143125 0.6863756359375001
1 0.801632503125 0.6502755984374999 0.8614150578125 0.8538233515625 0.9483330593750001 0.8459383296875 0.8832553984375 0.6478934515625 0.801632503125 0.6502755984374999
1 0.2804347453125 0.6811410359375001 0.3290584671875 0.882944071875 0.43167630937499996 0.8781210703125 0.37670139375 0.6712221296875 0.2804347453125 0.6811410359375001
0 0.0705173875 0.6896212562499999 0.0094988515625 0.6943418609374999 0.0202393328125 0.8992824390624999 0.11249547499999998 0.8896922984375 0.0705173875 0.6896212562499999
0 0.6832873968750001 0.6595845953125 0.7452969703125001 0.8605749609375 0.8408152890625 0.8566790046874999 0.77547658125 0.6536530453125 0.6832873968750001 0.6595845953125
1 0.3804297484375 0.6771314453125 0.43187022343750003 0.8758910125 0.5318635515625 0.8684306890625001 0.47702290156249993 0.6759540265624999 0.3804297484375 0.6771314453125
0 0.17648516875 0.68525731875 0.22183047500000003 0.8896735984375 0.328109540625 0.8835487750000001 0.2780248296875 0.6869380484375001 0.17648516875 0.68525731875
1 0.5761684421875 0.669636740625 0.6421235328125 0.8687569203125 0.7439474703125 0.8606456843749999 0.680613403125 0.6602895390625 0.5761684421875 0.669636740625
0 0.52753094375 0.84534885625 0.5339310609375 0.866657415625 0.6383886375000001 0.8672877359375001 0.5732686265625 0.6698000546875 0.4797725546875 0.6755762890625 0.52753094375 0.84534885625
1 0 0.1644540984375 0.0461657515625 0.16157 0.021131771875 0.054833582812500004 0 0.056022865624999994 0 0.1644540984375
1 0.10594951875 0.05038847187499999 0.0215550203125 0.054785387500000005 0.046960796875 0.1628301203125 0.13318720625 0.157443328125 0.10594951875 0.05038847187499999
1 1 0.8412843078125001 0.9486505328125 0.8473211515625 0.992780359375 0.9748606484375 1 0.9744822828125 1 0.8412843078125001
0 0.188678759375 0.046731128125 0.1069058078125 0.0496431515625 0.1339327 0.1587494171875 0.2205773359375 0.1569259703125 0.188678759375 0.046731128125
1 0.27102355624999996 0.045133025 0.19011804375000002 0.046368776562500005 0.22083026718749998 0.1569127140625 0.30441605312500003 0.154796678125 0.27102355624999996 0.045133025
1 0.3593366375 0.0463924484375 0.27138275156249997 0.04464525625 0.304630478125 0.15433253593750001 0.38986843125 0.1498654046875 0.3593366375 0.0463924484375
1 0.7469587890625 0.8631599624999999 0.7872816874999999 0.985630378125 0.8874012125 0.9803833359375 0.842855290625 0.8587008171875 0.7469587890625 0.8631599624999999
1 0.6446295484375 0.8744499828125001 0.6825365859375 0.9911198359375 0.78462864375 0.9857694171875 0.7435170906249999 0.8639069109375 0.6446295484375 0.8744499828125001
1 0.848758784375 0.8558491281249999 0.8916519140625001 0.9801605656250001 0.9913557562499999 0.9749353093750001 0.94487094375 0.8467664140625001 0.848758784375 0.8558491281249999
1 0.5421174734374999 0.875212390625 0.5761012234375 0.9966978765625001 0.6788289234375 0.991314146875 0.6393567421874999 0.8734832171875 0.5421174734374999 0.875212390625
1 0.2431286609375 1 0.2154215640625 0.891583225 0.11714516562499999 0.896167096875 0.1383437890625 1 0.2431286609375 1
1 0.35437055625 1 0.323583925 0.8875616718750001 0.21918610156249999 0.8934536578125 0.24664290625000002 1 0.35437055625 1
1 0.46550193437500004 1 0.43204608125000005 0.8843479078125001 0.32550393906249997 0.8878817765625 0.3557576171875 1 0.46550193437500004 1
1 0.5130929703125 1 0.573133553125 0.99685340625 0.5375468890625 0.8755248531250001 0.43479925 0.8828124265625 0.46673385468750006 1 0.5130929703125 1
1 0.1351596359375 1 0.11516356406249999 0.8968375234374999 0.020497490625 0.904208384375 0.0255177171875 1 0.1351596359375 1
1 0.6021388421875 0.0273395609375 0.64028714375 0.1447942421875 0.7201305484375 0.13923389375 0.6784910875 0.021022081249999998 0.6021388421875 0.0273395609375
1 0.3897834375 0.1494169578125 0.47033860625 0.1439642640625 0.435731675 0.04374745625 0.36053997187500003 0.046329384375 0.3897834375 0.1494169578125
1 0.6808322921875 0.021587353125 0.7208633921875001 0.14050768593750002 0.8024949343750001 0.13766922343750002 0.748596765625 0.020787829687500002 0.6808322921875 0.021587353125
1 0.5183027890624999 0.0388856296875 0.555509640625 0.14442148125 0.6382222796875 0.14215059375 0.5984792125 0.030719056249999998 0.5183027890624999 0.0388856296875
1 0.5154288046875 0.040023606249999996 0.436618109375 0.042505193749999996 0.471756953125 0.145573809375 0.55435468125 0.1439624546875 0.5154288046875 0.040023606249999996
1 0.828983384375 0.017514103125 0.8856076546875 0.134689403125 0.9632177171875 0.13062203125 0.9075782890624999 0.0172717234375 0.828983384375 0.017514103125
0 0.8025798890625 0.1424805328125 0.8834680468749999 0.134801534375 0.8378519546875 0.043628803125 0.8245751703125 0.0181819015625 0.754721184375 0.023218725000000003 0.8025798890625 0.1424805328125
1 0.9635300156250001 0.1292297328125 0.9812610625 0.129346815625 0.9751608218750001 0.0129472859375 0.9109622625 0.0161064796875 0.9635300156250001 0.1292297328125