1 1 0.3245647328125 0.947930909375 0.309648934375 0.9528660078125 0.4365428609375 1 0.4504346078125 1 0.3245647328125
1 0.8675276609375 0.2910715609375 0.876778646875 0.4208188375 0.9490614078125 0.43868991093750004 0.9391873421874999 0.3087960765625 0.8675276609375 0.2910715609375
0 0.683808553125 0.24811627500000002 0.6078042203125 0.2255582703125 0.602823678125 0.22422373750000002 0.606438671875 0.3535063625 0.6882642171875 0.372644240625 0.683808553125 0.24811627500000002
1 0.689357146875 0.247857565625 0.6934076359375 0.371816125 0.7758038515625 0.39988226875 0.7696910390625 0.2694992203125 0.689357146875 0.247857565625
1 0.7741923468749999 0.2693712765625 0.7793425921875 0.40400586875 0.8646632875 0.4263684671875 0.8575889484375001 0.2912366734375 0.7741923468749999 0.2693712765625
1 0.5228219562499999 0.20451328593749998 0.52262516875 0.33476265625 0.60663355 0.354485425 0.6028592828125 0.225959221875 0.5228219562499999 0.20451328593749998
1 0.4334179734375 0.18316123281250002 0.4322960359375 0.3145809984375 0.5194044703125 0.335831228125 0.5208514765625 0.2038264421875 0.4334179734375 0.18316123281250002
0 0.0885245640625 0.10379558281250001 0.0750936421875 0.2418635046875 0.163072946875 0.2648144875 0.1755890328125 0.111679309375 0.0925988953125 0.08858997187499999 0.0885245640625 0.10379558281250001
0 0.175827984375 0.1126214734375 0.1641610890625 0.2686444640625 0.25396848437499997 0.29350639375 0.2675441375 0.138953025 0.175827984375 0.1126214734375
0 0.34891528906249997 0.1598782203125 0.34285775625000003 0.31969677343749997 0.42743495625000005 0.34166236250000004 0.431642478125 0.17941048125 0.34891528906249997 0.1598782203125
0 0.26822215625 0.138256559375 0.25480129375 0.2947085109375 0.3422735359375 0.31605621875 0.34618380000000004 0.16090259843750002 0.26822215625 0.138256559375
0 0.952006603125 0.4507540703125 0.8688942046875001 0.43029028281250004 0.8742895796875001 0.6020692640624999 0.9636133906250001 0.6267177828125 0.952006603125 0.4507540703125
1 1 0.46447132343749997 0.9561183890624999 0.45080582031249994 0.9647972984375001 0.6341777203125 0.98012286875 0.6400087125 1 0.56582625 1 0.46447132343749997
1 0.6037450734375 0.3654435484375 0.522488665625 0.3448970921875 0.5185221453125 0.5104619140625 0.6089173625 0.531111884375 0.6037450734375 0.3654435484375
1 0.8628091171875001 0.43756774531250003 0.7753261859375 0.41435836718749997 0.7866992046875 0.5828851234375 0.8716475109375 0.598504240625 0.8628091171875001 0.43756774531250003
1 0.687963696875 0.39086694375 0.60706615 0.368130784375 0.6088072078125 0.529653821875 0.6965239078125001 0.5603001546875 0.687963696875 0.39086694375
1 0.6912279171875 0.3941091953125 0.6985828984375 0.5615661328125 0.78453458125 0.5838825437499999 0.7720665359375001 0.414116503125 0.6912279171875 0.3941091953125
1 0.429471646875 0.49374361875000006 0.5168676624999999 0.512161409375 0.5189121734375 0.3434269109375 0.435213840625 0.3231428234375 0.4331319890625 0.346659053125 0.429471646875 0.49374361875000006
1 0.0760780578125 0.2385463765625 0.05417386875 0.231994121875 0.013658307812500001 0.383200253125 0.055892157812499996 0.3939756234375 0.0760780578125 0.2385463765625
0 0.1654251671875 0.27341738437499996 0.07737347812499999 0.24612996874999998 0.0596191984375 0.39497428125 0.15152658125000001 0.4172213046875 0.1654251671875 0.27341738437499996
1 0.3426684 0.32191630625 0.25546881093749996 0.2973406828125 0.2460366015625 0.4438780765625 0.33776075 0.4670269453125 0.3426684 0.32191630625
0 0.254550421875 0.296108684375 0.1673314 0.2721370609375 0.15403757812500002 0.42027360937499997 0.24413404375 0.44679436875 0.254550421875 0.296108684375
1 0.42771145156249996 0.34613206406249997 0.3439497359375 0.32390518749999997 0.33831224375 0.46646044687500005 0.42633870781249994 0.491475609375 0.42771145156249996 0.34613206406249997
1 0.9125928859375 0.8920340390625 0.9045155625 0.7454021234375 0.8291101859375001 0.721424553125 0.8272757343749999 0.9288606765624999 0.8980126890625 0.9464480749999999 0.9125928859375 0.8920340390625
1 0.1410278625 0.5397998890625 0.046957778125 0.5109353343749999 0.022595203124999998 0.7162127125 0.1229461140625 0.7442421875 0.1410278625 0.5397998890625
1 0.74658005625 0.6988546171875 0.74053926875 0.9096115671874999 0.8250595453124999 0.9288371156249999 0.8244089015625 0.7216565484374999 0.74658005625 0.6988546171875
1 0.24480156250000001 0.5680519265624999 0.22875644374999998 0.7737345109375 0.3271657421875 0.8006734671875 0.3387767453125 0.588224425 0.24480156250000001 0.5680519265624999
0 0 0.7089115031250001 0.0221284765625 0.7136405734375 0.0439188765625 0.511635025 0 0.5010300765625 0 0.7089115031250001
1 0.6319378640625 0.671328728125 0.62878598125 0.8803518359375 0.7202047 0.9059879375 0.7208371546875 0.694018790625 0.6319378640625 0.671328728125
1 0.340483653125 0.5949547046875 0.328033746875 0.7986249859375001 0.42477395937500007 0.8222653890625 0.43208275937499996 0.623490465625 0.340483653125 0.5949547046875
0 0.1453513984375 0.540036165625 0.12540711875 0.7471826734375 0.227674428125 0.77401485 0.240745028125 0.5727919421875 0.1453513984375 0.540036165625
0 0.52767116875 0.64795111875 0.52882036875 0.8564174578125 0.6274895859375 0.8800044671875 0.6291956453124999 0.6711743203125 0.52767116875 0.64795111875
1 0.42776991249999996 0.7991170171875 0.4272714015625 0.8212237828125 0.5257437390625 0.8538822796875 0.5248819796874999 0.6472154109375 0.434795959375 0.6239773953125 0.42776991249999996 0.7991170171875
1 0.88366349375 1 0.898423290625 0.9449156890625 0.8249347546875001 0.9302416984375 0.8262436187500001 1 0.88366349375 1
0 0.2689432578125 0 0.266846690625 0.029284239062500002 0.34924727031249997 0.054155685937499996 0.3510106125 0 0.2689432578125 0
1 0.35184060625 0 0.3494902484375 0.0542207921875 0.42909143125 0.0778767671875 0.4305518828125 0 0.35184060625 0
1 0.4309882359375 0 0.4294365015625 0.077503846875 0.5113202578125 0.0994445328125 0.514045415625 0 0.4309882359375 0
1 0.724856971875 1 0.7215107015625 0.9085252562499999 0.6295618171874999 0.8833054390624999 0.6299962171875 1 0.724856971875 1
1 0.62737153125 1 0.6260815578125001 0.8829550953125 0.5294391218750001 0.8625681296875 0.5294125625 1 0.62737153125 1
1 0.8239340437499999 1 0.8215350812500001 0.9285572 0.7279626171875 0.9076416937499999 0.729616059375 1 0.8239340437499999 1
1 0.526000234375 1 0.524755559375 0.8600358187499999 0.4323767171875 0.8318232921875 0.4254813484375 0.997670878125 0.43417374999999997 1 0.526000234375 1
1 0.02453198125 0.721188184375 0.005934278124999999 0.8852535796875 0.108137275 0.9126387890625001 0.11876711250000001 0.7470205984375 0.02453198125 0.721188184375
1 0.1217485234375 0.7499441625000001 0.1115763546875 0.9135602875 0.21441217343750002 0.9411150625 0.22216739218749998 0.776418996875 0.1217485234375 0.7499441625000001
1 0.2238826484375 0.77731091875 0.2155471125 0.9414191687500001 0.3202724890625 0.9694802484375 0.325602775 0.806672990625 0.2238826484375 0.77731091875
1 0.328674834375 0.8060666203125001 0.3207754 0.9696150031249999 0.4231358453125 0.9970424015624999 0.42796359375000004 0.8307157374999999 0.328674834375 0.8060666203125001
1 0.8265358171875 0.19076705 0.8235760000000001 0.0690638375 0.7494483515625 0.04920139375 0.7494117874999999 0.17151557343749999 0.8265358171875 0.19076705
1 0.51513176875 0 0.511377690625 0.09899454375 0.5891409640624999 0.11856625312499999 0.5872289921875 0.0132121796875 0.5412559625 0 0.51513176875 0
1 0.8255669859375001 0.0695973203125 0.8268368515625 0.192196065625 0.9048139953125001 0.21456931093749998 0.889798021875 0.0875414109375 0.8731323375000001 0.08234241875000001 0.8255669859375001 0.0695973203125
1 0.66671498125 0.0339612046875 0.6694492624999999 0.14514122499999998 0.7482732640624999 0.16838281875 0.7449539281249999 0.050851320312500004 0.66671498125 0.0339612046875
1 0.663650878125 0.034154742187499997 0.5884477734375 0.012309995312499999 0.5899863843750001 0.12052305781249999 0.66849930625 0.1443528140625 0.663650878125 0.034154742187499997
1 1 0.11981823124999999 0.9667329375 0.10912109375000001 0.9842336062499999 0.237263575 1 0.2414881671875 1 0.11981823124999999
1 0.9034167078124999 0.21914336250000002 0.98217819375 0.236712828125 0.967090071875 0.1365286234375 0.9623640609375 0.10839926562499999 0.8948363531249999 0.091719115625 0.9034167078124999 0.21914336250000002