1 0.75703125 0.37578125 0.13125 0.1765625
1 0.59140625 0.32109375 0.115625 0.1484375
1 0.66796875 0.3484375 0.1203125 0.15625
1 0.50390625 0.29453125 0.134375 0.1625
1 0.2578125 0.2125 0.1390625 0.1703125
1 0.9671875 0.46484375 0.065625 0.1734375
1 0.840625 0.41484375 0.13125 0.178125
0 0.43046875 0.275 0.1265625 0.165625
1 0.91796875 0.44375 0.1265625 0.171875
0 0.34296875 0.2515625 0.128125 0.171875
0 0.16484375 0.19609375 0.13125 0.15625
1 0.5859375 0.475 0.1296875 0.1765625
1 0.4921875 0.44609375 0.1328125 0.165625
0 0.32109375 0.38984375 0.1234375 0.15
1 0.6703125 0.51015625 0.1375 0.178125
1 0.8390625 0.56953125 0.134375 0.1796875
0 0.23359375 0.3625 0.1328125 0.1640625
0 0.40390625 0.421875 0.1265625 0.1578125
1 0.928125 0.60390625 0.140625 0.1890625
0 0.7484375 0.54453125 0.140625 0.1671875
1 0.06953125 0.31328125 0.1046875 0.1515625
0 0.14453125 0.3421875 0.134375 0.1609375
1 0.28828125 0.01875 0.1140625 0.0375
1 0.603125 0.0796875 0.1171875 0.1546875
1 0.52421875 0.06484375 0.1171875 0.1296875
1 0.75859375 0.8609375 0.1421875 0.1953125
1 0.8453125 0.89609375 0.1375 0.184375
0 0.65703125 0.8359375 0.1421875 0.1890625
0 0.36796875 0.04140625 0.1265625 0.0828125
1 0.678125 0.10859375 0.115625 0.159375
1 0.90390625 0.1859375 0.1140625 0.159375
1 0.44453125 0.05625 0.1234375 0.1125
1 0.5625 0.80859375 0.153125 0.196875
0 0.03671875 0.62109375 0.0734375 0.2109375
0 0.4703125 0.7890625 0.153125 0.1859375
0 0.18671875 0.69296875 0.15 0.1953125
1 0.08828125 0.66328125 0.1546875 0.19375
1 0.2765625 0.7296875 0.1609375 0.2015625
1 0.375 0.7703125 0.14375 0.1984375
1 0.7515625 0.13359375 0.1234375 0.1625
1 0.82890625 0.1609375 0.11875 0.1609375
0 0.9546875 0.2125 0.090625 0.15625
1 0.66640625 0.9703125 0.1296875 0.059375
1 0.3703125 0.9171875 0.134375 0.1515625
1 0.56796875 0.9546875 0.1359375 0.090625
1 0.165625 0.8484375 0.140625 0.1515625
1 0.27265625 0.88515625 0.1390625 0.15
1 0.47265625 0.94140625 0.1390625 0.1171875
1 0.065625 0.8171875 0.13125 0.1421875
1 0.01640625 0.78125 0.0328125 0.146875