1 1 0.3493512359375 0.9726486015625 0.24565660937499997 0.9036071203124999 0.239639975 0.9308436234374999 0.35484338437499996 1 0.3613991734375 1 0.3493512359375
1 0.826406928125 0.23691828125 0.8581194625 0.3539657515625 0.9277319765625001 0.357482809375 0.895420721875 0.2404118765625 0.826406928125 0.23691828125
1 0.64991609375 0.2302359375 0.576045584375 0.22309200625 0.5712305765625 0.22275530781250003 0.597681484375 0.34037817187499997 0.676288796875 0.34336013125 0.64991609375 0.2302359375
1 0.6549680015625 0.22901434375 0.68086655 0.341689578125 0.7615955234375 0.35273759375 0.7326526828125 0.2345514765625 0.6549680015625 0.22901434375
1 0.7367657109375 0.23363540624999998 0.7655847437500001 0.355881596875 0.8479804124999999 0.3611930203125 0.81730451875 0.23883355 0.7367657109375 0.23363540624999998
1 0.4941966046875 0.2189258296875 0.5173181046875001 0.3381096828125 0.598035703125 0.3412392046875 0.5715737796875 0.22433656875 0.4941966046875 0.2189258296875
1 0.408229896875 0.215263653125 0.43071073593750003 0.33568237968750003 0.514550015625 0.3396588921875 0.49226319375000005 0.21864730156249998 0.408229896875 0.215263653125
0 0.1585414484375 0.195641128125 0.0757097 0.18905665 0.08949431875 0.3325694265625 0.1744380515625 0.337947159375 0.1585414484375 0.195641128125
1 0.1589295609375 0.1964605796875 0.17612306718749998 0.341257571875 0.26308837343749997 0.348058884375 0.247911609375 0.20426744062500002 0.1589295609375 0.1964605796875
0 0.32642117187499997 0.20896504999999999 0.3494477546875 0.35623841093749997 0.43108925156250005 0.36131863750000004 0.40592749531249994 0.212147728125 0.32642117187499997 0.20896504999999999
0 0.2484099890625 0.2035099765625 0.264068646875 0.34901071875 0.34825964374999996 0.353011825 0.3240946765625 0.210386996875 0.2484099890625 0.2035099765625
1 0.9325964421874999 0.36799600312499997 0.8525695234375 0.3640295671875 0.88825911875 0.52021101875 0.9747419171875 0.52690295 0.9325964421874999 0.36799600312499997
1 1 0.37432215 0.936383715625 0.3673134578125 0.9771643453125 0.5335169625 0.998617978125 0.5372242093749999 1 0.5174603765625 1 0.37432215
1 0.5973421640625001 0.351776159375 0.5190057875 0.34740464531250004 0.5449816828125 0.4995633703125 0.6317335546875 0.5024073437500001 0.5973421640625001 0.351776159375
1 0.8482803640625001 0.3717669796875 0.763746484375 0.36606476250000003 0.8043466546875001 0.5182100625 0.8851937171875001 0.5174188187500001 0.8482803640625001 0.3717669796875
1 0.6792728109375 0.3600831578125 0.600874415625 0.35364485156250003 0.6313714859374999 0.5010930984375 0.71745066875 0.5135569624999999 0.6792728109375 0.3600831578125
0 0.6828521171874999 0.36246965625 0.7195690140625 0.5143495546875 0.802536184375 0.519506721875 0.7607081609375 0.366422134375 0.6828521171874999 0.36246965625
1 0.460168771875 0.5000772953125 0.54376555 0.501411715625 0.5154565890625 0.346694625 0.43492344843749997 0.34299658593750004 0.43721776874999996 0.364878203125 0.460168771875 0.5000772953125
1 0.0070249078125 0.3820787609375 0.0095118046875 0.4699376015625 0.099065171875 0.4751263203125 0.0898053734375 0.32936025625 0.0112543796875 0.3215944890625 0.0070249078125 0.3820787609375
0 0.1781384375 0.34539933437500003 0.092352384375 0.3360675890625 0.102668340625 0.475378278125 0.1910953484375 0.47941477031249996 0.1781384375 0.34539933437500003
0 0.3496708546875 0.35830239375 0.2651528890625 0.351300075 0.2827026578125 0.48702319374999997 0.371122653125 0.4919171984375 0.3496708546875 0.35830239375
0 0.2640886375 0.3503360953125 0.179660875 0.3438897484375 0.193948590625 0.481761215625 0.281476278125 0.49002867187500004 0.2640886375 0.3503360953125
0 0.43214295625 0.3653583296875 0.3512040015625 0.359894325 0.3715280296875 0.49130108281249996 0.45688438593749997 0.49855870468749997 0.43214295625 0.3653583296875
1 0.9803504390625 0.7984621890625 0.9416745593750001 0.6459629609374999 0.8681004203124999 0.637414125 0.90352631875 0.827497221875 0.9780500015625 0.8313599890625 0.9803504390625 0.7984621890625
1 0.20337882031249999 0.593410278125 0.11178075312499999 0.5837041328125 0.12612101250000002 0.7758114453125 0.2233406671875 0.7836387671875 0.20337882031249999 0.593410278125
1 0.7882317015625 0.6314176781249999 0.8203868234374999 0.8252852531249999 0.9014858078125 0.827869065625 0.8638222624999999 0.638460875 0.7882317015625 0.6314176781249999
1 0.3037832421875 0.6008336109375 0.325838290625 0.7918351593749999 0.42107884375 0.7990095562499999 0.3937390578125 0.6026053234375001 0.3037832421875 0.6008336109375
0 0.01561199375 0.5806676890625 0.026556825 0.7716869890625 0.125232003125 0.7735413640625 0.1091137078125 0.58488363125 0.01561199375 0.5806676890625
0 0.6779709390625 0.6265878796875 0.71247026875 0.81835656875 0.8010546046875 0.8255800499999999 0.763713296875 0.631563621875 0.6779709390625 0.6265878796875
1 0.396511490625 0.6084590234375 0.42150990468750005 0.796981578125 0.514626728125 0.80143481875 0.48578033749999994 0.6183030203125 0.396511490625 0.6084590234375
0 0.20739366874999998 0.59285894375 0.226127971875 0.785891796875 0.32489426250000003 0.792283675 0.30090400625 0.6058897390625 0.20739366874999998 0.59285894375
1 0.5779856031249999 0.623711065625 0.61633726875 0.8142069484375 0.711216959375 0.8182689296874999 0.6754236921875 0.626933403125 0.5779856031249999 0.623711065625
0 0.5132381171875 0.7797274468750001 0.51673509375 0.8000386609374999 0.6130568234375 0.8124339640624999 0.5752912 0.6235331671875 0.48836041249999995 0.618266828125 0.5132381171875 0.7797274468750001
1 0.0589918078125 0 0.0661622625 0.091931759375 0.1463406078125 0.0967337625 0.1357668125 0 0.0589918078125 0
1 0.1361648765625 0 0.14693181093750002 0.0979820234375 0.22711015781250002 0.1027840265625 0.2140783578125 0.001296021875 0.19562559375 0 0.1361648765625 0
1 0.96625754375 1 0.9781738375 0.8295890437500001 0.9016224375 0.8291760968749999 0.9383841625 1 0.96625754375 1
0 0.2908340140625 0.0072921765625 0.2150450796875 0.0007190796874999999 0.227650440625 0.1040689390625 0.30781187656250003 0.11219374687500001 0.2908340140625 0.0072921765625
1 0.3670021015625 0.015137745312500001 0.29220314375 0.00712190625 0.308046778125 0.112210171875 0.3854185984375 0.119720021875 0.3670021015625 0.015137745312500001
1 0.44835463906250006 0.0262851203125 0.367388709375 0.0147300109375 0.385668940625 0.1193176296875 0.46483117656250006 0.12485319218749999 0.44835463906250006 0.0262851203125
1 0.8430299984375 1 0.802708534375 0.8276692984375 0.7137115406250001 0.8209207359375 0.749429996875 1 0.8430299984375 1
1 0.7474743328125 1 0.710451109375 0.8212180312499999 0.618006184375 0.8197235968750001 0.6532270687499999 1 0.7474743328125 1
1 0.9378406390625 1 0.8981973625 0.8282386359375 0.8084786484375 0.825715753125 0.8458276281250001 1 0.9378406390625 1
1 0.6504851890625 1 0.613249759375 0.818238484375 0.5233223 0.808828584375 0.5521815171875 0.997968428125 0.5740544828125 1 0.6504851890625 1
1 0.12879071250000002 0.7800190859375 0.14448961875 0.9763612421874999 0.24544318125000003 0.9834206015625 0.219997965625 0.78692220625 0.12879071250000002 0.7800190859375
1 0.223260403125 0.7890673765625 0.2488570015625 0.9836593203125 0.3489455203125 0.990658190625 0.3202643671875 0.7954604890625 0.223260403125 0.7890673765625
1 0.321999959375 0.7959719187500001 0.3498775234375 0.9907233625 0.4519303359375 0.997859590625 0.42071609531250004 0.80477521875 0.321999959375 0.7959719187500001
1 0.5507436109375 1 0.5190692593749999 0.808598796875 0.42343030156249994 0.8036752 0.451719525 0.9978448500000001 0.48253961093750003 1 0.5507436109375 1
1 0.027105440624999998 0.7759614671875 0.0357689796875 0.9687587531249999 0.140569428125 0.976087115625 0.12688630625 0.7804112046875 0.027105440624999998 0.7759614671875
1 0.6745654515624999 0.0362363203125 0.6964897765625 0.14851822812499998 0.7707975359375 0.1524386703125 0.745737184375 0.039065884375 0.6745654515624999 0.0362363203125
1 0.46480344531249995 0.1244313578125 0.5397558484375 0.12853126875 0.5191506703125001 0.03249535 0.4494722015625 0.0263632671875 0.46480344531249995 0.1244313578125
1 0.74783373125 0.039850321875 0.7713297953125 0.1536924609375 0.8469799218749999 0.160317184375 0.810456878125 0.04678068125 0.74783373125 0.039850321875
1 0.5958965796875 0.0373664375 0.6182996109375 0.138585821875 0.6948832046875 0.1458545625 0.6708062953125 0.0389288546875 0.5958965796875 0.0373664375
1 0.593115825 0.0380873921875 0.5201091109375 0.031453706250000005 0.5408827265625 0.130171234375 0.6172857171875 0.1380332296875 0.593115825 0.0380873921875
1 0.8850074031249999 0.0528644796875 0.9240128546875 0.1669795140625 0.9960909109375 0.17201970312499998 0.9575618359375 0.061532078125 0.8850074031249999 0.0528644796875
1 0.8465143765625 0.16474944687499998 0.92202575625 0.16684056249999998 0.8902389015625 0.07787281874999999 0.8808640265625 0.052979690625 0.815833640625 0.049707984375 0.8465143765625 0.16474944687499998
1 1 0.063708884375 0.9608162874999999 0.06084374687500001 0.996536503125 0.1707752 1 0.1712229015625 1 0.063708884375