1 1 0.32539134999999997 0.9695704796875001 0.316674734375 0.9744053734375001 0.44055201093749996 1 0.4480951484375 1 0.32539134999999997
1 0.8910436609374999 0.2985295140625 0.9000939406249999 0.4251928109375 0.970689925 0.44264755625 0.9610311062499999 0.31584111406250004 0.8910436609374999 0.2985295140625
1 0.711612078125 0.2565737328125 0.6373809203125 0.23454305468749997 0.632516590625 0.2332396625 0.6360625078125001 0.35944868125 0.715978459375 0.3781412484375 0.711612078125 0.2565737328125
1 0.7170309968749999 0.256321834375 0.7210016015625 0.377333434375 0.8014759515625001 0.4047420421875 0.7954904453125 0.277458465625 0.7170309968749999 0.256321834375
1 0.7998865625 0.2773340984375 0.8049324999999999 0.4087680140625 0.8882623203125 0.430609040625 0.8813371859375 0.298689515625 0.7998865625 0.2773340984375
1 0.55438178125 0.21398835156249998 0.5542050953125 0.3411406796875 0.63625295 0.3604044890625 0.6325515687500001 0.2349338828125 0.55438178125 0.21398835156249998
1 0.4670642 0.19313335781250002 0.46598412187499993 0.321428140625 0.5510597781250001 0.342183459375 0.5524572578125 0.21331760625 0.4670642 0.19313335781250002
0 0.2152509828125 0.12332041093749999 0.1317293546875 0.10008362500000001 0.1171191890625 0.2503971703125 0.20304556875 0.2728129078125 0.2152509828125 0.12332041093749999
1 0.2154844609375 0.1242402015625 0.2041087421875 0.2765519453125 0.291820725 0.30083340937499997 0.3050607828125 0.1499565671875 0.2154844609375 0.1242402015625
0 0.38453316875 0.17039390000000001 0.3786361984375 0.3264116265625 0.461239846875 0.34786499375 0.4653297421875 0.1894715796875 0.38453316875 0.17039390000000001
0 0.305722875 0.1492767453125 0.29263422031249997 0.30200704375 0.37806519375000003 0.322857565625 0.381865621875 0.171393596875 0.305722875 0.1492767453125
1 0.9847059843749999 0.622904290625 0.9735677421875 0.4544252109375 0.8923948484374999 0.43443810781250003 0.8976846078125 0.6021332359375 0.98389715625 0.625922878125 0.9847059843749999 0.622904290625
1 1 0.4614566421875 0.9775834609375 0.4544762171875 0.9854475656250001 0.620136675 1 0.5658262484375001 1 0.4614566421875
1 0.6334332671875 0.37110170937500003 0.554072990625 0.3510341265625 0.5502188578125 0.5126617375 0.638504428125 0.5328314609375 0.6334332671875 0.37110170937500003
1 0.88645280625 0.44154180624999995 0.8010111703125 0.418873878125 0.81213851875 0.583394821875 0.8951038484374999 0.598652665625 0.88645280625 0.44154180624999995
1 0.7156871296875 0.395930625 0.6366770671875 0.37372544375 0.638396671875 0.53140805625 0.7240675000000001 0.5613361343750001 0.7156871296875 0.395930625
1 0.718875465625 0.399096171875 0.7260785328125 0.5625722546875 0.8100245906250001 0.5843682671875 0.7978276546874999 0.418637375 0.718875465625 0.399096171875
1 0.46324705312500003 0.4963303625 0.548603234375 0.5143206265625 0.5505798875 0.3495984765625 0.46883477031250004 0.329786734375 0.4668043625 0.3527435546875 0.46324705312500003 0.4963303625
1 0.11808020781249999 0.247159034375 0.055153875 0.2283366875 0.015144898437500002 0.3776522203125 0.0983844609375 0.39889013906250004 0.11808020781249999 0.247159034375
0 0.20534385312499998 0.281211528125 0.1193462640625 0.2545624625 0.10202453593750001 0.3998654953125 0.1917871296875 0.4215944796875 0.20534385312499998 0.281211528125
0 0.3784515296875 0.32857836093750004 0.293286453125 0.30457670625 0.2840920734375 0.44762866562500003 0.3736758234375 0.4702380296875 0.3784515296875 0.32857836093750004
0 0.292389375 0.3033738921875 0.20720539375000002 0.279961875 0.1942398203125 0.42457450625000004 0.28223431875 0.450475390625 0.292389375 0.3033738921875
1 0.46151041406250004 0.3522284515625 0.37970316249999997 0.33052010468750004 0.3742143640625 0.46968506562499995 0.46018704687499995 0.49411590624999996 0.46151041406250004 0.3522284515625
1 0.9315889500000001 0.821139765625 0.9272214171875 0.7420615781250001 0.8535750515625 0.7186451609375 0.8518081578125001 0.9211487296875 0.9014821968750001 0.9334996984374999 0.9315889500000001 0.821139765625
1 0.1815483078125 0.5412571859375 0.0896727578125 0.5130677625 0.06590385625 0.7134612312499999 0.1639133828125 0.7408361796875 0.1815483078125 0.5412571859375
1 0.77297056875 0.6966020578125 0.7670960171875 0.9023469890625 0.8496437453125001 0.9211254625 0.848983640625 0.7188710796875 0.77297056875 0.6966020578125
1 0.2829006765625 0.5688498109375 0.2672549390625 0.769639840625 0.363368090625 0.79594996875 0.3746825078125 0.5885538421875001 0.2829006765625 0.5688498109375
0 0 0.696961671875 0.06544773125 0.7109501953125 0.0867049421875 0.513750453125 0 0.4928129796875 0 0.696961671875
1 0.6610037421875 0.669717021875 0.6579503890625 0.8737696828124999 0.7472361390625 0.8988071015625 0.7478285812500001 0.691878153125 0.6610037421875 0.669717021875
1 0.376350334375 0.5951242953125 0.36421557031249996 0.7939503 0.45869823906249996 0.8170401046875 0.465812603125 0.6229924484375 0.376350334375 0.5951242953125
0 0.185770853125 0.5414883578125 0.1663172359375 0.7437070390625 0.26619824062499997 0.7699133859375 0.2789394859375 0.5734766359375 0.185770853125 0.5414883578125
1 0.559170478125 0.6468828656250001 0.5603176453125001 0.8503925062500001 0.656684240625 0.8734304187499999 0.658325578125 0.6695659593750001 0.559170478125 0.6468828656250001
0 0.46162143437500003 0.7944425046875 0.4611372046875 0.8160235640625 0.5573125984375 0.8479172421875001 0.5564463734375 0.64616431875 0.46846246562499994 0.623468121875 0.46162143437500003 0.7944425046875
1 0.22462793125 0 0.22290968906250003 0.020590281250000002 0.304070415625 0.04146669375 0.3067722625 0 0.22462793125 0
1 0.88366349375 1 0.9016414390625 0.932905396875 0.849522040625 0.922496634375 0.850986284375 1 0.88366349375 1
0 0.30743370468750003 0 0.3043665734375 0.042895364062500003 0.3848448078125 0.0671852359375 0.3870251390625 0 0.30743370468750003 0
1 0.38799025625 0 0.385082115625 0.06724882343750001 0.4628262140625 0.0903517921875 0.464510315625 0 0.38799025625 0
1 0.46495465156250004 0 0.463163178125 0.0899877796875 0.5431363124999999 0.11141651562499999 0.5459920968749999 0.006784217187499999 0.52644353125 0 0.46495465156250004 0
1 0.7521366328125 1 0.748511928125 0.9012842453125 0.6587084484375 0.8766531484375 0.6591828484375 1 0.7521366328125 1
1 0.656688325 1 0.6553094640625 0.8763107203124999 0.560922675 0.8563970031249999 0.560912421875 1 0.656688325 1
1 0.8488700640625 1 0.8462016 0.9208517828125 0.7548129875 0.9004224593749999 0.7566085640625 1 0.8488700640625 1
1 0.5576656265625 1 0.556348240625 0.8539243484375 0.4661244953125 0.8263716499999999 0.4589237171875 1 0.5576656265625 1
1 0.067795975 0.718318628125 0.04761976875 0.8964231734375 0.1483057984375 0.9234019124999999 0.15983235468749998 0.7435480296875 0.067795975 0.718318628125
1 0.1627444515625 0.74640243125 0.15170061562499998 0.9243115515625 0.252407915625 0.951295990625 0.2608201625 0.7722597125 0.1627444515625 0.74640243125
1 0.2624954484375 0.7731306296875 0.25344960781250003 0.9515751124999999 0.3560579578125 0.9790689359375 0.36184235625 0.801806653125 0.2624954484375 0.7731306296875
1 0.4567624125 1 0.461814353125 0.8252899046875 0.364842565625 0.801215065625 0.356267475 0.9791250765624999 0.4341737515625 1 0.4567624125 1
1 0 0.88366349375 0.0439218578125 0.8954323203125 0.0657669046875 0.71834326875 0 0.7024963796875 0 0.88366349375
1 0.77569458125 0.061985107812499995 0.775673359375 0.181802221875 0.8509976578125 0.2006051265625 0.84802520625 0.0790428625 0.77569458125 0.061985107812499995
1 0.5431923515625 0.1109772328125 0.619140996875 0.1300928328125 0.6172611578125 0.027243601562500004 0.5471211046875 0.0070867328125000005 0.5431923515625 0.1109772328125
1 0.850015546875 0.08026626406250001 0.85129183125 0.2020001984375 0.9274496843750001 0.2238507453125 0.9127694406250001 0.0998414796875 0.850015546875 0.08026626406250001
1 0.6948924078125 0.047508725 0.6975760375 0.156045475 0.7745610625 0.1787438234375 0.77130529375 0.0640065484375 0.6948924078125 0.047508725
1 0.6918999203125 0.0476972953125 0.618451353125 0.026363012499999998 0.6199668968750001 0.132003209375 0.6966481828125 0.155275696875 0.6918999203125 0.0476972953125
1 1 0.22552236718750002 0.988261371875 0.14767309374999998 0.9836424375 0.12021202187499999 0.9176905468750001 0.10392044687499999 0.9260855890625 0.22831587031249997 1 0.24480569062500002 1 0.22552236718750002