1 1 0.3204105609375 0.9350583484375001 0.30180639375 0.9399374140625 0.4279242671875 1 0.44562761562500003 1 0.3204105609375
1 0.8551996718750001 0.283356959375 0.8643650609375 0.41230997656249996 0.9361580375 0.43005888593749997 0.926373790625 0.30096031875 0.8551996718750001 0.283356959375
1 0.6727249890625 0.24069710312499998 0.5972363359374999 0.2182905640625 0.5922895593749999 0.21696507812500002 0.5958569796875001 0.34545729375 0.6771282750000001 0.364463553125 0.6727249890625 0.24069710312499998
1 0.6782362796875 0.2404389765625 0.68223721875 0.36363957187499996 0.764073740625 0.3915194546875 0.7580255124999999 0.2619339875 0.6782362796875 0.2404389765625
1 0.76249654375 0.261806015625 0.76758791875 0.3956172296875 0.8523302578124999 0.41782788281250005 0.84532783125 0.2835228484375 0.76249654375 0.261806015625
1 0.5128299125 0.1973894140625 0.512611034375 0.3268431578125 0.5960503687500001 0.3464303421875 0.5923246140625 0.2186899546875 0.5128299125 0.1973894140625
1 0.42403158906250005 0.1761838671875 0.42289357968749997 0.3068010203125 0.509411825 0.327905778125 0.51087281875 0.19670711875 0.42403158906250005 0.1761838671875
0 0.076463903125 0.14880658125 0.06810876406250001 0.23459195312499997 0.1554917109375 0.2573869203125 0.1679510734375 0.10518495937500001 0.09368856875 0.08452325468750001 0.076463903125 0.14880658125
1 0.1681882453125 0.10612132656249999 0.1565718390625 0.2611933046875 0.2457702265625 0.2858872125 0.2592822796875 0.13227553593750002 0.1681882453125 0.10612132656249999
0 0.34010191875 0.153058275 0.334056434375 0.3119016234375 0.4180603546875 0.333717825 0.4222687203125 0.1724563484375 0.34010191875 0.153058275
0 0.259955859375 0.131583203125 0.24659721562499998 0.2870818390625 0.3334768015625 0.30828341406250004 0.3373886328125 0.1540768890625 0.259955859375 0.131583203125
1 0.9390812390625 0.44204881875 0.856531990625 0.42172497968749995 0.861860165625 0.5924536328125 0.9505782640625 0.6169355203125 0.9390812390625 0.44204881875
1 1 0.4598006296875 0.9431653375 0.4420995125 0.9517528609375001 0.624349675 0.98130523125 0.635596075 1 0.56582625 1 0.4598006296875
1 0.593179365625 0.35732204218749997 0.5124736296875 0.3369157078125 0.508504046875 0.50146984375 0.5982870578124999 0.5219774187499999 0.593179365625 0.35732204218749997
1 0.8504865578125 0.42895908125000004 0.7635966875 0.405907209375 0.7748628546874999 0.5734024296875 0.859236525 0.5889108609375 0.8504865578125 0.42895908125000004
1 0.676826503125 0.38257499375 0.5964776031250001 0.3599922671875 0.5981779046875 0.5205282828125 0.68529863125 0.5509716375 0.676826503125 0.38257499375
1 0.680068165625 0.385796853125 0.6873435359375 0.5522295109375001 0.772712621875 0.5743941453125 0.760359025 0.4056674078125 0.680068165625 0.385796853125
1 0.42005599531250004 0.4848696859375 0.50686039375 0.50315925625 0.508921475 0.33545515 0.42579020468750006 0.3153100203125 0.42371813906250005 0.3386829703125 0.42005599531250004 0.4848696859375
1 0.0690871484375 0.23129491406249997 0.055454029687499996 0.22721649375 0.0152737109375 0.37717148906250003 0.049009190625 0.38577830625 0.0690871484375 0.23129491406249997
0 0.1578265515625 0.265936840625 0.07037248593749999 0.23883194687499998 0.0527109640625 0.38677019375 0.143995671875 0.40886479375 0.1578265515625 0.265936840625
0 0.333867953125 0.3141076296875 0.2472597640625 0.2896978109375 0.23786470624999997 0.43534173593750003 0.32896725312499997 0.4583327046875 0.333867953125 0.3141076296875
0 0.2463477796875 0.288473503125 0.15972018125 0.2646639953125 0.146489215625 0.411898 0.23597443125 0.43824055624999997 0.2463477796875 0.288473503125
1 0.4183341859375 0.3381601734375 0.33514030625 0.31608413281250003 0.32951513593750004 0.45776956718750006 0.4169445546875 0.48261609375000003 0.4183341859375 0.3381601734375
1 0.9025377921875 0.9295601609374999 0.8918569156249999 0.73490546875 0.8169634421874999 0.711087928125 0.8151040515625001 0.9172572015625 0.9001676968749999 0.9384054734375 0.9025377921875 0.9295601609374999
1 0.1335455890625 0.530696459375 0.0401139265625 0.50202514375 0.0158784453125 0.7060529078125 0.11554880781250002 0.73389311875 0.1335455890625 0.530696459375
1 0.7349929203125 0.688670703125 0.7289549109375 0.898141271875 0.8129027828125001 0.9172341828125001 0.8122937625000001 0.7113193515625 0.7349929203125 0.688670703125
1 0.236615659375 0.5587572578125 0.22064157343750002 0.7631862578125 0.3183835890625 0.789942959375 0.329954621875 0.578789634375 0.236615659375 0.5587572578125
0 0 0.7002027562500001 0.015415324999999999 0.7034965640624999 0.0370953546875 0.50272110625 0 0.49376451718750003 0 0.7002027562500001
1 0.621127390625 0.6613335703125001 0.61795915 0.8690803703125001 0.708757875 0.894543434375 0.7094241765625 0.6838690453125 0.621127390625 0.6613335703125001
1 0.3316488296875 0.5854784937499999 0.31924611875000003 0.7879068375 0.415330875 0.8113854343750001 0.4226262078125 0.6138234687499999 0.3316488296875 0.5854784937499999
0 0.1378399796875 0.5309305140625 0.1179927171875 0.7368151968750001 0.21956679218750003 0.7634650781250001 0.232585578125 0.5634690453125 0.1378399796875 0.5309305140625
1 0.5175667671874999 0.6381175156250001 0.5186707562499999 0.8453101734375 0.6166715421875 0.8687353578125 0.6184036578125001 0.6611805984375 0.5175667671874999 0.6381175156250001
0 0.418310821875 0.7883779343749999 0.41781169374999994 0.8103497421875 0.5156152921875 0.842791034375 0.5147964843749999 0.637386803125 0.42532105624999994 0.6143069359375 0.418310821875 0.7883779343749999
1 0.88366349375 1 0.9007602921875 0.93619388125 0.8127785812500001 0.9186302078124999 0.814289640625 1 0.88366349375 1
0 0.260278859375 0 0.25860924218750003 0.0232768171875 0.3404506734375 0.0479815171875 0.3420206703125 0 0.260278859375 0
1 0.342782071875 0 0.340692003125 0.04804618125 0.41975309687499995 0.071543340625 0.4211068703125 0 0.342782071875 0
1 0.4215328625 0 0.4200959109375 0.07117263593749999 0.5014245234375 0.092964571875 0.5039873109374999 0 0.4215328625 0
1 0.713799178125 1 0.7100546296875 0.8970650203125 0.61872923125 0.8720157921875 0.6191822124999999 1 0.713799178125 1
1 0.6166627375 1 0.6152724625 0.8716682140625001 0.519284240625 0.8514231609375 0.519228671875 1 0.6166627375 1
1 0.8121738390625 1 0.8094020953125 0.9169566093749999 0.7164632734375 0.8961856921875 0.7183018703124999 1 0.8121738390625 1
1 0.5159481312499999 1 0.5146326593749999 0.8489071609375 0.4228807375 0.820883584375 0.41561355781250003 0.9950268109374999 0.4341737515625 1 0.5159481312499999 1
1 0 0.88366349375 0.10021426093750001 0.9105158250000001 0.1113974359375 0.7366553078125 0.0178012921875 0.7109976359375 0 0.8678884375000001 0 0.88366349375
1 0.11435825156249999 0.739560475 0.10364831875 0.911435978125 0.2059247359375 0.9388408609375001 0.21409639375 0.7658555312499999 0.11435825156249999 0.739560475
1 0.21579994375 0.76674169375 0.20701803281250003 0.9391338078125001 0.3111994546875 0.9670491359375 0.3168300640625 0.7959061140625 0.21579994375 0.76674169375
1 0.319881553125 0.7953028953125 0.311555740625 0.967144603125 0.41339979062500004 0.9944336343750001 0.4184975203125 0.8197835890625 0.319881553125 0.7953028953125
1 0.8145017953125 0.1836725546875 0.81165995625 0.06587094375 0.7379571890625 0.046122346875 0.7379003875000001 0.16455254375 0.8145017953125 0.1836725546875
1 0.5050046109374999 0 0.5014816515625 0.09251731875 0.5787179421875 0.11195549062500001 0.57683778125 0.007245346875 0.5516281546874999 0 0.5050046109374999 0
1 0.89224876875 0.20731534218749997 0.8776500468749999 0.083552934375 0.8135932625000001 0.06638897187500001 0.8148005484375 0.1850927859375 0.89224876875 0.20731534218749997
1 0.7277312499999999 0.043382314062499996 0.6557849796874999 0.027853331250000002 0.6584808703125 0.13835368750000002 0.7367700890625 0.1614391328125 0.7335027125 0.0449287734375 0.7277312499999999 0.043382314062499996
1 0.6527414671875 0.028046235937500004 0.5780485203125 0.006348453125 0.5795573203125 0.11390019062500001 0.65753745 0.13757026249999998 0.6527414671875 0.028046235937500004
1 1 0.11736743281249999 0.9807819109375 0.111187034375 0.9539748578125 0.10400410625 0.9711296859375 0.2298566953125 1 0.23759247343749998 1 0.11736743281249999
1 0.954119659375 0.1297401921875 0.9496066546874999 0.10283365 0.9015630140625 0.0899603953125 0.8823603734375001 0.08521740156249999 0.8908600609375 0.2118617015625 0.9690882078125 0.2293096828125 0.954119659375 0.1297401921875