1 0.86633670625 0.191055596875 0.903946209375 0.3123484203125 0.9816281140625 0.3142764546875 0.940359603125 0.192328259375 0.86633670625 0.191055596875
1 0.7838649546875 0.193921125 0.8263817859374999 0.3168530390625 0.9008269453125 0.315407015625 0.8576703328124999 0.1924948015625 0.7838649546875 0.193921125
1 0.5952882765624999 0.199979509375 0.5160352890625 0.19786151875 0.5108790515625 0.19786151875 0.547831671875 0.32180331406249996 0.6318223281249999 0.3191110765625 0.5952882765624999 0.199979509375
1 0.6005808484374999 0.1982935328125 0.6365761546875001 0.3169799640625 0.723428840625 0.3227640671875 0.6837787015625 0.1984058265625 0.6005808484374999 0.1982935328125
1 0.688093515625 0.1971172171875 0.7279142671875001 0.32583126562500003 0.816115596875 0.32534925625 0.774307628125 0.1966529390625 0.688093515625 0.1971172171875
1 0.42850188281249996 0.199528653125 0.46202281718749993 0.3253908171875 0.5482733109375 0.32269857968750004 0.51136261875 0.199528653125 0.42850188281249996 0.199528653125
1 0.336617946875 0.20204360625 0.36954817812499996 0.32927573125 0.45918842812499994 0.32725655468750003 0.426420775 0.1993752109375 0.336617946875 0.20204360625
0 0 0.3172399203125 0.0056964875 0.3514868078125 0.09661812343750001 0.3508850359375 0.06907343125 0.1997284109375 0 0.1990683296875 0 0.3172399203125
1 0.069548090625 0.20057662812500002 0.0986604578125 0.354302878125 0.19184247968749998 0.3550737921875 0.1649542 0.20227306406249998 0.069548090625 0.20057662812500002
0 0.24896853437500002 0.201424846875 0.28448149375 0.357365521875 0.3718619078125 0.3566924609375 0.333932184375 0.1988801921875 0.24896853437500002 0.201424846875
0 0.16542885624999998 0.201424846875 0.19295804375 0.356019403125 0.282974934375 0.354000221875 0.24659524687499998 0.20312128281250003 0.16542885624999998 0.201424846875
1 0.9067942203125 0.3262978265625 0.821217390625 0.32804239687500003 0.8708885937499999 0.492571725 0.9635482765625 0.49326166093749996 0.9067942203125 0.3262978265625
0 1 0.3288631859375 0.9107792937499999 0.32528360312500004 0.9666226171875 0.500160990625 1 0.5035693234374999 1 0.3288631859375
1 0.5483194265625 0.33403090625 0.46451395 0.335215259375 0.5035339140625 0.49616520781249995 0.5961935953124999 0.49271554218749997 0.5483194265625 0.33403090625
1 0.8172231953125 0.3366468234375 0.7267141421875001 0.3368705328125 0.78131756875 0.49671132656249994 0.86741385625 0.48981199374999995 0.8172231953125 0.3366468234375
1 0.6362484296875001 0.3367906375 0.5522228484375 0.33576701875000003 0.59570981875 0.4913356734375 0.6883695000000001 0.49823500625 0.6362484296875001 0.3367906375
0 0.6402405796874999 0.3390775703125 0.6906859921875 0.4989249390625 0.779484853125 0.49823500625 0.7235029625 0.3374805703125 0.6402405796874999 0.3390775703125
1 0.41319072500000004 0.5030645390624999 0.50237566875 0.49823500625 0.4606788125 0.3347208390625 0.3745825234375 0.3367906375 0.3786580578125 0.36004439375 0.41319072500000004 0.5030645390624999
0 0.1011167859375 0.358585996875 0.0090028828125 0.3550178328125 0.030377309375 0.5033855421875 0.12491097656250001 0.5010871375 0.1011167859375 0.358585996875
0 0.2848730453125 0.3595584328125 0.19428407187500002 0.35838911875 0.223099925 0.50237460625 0.3176900171875 0.500994740625 0.2848730453125 0.3595584328125
0 0.1930781109375 0.3574367953125 0.10262669218750001 0.3568559296875 0.12812640625 0.5033855421875 0.22201698749999998 0.5056839484375 0.1930781109375 0.3574367953125
0 0.3732858265625 0.36093829843749997 0.28662548125 0.3611479109375 0.3180760984375 0.5003048078125001 0.409577534375 0.5016846734375 0.3732858265625 0.36093829843749997
1 1 0.8147894671874999 0.937181925 0.6231975765625 0.8581400734375 0.61955336875 0.91005655 0.8203960703125001 1 0.8187670484374999 1 0.8147894671874999
1 0.1464956640625 0.622206225 0.04816024375 0.6186723359374999 0.07775749843749999 0.8232605546875 0.181943596875 0.824362221875 0.1464956640625 0.622206225
1 0.7725805593749999 0.6191128531250001 0.8212935203124999 0.82425190625 0.907909775 0.8209469031250001 0.853659025 0.620994240625 0.7725805593749999 0.6191128531250001
1 0.2540455265625 0.6226369875 0.2917817015625 0.8254638906249999 0.3938101 0.8260147218749999 0.350039609375 0.6177995578125001 0.2540455265625 0.6226369875
0 0 0.8248286734375 0.0766409578125 0.8208968562500001 0.0454059828125 0.6201347109374999 0 0.6212641 0 0.8248286734375
0 0.65472048125 0.62219646875 0.705775159375 0.8249130546875 0.8007139703125 0.8260147218749999 0.746463221875 0.6211045578125 0.65472048125 0.62219646875
1 0.3534302796875 0.623858728125 0.39411834375 0.8238113874999999 0.4936807984375 0.8216080515625 0.4492938203125 0.6277145640625 0.3534302796875 0.623858728125
0 0.1507330328125 0.6213154359375 0.1850817984375 0.8265655578125 0.29080911249999997 0.8260147218749999 0.2513540203125 0.6282654 0.1507330328125 0.6213154359375
1 0.5479560171875 0.626601640625 0.6030211171875 0.8276672250000001 0.70443303125 0.8249130546875 0.6520317375 0.6227570609375 0.5479560171875 0.626601640625
0 0.4905834265625 0.7984730328125 0.49582355468749995 0.8199555515625001 0.59939316875 0.8260147218749999 0.5450714515625 0.626612896875 0.452040596875 0.6274826734375 0.4905834265625 0.7984730328125
1 0 0 0 0.095244778125 0.048701140625 0.09475584687500001 0.031665078125 0 0 0
1 0.0320993640625 0 0.049424178125 0.0960479234375 0.13522464375 0.09518653906249999 0.1162620359375 0 0.0320993640625 0
1 1 0.8163837953125 0.908152771875 0.8223359234375 0.9593485859375 1 1 1 1 0.8163837953125
0 0.11730031875 0 0.135896146875 0.0965216640625 0.22192620000000002 0.0992187984375 0.198773225 0 0.11730031875 0
1 0.20014894375 0 0.2221777484375 0.0992187984375 0.305189203125 0.10146641406250001 0.2800306171875 0 0.20014894375 0
1 0.28051474375 0 0.305425996875 0.10101689062500001 0.3901982984375 0.10101689062500001 0.366076275 0 0.28051474375 0
1 0.8554907015625 1 0.8026321796874999 0.8281275671874999 0.70728900625 0.8275652171875001 0.7541814375 1 0.8554907015625 1
1 0.7519259921875 1 0.7038366593750001 0.8281275671874999 0.6052107 0.8334481734375 0.6498036296875 1 0.7519259921875 1
1 0.9587173671875 1 0.904432959375 0.821588721875 0.80863556875 0.82560423125 0.858727175 1 0.9587173671875 1
1 0.6465923765625 1 0.6000313140625 0.8322143437499999 0.503498265625 0.8288725390625 0.541810034375 1 0.6465923765625 1
1 0.2130558140625 1 0.178626096875 0.8281275671874999 0.0809160296875 0.8275652171875001 0.1067875609375 1 0.2130558140625 1
1 0.3232423765625 1 0.28611196250000004 0.829762278125 0.18226259218750002 0.830179865625 0.21663527968750002 1 0.3232423765625 1
1 0.4329747359375 1 0.39385318125 0.8322143437499999 0.28799961875 0.830179865625 0.3243819671875 1 0.4329747359375 1
1 0.5395025312499999 1 0.498948859375 0.8289449234375 0.3966636234375 0.8308335281250001 0.43334610781249994 1 0.5395025312499999 1
1 0.10296046875 1 0.07891580312499999 0.8281275671874999 0 0.8301295890624999 0 1 0.10296046875 1
1 0.60965631875 0 0.6388304140625001 0.1090095453125 0.7183091546875 0.10764387812500001 0.6866418125 0 0.60965631875 0
1 0.3672367828125 0 0.39013731093750004 0.10056736875000001 0.47031639375 0.0993455734375 0.4417550140625 0 0.3672367828125 0
1 0.68856488125 0 0.718969790625 0.1089462859375 0.80008055 0.11037521406249999 0.756063946875 0 0.68856488125 0
1 0.5240724828125 0 0.5547663640625 0.1042297078125 0.63691986875 0.1062782109375 0.6052011609375 0 0.5240724828125 0
1 0.44302677187499995 0 0.47163946562500003 0.10101689062500001 0.5536447203125 0.103714028125 0.52090551875 0 0.44302677187499995 0
1 0.8357492078125001 0 0.8826677093749999 0.11174088125 0.9598537921875 0.11174088125 0.9121242109375001 0 0.8357492078125001 0
0 0.760595403125 0 0.7999147234375 0.11515505156250001 0.8805397906250001 0.11174088125 0.8400362015624999 0.0188754640625 0.8314193578125 0 0.760595403125 0
1 0.9158441171874999 0 0.960235903125 0.11037521406249999 1 0.11272426875 1 0 0.9158441171874999 0