1 1 0.3253424359375 0.94441163125 0.3104644328125 0.9514754203125 0.43498605156250003 1 0.44837022031249996 1 0.3253424359375
1 0.8650515125 0.29357793125 0.8764075625000001 0.42082865625 0.9477729453125001 0.4371585234375 0.9358018546875 0.30977439218749997 0.8650515125 0.29357793125
0 0.6837070953125 0.25449537968749997 0.608601690625 0.2336258796875 0.6036825609375 0.232399403125 0.6094903421875 0.3592888890625 0.6902583484375 0.3767018015625 0.6837070953125 0.25449537968749997
1 0.6891568375 0.2541477765625 0.695299875 0.3758018984375 0.776784528125 0.4019723921875 0.768502209375 0.2740444515625 0.6891568375 0.2541477765625
1 0.7729247515625 0.27384291250000004 0.7803350015625 0.40596193437499994 0.8645949609375 0.42648246093750003 0.8552846609375001 0.2939076515625 0.7729247515625 0.27384291250000004
0 0.5246973859375 0.21439349375 0.5267750515625 0.3422965609375 0.609698978125 0.36024700625 0.6037478203125 0.23410298125 0.5246973859375 0.21439349375
1 0.43644118593750003 0.1949341359375 0.437629840625 0.3240020859375 0.523627746875 0.3434001625 0.5227484312499999 0.213752265625 0.43644118593750003 0.1949341359375
0 0.1817495796875 0.129089178125 0.09727180468749999 0.107168021875 0.0852328359375 0.258619465625 0.172116459375 0.279672934375 0.1817495796875 0.129089178125
0 0.182000896875 0.13001031875 0.1732528828125 0.2834154703125 0.2619668328125 0.30631458437500003 0.2726167796875 0.1543203578125 0.182000896875 0.13001031875
0 0.35296928125 0.17349600625 0.3498014375 0.3305336703125 0.43332361875 0.350676884375 0.4346304765625 0.19128098437500002 0.35296928125 0.17349600625
0 0.273271125 0.1536250234375 0.26280644531249997 0.3074809765625 0.349163671875 0.3269686390625 0.350302096875 0.174547965625 0.273271125 0.1536250234375
0 0.9508784234375 0.4489553921875 0.868822325 0.4302621875 0.8771212078125 0.5988514031250001 0.9653560796875 0.6215491109375 0.9508784234375 0.4489553921875
1 1 0.46211434375 0.9549212015625 0.44893687499999996 0.9666499328124999 0.6288545125 0.981816603125 0.6343219 1 0.5613922796875 1 0.46211434375
1 0.607050684375 0.37105615625 0.5268175796875 0.3522504796875 0.525805390625 0.5148954921875 0.615023728125 0.5336487171875001 0.607050684375 0.37105615625
1 0.86296759375 0.4375109765625 0.7765673984375 0.41619540625000007 0.7906855828125 0.58149026875 0.8744619015625 0.5953952390625 0.86296759375 0.4375109765625
1 0.6902806796875 0.394600846875 0.6103621515625 0.373638915625 0.614890021875 0.5322188171875 0.7016496875 0.5608332421875 0.6902806796875 0.394600846875
1 0.6935459328125 0.3977295703125 0.70369574375 0.5620416625 0.7885751546875001 0.582506196875 0.773358953125 0.4160128671875 0.6935459328125 0.3977295703125
1 0.43797746406250004 0.4999803421875 0.5242086718750001 0.516592228125 0.5232762609375 0.35086712656249996 0.44064732500000003 0.3323602609375 0.4390109125 0.3554873765625 0.43797746406250004 0.4999803421875
1 0.0861426734375 0.255345578125 0.0483335734375 0.24475234375000002 0.0109777359375 0.3945784234375 0.06901014531250001 0.40831134375 0.0861426734375 0.255345578125
0 0.1745786921875 0.288080975 0.0875483 0.2627705234375 0.0726912296875 0.4092291421875 0.1634238703125 0.429525115625 0.1745786921875 0.288080975
1 0.3496540015625 0.3327163546875 0.2635085078125 0.310054409375 0.2567917859375 0.45410739843750003 0.3473600328125 0.47529203593749997 0.3496540015625 0.3327163546875
0 0.2625842515625 0.3088601203125 0.17643018906250002 0.2867916046875 0.16594539375 0.43248001562500005 0.2549724265625 0.4570031640625 0.2625842515625 0.3088601203125
1 0.43367335 0.3550612921875 0.35094823124999996 0.334647753125 0.347892271875 0.4747264578125 0.4348582453125 0.49780607187500003 0.43367335 0.3550612921875
1 0.91982926875 0.88293951875 0.9093325140624999 0.7390889546875 0.83479113125 0.7168154 0.8366048546875 0.9205404328125001 0.9064457687499999 0.9366178062499999 0.91982926875 0.88293951875
1 0.1552410109375 0.55006948125 0.062267053125000006 0.5233118218749999 0.041898046875 0.7252969140625 0.14103148125 0.7511286546875 0.1552410109375 0.55006948125
1 0.7532706765625 0.6960442234374999 0.7510074875 0.9031011015624999 0.834425934375 0.9205546640625 0.8301738249999999 0.7171224828125 0.7532706765625 0.6960442234374999
1 0.25774291875 0.576062053125 0.24555701562499999 0.7783047937500001 0.342762834375 0.8030984234374999 0.3504720265625 0.5942860546875 0.25774291875 0.576062053125
0 0 0.7146827421874999 0.0413944078125 0.722779046875 0.059292020312500006 0.52405013125 0 0.5108219078125 0 0.7146827421874999
1 0.64009773125 0.670947965625 0.6406440953125 0.876253565625 0.7309554734375 0.8998857203125 0.7278811484375 0.6917297062500001 0.64009773125 0.670947965625
1 0.4422328125 0.7974532890625 0.44212824531250006 0.819169665625 0.5394957578125 0.8495785984375 0.53504508125 0.6466544078124999 0.44608555625 0.6253546078125 0.4422328125 0.7974532890625
1 0.3522672671875 0.6008661421875 0.3435803609375 0.8010722609375 0.43908795781250004 0.822654984375 0.4428065265625 0.6273426046874999 0.3522672671875 0.6008661421875
0 0.15949515625 0.550228590625 0.14350191406249999 0.753974596875 0.2444982859375 0.7785983203125 0.2538380046875 0.5807849609375 0.15949515625 0.550228590625
0 0.5371962046875 0.6497502046875 0.5419608124999999 0.8544365562499999 0.639363684375 0.8759343234375001 0.63739944375 0.67084258125 0.5371962046875 0.6497502046875
1 0.1893210765625 0 0.1876358796875 0.025621815625 0.26969550625 0.0452097734375 0.27184340625000003 0 0.1893210765625 0
1 0.8906428140625 1 0.9068226703125 0.9351061406250001 0.834327759375 0.9219360140624999 0.8371811046875001 1 0.8906428140625 1
0 0.2725304140625 0 0.27001893906249996 0.0466416921875 0.3514521765625 0.0696750484375 0.35248543906249996 0 0.2725304140625 0
1 0.3534786015625 0 0.35169215781249996 0.0697348828125 0.4303524 0.09162189375 0.4304454796875 0 0.3534786015625 0
1 0.43089359062500004 0 0.4306851015625 0.0912498828125 0.5115591984375001 0.111414059375 0.5125775531250001 0.0061168546875 0.49390283437500004 0 0.43089359062500004 0
1 0.737596471875 1 0.7322835125 0.9023552453124999 0.641458240625 0.8791408078125 0.6440548749999999 1 0.737596471875 1
1 0.6415194296875 1 0.6380310453125 0.8788554656249999 0.54267629375 0.860465840625 0.545126990625 1 0.6415194296875 1
1 0.8350511453125 1 0.8309565171875001 0.920339228125 0.7386103234375 0.9013788296874999 0.7421300421875 1 0.8350511453125 1
1 0.54181283125 1 0.5380282078125 0.858058184375 0.44672810781249994 0.831912271875 0.44271980624999996 1 0.54181283125 1
1 0.04388865 0.730149975 0.027892053125 0.8975970828125 0.1291273671875 0.9228378812500001 0.136971978125 0.7539274093749999 0.04388865 0.730149975
1 0.1399536734375 0.7567479609375 0.13253616875000002 0.9236877921875 0.23419532968749998 0.9490342671875001 0.23912680156250002 0.7810519578124999 0.1399536734375 0.7567479609375
1 0.240828446875 0.7818988671875 0.23529376875 0.9493081390624999 0.338837921875 0.9751245953125001 0.341331053125 0.8090160765625001 0.240828446875 0.7818988671875
1 0.44046091406250004 1 0.4423707046875 0.8308991109375 0.34434030781249997 0.8083688421874999 0.3392396890625 0.9752247671875001 0.43860771875 1 0.44046091406250004 1
1 0 0.8906428125 0.0242704375 0.8966941125 0.0418468015625 0.7302100390625 0 0.7208956375 0 0.8906428125
1 0.7447552281250001 0.0576482953125 0.746859253125 0.1781703171875 0.8230076609375001 0.1957740546875 0.817859509375 0.0735486765625 0.7447552281250001 0.0576482953125
1 0.5116078109375 0.11097121875 0.5883901765624999 0.128878634375 0.584673696875 0.025457324999999996 0.5137192828125 0.006401520312500001 0.5116078109375 0.11097121875
1 0.8198845125 0.0747446640625 0.8233284953125001 0.19717221406250002 0.9003699468749999 0.21782702187499997 0.8833943453125 0.093343828125 0.8198845125 0.0747446640625
1 0.663170015625 0.04449176875 0.6677964109375 0.1536200625 0.7456854609375 0.1751132734375 0.7403732125 0.0597579421875 0.663170015625 0.04449176875
1 0.6601613859375 0.04473348125 0.5858560234375 0.024550865625 0.5892553421875 0.130785884375 0.666848859375 0.1528618921875 0.6601613859375 0.04473348125
1 1 0.1255125828125 0.95939745 0.113236959375 0.9788349343749999 0.2387727328125 1 0.2440497765625 1 0.1255125828125
1 0.8990761703124999 0.2223421203125 0.9768048671875 0.2382665796875 0.9602264046875 0.1401440515625 0.95509026875 0.11260182031249999 0.88841985625 0.0973612109375 0.8990761703124999 0.2223421203125