1 0.951252703125 0.218109884375 0.889802959375 0.114801309375 0.8211188609375 0.128174246875 0.8796579937500001 0.23260736093749998 0.9514820671875001 0.21918895468750002 0.951252703125 0.218109884375
1 0.7454346640625 0.1470226 0.8088318593749999 0.25200250625 0.87737358125 0.2360401453125 0.813388765625 0.131204125 0.7454346640625 0.1470226
0 0.572281378125 0.1896652359375 0.4985963671875 0.2032866046875 0.4938293890625 0.20429985624999997 0.5522803296875 0.3113042296875 0.6294027203125 0.29231715937499997 0.572281378125 0.1896652359375
1 0.576844009375 0.1870708390625 0.63338005 0.289418240625 0.7148094578124999 0.2776833640625 0.6537830328124999 0.17082514843750002 0.576844009375 0.1870708390625
1 0.657519590625 0.1687892328125 0.7195573234375 0.27962968125 0.8010056343749999 0.2618528515625 0.73713418125 0.1514192578125 0.657519590625 0.1687892328125
1 0.41799779531250003 0.22202478593750002 0.4736524390625 0.33147396875 0.552864065625 0.312042815625 0.494603146875 0.205741815625 0.41799779531250003 0.22202478593750002
1 0.33354326875 0.2423995234375 0.3889202625 0.353227796875 0.4713976390625 0.3337510390625 0.4160437265625 0.22229228124999997 0.33354326875 0.2423995234375
0 0.08574273437499999 0.292840265625 0.0035164109375 0.3095006765625 0.05688928125 0.44520542812499997 0.140829065625 0.42678361875000004 0.08574273437499999 0.292840265625
0 0.0863477765625 0.2935289875 0.1433869890625 0.429533296875 0.229685515625 0.41193282187499997 0.1748838546875 0.276344725 0.0863477765625 0.2935289875
0 0.252389496875 0.2590530625 0.3157800484375 0.39584113906249996 0.3964319796875 0.378049490625 0.33044035 0.2400108484375 0.252389496875 0.2590530625
0 0.175156459375 0.27546945156249997 0.23090216562500002 0.412585390625 0.31372775 0.39303461562500003 0.25052781562500004 0.26108343437500003 0.175156459375 0.27546945156249997
1 0.8850245640625 0.2449081046875 0.8062500359375001 0.263333190625 0.8844130421875 0.4052571875 0.9702127921875 0.3876847 0.8850245640625 0.2449081046875
1 0.9744070546874999 0.3934412765625 0.98820273125 0.3919460984375 0.9541948828125 0.23195175156249997 0.88851004375 0.2431899546875 0.9744070546874999 0.3934412765625
1 0.5551274140625 0.32248139062500003 0.4778807328125 0.34004190625 0.545495165625 0.480759034375 0.6304837062499999 0.4593701140625 0.5551274140625 0.32248139062500003
1 0.8042435187500001 0.2720507890625 0.7206110812500001 0.2900429765625 0.8024151859374999 0.42667522968749994 0.8806598171875001 0.4033957234375 0.8042435187500001 0.2720507890625
1 0.6369592203125001 0.30774674062499996 0.55907636875 0.3233149078125 0.6297660484375001 0.4581930359375 0.7167826078124999 0.44634519062500005 0.6369592203125001 0.30774674062499996
1 0.6410981453125 0.309070640625 0.719059421875 0.44652605 0.8010194125 0.4284401046875 0.71776186875 0.29123641718750004 0.6410981453125 0.309070640625
1 0.46332424375 0.5048730984375001 0.5448299640625 0.482894853125 0.4742382328125 0.3403397265625 0.3950471921875 0.35916672968749996 0.4033719234375 0.37980423281250003 0.46332424375 0.5048730984375001
1 0 0.5457714328125001 0.017545209375000002 0.6010430265625 0.1059061453125 0.5811539734375 0.056296832812499996 0.4419984265625 0 0.45228103906249995 0 0.5457714328125001
0 0.1464972140625 0.43299934999999995 0.0606380140625 0.44781105312499997 0.10947337187499999 0.5803957375000001 0.1964200296875 0.55969994375 0.1464972140625 0.43299934999999995
1 0.31657176875 0.39778591093750004 0.23259246562500002 0.4145095296875 0.2874487203125 0.5415917859375 0.37462754375 0.521731734375 0.31657176875 0.39778591093750004
0 0.231290925 0.41386853593749995 0.14755410468750002 0.43110763125 0.1998431203125 0.5611870531250001 0.2870960453125 0.54485558125 0.231290925 0.41386853593749995
1 0.398580428125 0.3816840515625 0.31850338749999996 0.3989069328125 0.374849278125 0.5210197953125 0.459713421875 0.5043109828125 0.398580428125 0.3816840515625
1 1 0.561969740625 0.9712995062499999 0.5126580609375 0.8975106125 0.5248308703125 0.9848654578125 0.6997921171875 1 0.6962883718749999 1 0.561969740625
1 0.240110059375 0.667121925 0.148505740625 0.68318781875 0.215960284375 0.8659881328125 0.312496975 0.8465301765625 0.240110059375 0.667121925
1 0.8183238984375001 0.5412380515625 0.9035589953125 0.720789765625 0.9829886906249999 0.700721809375 0.8936502078125 0.5270398265625 0.8183238984375001 0.5412380515625
1 0.3396251015625 0.6463844265625001 0.41425898281249995 0.8259615437500001 0.5086929203125 0.8064197640625 0.4274243703125 0.6230608390625 0.3396251015625 0.6463844265625001
0 0.0543241171875 0.7070115234375 0.11818005937500001 0.88969930625 0.2144648375 0.864028375 0.1462459765625 0.6850772703125 0.0543241171875 0.7070115234375
1 0.7099656750000001 0.5672416296875 0.7968909921875 0.7440998234375 0.8848784984375 0.7264590515625 0.7945685296875 0.5482065890625 0.7099656750000001 0.5672416296875
1 0.431746440625 0.6279806828125001 0.508546121875 0.8043278671874999 0.6001605624999999 0.7827315140625 0.521128578125 0.61269735 0.431746440625 0.6279806828125001
0 0.24385297499999997 0.6654679921875 0.31583003593750003 0.8479448125 0.41346776093750004 0.826660496875 0.33823974218749997 0.6521023484375 0.24385297499999997 0.6654679921875
0 0.6121244031249999 0.5922831921875 0.7024338515624999 0.7668311875 0.7956501859375 0.7443635640624999 0.707589765625 0.5682868234375 0.6121244031249999 0.5922831921875
0 0.5927634171875 0.7620112609375 0.6018177265625 0.7807869484375 0.6987559562500001 0.76602061875 0.6094598078125 0.5928604156249999 0.5236225515624999 0.6119437921875 0.5927634171875 0.7620112609375
1 0 0.21040131562500003 0.046337690625 0.2000660359375 0.007496750000000001 0.104984734375 0 0.1066084265625 0 0.21040131562500003
1 0.0854829953125 0.088408246875 0.0078820984375 0.104877946875 0.0472593421875 0.20111515937500002 0.1264136953125 0.1834603640625 0.0854829953125 0.088408246875
0 0.1616482859375 0.0728675484375 0.086260453125 0.087578103125 0.12729613906249998 0.1845593015625 0.2073600859375 0.17014010468750002 0.1616482859375 0.0728675484375
1 0.23775871718750002 0.059288696875000005 0.162929628125 0.0723207796875 0.20759264531250002 0.170090671875 0.284777784375 0.155850234375 0.23775871718750002 0.059288696875000005
1 0.319821003125 0.047476815625 0.23802030625 0.0587845984375 0.2849086109375 0.155389271875 0.36328121874999997 0.138730659375 0.319821003125 0.047476815625
1 0.887065934375 0.7280300046875 0.79881028125 0.74624745 0.8871871859375 0.9178138578124999 0.9820673890625 0.8984340375000001 0.887065934375 0.7280300046875
1 0.795728759375 0.7474443203125001 0.7055909859375 0.7717305546875 0.7916790953125 0.94047750625 0.8856559265625 0.9189269265625001 0.795728759375 0.7474443203125001
1 1 0.7383060671874999 0.9799001234375 0.701996753125 0.89212163125 0.724523934375 0.9887219453125 0.9056830796875 1 0.9034753046875 1 0.7383060671874999
1 0.700560821875 0.7716108484374999 0.61066045 0.7874996484375 0.6913792140624999 0.9633720859375 0.7908083328125 0.94460055 0.700560821875 0.7716108484374999
1 0.3746672578125 1 0.3101677875 0.850653490625 0.2197239234375 0.8693360546875001 0.2687235609375 1 0.3746672578125 1
1 0.48628129375 1 0.4098595921875 0.8310385265625 0.31393192812500004 0.8518309625 0.3782763734375 1 0.48628129375 1
1 0.55255211875 1 0.594051315625 0.9911790734375 0.50994764375 0.8121269296875001 0.41168657656249996 0.8310525703125 0.48734909687499994 1 0.55255211875 1
1 0.5122753296875 0.8103016296875 0.5938426078125 0.9912234359375001 0.6926694765625 0.9702171359375 0.6064686765625 0.7884603859375 0.5122753296875 0.8103016296875
1 0.265174646875 1 0.21798489999999998 0.87024756875 0.11990373125 0.8937027875 0.1555965953125 1 0.265174646875 1
1 0.5451142828125 0 0.594709675 0.0972406265625 0.667920728125 0.0803632015625 0.62440236875 0 0.5451142828125 0
1 0.363136746875 0.1383282140625 0.43702346406250003 0.121445803125 0.39026191093749996 0.0338035984375 0.32092741875 0.0472416390625 0.363136746875 0.1383282140625
1 0.6261508640625 0 0.6687867125 0.0814341109375 0.7440542140625 0.066812403125 0.6993327953125 0 0.6261508640625 0
1 0.531049653125 0 0.4661042046875 0.01717166875 0.5160551812499999 0.1093533734375 0.5924081218749999 0.0950979640625 0.5404263874999999 0 0.531049653125 0
1 0.4636062953125 0.018646920312500002 0.3909018265625 0.0325239109375 0.43857416875000005 0.1227266484375 0.514917159375 0.109098365625 0.4636062953125 0.018646920312500002
1 0.784597340625 0 0.8206742625000001 0.051842246875 0.8920333546875 0.036674403125 0.8661745796875 0 0.784597340625 0
1 0.70219225625 0 0.7448375781250001 0.0712516765625 0.8187069843750001 0.0522604046875 0.781260175 0 0.70219225625 0
1 0.8683132062500001 0 0.8921189984375 0.0353402609375 0.9117699859374999 0.0323583 0.9048920171875 0 0.8683132062500001 0