1 0.842766065625 0.1748644375 0.8908574765624999 0.2867782109375 0.965267521875 0.28081669374999996 0.9136146187499999 0.16864524218750002 0.842766065625 0.1748644375
1 0.764260384375 0.18587908125 0.8172045421874999 0.2988634640625 0.8881839749999999 0.2900087546875 0.8346305515625 0.1771074078125 0.764260384375 0.18587908125
0 0.584702865625 0.21059372187499997 0.508772775 0.2165318171875 0.5038465421875 0.21704958593749998 0.5515759296875 0.33155593906249997 0.6315501328125 0.320554059375 0.584702865625 0.21059372187499997
1 0.5895903359375 0.2084541609375 0.6358782640625 0.31804402187499997 0.7194365796875 0.314839571875 0.669088253125 0.20020688281250001 0.5895903359375 0.2084541609375
1 0.6730814140625 0.1985445171875 0.7240294109375001 0.317314690625 0.8082480359374999 0.30799813125000003 0.75540324375 0.1894444203125 0.6730814140625 0.1985445171875
1 0.4253110875 0.226911690625 0.46995438125 0.34359430625 0.55208761875 0.3323655046875 0.5044756703125 0.2185911578125 0.4253110875 0.226911690625
1 0.3377779265625 0.238537084375 0.381994203125 0.35658570156249997 0.4674334640625 0.345658484375 0.42330742812500005 0.22697431250000003 0.3377779265625 0.238537084375
0 0 0.2819688078125 0.0365994359375 0.414307340625 0.12340501718750001 0.4046033890625 0.081935628125 0.2631945421875 0 0.27101678125 0 0.2819688078125
0 0.08247414843749999 0.263955915625 0.1256988875 0.4076582796875 0.2148016375 0.399036634375 0.1737945578125 0.25599370781249997 0.08247414843749999 0.263955915625
0 0.253976246875 0.24674829687500002 0.30353806250000004 0.3919200796875 0.386953240625 0.382503728125 0.3348948375 0.23578947968750003 0.253976246875 0.24674829687500002
0 0.174163009375 0.25513700625 0.21596223750000001 0.3998265453125 0.3017613375 0.38886150625 0.25187889218750004 0.24860469218749998 0.174163009375 0.25513700625
1 0.8949768671875 0.299797315625 0.813392240625 0.3100545765625 0.8773417546875001 0.461996596875 0.9659373484374999 0.45335016250000004 0.8949768671875 0.299797315625
1 0.9695662078125 0.4596221015625 0.9985007484375 0.4595316859375 0.981007753125 0.29309695156250004 0.898682503125 0.298429775 0.9695662078125 0.4596221015625
1 0.5532677374999999 0.343169765625 0.4733192875 0.35271481250000003 0.5267338515625 0.5023123359375 0.6149144484375 0.48971750781249995 0.5532677374999999 0.343169765625
1 0.810438803125 0.31866264843750003 0.7239895 0.327964571875 0.792181203125 0.4749393421875 0.8737453531250001 0.45971325468749996 0.810438803125 0.31866264843750003
1 0.6375511671874999 0.3369725578125 0.557171084375 0.344433721875 0.614313921875 0.48844995312500006 0.7035320031250001 0.48572610625 0.6375511671874999 0.3369725578125
0 0.6415945046875 0.3387529828125 0.7058143265625 0.4861515578125 0.7905829875 0.4765766796875 0.7209827171875001 0.328868884375 0.6415945046875 0.3387529828125
1 0.441112240625 0.51796488125 0.5258347671875 0.5044028375 0.46960565781249997 0.3526283375 0.3875573484375 0.3632479671875 0.39378226562499996 0.38501839531250004 0.441112240625 0.51796488125
1 0 0.5262038859375 0.0040805984375 0.565028184375 0.071720696875 0.5570990546875 0.036340903125000004 0.4109989484375 0 0.41376275781249994 0 0.5262038859375
0 0.1284750265625 0.411496909375 0.0401123265625 0.41734325468750005 0.0754071 0.5567115984375001 0.1654935046875 0.545026675 0.1284750265625 0.411496909375
1 0.30413198750000003 0.393972384375 0.217466678125 0.4019536515625 0.2594316234375 0.5363949484375 0.3496640203125 0.525580471875 0.30413198750000003 0.393972384375
0 0.21621904062500003 0.40116641406250003 0.1297441421875 0.409695134375 0.16879591875 0.5468960375 0.25872875156249997 0.5396601765625 0.21621904062500003 0.40116641406250003
1 0.388739284375 0.38641046874999996 0.305965596875 0.3953124734375 0.3499637140625 0.5248836390625 0.43752189062499997 0.517011571875 0.388739284375 0.38641046874999996
1 1 0.6828820953125 0.9537731296875 0.579931996875 0.8778917546875 0.5843931718750001 0.9476267859374999 0.77074580625 1 0.7642818828125 1 0.6828820953125
1 0.1982574984375 0.658383884375 0.10395423906250001 0.6648876593749999 0.152741125 0.8570540125000001 0.252390253125 0.8476428578125 0.1982574984375 0.658383884375
1 0.79610461875 0.5925645359375 0.8632097406250001 0.7833367578125 0.94563099375 0.7714867640625 0.873755040625 0.586217459375 0.79610461875 0.5925645359375
1 0.3010530859375 0.6479950375 0.3574392671875 0.8376641515625 0.45497172499999994 0.8279442703125 0.39228022500000004 0.63374171875 0.3010530859375 0.6479950375
0 0.0239751375 0.7543120812499999 0.05138359687500001 0.870636778125 0.1514374296875 0.8549116109374999 0.10146943906250001 0.6665590609375001 0.0159232703125 0.6777036890625 0.0239751375 0.7543120812499999
1 0.6838110359375 0.60734074375 0.7529105671874999 0.7955672453125 0.8437249015624999 0.7870846640625 0.7713519609375 0.5970868390625 0.6838110359375 0.60734074375
1 0.39612707812500003 0.639180540625 0.455045334375 0.8258117531250001 0.5499457390625 0.8137125375 0.4881009953125 0.63323205625 0.39612707812500003 0.639180540625
0 0.20221655 0.6571087421875 0.25560935156250003 0.8494292953125001 0.356565284375 0.838287203125 0.299045884375 0.6536337453125001 0.20221655 0.6571087421875
0 0.5822506125 0.6222632875 0.6550161625 0.8085123375000001 0.7516283078125 0.795702015625 0.6812984281250001 0.608145434375 0.5822506125 0.6222632875
1 0.5446672578125 0.791957140625 0.551827253125 0.8119211999999999 0.6513843828125 0.8073004671874999 0.5794958484375 0.6225636796875 0.490702 0.63273505625 0.5446672578125 0.791957140625
1 0 0.171103309375 0.051948629687500004 0.1651163125 0.02277669375 0.0647635203125 0 0.067246296875 0 0.171103309375
1 0.103368303125 0.056293 0.023177556250000002 0.0646964875 0.0527689453125 0.16627610312500002 0.1346557703125 0.15683877968749999 0.103368303125 0.056293
1 1 0.763555578125 0.9460024 0.7727872265625 1 0.9057659656249999 1 0.763555578125
0 0.182009275 0.048676746874999996 0.10424229375 0.0555357234375 0.13543116718749998 0.15804480468749998 0.217894078125 0.1519785765625 0.182009275 0.048676746874999996
1 0.26038659218750004 0.0430399328125 0.1833625453125 0.048259885937500004 0.21813440625 0.1519533171875 0.297668303125 0.14576145000000001 0.26038659218750004 0.0430399328125
1 0.34459282812500003 0.0398249484375 0.26070451562499997 0.042557667187499995 0.297849471875 0.1453089109375 0.37884035 0.13679642812499998 0.34459282812500003 0.0398249484375
1 0.754622765625 0.797944890625 0.8211009765625 0.9690050671874999 0.9183059609375 0.9587884109375 0.8457693562499999 0.7889073 0.754622765625 0.797944890625
1 0.6576876109375001 0.8138063984375 0.7213301875 0.9794914 0.8190376421875 0.9692219328125 0.7513807906250001 0.7988279375 0.6576876109375001 0.8138063984375
1 1 0.9085395765625 0.9423736093749999 0.7724480671875 0.8512519890625001 0.7858976796875 0.9211613671875 0.9584882968749999 1 0.9502020218749999 1 0.9085395765625
1 0.5600535421874999 0.8196556546875 0.617642784375 0.990389384375 0.7183759078125 0.97980190625 0.6526155703125001 0.8131496515625001 0.5600535421874999 0.8196556546875
1 0.2959604171875 1 0.249598209375 0.8515674125 0.15619030312499999 0.8608426765624999 0.19230004375 1 0.2959604171875 1
1 0.404669396875 1 0.35245335 0.8423333296875001 0.253278234375 0.8531597546875 0.2994667296875 1 0.404669396875 1
1 0.5133167765625 1 0.4556343921875 0.8338532078125 0.3542986671875 0.842542078125 0.4057995984375 1 0.5133167765625 1
1 0.5262038875 1 0.6155920187499999 0.9906049296875 0.555714328125 0.8201815265624999 0.4581810421875 0.8322539578124999 0.513509790625 1 0.5262038875 1
1 0.1887885171875 1 0.1543356765625 0.8615799078125 0.052701103125 0.8748716156249999 0.0805648203125 1 0.1887885171875 1
1 0.645375465625 0 0.5749817359375 0.009553075 0.6171830328125 0.1194532953125 0.692979571875 0.11016978125000002 0.6475283578125001 0 0.645375465625 0
1 0.3787370171875 0.13637379375 0.45521708125 0.127157178125 0.4172491171875 0.0334889515625 0.34573620625 0.039704775 0.3787370171875 0.13637379375
1 0.6519193249999999 0 0.6496730546875 0.0001443984375 0.693741303125 0.11134569218749998 0.7713772171875 0.1045638109375 0.7163067703125 0 0.6519193249999999 0
1 0.49567939687499996 0.024734039062499998 0.5363896359375 0.12333560156250001 0.6150838953125 0.11703996875 0.5716633328125 0.012952973437500001 0.49567939687499996 0.024734039062499998
1 0.4929978234375 0.025960935937500002 0.41803178281250003 0.03226211875 0.4566486828125 0.12861844218750002 0.5352663296875 0.1229563703125 0.4929978234375 0.025960935937500002
1 0.79675195625 0 0.8504173343750001 0.0975733390625 0.9241603875 0.08982263124999999 0.8740345578125 0 0.79675195625 0
1 0.72108020625 0 0.771697965625 0.1091395234375 0.8483843343749999 0.097787015625 0.8003777671875 0.013278210937500002 0.7925334703125 0 0.72108020625 0
1 0.8774560578124999 0 0.9243885468749999 0.088481671875 0.9593334453125 0.0868796890625 0.9502020218749999 0 0.8774560578124999 0