1 0.85655279375 0.20157319999999998 0.8976260453125 0.3125986078125 0.9703386171874999 0.3105869453125 0.9258128937500001 0.1991309484375 0.85655279375 0.20157319999999998
1 0.7795963515625 0.2082801328125 0.8253370015625 0.3205903609375 0.8948592578125 0.3155975734375 0.8485214875 0.2033370203125 0.7795963515625 0.2082801328125
1 0.603606678125 0.2231564203125 0.5294161625 0.22506828906249998 0.5245960125 0.225320903125 0.56518438125 0.33884346875000004 0.643569175 0.3322233765625 0.603606678125 0.2231564203125
1 0.6084720546875 0.22132825781249998 0.647909215625 0.330007390625 0.7293828640625 0.3311346671875 0.68625249375 0.2173567375 0.6084720546875 0.22132825781249998
1 0.6902232234375 0.21594624218749997 0.7337255078125 0.333769071875 0.816154309375 0.3289994 0.7707952015624999 0.211290428125 0.6902232234375 0.21594624218749997
1 0.44766954375 0.2309080453125 0.48514355781249996 0.34638571875 0.5656408921875 0.3396549125 0.5251293640625 0.22684854843750002 0.44766954375 0.2309080453125
1 0.3618973125 0.2377498734375 0.39888593437500003 0.3545312921875 0.48258490312499996 0.3482607265625 0.4457166 0.23086721875 0.3618973125 0.2377498734375
0 0.11167861718750001 0.248702978125 0.0286618390625 0.25226223281250004 0.0598335171875 0.39302536250000003 0.1447994734375 0.3880109765625 0.11167861718750001 0.248702978125
1 0.1121637046875 0.249469025 0.1468753671875 0.391091359375 0.23402132031249998 0.38724357187499997 0.2014339109375 0.24637351093749998 0.1121637046875 0.249469025
0 0.2799307703125 0.241468196875 0.3207338234375 0.3848375671875 0.4023859015625 0.3799303328125 0.3592323375 0.2349377671875 0.2799307703125 0.241468196875
0 0.2018362640625 0.24556095625 0.23511028750000001 0.3880688484375 0.319161346875 0.3817798265625 0.27779490625 0.24316307187500003 0.2018362640625 0.24556095625
1 0.9009687 0.3254395734375 0.8210549031250001 0.33125553281250003 0.8755122046875 0.4819233625 0.9621659140625001 0.47802581093749996 0.9009687 0.3254395734375
1 0.9653763328125 0.48429530468750004 0.9999518765625 0.48598877968750004 0.9914215593750001 0.3232206390625 0.9046445625 0.3243005625 0.9653763328125 0.48429530468750004
1 0.566236653125 0.35019785 0.48795143124999996 0.355405721875 0.532277190625 0.503264615625 0.6187290203125 0.49551499374999997 0.566236653125 0.35019785
1 0.81774066875 0.3394579875 0.733141965625 0.3441003625 0.7919813546875 0.49016367812499995 0.8721293671874999 0.4795255515625 0.81774066875 0.3394579875
1 0.648568971875 0.3484580921875 0.5699703140625 0.3516221390625 0.6182094828125 0.49425467031250003 0.705166009375 0.49613521718750003 0.648568971875 0.3484580921875
1 0.6524124390625 0.3503905953125 0.7073651562500001 0.49666373906250005 0.790342403125 0.4916713125 0.7301698437499999 0.344825346875 0.6524124390625 0.3503905953125
1 0.44815909375 0.5141108015625 0.5312953796875 0.505247390625 0.48434215937499997 0.355133534375 0.40395862187500003 0.361277578125 0.4089025390625 0.3827164875 0.44815909375 0.5141108015625
1 0 0.51309296875 0.0013498203125000001 0.5388490781249999 0.0867063453125 0.533353265625 0.059751153125 0.3898022046875 0 0.3912144203125 0 0.51309296875
0 0.14938046875 0.3949566375 0.0630965984375 0.396149140625 0.09031336250000001 0.5331642296875 0.178573175 0.5263940953125 0.14938046875 0.3949566375
1 0.321206796875 0.3868589796875 0.2364654484375 0.3902090015625 0.270424890625 0.522781684375 0.35878224531249997 0.5168635218750001 0.321206796875 0.3868589796875
0 0.23529165000000002 0.3893819078125 0.1507075859375 0.393272765625 0.181691109375 0.5283753250000001 0.2695739296875 0.5259142156250001 0.23529165000000002 0.3893819078125
1 0.40392406718749996 0.3838115 0.3229225234375 0.3882521984375 0.35910951562500004 0.516202596875 0.44471411875 0.5130037984375 0.40392406718749996 0.3838115
1 1 0.7447476890625 0.9438548015625001 0.6002282625 0.8697872296875 0.6007095796875 0.928114371875 0.7850584984375 1 0.7799903359375 1 0.7447476890625
1 0.20465764531250003 0.63804291875 0.11255945468749999 0.6395721171875001 0.15020481562500002 0.8284998515625001 0.24765372187499998 0.8244207343750001 0.20465764531250003 0.63804291875
1 0.789783059375 0.604491378125 0.8453250156250001 0.7929951734375 0.9261343875 0.7856762453125 0.8656685281250001 0.60226990625 0.789783059375 0.604491378125
1 0.30521834531250003 0.633174696875 0.35038623125 0.8200647156249999 0.4457912140625 0.8155787312499999 0.39471955937500003 0.623970346875 0.30521834531250003 0.633174696875
0 0.016737474999999998 0.64827833125 0.0508801203125 0.8365399625000001 0.1490457796875 0.8263550359374999 0.11005603281250001 0.641067853125 0.016737474999999998 0.64827833125
1 0.679755559375 0.6131349875 0.7373684593750001 0.799269853125 0.826172821875 0.7956437765625 0.7654651968749999 0.6076242765625001 0.679755559375 0.6131349875
1 0.398184715625 0.6294425390625 0.44597191406250003 0.8135133359375001 0.538937371875 0.8065852984375 0.48798784843750004 0.628334025 0.398184715625 0.6294425390625
0 0.20857537812500002 0.6370064046875 0.2506948234375 0.8263172828125 0.34950389843749996 0.8206249359375001 0.30297675625 0.638544028125 0.20857537812500002 0.6370064046875
1 0.5801649015625 0.6224647640625001 0.6414463078125 0.806866828125 0.7361138125 0.79933560625 0.67726940625 0.61378836875 0.5801649015625 0.6224647640625001
0 0.53491365 0.78520895625 0.5408598734375001 0.8049426015625001 0.6379742421875 0.8055068453124999 0.5774689046875 0.622616559375 0.49054427812499996 0.627983671875 0.53491365 0.78520895625
1 0 0.1207733953125 0.007349021875 0.1570248359375 0.087514946875 0.1520197625 0.0642607390625 0.05317091875 0 0.056786517187499996 0 0.1207733953125
1 0.1431168546875 0.0490382453125 0.0646542421875 0.05312620312500001 0.0882538671875 0.15318666875 0.1684197953125 0.14818159687500002 0.1431168546875 0.0490382453125
1 1 0.7783261203125 0.926429284375 0.78695688125 0.9906810531250001 0.9720350140624999 1 0.97173113125 1 0.7783261203125
0 0.22003113281250003 0.045635546875 0.1440060578125 0.0483477890625 0.169112640625 0.14939108750000002 0.2496667296875 0.1476861140625 0.22003113281250003 0.045635546875
1 0.296587609375 0.0441400796875 0.2213693078125 0.045299687500000005 0.2499018828125 0.147673790625 0.32761220625 0.1456984078125 0.296587609375 0.0441400796875
1 0.37869228125 0.045289982812500004 0.2969216453125 0.043688267187500004 0.32781164375 0.14526850625 0.40705843125 0.1411153578125 0.37869228125 0.045289982812500004
1 0.8280690390625001 0.7975158890625 0.7389129734375001 0.8016636328125 0.798766184375 0.9828555203124999 0.8945826 0.9785966640625 0.8280690390625001 0.7975158890625
1 0.709011315625 0.9897323546875001 0.7970957484375 0.9837057343750001 0.7357130749999999 0.8023560609375 0.6437750953125 0.8121389671875001 0.7017896203125 0.9901108265625 0.709011315625 0.9897323546875001
1 0.833558065625 0.7948737046875001 0.89759525625 0.9798490890625 0.99150500625 0.9749274874999999 0.9229154921875 0.7864438203125 0.833558065625 0.7948737046875001
1 0.5484692015625 0.8128642265625 0.5997099984375 0.9954605937500001 0.6990380593750001 0.9902550296875001 0.6388731328125 0.8112445859375 0.5484692015625 0.8128642265625
1 0.28880661406249997 1 0.244736084375 0.8280870734375 0.1533674 0.8323507749999999 0.18769384218750002 1 0.28880661406249997 1
1 0.39354425000000004 1 0.345295671875 0.8243423109375 0.24823563593750003 0.8298186640624999 0.29222742031250004 1 0.39354425000000004 1
1 0.49798042656249997 1 0.44613382812499996 0.821345625 0.347080653125 0.8246384156250001 0.39454865781250004 1 0.49798042656249997 1
1 0.5130929609375 1 0.5978915140625001 0.9955558968749999 0.544219859375 0.813154465625 0.44869374375 0.819923028125 0.49792105312499996 1 0.5130929609375 1
1 0.1839920328125 1 0.151524975 0.8329720609375 0.051945575 0.84071571875 0.07880904062500001 1 0.1839920328125 1
1 0.6044296984375 0.02759884375 0.6398743234375 0.136371915625 0.7141059890625 0.1312073 0.6754157640625 0.021733665625000002 0.6044296984375 0.02759884375
1 0.406979496875 0.1407000484375 0.48187287031250003 0.135635 0.4497174453125 0.04282605625 0.3798110359375 0.0452313515625 0.406979496875 0.1407000484375
1 0.677592284375 0.0222567515625 0.7147870765625 0.13238687968750001 0.7906806703125 0.1297427921875 0.7405932453124999 0.0215036109375 0.677592284375 0.0222567515625
1 0.5264849375 0.0383078640625 0.5610565234375 0.13604253125000002 0.637955109375 0.133923896875 0.6010267 0.030729434374999996 0.5264849375 0.0383078640625
1 0.523812775 0.03936233125 0.45054179687499996 0.0416753734375 0.483191209375 0.1371254078125 0.559982840625 0.1356176203125 0.523812775 0.03936233125
1 0.8153295109375 0.0184566390625 0.86795134375 0.12696750625 0.9401063875 0.12318602187500001 0.8883994484375 0.01821746875 0.8153295109375 0.0184566390625
1 0.7907587546875 0.13419875312500001 0.865962125 0.1270717578125 0.8235697625 0.0426410078125 0.8112310578124999 0.019075940625000003 0.7462866781249999 0.02375383125 0.7907587546875 0.13419875312500001
1 0.9403969921875 0.12189649218750001 0.9808841390625 0.12215467656250001 0.975164725 0.013021756249999999 0.8915457546875001 0.0171376515625 0.9403969921875 0.12189649218750001