1 1 0.3233227640625 0.94774438125 0.3122330859375 0.9609251593750001 0.43193005781249993 1 0.44053323437499997 1 0.3233227640625
1 0.8702122296875 0.29992965781250003 0.8876790921875 0.422042665625 0.95745908125 0.43421006718750005 0.9393912140625 0.3119992625 0.8702122296875 0.29992965781250003
1 0.693019575 0.271337596875 0.6193946046875001 0.25498096718749996 0.6145796046875 0.25404502500000004 0.6266678203125 0.3760877921875 0.7055870093750001 0.38882818124999996 0.693019575 0.271337596875
1 0.6982668515625 0.270729384375 0.7104117140625 0.38770795156250004 0.790470303125 0.4088555875 0.7759384140625001 0.2859356515625 0.6982668515625 0.270729384375
1 0.7802007640624999 0.28551973125 0.794104084375 0.41252397656250006 0.8765554953124999 0.4280854234375 0.8607932640625 0.3007369640625 0.7802007640624999 0.28551973125
1 0.537352546875 0.24064359062500001 0.5458888234375 0.36385046875 0.62691829375 0.37700105625 0.6147296140625 0.25568416875 0.537352546875 0.24064359062500001
1 0.4510945171875 0.22630547031249998 0.4588313796875 0.3506799546875 0.54290453125 0.3650721609375 0.5354369203125 0.24012304843750001 0.4510945171875 0.22630547031249998
0 0.20167469843750002 0.1755873390625 0.11894135624999999 0.1586864640625 0.1150415578125 0.30530366249999996 0.200054909375 0.321247440625 0.20167469843750002 0.1755873390625
1 0.20196451718750003 0.1764628125 0.2013438546875 0.3247986640625 0.28821970937499997 0.34243010625000003 0.29074985781249996 0.1953592171875 0.20196451718750003 0.1764628125
0 0.3693576078125 0.20981987656249998 0.3743134 0.36137819375 0.4560327828125 0.3766128421875 0.449158703125 0.22287421406250002 0.3693576078125 0.20981987656249998
0 0.2913465296875 0.194656059375 0.289090403125 0.3435125453125 0.37351526874999996 0.357973115625 0.366834528125 0.21096772187499999 0.2913465296875 0.194656059375
1 0.9610614875 0.4454277765625 0.8808325140625 0.431517609375 0.8974560296874999 0.5936381374999999 0.9838587593750001 0.6110994109375001 0.9610614875 0.4454277765625
0 1 0.4534821703125 0.9649662875 0.4452073375 0.985481675 0.61807769375 0.986355078125 0.6183415625 1 0.548144525 1 0.4534821703125
1 0.6249115390625 0.387554834375 0.5464380249999999 0.37344488125 0.5537626421875 0.53030120625 0.6409141515625 0.543910334375 0.6249115390625 0.387554834375
1 0.8755462609375 0.4387995328125 0.7909865703125 0.42257883593749995 0.813063975 0.5812316765625 0.8947104359375 0.5904393203125 0.8755462609375 0.4387995328125
1 0.706522271875 0.40608348124999993 0.6282426015625 0.389878925 0.640711984375 0.5425384703125 0.725991540625 0.565777959375 0.706522271875 0.40608348124999993
0 0.709836559375 0.4089362484375 0.72802993125 0.5668404640625 0.811076940625 0.5823168859375001 0.7878775609375 0.422563628125 0.709836559375 0.4089362484375
1 0.4681503359375 0.5203226828124999 0.5523066578125 0.5320170375 0.5429461265625 0.3722886546875 0.46217324218750006 0.358586840625 0.4617728625 0.38096562968750003 0.4681503359375 0.5203226828124999
1 0.03038555 0.2955353734375 0.0173236140625 0.434110653125 0.10701003125 0.4504341171875 0.11575343593750001 0.30210172343749997 0.032730609375000004 0.28347108906249996 0.03038555 0.2955353734375
0 0.202862884375 0.3292302265625 0.1174904359375 0.30918965468750004 0.11061319218750001 0.4511345015625 0.1993064265625 0.466155103125 0.202862884375 0.3292302265625
0 0.37428238281250004 0.3634899 0.2899000328125 0.3459584046875 0.290764415625 0.4851760703125 0.379344190625 0.5010616703124999 0.37428238281250004 0.3634899
0 0.288946140625 0.34485330937500003 0.20458580624999997 0.3278943671875 0.201893321875 0.4688775609375 0.28915454375 0.48805904062499994 0.288946140625 0.34485330937500003
0 0.45659446875 0.3808223140625 0.3756313328125 0.3652871015625 0.3798295203125 0.5004897265625 0.46502585781250005 0.5183827812499999 0.45659446875 0.3808223140625
1 0.9473492234374999 0.8190092859375 0.93573418125 0.7272266359375 0.862582440625 0.7094880953125 0.8747341859375 0.9058079421875 0.9286362171875 0.9152793609375 0.9473492234374999 0.8190092859375
1 0.197554328125 0.582781640625 0.1063659015625 0.5616436578124999 0.0969979953125 0.75739763125 0.19408985625 0.7773342796875 0.197554328125 0.582781640625
1 0.7827648796875 0.69354771875 0.79114798125 0.8932840875 0.8726298453125001 0.9059308500000001 0.8581373156250001 0.710015528125 0.7827648796875 0.69354771875
1 0.297908696875 0.6027045484375 0.29645967500000003 0.7982968578125 0.3916362671875 0.8173292640625001 0.388424959375 0.6156275250000001 0.297908696875 0.6027045484375
0 0 0.741323665625 0.09638290000000001 0.7549953984375 0.103529396875 0.5625045421875 0.00973970625 0.5466746375 0 0.69613123125 0 0.741323665625
0 0.67214693125 0.6750236765625 0.6831549578125 0.8729308546875 0.771611509375 0.8911889687500001 0.7580157046875 0.69066039375 0.67214693125 0.6750236765625
1 0.390495240625 0.621881409375 0.3923226546875 0.8153348796875 0.48569467812499995 0.8313567578125 0.47931714375 0.6428702953125 0.390495240625 0.621881409375
0 0.2016723984375 0.582721859375 0.1966218296875 0.7799542500000001 0.295451815625 0.7986329 0.2943772296875 0.6074535703125 0.2016723984375 0.582721859375
1 0.5716512484375 0.65974345625 0.5867029296874999 0.8568422359375001 0.68190165 0.8726872374999999 0.669534725 0.6750572874999999 0.5716512484375 0.65974345625
0 0.48698700781250004 0.8092660140625 0.48799453593750003 0.830207953125 0.583613984375 0.8546459515624999 0.568955546875 0.659230334375 0.481924084375 0.6431530921874999 0.48698700781250004 0.8092660140625
1 0.12400630937499998 0 0.1213602765625 0.0594335625 0.2016383328125 0.074206178125 0.20263924531250002 0 0.12400630937499998 0
1 0.203055553125 0 0.20207980625 0.07553977656250001 0.2823578640625 0.09031239375 0.2818768578125 0 0.203055553125 0
1 0.9121681921875 1 0.9287934609375 0.9144704125 0.8726055109375 0.907267525 0.88092785 1 0.9121681921875 1
0 0.2828358109375 0 0.2827434265625 0.09167669687499999 0.362592203125 0.109802403125 0.35848101250000003 0.0017773734374999998 0.350088771875 0 0.2828358109375 0
1 0.434336446875 0.019126853125000003 0.35988314374999997 0.001774903125 0.36282710625000003 0.10984806250000001 0.43993836249999996 0.1270075390625 0.434336446875 0.019126853125000003
1 0.5150116812500001 0.040452 0.43477699062499997 0.018762996875 0.44024079531250004 0.1266322140625 0.5194029234374999 0.14201977187499998 0.5150116812500001 0.040452
1 0.78449848125 1 0.7730205953125 0.8935032843749999 0.684088890625 0.8756736374999999 0.6933587250000001 1 0.78449848125 1
1 0.6909572625 1 0.6807632953125 0.8755702812499999 0.587701934375 0.8626192015624999 0.5974026875 1 0.6909572625 1
1 0.8791229406250001 1 0.8692670296875 0.905897003125 0.7790831109374999 0.8922448812500001 0.788659971875 1 0.8791229406250001 1
1 0.59421491875 1 0.5830884937499999 0.8605309046875 0.49354841406250005 0.8398988296875001 0.49819385 1 0.59421491875 1
1 0.099168859375 0.7619767015625001 0.092013478125 0.9300538015625 0.1913921296875 0.9493710546875 0.1903108203125 0.7802359765625 0.099168859375 0.7619767015625001
1 0.1933354296875 0.782805846875 0.1947406484375 0.950021940625 0.2943372625 0.9693815609374999 0.2903876515625 0.8012676140625 0.1933354296875 0.782805846875
1 0.2920748515625 0.801998846875 0.295390421875 0.9695862749999999 0.39685046874999996 0.989308109375 0.3905550921875 0.8231062031249999 0.2920748515625 0.801998846875
1 0.49597971249999995 1 0.48928699218749994 0.8391403953125 0.3934293078125 0.8223314109375 0.3971507953125 0.9893664875000001 0.45185547656249997 1 0.49597971249999995 1
1 0 0.9121681921875 0.088410796875 0.9293535109375 0.0971992890625 0.7621369296875 0 0.74578091875 0 0.9121681921875
1 0.7419500359375 0.078498703125 0.750135 0.19458820937500002 0.824600915625 0.20774406562499997 0.81338805625 0.090164896875 0.7419500359375 0.078498703125
1 0.5194272828125001 0.1415903953125 0.5945211687499999 0.15500725625 0.585651340625 0.055485296875 0.5161292421875 0.04066923125 0.5194272828125001 0.1415903953125
1 0.815405471875 0.09121647187500001 0.8249822468750001 0.20907595156249997 0.9004666828125 0.22512858125 0.8777120203125 0.1059653421875 0.815405471875 0.09121647187500001
1 0.6624586171875 0.06990283281250001 0.672498840625 0.174881284375 0.74884494375 0.19169974375 0.73782424375 0.08075219375 0.6624586171875 0.06990283281250001
1 0.6595643046874999 0.0702866328125 0.5867473203125 0.0545521328125 0.5954543671875 0.156802675 0.6715447046875 0.1741978171875 0.6595643046874999 0.0702866328125
1 1 0.1331014234375 0.9521544234375 0.12133567812499998 0.9773412531250001 0.2413903375 1 0.2457947515625 1 0.1331014234375
0 0.899447240625 0.22954640781250002 0.975354159375 0.2410040859375 0.9543288000000001 0.14723519062499998 0.947960815625 0.1209391765625 0.8827722640625 0.10958665781250002 0.899447240625 0.22954640781250002