1 1 0.26640126249999996 0.9582893640625001 0.2598066953125 0.9788045625 0.3859261953125 1 0.389442953125 1 0.26640126249999996
1 0.8756576703125001 0.2511050078125 0.9008363218750001 0.37954526875 0.9752661390625 0.3885365046875 0.9494468218750001 0.2600262203125 0.8756576703125001 0.2511050078125
1 0.686784425 0.2307160609375 0.6080599046875 0.21750012500000002 0.602918753125 0.21677758281249998 0.6224080640625 0.34544432187499996 0.70652995 0.3545315078125 0.686784425 0.2307160609375
1 0.6922975921875001 0.229777896875 0.71156828125 0.3530743390625 0.7973569109375 0.371007925 0.7752362875000001 0.2415482625 0.6922975921875001 0.229777896875
1 0.779718915625 0.24086899687500002 0.8013997234374999 0.37469245 0.889410471875 0.38657182031250004 0.86574578125 0.25248756875 0.779718915625 0.24086899687500002
1 0.5205491734375001 0.2068951390625 0.5363479359375 0.33699434375 0.6227230500000001 0.3463981984375 0.6031674625 0.2185063828125 0.5205491734375001 0.2068951390625
1 0.42858192500000003 0.1965252375 0.44359988125000005 0.32790661718749997 0.5332605859374999 0.338456078125 0.5184956406250001 0.20645063437500003 0.42858192500000003 0.1965252375
0 0.16214442499999998 0.15672759687499999 0.073762003125 0.14344444843749998 0.07770265937500001 0.2990500765625 0.1684425265625 0.31119132031249996 0.16214442499999998 0.15672759687499999
1 0.1624989234375 0.157639225 0.17000029375 0.3148828546875 0.26280172031250004 0.3287085109375 0.25738833125 0.1726986796875 0.1624989234375 0.157639225
0 0.341275615625 0.18362646093749999 0.354848771875 0.3439733296875 0.4420677609375 0.3555473140625 0.42634698593750003 0.1929970359375 0.341275615625 0.18362646093749999
0 0.257980371875 0.17192007812500001 0.2637816109375 0.3298069875 0.35381785468750004 0.3404092234375 0.338671725 0.18498412656250002 0.257980371875 0.17192007812500001
1 1 0.5068225234375 0.979690946875 0.40022368437500006 0.8941202265625 0.389970025 0.9206075578125 0.5608581328125 0.994815778125 0.57185105625 1 0.5349634078125 1 0.5068225234375
1 0.6211822 0.3576955484375 0.53745609375 0.34713194375 0.553824559375 0.5129612031249999 0.6466961671875 0.52250851875 0.6211822 0.3576955484375
1 0.8889328640624999 0.397983284375 0.7986573124999999 0.38552317812500003 0.8307189578124999 0.5524310421874999 0.9175294234375 0.5576215796875 0.8889328640624999 0.397983284375
1 0.7084674890625 0.372766646875 0.624831096875 0.3599722984375 0.6464070265624999 0.521065903125 0.737829496875 0.5409243734375 0.7084674890625 0.372766646875
1 0.7121277265625 0.3756046359375 0.7400426015625 0.5419363921875 0.8286782484374999 0.5536923328125 0.7953701093750001 0.38568100156249996 0.7121277265625 0.3756046359375
1 0.46277961875000007 0.50717555 0.5523798765625 0.514861128125 0.5337014078125 0.3461019140625 0.447567209375 0.336099503125 0.448374665625 0.35983933125 0.46277961875000007 0.50717555
1 0.0782790625 0.2956167796875 0.025081971874999998 0.28656909062499997 0.002986384375 0.44378736406249997 0.07719412656249999 0.453311190625 0.0782790625 0.2956167796875
0 0.17184968437499998 0.31949451562500003 0.0805049421875 0.3030315125 0.081041353125 0.45385188281250005 0.17562025625 0.46480884843750003 0.17184968437499998 0.31949451562500003
0 0.3549321125 0.346213090625 0.264771934375 0.332353853125 0.27334162812499996 0.4798507890625 0.3678481703125 0.4917308421875 0.3549321125 0.346213090625
0 0.2637028515625 0.331236021875 0.1735974296875 0.317982359375 0.17850444062499998 0.4675494265625 0.2717984625 0.482996278125 0.2637028515625 0.331236021875
0 0.44289298125 0.3599771609375 0.35645685 0.348042325 0.36832973281250003 0.491097534375 0.45937021875 0.5052944140625 0.44289298125 0.3599771609375
1 0.9730957953124999 0.726396765625 0.9684157796875 0.7002959875 0.8901154890624999 0.6855890015624999 0.9137566749999999 0.8929723234375 0.9490788406249999 0.897286284375 0.9730957953124999 0.726396765625
1 0.1801818546875 0.5885096984375 0.0826290015625 0.5712090265625 0.08349179531249999 0.7791965875 0.1872187875 0.7948937828125 0.1801818546875 0.5885096984375
1 0.8048680046875001 0.673160675 0.8247134421875 0.8843757296874999 0.91153905 0.893220315625 0.8854457921875 0.6863966765625 0.8048680046875001 0.673160675
1 0.2873567140625 0.60400980625 0.29658124531249996 0.81138299375 0.3982339828125 0.8262290125 0.383747290625 0.6126416781249999 0.2873567140625 0.60400980625
0 0 0.7693538609374999 0.082709503125 0.7766850703125 0.0796780265625 0.5722801 0 0.563094559375 0 0.7693538609374999
1 0.686920990625 0.6597173265625 0.709440503125 0.8688469171875 0.803947265625 0.883248296875 0.7785481921875 0.6714852828125 0.686920990625 0.6597173265625
1 0.38627959375 0.6191538265625 0.398849846875 0.824076928125 0.4984295140625 0.8358332984375 0.4813227203125 0.636428884375 0.38627959375 0.6191538265625
0 0.18453155937500001 0.588215946875 0.1900392796875 0.7975288171875 0.2955343703125 0.8117955234374999 0.28388495156250004 0.6092404765625 0.18453155937500001 0.588215946875
1 0.579852071875 0.6491455265625 0.606601459375 0.8571921328125001 0.708102303125 0.8686588453124999 0.684161615625 0.6598990953125 0.579852071875 0.6491455265625
0 0.49858073125 0.81234884375 0.5007973953125 0.8344871046875 0.6032155203125 0.8550372890625001 0.5769743734375 0.648752528125 0.48409393125 0.636582746875 0.49858073125 0.81234884375
1 0.0705760546875 0 0.0708606953125 0.03811916875 0.15653072968749998 0.049284121874999996 0.154637784375 0 0.0705760546875 0
1 0.15509553125 0 0.15707072500000002 0.0506727921875 0.24274075781249999 0.06183774374999999 0.2392025671875 0 0.15509553125 0
0 0.24000448125 0 0.24322334375 0.0632620859375 0.3286240046875 0.07800471406250001 0.32160137187500004 0 0.24000448125 0
1 0.32269621718749997 0 0.3288748171875 0.0780399640625 0.41132865625 0.09191172343750001 0.4017730234375 0 0.32269621718749997 0
1 0.4022324734375 0 0.4116277015625 0.091497025 0.4961519640625 0.10337613593749999 0.486307653125 0 0.4022324734375 0
1 0.823898340625 1 0.80556400625 0.8856222125000001 0.7105785484375 0.8717015171875 0.7268408484375 1 0.823898340625 1
1 0.72426248125 1 0.7070575578125 0.871778034375 0.607975146875 0.8632587671874999 0.624763465625 1 0.72426248125 1
1 0.924746490625 1 0.9079825343750001 0.8933725828125001 0.8119031640625 0.8839493578125 0.8282889843750001 1 0.924746490625 1
1 0.6212934796875 1 0.602983684375 0.8613036640624999 0.5072010328125 0.844446940625 0.5197935078125 1 0.6212934796875 1
1 0.0860383171875 0.7839281109375 0.087571921875 0.9469508 0.1929178015625 0.9617561984374999 0.18338374531249999 0.7981804796875 0.0860383171875 0.7839281109375
1 0.186722221875 0.800734853125 0.1964614421875 0.9622542234375 0.3025656734375 0.9771662015624999 0.29032620468750003 0.8148711656250001 0.186722221875 0.800734853125
1 0.292149865625 0.8155517421875 0.3037489703125 0.977332503125 0.41179390312499997 0.9925172281249999 0.397408821875 0.8324120015625001 0.292149865625 0.8155517421875
1 0.5172662296875 1 0.5026548015625 0.8438815546875 0.40040439218749996 0.8314300593749999 0.41236264843750003 0.992597159375 0.46503659375 1 0.5172662296875 1
1 0 0.93464336875 0.083879303125 0.9464318359374999 0.0839651984375 0.7842081140625 0 0.77457046875 0 0.93464336875
1 0.822374821875 0.15595693906250002 0.8049384296875 0.037942515625 0.72833965625 0.027177259375000002 0.742937403125 0.1461802890625 0.822374821875 0.15595693906250002
1 0.487444096875 0 0.49615410000000004 0.1029197109375 0.576269665625 0.11293784843750002 0.5614208281249999 0.0079589921875 0.511358365625 0 0.487444096875 0
1 0.9035244953125 0.17013688124999998 0.8735214734375001 0.0475812328125 0.8069477046875001 0.0382249 0.8228511515625 0.157347159375 0.9035244953125 0.17013688124999998
1 0.717711909375 0.0256836265625 0.6434025609375 0.018941803125 0.6597886265625 0.129638065625 0.741414909375 0.1431912171875 0.7237101499999999 0.026526624999999998 0.717711909375 0.0256836265625
1 0.6403642421875 0.0195104890625 0.5625280125 0.00690869375 0.5773548374999999 0.11478845625 0.658742475 0.1289670953125 0.6403642421875 0.0195104890625
1 1 0.0663337125 0.9807057046875001 0.0626449953125 0.9528453203125 0.0587294734375 0.9856787796875001 0.1830704625 1 0.185083178125 1 0.0663337125
1 0.9561756671874999 0.0845706859375 0.9483054765625001 0.05809143906250001 0.8983740546875 0.0510740359375 0.8784666703124999 0.048673499999999995 0.9026898484375 0.1748760046875 0.9835570859375 0.1827722765625 0.9561756671874999 0.0845706859375