1 0.754595890625 0.1136991640625 0.8247524046875 0.2057678859375 0.892191196875 0.1830915625 0.8186822234375001 0.0916075984375 0.754595890625 0.1136991640625
1 0.684529646875 0.1419795625 0.7594192265624999 0.2339148234375 0.823021684375 0.2093633796875 0.7475877718749999 0.11764534062500001 0.684529646875 0.1419795625
1 0.524165034375 0.20622162031250002 0.45531527812499994 0.22922731093749998 0.45087882187500006 0.23084205 0.52129561875 0.3253844375 0.5927227359375 0.29677674062500004 0.524165034375 0.20622162031250002
1 0.5281934140625 0.20312071562499998 0.5961488640625 0.29346344062499996 0.672679875 0.27121660625 0.59981234375 0.1771624328125 0.5281934140625 0.20312071562499998
1 0.60312328125 0.174707934375 0.6774949578125 0.272437965625 0.7532337124999999 0.24440396406249998 0.6771577484375 0.1473114359375 0.60312328125 0.174707934375
1 0.380520515625 0.2580668046875 0.44858309218750003 0.35532801875 0.5219545875 0.32601262656249996 0.45181439531249995 0.2321179546875 0.380520515625 0.2580668046875
1 0.3022467265625 0.2889945953125 0.3702279625 0.38761370624999997 0.44672576406250003 0.3578130203125 0.378682103125 0.25858715781249997 0.3022467265625 0.2889945953125
0 0 0.40725049062499996 0.06408914375 0.5205746312499999 0.142131146875 0.49158619843749995 0.0713283484375 0.370797234375 0 0.39599315625 0 0.40725049062499996
1 0.0720010671875 0.37137480156249997 0.1449534453125 0.49387285 0.22536805312500002 0.46535179375 0.154617703125 0.34294964375000003 0.0720010671875 0.37137480156249997
0 0.226639825 0.31591331875 0.30578936562500003 0.438302853125 0.380762265625 0.410362359375 0.29895010312500003 0.287127271875 0.226639825 0.31591331875
0 0.15476178125 0.3420747875 0.22662256093750002 0.4658120375 0.303444425 0.43589340156249995 0.225126475 0.31810896875 0.15476178125 0.3420747875
1 0.831549740625 0.21681897968750002 0.7584625578125 0.24511204687500002 0.8524703203125 0.37042105625 0.9324102703125 0.3419942453125 0.831549740625 0.21681897968750002
1 0.965182440625 0.31617605000000004 0.9167729828125 0.18847604843750002 0.834662471875 0.214702665625 0.937205409375 0.34693843750000003 0.973075896875 0.33786314375000004 0.965182440625 0.31617605000000004
1 0.5255256265625 0.33570051875 0.4537879546875 0.362959228125 0.537515925 0.4885392640625 0.616165896875 0.4565682765625 0.5255256265625 0.33570051875
1 0.757707225 0.25372968125 0.6799024 0.282265228125 0.77669284375 0.40201549375 0.848620653125 0.369146428125 0.757707225 0.25372968125
1 0.6020402578125 0.3105272640625 0.529425159375 0.3359645140625 0.6153196609375 0.45553838124999996 0.69719456875 0.432427834375 0.6020402578125 0.3105272640625
1 0.606187778125 0.3112350640625 0.6994026890625 0.43229309374999997 0.7755907718749999 0.40389395156249996 0.67732958125 0.28379313906250003 0.606187778125 0.3112350640625
1 0.46193405624999995 0.5227382984375 0.5371643515625 0.4906740703125 0.45033410781249994 0.36373694218749997 0.37690132656249997 0.392471134375 0.3876542375 0.41110386718749997 0.46193405624999995 0.5227382984375
1 0 0.57657288125 0.04725335625 0.6750952203125 0.12933921406249999 0.6441041609375 0.0630907390625 0.5175843421875 0 0.5385162218749999 0 0.57657288125
0 0.148401584375 0.49677067499999994 0.0680343171875 0.52256233125 0.1326591046875 0.64289581875 0.21328021874999997 0.6113236343749999 0.148401584375 0.49677067499999994
1 0.3068096109375 0.44005772500000007 0.2285019296875 0.46742564218749993 0.298163784375 0.5816768546875 0.37911968125 0.550873421875 0.3068096109375 0.44005772500000007
0 0.227167553125 0.46698795937500004 0.149161596875 0.49481660781250003 0.2167630203125 0.612284496875 0.298263271875 0.5848493296874999 0.227167553125 0.46698795937500004
1 0.38331049375 0.413551578125 0.308812728125 0.44086978437499996 0.3792368734375 0.55016181875 0.45839525312499996 0.5226884218750001 0.38331049375 0.413551578125
1 1 0.5246792765625 0.9502149171875001 0.4614976921875 0.8810712265625 0.48313057031250006 0.98832675 0.6388266625 1 0.634338125 1 0.5246792765625
1 0.269594746875 0.708261978125 0.18388513125 0.736031321875 0.27310423125 0.9019237296875 0.3630898828125 0.8702397906250001 0.269594746875 0.708261978125
1 0.80731803125 0.5095474234374999 0.9131560500000001 0.669925115625 0.9866512999999999 0.6399705531250001 0.8776647093750001 0.48576749062499996 0.80731803125 0.5095474234374999
1 0.362265534375 0.6749502296875 0.45793855156249996 0.83678585625 0.5458960546875 0.8053060234375 0.4433519921875 0.6407468781250001 0.362265534375 0.6749502296875
0 0.09674396406249999 0.77157658125 0.1824962859375 0.9378478937500001 0.27140698125 0.9002496734375001 0.18197105 0.7381458859375 0.09674396406249999 0.77157658125
1 0.7068714171875 0.5490968265625 0.8139693796874999 0.7066671515625 0.8959986078125001 0.6778791140625 0.7854671671875 0.5194316125 0.7068714171875 0.5490968265625
1 0.44815749374999997 0.6448726921875 0.5454746671875 0.803323075 0.6304522078125 0.7702574609374999 0.5318406140625 0.6181530859375 0.44815749374999997 0.6448726921875
0 0.2729630171875 0.70617233125 0.366476609375 0.8711434421875 0.45727337968750004 0.8375620390625 0.3617036609375 0.680611953125 0.2729630171875 0.70617233125
1 0.6163833578125 0.5863029703125 0.7264174296875 0.7412038562500001 0.8128146046875001 0.70708745625 0.7047326968750001 0.5504187968750001 0.6163833578125 0.5863029703125
0 0.6205779140625001 0.7514200625 0.6317808984375 0.7681716203125 0.7227809703125 0.740925178125 0.61390496875 0.58721594375 0.5341316953125 0.6170943624999999 0.6205779140625001 0.7514200625
1 0 0.2503020234375 0.02211326875 0.288183096875 0.09566808593750001 0.2605761484375 0.04365936875 0.17510765781249998 0 0.190983234375 0 0.2503020234375
0 0.11463071093749999 0.149928975 0.044293740625 0.17420773437499998 0.0966619015625 0.2615089453125 0.17152315625 0.23687677499999998 0.11463071093749999 0.149928975
1 0.1858125703125 0.12663599375 0.11578640468750001 0.1492322171875 0.171739590625 0.236798 0.24386354687499998 0.21272627968750002 0.1858125703125 0.12663599375
1 0.2629402953125 0.1042298515625 0.1859958671875 0.1261179921875 0.2439272046875 0.2122672578125 0.3168658078125 0.1857197765625 0.2629402953125 0.1042298515625
1 1 0.8131850359374999 0.8983074468750001 0.679087346875 0.816098365625 0.7084637593750001 0.92387888125 0.8607713921875 1 0.8337479296874999 1 0.8131850359374999
1 0.8133031828125 0.71002636875 0.730102809375 0.7454676046875 0.8353098062500001 0.895385384375 0.9225594312500001 0.8620441265625001 0.8133031828125 0.71002636875
1 1 0.6630258687499999 0.98385983125 0.6416088656250001 0.90268648125 0.675046921875 1 0.80849258125 1 0.6630258687499999
1 0.7252619499999999 0.74603323125 0.6411629640625 0.7734025984375 0.7421755437499999 0.9308684734374999 0.8350276046875 0.899450571875 0.7252619499999999 0.74603323125
1 0.4379596375 1 0.3614088359375 0.8745024593749999 0.2771632625 0.9046200953125 0.32911094375 1 0.4379596375 1
1 0.5543739624999999 1 0.45439973125 0.84224153125 0.36517723125 0.8751207515624999 0.4416962265625 1 0.5543739624999999 1
1 0.5761892140625 1 0.653371703125 0.9719078718749999 0.5478650359375 0.8106004265625 0.45615400937499995 0.8420079125000001 0.5554560765625001 1 0.5761892140625 1
1 0.5498528687500001 0.808538096875 0.655394328125 0.9755299765625001 0.7474751578125 0.9420152953125 0.6372711843750001 0.7748892734374999 0.5498528687500001 0.808538096875
1 0.3257488296875 1 0.2756174953125 0.9057279546875 0.1846865609375 0.9414477625 0.213975678125 1 0.3257488296875 1
1 0.5270850125 0 0.46903327499999997 0.0231282234375 0.53328104375 0.114700625 0.601239465625 0.0886416515625 0.5357199375 0 0.5270850125 0
1 0.316673253125 0.1853540125 0.3852790890625 0.159198896875 0.3286714359375 0.0816132203125 0.2639699953125 0.1038550703125 0.316673253125 0.1853540125
1 0.5379440296875 0 0.602213734375 0.08954984218749999 0.6724472031250001 0.065372415625 0.6139168796875001 0 0.5379440296875 0
1 0.39918660625 0.055433462499999996 0.4594623390625 0.1369339796875 0.5307860640625 0.1129604640625 0.46674508281250005 0.0270287484375 0.39918660625 0.055433462499999996
1 0.39698854843750003 0.057183675 0.3291135875 0.08030150312499999 0.38693828125 0.1602154828125 0.45833657499999997 0.13684373125 0.39698854843750003 0.057183675
1 0.7061594125 0 0.7439312625000001 0.040678475 0.8103426359375 0.0165067125 0.7948244546875001 0 0.7061594125 0
1 0.6176228328125 0 0.6737940109375 0.0695166734375 0.7421003875000001 0.041344859375 0.7026338015625 0 0.6176228328125 0