1 0.802969809375 0.1290173015625 0.8648490000000001 0.23073760000000001 0.936298028125 0.2147855140625 0.87092541875 0.11330324218750001 0.802969809375 0.1290173015625
1 0.7282289750000001 0.1504199015625 0.794965746875 0.25251215781249997 0.8626909953125 0.23422973906250003 0.79537384375 0.13230121718750001 0.7282289750000001 0.1504199015625
1 0.5572175609375 0.19890921875 0.48428928125 0.21504665781250001 0.4795757734375 0.21622186718749997 0.5414550484375 0.32050060937499997 0.617623653125 0.2989093921875 0.5572175609375 0.19890921875
1 0.5616734625 0.19616986875 0.6214861468749999 0.2958880671875 0.7021927578125 0.2813521234375 0.6377531671875001 0.1773095234375 0.5616734625 0.19616986875
1 0.6414053515625 0.1751543515625 0.7069884328125 0.2831188265625 0.7875072640624999 0.2625776859375 0.7201116140625 0.1550822609375 0.6414053515625 0.1751543515625
1 0.404649709375 0.23651320468749998 0.4638273296875 0.3433202984375 0.5420617359375 0.3212140203125 0.4803957859375 0.2176275875 0.404649709375 0.23651320468749998
1 0.321225371875 0.259742253125 0.380173596875 0.3679296921875 0.4616593 0.3456628390625 0.4027125046875 0.23684800468749997 0.321225371875 0.259742253125
0 0 0.3500467953125 0.052598849999999996 0.47105542187499994 0.1355772609375 0.4497853703125 0.07612810625000001 0.318615775 0 0.336829821875 0 0.3500467953125
1 0.0767543125 0.319278878125 0.13821911250000002 0.45242774375000006 0.2235750375 0.43189069687500004 0.1643531875 0.2990764984375 0.0767543125 0.319278878125
0 0.24096150624999998 0.2791566640625 0.3087793703125 0.4128602953125 0.3885044578125 0.3923325359375 0.318053021875 0.2574778796875 0.24096150624999998 0.2791566640625
0 0.16459478593750002 0.29819702656249997 0.2248092015625 0.4324962859375 0.306639203125 0.410143584375 0.2391766046875 0.2812401625 0.16459478593750002 0.29819702656249997
1 0.8706150156250001 0.24277275625 0.7927815796875 0.2638637734375 0.8754892 0.40215017187499996 0.9603492765625001 0.38165854062500004 0.8706150156250001 0.24277275625
1 0.9647238281250001 0.3872314359375 0.9864112484374999 0.3841062109375 0.9469465874999999 0.2258221078125 0.8740279796875001 0.2409422390625 0.9647238281250001 0.3872314359375
1 0.5446731046875 0.331508059375 0.46833191875 0.351685940625 0.5404913453125 0.4891452171875 0.6244129078125 0.46488942499999997 0.5446731046875 0.331508059375
1 0.7910810921875 0.272598184375 0.708394125 0.29343042656249996 0.7945475109375 0.4263293609375 0.8716871390625001 0.40043269375 0.7910810921875 0.272598184375
1 0.6256779453125 0.313976721875 0.5486349703125 0.332197046875 0.6236578328125 0.46374496406250004 0.709925671875 0.448899575 0.6256779453125 0.313976721875
0 0.6298458 0.31514635156250004 0.71219968125 0.448998959375 0.7932176 0.4281325640625 0.7055969734375 0.2947170296875 0.6298458 0.31514635156250004
1 0.45946946562499996 0.5160098390625001 0.5399018046874999 0.4912912859375 0.4647139828125 0.3521104671875 0.386479425 0.3736156109375 0.39547700625000004 0.3938314875 0.45946946562499996 0.5160098390625001
1 0 0.5613922796875 0.011084304687500001 0.605848996875 0.0187391390625 0.6273162234375 0.1060710703125 0.6044319890625001 0.051899074999999996 0.46788919375000004 0 0.47925731718750003 0 0.5613922796875
0 0.14143558437499998 0.4557625625 0.056421885937500006 0.473512609375 0.10959828437500001 0.60355255625 0.195493934375 0.579916490625 0.14143558437499998 0.4557625625
0 0.30963446875 0.41476507968750004 0.22655862343750002 0.43434885312500005 0.2855439890625 0.558707971875 0.3716994671875 0.5358942796874999 0.30963446875 0.41476507968750004
0 0.225240303125 0.4337577640625 0.1424236125 0.4538452640625 0.1989543625 0.581273584375 0.2853043140625 0.561963996875 0.225240303125 0.4337577640625
0 0.3907687125 0.395868759375 0.3115967953125 0.4158109875 0.37189598125 0.5351789234375001 0.455853678125 0.5155786375 0.3907687125 0.395868759375
1 1 0.5601878265625 0.965705284375 0.5058194281249999 0.8926239953125 0.520520946875 0.9856169015624999 0.691315559375 1 0.687452975 1 0.5601878265625
1 0.242684859375 0.6851311890625 0.1519916140625 0.704330409375 0.2254308578125 0.8836178390624999 0.3209210046875 0.8608734984374999 0.242684859375 0.6851311890625
1 0.8143109953125001 0.5396211078125 0.9053494984375 0.7150525609375 0.9837793375 0.692305728125 0.8888543703125 0.5228524609375 0.8143109953125001 0.5396211078125
1 0.34109784374999996 0.6610101203125 0.42157785781249996 0.8368409515625 0.5149706890625 0.814087515625 0.4277528796875 0.6347324484375 0.34109784374999996 0.6610101203125
0 0.0589965265625 0.7313303421875 0.128847528125 0.9106329390625 0.2238743 0.8817229984375 0.149805384375 0.70628790625 0.0589965265625 0.7313303421875
1 0.707269825 0.5692877249999999 0.7998997671875 0.7419826921875 0.886936625 0.7213459906249999 0.7908877171875 0.5473848390625 0.707269825 0.5692877249999999
1 0.43222612343750005 0.639469284375 0.5147529359374999 0.81201375625 0.6052671421875 0.7873179765625 0.5207327234375 0.6211262 0.43222612343750005 0.639469284375
0 0.246356440625 0.6833554078125 0.32428928125 0.8621617453124999 0.4208136609375 0.8375634984375001 0.339913484375 0.6667415140624999 0.246356440625 0.6833554078125
1 0.6106711828125 0.5976271265624999 0.7065928953125 0.7679067734375 0.7986728796875 0.7422885890625001 0.7049390375 0.570410290625 0.6106711828125 0.5976271265624999
0 0.59719065625 0.766987125 0.6068512687500001 0.785326971875 0.70290180625 0.767231025 0.6080368468749999 0.5982948109375 0.52319108125 0.620289296875 0.59719065625 0.766987125
1 0 0.1519750515625 0.03466003125 0.2288169734375 0.1128981359375 0.20847807031249999 0.06887864375 0.11545923437500001 0 0.1326102234375 0 0.1519750515625
0 0.1442117796875 0.097326821875 0.06962464375 0.11460679375 0.113814675 0.20953905781249998 0.193069421875 0.19238360937500001 0.1442117796875 0.097326821875
1 0.21955735937499998 0.0811460375 0.1454693640625 0.09673821875000001 0.1932993734375 0.192326275 0.26969279375 0.1754500765625 0.21955735937499998 0.0811460375
1 0.30089171718749996 0.06651122968749999 0.21980067656250002 0.08063582968750001 0.2698073421875 0.1749873515625 0.3473008515625 0.15566605 0.30089171718749996 0.06651122968749999
1 0.889169146875 0.7228300140624999 0.8018849187500001 0.7440492796875 0.895779759375 0.9114340140625 0.9896226328125 0.8888257828125001 0.889169146875 0.7228300140624999
1 0.798856490625 0.7453474890625 0.7099051046875 0.7726643734375 0.8014237718749999 0.9373278890625001 0.894292609375 0.9125942281249999 0.798856490625 0.7453474890625
1 1 0.72571481875 0.9807465625 0.6936817734375 0.8940849875 0.719167240625 0.9943309390625 0.89205626875 1 0.8906428125 1 0.72571481875
1 0.8001395703125 0.9404736140625 0.7048907078125 0.7727229296875 0.615888625 0.79168601875 0.7023028109375 0.963620375 0.7540984875000001 0.9519529468749999 0.8001395703125 0.9404736140625
1 0.38277966874999997 1 0.318742015625 0.865053471875 0.2292941203125 0.8868121999999999 0.2763574734375 1 0.38277966874999997 1
1 0.4956686640625 1 0.4173694515625 0.8420417468749999 0.3225315578125 0.866090809375 0.3864076359375 1 0.4956686640625 1
1 0.5613922796875 1 0.6036280140625 0.9894694484375 0.5164156203125 0.819715046875 0.4191897015625 0.8419912265624999 0.49678428124999996 1 0.5613922796875 1
1 0.518671696875 0.8178189078125 0.603512621875 0.98949821875 0.701118159375 0.9651624265625 0.6117462546875 0.7927887390625 0.518671696875 0.8178189078125
1 0.2729460890625 1 0.227593134375 0.887779440625 0.130701296875 0.9145507921875 0.1627813453125 1 0.2729460890625 1
1 0.5407154796875 0 0.520510396875 0.0056877921875000004 0.5763967578125 0.1062655875 0.6487416078125 0.0869089859375 0.5975982531249999 0 0.5407154796875 0
1 0.3471431859375 0.15527119843749998 0.42016086250000007 0.1358857953125 0.3705869296875 0.05043675156250001 0.301985721875 0.0662384640625 0.3471431859375 0.15527119843749998
1 0.5995356296875001 0 0.64964079375 0.0879427015625 0.7241111124999999 0.0707552703125 0.6729937953125 0 0.5995356296875001 0
1 0.4455610296875 0.031231264062500003 0.49846702499999995 0.12107913125 0.5740310203125001 0.1042174203125 0.5177491140625 0.009432078125 0.4455610296875 0.031231264062500003
1 0.4431234296875 0.032785532812500004 0.37118056093749996 0.0491424078125 0.42174924531249997 0.13710397968750002 0.49732477656249996 0.12086586562499999 0.4431234296875 0.032785532812500004
1 0.7600137796875 0 0.79991671875 0.053173814062500005 0.8704753828125 0.0355815640625 0.843428921875 0 0.7600137796875 0
1 0.6763489296875 0 0.7250431859375001 0.0751393984375 0.7979715078125 0.053658809375000005 0.75653506875 0 0.6763489296875 0
1 0.845615528125 0 0.8705150671874999 0.0342526640625 0.8979005750000001 0.029109289062499998 0.8906428140625 0 0.845615528125 0