1 1 0.3100925609375 0.9849815062499999 0.2436538125 0.913922065625 0.23495065624999997 0.937860028125 0.355123071875 1 0.3632139390625 1 0.3100925609375
1 0.8343200734374999 0.2293637703125 0.8628121265625 0.351604790625 0.93455180625 0.3577422625 0.905442490625 0.23545547500000003 0.8343200734374999 0.2293637703125
1 0.652355075 0.216115228125 0.5763511 0.206072396875 0.57139235 0.2055512109375 0.5944314687500001 0.3281987109375 0.675476715625 0.3341053859375 0.652355075 0.216115228125
1 0.6576149499999999 0.21503263437500003 0.6802633671875 0.33254126093749997 0.763206278125 0.34686960624999996 0.737614953125 0.2235499 0.6576149499999999 0.21503263437500003
1 0.7418944468750001 0.222749715625 0.7672106171874999 0.350265721875 0.8520823875 0.358718546875 0.824853325 0.2310186875 0.7418944468750001 0.222749715625
1 0.49200216562500004 0.19882411875 0.511547384375 0.322967190625 0.5947659140625 0.3291022875 0.5716892859375 0.2071995734375 0.49200216562500004 0.19882411875
1 0.403383834375 0.1919495140625 0.42222282968749997 0.3173472453125 0.5086334156250001 0.3244707234375 0.4900162375 0.1984665484375 0.403383834375 0.1919495140625
0 0.1463199 0.1626852203125 0.061044121875 0.152899584375 0.07006713437499999 0.3018793734375 0.15756709687499998 0.310492259375 0.1463199 0.1626852203125
1 0.1466908453125 0.1635469953125 0.15918655625 0.3139778453125 0.24872191093749998 0.32413619374999997 0.238271775 0.1748181140625 0.1466908453125 0.1635469953125
0 0.31915384375 0.182496375 0.3375816984375 0.3356987546875 0.42168325937500006 0.343885303125 0.40111993437500004 0.1886429921875 0.31915384375 0.182496375
0 0.2388137859375 0.1740522953125 0.24969939375 0.325156190625 0.3364721953125 0.33231773593749997 0.31670038749999996 0.18388408437499998 0.2388137859375 0.1740522953125
1 0.9391923109375 0.36879430156250004 0.8567172031249999 0.3618180859375 0.8878949609375001 0.5246916984375 0.9769361484375001 0.53471955625 0.9391923109375 0.36879430156250004
0 1 0.3765128671875 0.9431270265625 0.368224040625 0.9791970171875001 0.54164966875 0.9979639062500001 0.54557603125 1 0.52620389375 1 0.3765128671875
1 0.5936675218749999 0.33997942187499997 0.5129524171875001 0.33264476875 0.5342478265625 0.491007634375 0.6237064453125 0.4970638734375 0.5936675218749999 0.33997942187499997
1 0.8520083250000001 0.3696696265625 0.7649432640625 0.36073572187499997 0.8013371250000001 0.519609596875 0.8848315984375 0.52169273125 0.8520083250000001 0.3696696265625
1 0.677950503125 0.3515149125 0.5972463718750001 0.3420396375 0.62338034375 0.495691096875 0.7117953781249999 0.5116763796875 0.677950503125 0.3515149125
0 0.6815591375000001 0.3541125671875 0.713953575 0.5125724640625 0.7994209578125 0.5208862 0.761793559375 0.3609964234375 0.6815591375000001 0.3541125671875
1 0.44666911093749995 0.48849522968750003 0.532925225 0.49287636875 0.5093140234375 0.331782759375 0.42630655937500006 0.32506606875 0.42788110625 0.3477881640625 0.44666911093749995 0.48849522968750003
1 0.0705047234375 0.2985701796875 0.0191420609375 0.2916715671875 0.0032301078125 0.44306368906250004 0.0747745796875 0.44971891875000003 0.0705047234375 0.2985701796875
0 0.1611168984375 0.3183354421875 0.072890825 0.30560131875 0.0784853125 0.45010893281250003 0.16963005312499999 0.45745913125 0.1611168984375 0.3183354421875
0 0.337737121875 0.3378422578125 0.25073567343750003 0.3275637796875 0.26392847656249996 0.468619165625 0.35503485625 0.47685633593750004 0.337737121875 0.3378422578125
0 0.24967193437500002 0.3265282046875 0.162743434375 0.3168281984375 0.17249056093749998 0.4599892828125 0.26255330625 0.47168475781249997 0.24967193437500002 0.3265282046875
0 0.42262449531249996 0.348102778125 0.3392621578125 0.33954437187500003 0.355475721875 0.4762334234375 0.4433334515625 0.48680614218749996 0.42262449531249996 0.348102778125
1 0.970638828125 0.805556784375 0.93847700625 0.656717740625 0.8628299859374999 0.6452319656250001 0.8925052062500001 0.84317234375 0.9660141031249999 0.8495581 0.970638828125 0.805556784375
1 0.178174478125 0.575845096875 0.0839617203125 0.5625149921875 0.09179486406250001 0.761792903125 0.19187948125 0.773380859375 0.178174478125 0.575845096875
1 0.780591875 0.6361610828125001 0.8067530359375 0.8378996640624999 0.8903851093749999 0.84348383125 0.85837526875 0.6461614296875 0.780591875 0.6361610828125001
1 0.281561678125 0.5871293750000001 0.29739962656249996 0.7855401125 0.39546473125000003 0.7963814890625 0.37436693125 0.5921911984375 0.281561678125 0.5871293750000001
0 0 0.7545336093749999 0.090959440625 0.7594122624999999 0.081165484375 0.5636396296874999 0 0.5571398000000001 0 0.7545336093749999
0 0.6669349609374999 0.6272064281249999 0.6955924296875 0.8268575421875 0.7867839359375 0.8375107937499999 0.7552740046875 0.6354320609374999 0.6669349609374999 0.6272064281249999
1 0.37701673593749996 0.5983472187500001 0.39598335156250003 0.79429871875 0.4919546859375 0.8022484343749999 0.468819825 0.6117363499999999 0.37701673593749996 0.5983472187500001
0 0.1823393796875 0.5754187609375 0.1946753046875 0.7758119921875 0.29640874375 0.785970284375 0.27840569375 0.5922573390625 0.1823393796875 0.5754187609375
1 0.5638154265625 0.62064123125 0.5964962015624999 0.8191137078124999 0.6943017046875 0.8267218812499999 0.664292665625 0.6274724968750001 0.5638154265625 0.62064123125
0 0.49130886250000005 0.77973913125 0.49418200937499995 0.8008795781250001 0.5931738421875 0.8171615531249999 0.5610402062500001 0.6203604625 0.47148478125000004 0.6117915093749999 0.49130886250000005 0.77973913125
1 0.052492128125 0 0.054712115625 0.052066953125 0.13731323125 0.0599131203125 0.132896709375 0 0.052492128125 0
1 0.13332987031250002 0 0.137878284375 0.061225850000000005 0.2204794015625 0.0690720171875 0.2140805890625 0 0.13332987031250002 0
1 0.9502020218749999 1 0.9661901484375001 0.8478831390625 0.89047873125 0.84484105 0.9181477609375 1 0.9502020218749999 1
0 0.2149159109375 0 0.2209905515625 0.07042083906249999 0.303453625 0.0817043296875 0.293182409375 0 0.2149159109375 0
1 0.2943161421875 0 0.3036955390625 0.08172975625 0.38330095625 0.09227685468749999 0.370402225 0 0.2943161421875 0
1 0.370851171875 0 0.3835740109375 0.09186950625 0.46509948124999995 0.100438178125 0.451946084375 0 0.370851171875 0
1 0.8199555671875001 1 0.7884156171875001 0.8397317921875 0.6967808546875001 0.8295551 0.724532640625 1 0.8199555671875001 1
1 0.7224044234375 1 0.6934040265625 0.8297456703125 0.598018975 0.8248813937499999 0.6258268296875 1 0.7224044234375 1
1 0.9172388843749999 1 0.8869767375000001 0.843748175 0.7944435249999999 0.8379176656249999 0.8232030765625 1 0.9172388843749999 1
1 0.6228942703125 1 0.59316238125 0.8231741046875 0.5006635937499999 0.8102104734375001 0.5227848500000001 1 0.6228942703125 1
1 0.0943983421875 0.766242146875 0.103083040625 0.9610364859375 0.20660807343749998 0.97191740625 0.1883093484375 0.77665808125 0.0943983421875 0.766242146875
1 0.1915996109375 0.7789946734375001 0.21010546562500002 0.9722849968749999 0.3130438109375 0.983104253125 0.291513596875 0.7890909875000001 0.1915996109375 0.7789946734375001
1 0.29328684531250004 0.7896824312499999 0.314037665625 0.9832087109375 0.41897061874999997 0.9942376078124999 0.394880996875 0.8023338921875001 0.29328684531250004 0.7896824312499999
1 0.520873028125 1 0.4962811328125 0.8098200734375001 0.3977230375 0.8012931828125 0.418897078125 0.9942298796875001 0.47379610625 1 0.520873028125 1
1 0 0.9502020218749999 0.0991349984375 0.9606215296875 0.0924180203125 0.766579496875 0 0.759224540625 0 0.9502020218749999
1 0.7799752328125 0.1399612640625 0.75871013125 0.024437390625 0.6849068296875 0.0166803515625 0.7034028640625001 0.1332379078125 0.7799752328125 0.1399612640625
1 0.4530596125 0 0.46508615937500003 0.10000073437500001 0.542317540625 0.1069329125 0.524530103125 0.00683009375 0.4691564546875 0 0.4530596125 0
1 0.76069240625 0.0246457359375 0.7804792296875 0.14127759687500002 0.8583393078125001 0.1508471078125 0.8247535140625001 0.0320660359375 0.8080496328125 0.029623181250000002 0.76069240625 0.0246457359375
1 0.6035850968750001 0.014624540624999998 0.6230405109375 0.1201549453125 0.7018409171875 0.130424290625 0.6808644921875 0.018929778124999998 0.6035850968750001 0.014624540624999998
1 0.600688109375 0.015270665624999999 0.5255573906250001 0.0057867609375 0.543421403125 0.10867014374999999 0.622013828125 0.11954681874999999 0.600688109375 0.015270665624999999
1 1 0.12995775625 0.976087978125 0.052608467187499994 0.901498003125 0.0410364125 0.9376256156249999 0.160505159375 1 0.167060971875 1 0.12995775625
0 0.8576978375 0.15541622500000002 0.9355791968749999 0.160290071875 0.905991396875 0.0670989796875 0.8972162390625 0.0410069 0.830198203125 0.0352877453125 0.8576978375 0.15541622500000002