1 0.8585467890625 0.1964706640625 0.9012839140625 0.306140934375 0.9734890171874999 0.30288265000000003 0.9273143671874999 0.1928440359375 0.8585467890625 0.1964706640625
1 0.7822070437499999 0.20447040625000001 0.8296035828124999 0.315337275 0.8985872578125 0.3091703765625 0.8505983421875 0.1983632296875 0.7822070437499999 0.20447040625000001
1 0.607619653125 0.222305871875 0.533944475 0.22549051874999998 0.5291600390625 0.22582507812500002 0.5714588593750001 0.3379864078125 0.6492191843749999 0.33004828124999996 0.607619653125 0.222305871875
1 0.6124216234375 0.220404125 0.6534924859375 0.3277700515625 0.7344563234375 0.327480878125 0.6896275796875 0.21510965781250002 0.6124216234375 0.220404125
1 0.693547978125 0.213638634375 0.7388165625 0.33002484375 0.8206267953124999 0.323856415625 0.7735154343749999 0.20761553593749998 0.693547978125 0.213638634375
1 0.45283059999999997 0.2327110140625 0.4920693015625 0.34686999687500003 0.571926515625 0.3387852421875 0.529716490625 0.227334628125 0.45283059999999997 0.2327110140625
1 0.3677346984375 0.24099742968750001 0.40651383281250003 0.3564609890625 0.48955988125000005 0.3487784 0.4508896375 0.2327042203125 0.3677346984375 0.24099742968750001
0 0.1193324 0.25621701875 0.0369169609375 0.261192228125 0.0703340015625 0.40059898125000004 0.1546606484375 0.394143353125 0.1193324 0.25621701875
1 0.11982765468750001 0.256970225 0.15677662187500002 0.3971699375 0.243289384375 0.3918364140625 0.2084639546875 0.2523478484375 0.11982765468750001 0.256970225
0 0.28636543593749997 0.24611260937499999 0.329396590625 0.38794380624999997 0.41043275625 0.381652053125 0.3650381359375 0.2382477609375 0.28636543593749997 0.24611260937499999
0 0.20884956250000003 0.251533046875 0.244385628125 0.392638053125 0.3277811578125 0.38493102343749996 0.28427292656250003 0.247834609375 0.20884956250000003 0.251533046875
1 0.90482815625 0.31884953125000004 0.8255347796875 0.3260146484375 0.88225838125 0.4748656578125 0.9682812359374999 0.469491178125 0.90482815625 0.31884953125000004
1 0.9715798203125001 0.4756687265625 0.9995813531250001 0.476552678125 0.9883032249999999 0.3152679484375 0.9084603250000001 0.31765351875 0.9715798203125001 0.4756687265625
1 0.57270175 0.34925668125 0.4950157921875 0.355789059375 0.5416248359375 0.502022759375 0.6273801359375 0.4928220625 0.57270175 0.34925668125
1 0.822384725 0.3342268546875 0.738416475 0.340306271875 0.799413615625 0.4845036578125 0.8788558265624999 0.47254030468749997 0.822384725 0.3342268546875
1 0.6544688187500001 0.3461022546875 0.57643591875 0.35060809375 0.6268420578125 0.49157804218749995 0.7132662437499999 0.4919428859375 0.6544688187500001 0.3461022546875
0 0.6583209171875 0.3479570296875 0.7154602921875 0.49243028593749993 0.7978115328125 0.48603090312499997 0.7354762734375 0.34107848281250003 0.6583209171875 0.3479570296875
1 0.45824195625 0.514261671875 0.5406838859375 0.5040110203125 0.4914252375 0.35558090937500003 0.4116708796875 0.363080340625 0.4169555015625 0.3843092703125 0.45824195625 0.514261671875
1 0 0.48415749531249996 0.0106362859375 0.5469268609375 0.099472559375 0.5396474234374999 0.07019612187499999 0.3973959546875 0 0.40028008281250005 0 0.48415749531249996
0 0.1593326625 0.40096943124999995 0.073630203125 0.40364816093749994 0.10305285 0.539397065625 0.19062141562499998 0.5311388796875 0.1593326625 0.40096943124999995
0 0.3299016453125 0.3899453 0.2457692015625 0.3947423359375 0.2818134578125 0.5259579328124999 0.3694937484375 0.5185450890625 0.3299016453125 0.3899453
0 0.2445886484375 0.3939403546875 0.160621875 0.399272365625 0.19375354375 0.5330546546875 0.28102250156249997 0.5290870125 0.2445886484375 0.3939403546875
0 0.41202842031250003 0.3854840796875 0.33163045 0.39130074375 0.3698073984375 0.5178823343750001 0.45480011718749996 0.51322070625 0.41202842031250003 0.3854840796875
1 1 0.70828598125 0.9522142484374999 0.5913012765625 0.8786363390625 0.593061546875 0.9397903578125 0.7753312 1 0.7700279734375 1 0.70828598125
1 0.2184779984375 0.64168833125 0.127004853125 0.6448024218749999 0.1676911109375 0.8319822203125 0.26443585625 0.8262404140624999 0.2184779984375 0.64168833125
1 0.7992178 0.5982058734375 0.8576769875 0.7846544890625 0.937833984375 0.775979625 0.874571534375 0.594684090625 0.7992178 0.5982058734375
1 0.3183005953125 0.6351081546875 0.366425059375 0.82013188125 0.46113209062499994 0.8140209421875 0.407060165625 0.624408396875 0.3183005953125 0.6351081546875
0 0.031956928125 0.6551163125 0.069151646875 0.8416944875000001 0.16650230625 0.8298699078125 0.12454371093750001 0.6463327984375 0.031956928125 0.6551163125
0 0.690055571875 0.608703353125 0.7505310515625 0.7927609484375 0.83869530625 0.78761915 0.7751124390624999 0.6017414125 0.690055571875 0.608703353125
1 0.41059796718749997 0.6297888656249999 0.46127569687500003 0.8119644062500001 0.5535165859375 0.803467803125 0.4997982828125 0.6271327343750001 0.41059796718749997 0.6297888656249999
0 0.2223522484375 0.6405900375 0.2674901796875 0.8280733296875 0.365558203125 0.8207041187499999 0.316166946875 0.6404851140625001 0.2223522484375 0.6405900375
1 0.591274303125 0.61970240625 0.655364315625 0.8019737734374999 0.7492856999999999 0.7928480328124999 0.6875969390625001 0.6093959640625 0.591274303125 0.61970240625
0 0.5491472671875 0.782285153125 0.5553980265625 0.80180136875 0.6518911609375 0.8006817671875 0.5885984625 0.6198999749999999 0.502332009375 0.626740175 0.5491472671875 0.782285153125
1 0 0.1030945375 0.014086421875 0.1668763828125 0.09364439218750001 0.1605130796875 0.068822275 0.0626403421875 0 0.06771906562499999 0 0.1030945375
1 0.14709411562500002 0.057167042187499996 0.06921244531250001 0.0625890765625 0.094398803125 0.161660428125 0.173956775 0.15529712499999998 0.14709411562500002 0.057167042187499996
1 1 0.7688923 0.9381492343750001 0.7772477265625 1 0.9459507781250001 1 0.7688923
0 0.2234494328125 0.052453084375 0.1479655359375 0.05646520625 0.17466615000000002 0.1564876046875 0.25466715156249997 0.1533985328125 0.2234494328125 0.052453084375
1 0.2994824390625 0.049641479687500004 0.2247730703125 0.052096017187499996 0.2549005609375 0.1533822125 0.33207157187499997 0.15007351093750002 0.2994824390625 0.049641479687500004
1 0.38107359218750003 0.049363882812499996 0.2998064484375 0.0491865109375 0.3322622359375 0.149642653125 0.4109218546875 0.1441422359375 0.38107359218750003 0.049363882812499996
1 0.8406117578125001 0.7894475828124999 0.7521071578125 0.7951141078124999 0.8147224296875001 0.9742186437499999 0.9098421671875 0.9683263953125 0.8406117578125001 0.7894475828124999
1 0.7489400953125 0.795857890625 0.657769653125 0.8071750140624999 0.7185407875 0.9832218390625 0.813077634375 0.9750928312499999 0.7489400953125 0.795857890625
1 1 0.947173696875 0.934649353125 0.7767984484375 0.84601916875 0.7867257453125001 0.9138666343749999 0.9722805749999999 1 0.96625754375 1 0.947173696875
1 0.716753109375 0.9860640953124999 0.6528839921875 0.8063706515625 0.5630956703125001 0.8095453406249999 0.6176577375 0.991794615625 0.67001920625 0.9893320484375 0.716753109375 0.9860640953124999
1 0.3083503875 1 0.2616009375 0.8299359640624999 0.1709001109375 0.8357560640624999 0.2075092359375 1 0.3083503875 1
1 0.412937546875 1 0.3614419671875 0.82447274375 0.26510786249999996 0.8315969437499999 0.311765175 1 0.412937546875 1
1 0.517280678125 1 0.4615727640625 0.8197484359375 0.3632205 0.824736240625 0.41393351875000006 1 0.517280678125 1
1 0.51746038125 1 0.616241640625 0.9930925421874999 0.5588789875 0.8099074312500001 0.46409130625 0.818289796875 0.5171613671874999 1 0.51746038125 1
1 0.203837059375 1 0.1690804640625 0.836405625 0.07028279531250001 0.8458275703125 0.0990471859375 1 0.203837059375 1
1 0.6050365140625 0.027869015625 0.6421424234375 0.1353974265625 0.7158019140625 0.1289782 0.67545931875 0.02080945625 0.6050365140625 0.027869015625
1 0.41083620937500004 0.1437307015625 0.48515484531249997 0.1373990125 0.45159438593749995 0.045685159375 0.382184059375 0.04928623125 0.41083620937500004 0.1437307015625
1 0.677630790625 0.021291840625 0.7164990921875 0.130139146875 0.791853546875 0.1261970609375 0.740209275 0.0194528359375 0.677630790625 0.021291840625
1 0.5277844734375 0.039864720312500004 0.5638310484375 0.1364339 0.6401931046875 0.132996828125 0.601710071875 0.031040326562499998 0.5277844734375 0.039864720312500004
1 0.5251480109375 0.0409593125 0.45239337187500006 0.044526889062500005 0.4864905359375 0.138857959375 0.562756953125 0.1360300375 0.5251480109375 0.0409593125
1 0.814406915625 0.0151302296875 0.8685738531249999 0.1221007078125 0.9401942734375 0.11709252031249999 0.8869978875 0.013627967187500001 0.814406915625 0.0151302296875
1 0.7920086125 0.1306258078125 0.866599371875 0.1222387765625 0.8230141984375001 0.03903164375 0.810345865625 0.0158168609375 0.7459048453125 0.0215914703125 0.7920086125 0.1306258078125
1 0.9404605640625 0.1158054453125 0.9743293124999999 0.115431684375 0.9667738609375001 0.0073836875 0.890104971875 0.01249996875 0.9404605640625 0.1158054453125