1 0.864713109375 0.21368783281249998 0.9034640906250001 0.324155675 0.9755100484374999 0.3234172484375 0.9333473734375 0.2124643515625 0.864713109375 0.21368783281249998
1 0.78838276875 0.21899510625000002 0.8317338328125 0.3308134046875 0.9006719703125 0.327072928125 0.8567286875000001 0.215293471875 0.78838276875 0.21899510625000002
1 0.6138329296875 0.2306758046875 0.540325015625 0.231290159375 0.5355469875 0.2314570125 0.5737744453125 0.3443852515625 0.651517846875 0.339188390625 0.6138329296875 0.2306758046875
1 0.61868308125 0.228952115625 0.655854459375 0.337072259375 0.7365225171875001 0.339587690625 0.6957820109374999 0.2263632859375 0.61868308125 0.228952115625
1 0.6997389 0.225037125 0.7407775640625001 0.34226678125 0.82249385625 0.3389688171875 0.7796143109375 0.22181979375 0.6997389 0.225037125
1 0.45926576093750004 0.2356577609375 0.49437499375 0.3504652953125 0.5742124765625001 0.345195309375 0.5360486921875001 0.23297644062499998 0.45926576093750004 0.2356577609375
1 0.37420234531249996 0.24094680156249998 0.408808253125 0.35703489374999997 0.49180849843749996 0.3522749625 0.45733236718750003 0.235583815625 0.37420234531249996 0.24094680156249998
0 0.1262076828125 0.2474725640625 0.04393008125 0.24956377968750001 0.07235914375 0.3892605671875 0.1565923609375 0.3857642984375 0.1262076828125 0.2474725640625
1 0.1266748 0.24823823125 0.1585947890625 0.388845315625 0.24496673124999999 0.386539853125 0.21513745312500002 0.2467130078125 0.1266748 0.24823823125
0 0.29296209218749997 0.2432133328125 0.33088439687500004 0.38565231093749996 0.4118338453125 0.38220499218750004 0.371611865625 0.2381208796875 0.29296209218749997 0.2432133328125
0 0.21555001875 0.24591662187500002 0.24603087499999998 0.38737445937500004 0.329380134375 0.3826023375 0.29081743125 0.24485218749999998 0.21555001875 0.24591662187500002
1 0.9065517359375 0.3369079484375 0.8273080328125 0.341283534375 0.87862624375 0.49117268437500006 0.96451155625 0.4888095625 0.9065517359375 0.3369079484375
1 1 0.49127247656249995 0.9945869093749999 0.33626183906249996 0.91021189375 0.33584511093749997 0.9675822421875001 0.49506289218750005 1 0.4972126140625 1 0.49127247656249995
1 0.5746195953125001 0.3556284765625 0.49699930312499996 0.3594309046875 0.5383324484374999 0.506368871875 0.62408465 0.5001940593749999 0.5746195953125001 0.3556284765625
1 0.82388348125 0.3493356296875 0.740020428125 0.3524704328125 0.795758328125 0.497882834375 0.8753176406250001 0.48874399999999996 0.82388348125 0.3493356296875
1 0.6561877765624999 0.3553242765625 0.5782925265625 0.357100753125 0.623591990625 0.4989391484375 0.7096769625 0.5022935578125 0.6561877765624999 0.3553242765625
1 0.6599606390625 0.3573008703125 0.711845725 0.5028538796875 0.7941090359375 0.49934512499999995 0.7370644046875 0.3531360578125 0.6599606390625 0.3573008703125
1 0.45483774375 0.5156451343749999 0.5373257125 0.5083121968750001 0.49342957343749994 0.35909975 0.4137149703125 0.3637916140625 0.41823928125 0.3850714890625 0.45483774375 0.5156451343749999
1 0 0.47451613125 0.00778384375 0.5326119984375 0.09653838125 0.5284531593749999 0.0723334890625 0.38607268437500003 0 0.38652316249999996 0 0.47451613125
0 0.16100866875 0.39270967031250004 0.07553655468750001 0.392404896875 0.10011387812500001 0.5283283 0.1876396296875 0.5231529109374999 0.16100866875 0.39270967031250004
0 0.33131774062499997 0.3876588453125 0.24733583593750003 0.38951355468750004 0.27866785156249996 0.5211610671875 0.366275425 0.5168296296875 0.33131774062499997 0.3876588453125
0 0.2461877109375 0.3886756921875 0.16235219375 0.39106778750000004 0.1906931125 0.525165203125 0.2777707578125 0.524243309375 0.2461877109375 0.3886756921875
1 0.41328984375 0.38606842812500003 0.33299274375 0.3890657078125 0.366611003125 0.5161818546875 0.451445209375 0.5144914921875 0.41328984375 0.38606842812500003
1 1 0.7603147531250001 0.9442572046875 0.6093060671874999 0.8708958656249999 0.608508271875 0.9254623015625001 0.7917616468750001 1 0.787814796875 1 0.7603147531250001
1 0.21153562187500002 0.6339793328125001 0.120299440625 0.6339074421875 0.1543041984375 0.8213318781250001 0.25088370625 0.8189748859374999 0.21153562187500002 0.6339793328125001
1 0.7915979484375 0.6108713 0.84333399375 0.7981843640624999 0.9234907046874999 0.7923383140625 0.8667898328125 0.6099800109375 0.7915979484375 0.6108713
1 0.3112105921875 0.63089573125 0.35270065 0.816435 0.4472630125 0.8136406265625 0.40000799843749996 0.6233351828125 0.3112105921875 0.63089573125
0 0.025250892187500002 0.6408668343749999 0.0557982828125 0.8275725171874999 0.1531935515625 0.8191915468750001 0.117794225 0.6353431046875 0.025250892187500002 0.6408668343749999
1 0.682482015625 0.6175245281249999 0.736310121875 0.8025312390625 0.8243206296875 0.8004734843750001 0.7674603515625 0.6135503765625 0.682482015625 0.6175245281249999
1 0.4033447953125 0.62880466875 0.44747779843749996 0.8116018484374999 0.5396665359374999 0.8063512703125 0.4923007609375 0.6292529906250001 0.4033447953125 0.62880466875
0 0.2154335390625 0.6330219875 0.25386256875 0.8209021390625001 0.3518171109375 0.8169736703125 0.3088974859375 0.63616539375 0.2154335390625 0.6330219875
1 0.5836903343750001 0.6250355796875 0.6411816124999999 0.8083922984375 0.7350664375 0.8025746703125 0.6800085171875 0.61812771875 0.5836903343750001 0.6250355796875
0 0.5360524578125 0.7851490734375 0.5415989859375 0.8047603328124999 0.6377666359374999 0.8069880921875001 0.5810177125 0.6251392890624999 0.49483860625 0.628950584375 0.5360524578125 0.7851490734375
1 0.0826392578125 0.053350939062500005 0.0062216218750000005 0.0563132359375 0.024475007812499998 0.15504401875 0.103954340625 0.15147441875 0.0826392578125 0.053350939062500005
1 0.1608062828125 0.0506212859375 0.083029740625 0.053313498437499995 0.1046658890625 0.15264075 0.184145225 0.14907115312500002 0.1608062828125 0.0506212859375
1 1 0.7860206296875 0.9237605421874999 0.7936094453125 0.98418179375 0.9776856125 1 0.9774454890625 1 0.7860206296875
0 0.23703754375 0.0485799078125 0.16169888593749998 0.04995398125 0.184810403125 0.1502787875 0.26461690781249997 0.1499783984375 0.23703754375 0.0485799078125
1 0.31288136875 0.0484178984375 0.238368634375 0.0482708828125 0.26485000625 0.1499702578125 0.341844871875 0.1493536375 0.31288136875 0.0484178984375
1 0.39417396875 0.05096655 0.31322001718750003 0.0479769734375 0.342049840625 0.148932059375 0.4206041265625 0.1461888828125 0.39417396875 0.05096655
1 0.826166075 0.8023568921875001 0.7377982078125 0.8049243296874999 0.79393075625 0.9850828546875 0.8888966437500001 0.9825200984375 0.826166075 0.8023568921875001
1 0.734617171875 0.8055538500000001 0.6433964734375001 0.8136444671874999 0.6977984859374999 0.9907004515625 0.7922616890625 0.9858946656249999 0.734617171875 0.8055538500000001
1 0.8316479812500001 0.799839171875 0.8927680078125 0.9865890109375 0.9859052500000001 0.9833365875 0.92028955 0.7930418015625 0.8316479812500001 0.799839171875
1 0.6959184406250001 0.99346315 0.63855731875 0.812675975 0.5489974828124999 0.8127226296875 0.596997578125 0.9957275531249999 0.6492471203125 0.9950929484375 0.6959184406250001 0.99346315
1 0.29019840625 1 0.24793061718749998 0.8225493187499999 0.157369465625 0.8251933484375 0.1900405234375 1 0.29019840625 1
1 0.3935863515625 1 0.3475849953125 0.8205763671874999 0.2513663671875 0.824321375 0.29358642968750004 1 0.3935863515625 1
1 0.49660292500000003 1 0.447502278125 0.8193477640625 0.3493476203125 0.82089979375 0.394557171875 1 0.49660292500000003 1
1 0.5087275390625 1 0.5955415671875001 0.9969683874999999 0.5447841015625 0.812936496875 0.45006217812499993 0.81798538125 0.49649192031249995 1 0.5087275390625 1
1 0.186298196875 1 0.15553403906250002 0.8257758781250001 0.0567810203125 0.8317190625 0.08218423281250001 1 0.186298196875 1
1 0.6180404328125 0.037358485937500005 0.6512561640625 0.1455028453125 0.72486125625 0.141673475 0.6884433921875 0.03278071875 0.6180404328125 0.037358485937500005
1 0.42053315625 0.14577694375 0.494791846875 0.1420573859375 0.46455664375000005 0.049751990625 0.395282946875 0.0509278234375 0.42053315625 0.14577694375
1 0.6905898374999999 0.0333352765625 0.7255153109375 0.1428513390625 0.800722571875 0.141542384375 0.7529960484375 0.0336740484375 0.6905898374999999 0.0333352765625
1 0.5406618875 0.0466052921875 0.5732044890625 0.14382188906249999 0.64939793125 0.143049690625 0.61461595625 0.040394921875 0.5406618875 0.0466052921875
1 0.5379972109375 0.0476018078125 0.46539300624999996 0.048628581250000004 0.4960716109375 0.1435535 0.5721485359375 0.143383353125 0.5379972109375 0.0476018078125
1 0.8270641375000001 0.0319468953125 0.87729590625 0.1401274078125 0.948820415625 0.1376297171875 0.899433265625 0.032966928125 0.8270641375000001 0.0319468953125
1 0.8007226031249999 0.14594896562499998 0.87532406875 0.1401962671875 0.8348053546875001 0.055997660937500006 0.8229944828125 0.032488671875 0.75859551875 0.0359965546875 0.8007226031249999 0.14594896562499998
1 0.9491305875 0.1363598625 0.9876380906250001 0.13727370625 0.9838701000000001 0.029372545312499998 0.9025679500000001 0.0319535046875 0.9491305875 0.1363598625