1 0.9008690937500001 0.06421217343749999 0.877035571875 0.0285865359375 0.8039601578125 0.0468332109375 0.872699303125 0.1555364484375 0.9221381609374999 0.1435894109375 0.9008690937500001 0.06421217343749999
1 0.7236663578125 0.07135110624999999 0.797657378125 0.180364971875 0.8704354109375 0.159348640625 0.7958208453125 0.0505225015625 0.7236663578125 0.07135110624999999
1 0.5399403140625 0.12692988593750001 0.461503825 0.1457271046875 0.45643681562499994 0.14708480468750001 0.5252245125 0.2585513109375 0.6070563359375 0.23380291875 0.5399403140625 0.12692988593750001
1 0.54469955 0.12388765312500001 0.6111695187499999 0.23046726718750002 0.6980347703125 0.21325386562499998 0.6264871171874999 0.10209043124999999 0.54469955 0.12388765312500001
1 0.63038963125 0.09969421875 0.703246228125 0.215072059375 0.7897949718749999 0.19137622031249998 0.7149901937500001 0.0765389765625 0.63038963125 0.09969421875
1 0.375921965625 0.1704059453125 0.44184052500000004 0.284653890625 0.5258930796875 0.25931045625000004 0.45734882812500005 0.148587684375 0.375921965625 0.1704059453125
1 0.286287 0.1970593796875 0.351984028125 0.3128024796875 0.439544034375 0.287224634375 0.373836665625 0.170803884375 0.286287 0.1970593796875
0 0 0.42978321875000003 0.00024827812500000004 0.430328271875 0.0894388734375 0.4057990328125 0.02276563125 0.2652432609375 0 0.27111185937500004 0 0.42978321875000003
1 0.02345431875 0.26594770625 0.09234139062499999 0.40860339999999995 0.18411292343750002 0.3848212546875 0.117653953125 0.242484953125 0.02345431875 0.26594770625
0 0.1999922046875 0.2195335046875 0.27574931875 0.36266922031250004 0.361441296875 0.33900271718749997 0.2828188546875 0.1946732265625 0.1999922046875 0.2195335046875
0 0.11789815156250001 0.2415305390625 0.185456946875 0.38545217656249997 0.2733870734375 0.3597751546875 0.19810447656250002 0.22181728125000003 0.11789815156250001 0.2415305390625
1 0.9617971703125001 0.2915988484375 0.8791529734375001 0.168426971875 0.7955141234374999 0.19266634375 0.8874348281250001 0.34047244062500004 0.9691962343749999 0.31921253125 0.9617971703125001 0.2915988484375
1 0.8828033468750001 0.1663858921875 0.9606040531250001 0.2871460765625 0.9256559015624999 0.1567177984375 0.8828033468750001 0.1663858921875
1 0.52890763125 0.2703796390625 0.44686269375 0.2936047828125 0.5273786281249999 0.4407153828125 0.6175310046875 0.4129436796875 0.52890763125 0.2703796390625
1 0.7938435265625 0.2021319109375 0.704959315625 0.22618282500000003 0.8004984296875 0.3681055171875 0.8832971296875 0.3386887765625 0.7938435265625 0.2021319109375
1 0.6160381453125 0.2499254453125 0.5331983921875 0.271049478125 0.61669405625 0.41172175937500005 0.7095580203125 0.39406983125 0.6160381453125 0.2499254453125
1 0.6205604203124999 0.251110540625 0.712015196875 0.3941345203125 0.7990966562499999 0.37007802500000003 0.7019635421875 0.2276248921875 0.6205604203124999 0.251110540625
1 0.44040651718749996 0.4712503859375 0.5267827421875 0.44304431875 0.44296437656250004 0.2941311546875 0.3589002703125 0.31882533125 0.368998096875 0.340490896875 0.44040651718749996 0.4712503859375
1 0 0.5658262484375001 0.006116281249999999 0.5886525203125 0.06050990625 0.57337980625 0 0.4282819328125 0 0.5658262484375001
0 0.09587745156250001 0.41214486875 0.004422635937500001 0.4329104734375 0.064301653125 0.5723638109375 0.156597234375 0.5452244234375 0.09587745156250001 0.41214486875
0 0.2767086703125 0.3647104609375 0.187380928125 0.3874202484375 0.2534243953125 0.5206290046875 0.346016096875 0.4943729546875 0.2767086703125 0.3647104609375
0 0.1859463125 0.3868065625 0.096907928125 0.4100555453125 0.1603592390625 0.5466252578125 0.25322729375 0.524150196875 0.1859463125 0.3868065625
1 0.3639530453125 0.342779578125 0.2788472453125 0.3658032953125 0.346214725 0.49359664375 0.43649430625 0.47085248125 0.3639530453125 0.342779578125
1 1 0.47088208906249995 0.9868068234375 0.45074917968749995 0.908177928125 0.46799839062500004 1 0.629883846875 1 0.47088208906249995
1 0.20954334531250002 0.657977309375 0.1119836546875 0.6804146296875 0.1946737859375 0.8726780656249999 0.2973456375 0.8463218375 0.20954334531250002 0.657977309375
1 1 0.63492978125 0.9041519515625 0.47058726249999994 0.8239835687499999 0.490096515625 0.9256029421875 0.67786518125 1 0.6548718609375 1 0.63492978125
1 0.3153449640625 0.6300793140625001 0.4055716859375 0.818477365625 0.5059788468749999 0.792150653125 0.4084104296875 0.6000725921875001 0.3153449640625 0.6300793140625001
0 0.08980963125 0.9010003578125 0.09090250625 0.903667465625 0.19295724375 0.8706607203125 0.1096602171875 0.6825698453125 0.0370167203125 0.703974528125 0.08980963125 0.9010003578125
1 0.7089709656250001 0.52414585625 0.8122568140625 0.7089291078125 0.9058413968749999 0.6850078046875 0.7988400359375001 0.498921125 0.7089709656250001 0.52414585625
1 0.4133300140625 0.605104753125 0.50570445 0.7899149546875 0.602966709375 0.7615443890625 0.5085449578125 0.5836331218749999 0.4133300140625 0.605104753125
0 0.2134739890625 0.655990496875 0.3010068375 0.8476500437500001 0.40476025312499997 0.8192720937500001 0.3141747578125 0.6362917671874999 0.2134739890625 0.655990496875
1 0.6052082390625 0.556565865625 0.712002525 0.738678690625 0.8109379109375 0.70928250625 0.7064756328125 0.5254020109375 0.6052082390625 0.556565865625
0 0.5938612296875 0.73973736875 0.60463940625 0.759364275 0.7080043765624999 0.738018075 0.6023765390625 0.5573364140625 0.5111834421875 0.5826831078125 0.5938612296875 0.73973736875
1 0 0.16242565312499999 0.06038065 0.1455984671875 0.0405324625 0.105475865625 0 0.11633650625 0 0.16242565312499999
0 0.1466383765625 0.1267118171875 0.1233545296875 0.083283759375 0.0412188859375 0.1052919390625 0.0613903546875 0.14672720625 0.1466383765625 0.1267118171875
1 0.22904945312499997 0.106985465625 0.20394926249999998 0.061688465625 0.1241293671875 0.08307614218750001 0.1468855734375 0.12664558125 0.22904945312499997 0.106985465625
1 0.3124697171875 0.084161946875 0.2880394984375 0.0391565546875 0.204356503125 0.0615793453125 0.22916436718750002 0.1064835484375 0.3124697171875 0.084161946875
1 1 0.8323601171874999 0.9082800078125001 0.6865687625 0.8144393703125001 0.7111239109375 0.9189903625 0.8901480749999999 1 0.8691294015625 1 0.8323601171874999
1 0.8111941078125 0.7125828515625 0.7156689093749999 0.743755053125 0.8176027484375 0.9198847109375 0.9174066328125001 0.8914290671874999 0.8111941078125 0.7125828515625
1 1 0.6554380328125 0.913518359375 0.68252055 1 0.8258776187500001 1 0.6554380328125
1 0.71025586875 0.7439123484375 0.6145176890624999 0.7660629140624999 0.7110778468750001 0.9501412421875 0.8168967140625 0.92435706875 0.71025586875 0.7439123484375
1 0.3690398265625 1 0.29507211875 0.8508773218749999 0.1989055421875 0.876055703125 0.25298970625 1 0.3690398265625 1
1 0.4921226296875 1 0.4011262984375 0.824173459375 0.29918341718749997 0.8519266296874999 0.3730024265625 1 0.4921226296875 1
1 0.560169503125 1 0.608808140625 0.9869673171875 0.507645571875 0.7982016140625 0.40309070468749997 0.8240847562500001 0.49330648125 1 0.560169503125 1
1 0.5100455859374999 0.79611135625 0.609247696875 0.9883652578125 0.7143553234375 0.9602017546875 0.610065975 0.767331609375 0.5100455859374999 0.79611135625
1 0.2492487203125 1 0.197087275 0.87713228125 0.09297827343750001 0.90786420625 0.1294113390625 1 0.2492487203125 1
1 0.5435550140625 0 0.5588935359375 0.026509645312500003 0.636639103125 0.0042464859375 0.6340399125 0 0.5435550140625 0
1 0.39076348906249997 0.061431559375 0.36488921875 0.018564734375 0.288615659375 0.039002173437499996 0.312292003125 0.0837384421875 0.39076348906249997 0.061431559375
1 0.44810155937499996 0 0.4750317953125 0.0439707859375 0.5563004031250001 0.024341878125 0.54126920625 0 0.44810155937499996 0
1 0.43417374999999997 0 0.3659225765625 0.018287846875 0.392501575 0.062717475 0.47379444687500005 0.043761871875000004 0.4458068234375 0 0.43417374999999997 0