1 1 0.3305365546875 0.999495115625 0.326279721875 0.9323918421874999 0.3108109484375 0.9432441796875001 0.428012728125 1 0.441550890625 1 0.3305365546875
1 0.856804340625 0.2974587109375 0.87180576875 0.417095040625 0.9398169609375 0.43018151250000003 0.92422964375 0.3104393109375 0.856804340625 0.2974587109375
0 0.68406405 0.266480453125 0.6123651156250001 0.24923410000000001 0.607673803125 0.24823693125 0.6174181875 0.3677124546875 0.694354253125 0.3815154890625 0.68406405 0.266480453125
1 0.6892041921875001 0.2659759765625 0.6990899796875001 0.3805033953125 0.776997121875 0.40254208125 0.7648786734375 0.28216745468750004 0.6892041921875001 0.2659759765625
1 0.769052671875 0.281834025 0.7804872406250001 0.40618934375000004 0.8608285328124999 0.42280982656250005 0.847582515625 0.2980862703125 0.769052671875 0.281834025
1 0.532403215625 0.233816871875 0.5386553968750001 0.35436918125 0.6176475390625 0.3686092484375 0.6077926109375 0.24984138281249998 0.532403215625 0.233816871875
1 0.44831973906249994 0.2183266765625 0.453770565625 0.340006353125 0.5357171609375 0.355511965625 0.5305393171875 0.23327534062500002 0.44831973906249994 0.2183266765625
0 0.20534503750000002 0.1644877328125 0.124750878125 0.1465534375 0.1184476921875 0.28977079375 0.2012870796875 0.3068088203125 0.20534503750000002 0.1644877328125
0 0.2056134953125 0.165348271875 0.2024868453125 0.3103013984375 0.28711836874999996 0.3290206359375 0.292090275 0.1853364328125 0.2056134953125 0.165348271875
0 0.36869265 0.20081529374999998 0.37096287499999997 0.3490131828125 0.4505940796875 0.365301759375 0.4464855484375 0.21494025312499998 0.36869265 0.20081529374999998
0 0.292685534375 0.1846594828125 0.2879511828125 0.3300933890625 0.37024045625 0.34567183749999997 0.366206553125 0.2018938125 0.292685534375 0.1846594828125
1 0.9431481609375 0.441205940625 0.8649515015624999 0.4262372765625 0.8784488265625001 0.5849571953125 0.9626207109375 0.6035020249999999 0.9431481609375 0.441205940625
1 1 0.45456355156250006 0.9469692921874999 0.4410574203125 0.9640887499999999 0.6103494796875 0.9862047625000001 0.6174536046875 1 0.5525521171875 1 0.45456355156250006
1 0.6155064218749999 0.37888872500000004 0.53902931875 0.363754896875 0.5435253359375001 0.517170946875 0.628494678125 0.5319640296875 0.6155064218749999 0.37888872500000004
1 0.859659884375 0.43326308124999996 0.7772687078125 0.41596220625 0.7961567359374999 0.5713867203125 0.8758190359375 0.5817840484375 0.859659884375 0.43326308124999996
1 0.6949754515625 0.398394553125 0.618723434375 0.38121706093749996 0.6283203421875 0.5306198890625 0.7112960375 0.554792334375 0.6949754515625 0.398394553125
1 0.69816708125 0.40123926093750006 0.7132707468749999 0.5558656125 0.7941957484375 0.5724132109375 0.774229553125 0.41589407500000003 0.69816708125 0.40123926093750006
1 0.4599990671875 0.50595230625 0.5420727984375 0.5188228234375 0.53563523125 0.36256511874999997 0.4569032984375 0.3477907546875 0.4561317171875 0.36965395 0.4599990671875 0.50595230625
1 0.035852740625000004 0.278773996875 0.020729134375 0.413975259375 0.1081305265625 0.431464409375 0.1191980265625 0.2866538421875 0.0383502484375 0.2670241484375 0.035852740625000004 0.278773996875
0 0.2038965859375 0.3146582484375 0.12077573593749999 0.293610409375 0.1116411296875 0.43221061250000004 0.19809370312500002 0.4484095015625 0.2038965859375 0.3146582484375
1 0.3708966765625 0.35107635625 0.288701140625 0.33249751875 0.2871811828125 0.468565190625 0.3735081453125 0.48560746874999994 0.3708966765625 0.35107635625
0 0.287787375 0.33140120156249997 0.20560363124999997 0.3133822796875 0.2005764390625 0.45111439531249997 0.2855583765625 0.47135503749999996 0.287787375 0.33140120156249997
1 0.45107168125 0.3694251609375 0.3721849015625 0.352855815625 0.373992325 0.48505684374999997 0.4569774890625 0.504002965625 0.45107168125 0.3694251609375
1 0.9310962437500001 0.8767188062500001 0.9136007171875 0.71616474375 0.8423878953124999 0.6975760046875 0.8509325859375 0.889641171875 0.925287034375 0.9040489875000001 0.9310962437500001 0.8767188062500001
1 0.1943996109375 0.5623547703125 0.1056116203125 0.5401348109375 0.0931280171875 0.73127823125 0.1877076921875 0.7524253203125 0.1943996109375 0.5623547703125
1 0.7646279265625 0.6806303328125 0.7694303015624999 0.8759697796875001 0.84887326875 0.8897252281249999 0.8380333203125 0.69801528125 0.7646279265625 0.6806303328125
1 0.29216899218750003 0.583544334375 0.2874297453125 0.7746654562499999 0.3801523890625 0.7948960406250001 0.3804394203125 0.597724521875 0.29216899218750003 0.583544334375
0 0 0.71413530625 0.092567496875 0.7289200671875 0.10282398906250001 0.5409275203125 0.011402796875 0.5238503999999999 0 0.6617854125 0 0.71413530625
1 0.6568009609375001 0.66063196875 0.6642005734375 0.8542287859375 0.7503667671875001 0.8735875359374999 0.7404818390625 0.677384571875 0.6568009609375001 0.66063196875
1 0.38235711562499997 0.6038717109375 0.38085729062499996 0.7929587546875 0.47186690625 0.810216328125 0.468834090625 0.6259054109375 0.38235711562499997 0.6038717109375
0 0.198426509375 0.5623669109375 0.190138475 0.755029115625 0.2864387390625 0.7749765890625 0.2886359078125 0.5881248875 0.198426509375 0.5623669109375
0 0.5588145625000001 0.64397713125 0.5701810375 0.8368532156249999 0.6629794625 0.85396923125 0.6542466625000001 0.660620059375 0.5588145625000001 0.64397713125
1 0.4735055765625 0.7886499125 0.47413479531249997 0.809133046875 0.567198553125 0.8346539296875 0.556187921875 0.643429484375 0.47137786875 0.62622645 0.4735055765625 0.7886499125
1 0.13187522812500002 0 0.128801728125 0.0495982765625 0.2070317203125 0.06541062656249999 0.2090518109375 0 0.13187522812500002 0
1 0.209463071875 0 0.20744065625000002 0.06672147187500001 0.28567065 0.082533821875 0.286665496875 0 0.209463071875 0
1 0.9048920171875 1 0.9256693984375 0.9022501046875 0.8488267703125001 0.8910311 0.8567031421875001 1 0.9048920171875 1
0 0.28756694843749997 0 0.2860244046875 0.083873715625 0.36377776562499997 0.102955571875 0.3616492015625 0 0.28756694843749997 0
1 0.3629907484375 0 0.364006634375 0.1030042203125 0.43910017031250004 0.12109490625 0.43545630625 0.0155706609375 0.37355039375 0 0.3629907484375 0
1 0.513963271875 0.0377933859375 0.43589316875 0.0152226234375 0.439402209375 0.1207332921875 0.5165308078125 0.13712748125000002 0.513963271875 0.0377933859375
1 0.7629088734375 1 0.75170499375 0.8758733828124999 0.6650670062499999 0.856925221875 0.67324078125 1 0.7629088734375 1
1 0.67105313125 1 0.661817615625 0.8567672312499999 0.5710595406250001 0.8425159703125 0.579435878125 1 0.67105313125 1
1 0.8552134265625 1 0.8455863062500001 0.8896345296874999 0.7576531703125 0.8747474687500001 0.7665978984375 1 0.8552134265625 1
1 0.5765338 1 0.566584853125 0.840396096875 0.47939971718749996 0.8186987875 0.48150954375 1 0.5765338 1
1 0.09517249375 0.7357904046875 0.08395295 0.9227367671875 0.1818946171875 0.9435549109375 0.1839639609375 0.7551963015625 0.09517249375 0.7357904046875
1 0.1868772046875 0.7577595765625 0.18520338593750002 0.9442582109375 0.282590009375 0.964958378125 0.281443184375 0.7774646359374999 0.1868772046875 0.7577595765625
1 0.2830801921875 0.778208153125 0.2835302625 0.965158234375 0.38280391874999997 0.9862595015625001 0.37899728125 0.8005231281249999 0.2830801921875 0.778208153125
1 0.47965745000000004 1 0.4752465734375 0.8178845765625 0.381820315625 0.7998151984375 0.3827343421875 0.9862447124999999 0.447447884375 1 0.47965745000000004 1
1 0 0.9048920171875 0.08021783593750001 0.9219428437499999 0.0932442921875 0.735913240625 0 0.718543209375 0 0.9048920171875
1 0.7351750390625 0.07886373906250001 0.7412046796875 0.192454459375 0.8137801078125 0.206587209375 0.8048156609375001 0.0914888125 0.7351750390625 0.07886373906250001
1 0.516561915625 0.136708284375 0.5897468234375001 0.151106865625 0.582766203125 0.0536953359375 0.515052125 0.038024828125 0.516561915625 0.136708284375
1 0.8067700515625 0.0925510484375 0.8141302765624999 0.20789534999999998 0.8876522140625 0.22487647656249998 0.8674312484375 0.1080322515625 0.8067700515625 0.0925510484375
1 0.6576091453124999 0.0691012046875 0.6656412656249999 0.171865240625 0.739992571875 0.18960955156249998 0.7311033250000001 0.0809953078125 0.6576091453124999 0.0691012046875
1 0.6547731046874999 0.0694266859375 0.5838535 0.052802165624999994 0.59062863125 0.15287746093750001 0.6647200984375 0.17118096249999998 0.6547731046874999 0.0694266859375
1 1 0.1402118625 0.9399460718749999 0.1243287375 0.9625296156250001 0.2420857921875 1 0.25005036875000003 1 0.1402118625
1 0.8865805453125001 0.229176403125 0.9605935656250001 0.241674271875 0.9416318 0.1496767390625 0.935853078125 0.12386939374999999 0.8723166953125 0.1116579515625 0.8865805453125001 0.229176403125