1 1 0.253216059375 0.9592355390625 0.24749893906249998 0.9821170046875001 0.3740208265625 1 0.37666783125 1 0.253216059375
1 0.8758920187499999 0.24018832968749998 0.9035094296875 0.368963509375 0.9786007874999999 0.3767086984375 0.950337146875 0.2478742671875 0.8758920187499999 0.24018832968749998
1 0.6853829140625 0.222975990625 0.60589321875 0.2110556421875 0.60070458125 0.21041855781250002 0.6225982218749999 0.33952097187499997 0.7074488125 0.347193371875 0.6853829140625 0.222975990625
1 0.6909167484375 0.22193585312500003 0.712495434375 0.3456393953125 0.7991802796874999 0.3621824421875 0.774623546875 0.23232828749999998 0.6909167484375 0.22193585312500003
1 0.7791244546875 0.23156661406249998 0.80331548125 0.3658185640625 0.8921305171875 0.3762320546875 0.8659376 0.24175238906250002 0.7791244546875 0.23156661406249998
1 0.5176040875 0.20191549062499997 0.53580755625 0.33252348593750003 0.622932184375 0.340475103125 0.6009855078124999 0.21215344218749999 0.5176040875 0.20191549062499997
1 0.42483249218749997 0.19308969375 0.4422725265625 0.325001240625 0.5327251734375 0.33404797343750003 0.515528834375 0.20150417968749998 0.42483249218749997 0.19308969375
0 0.15589241250000002 0.157706625 0.0666783953125 0.14588738125 0.0733941921875 0.302362825 0.1649614046875 0.31299208749999996 0.15589241250000002 0.157706625
1 0.1562654046875 0.15861756093749999 0.1665949015625 0.316678678125 0.26026735156249997 0.32896650156249996 0.2520617328125 0.17211014687499998 0.1562654046875 0.15861756093749999
0 0.3367086453125 0.18163834375000001 0.3532057515625 0.3427153453125 0.4412182859375 0.35283543906250003 0.42252013593750004 0.18957925312499999 0.3367086453125 0.18163834375000001
0 0.2526440203125 0.17131650625 0.2612732625 0.330054484375 0.352104915625 0.33914775 0.3341111484375 0.1830496875 0.2526440203125 0.17131650625
1 1 0.4685124375 0.98326191875 0.388389075 0.8969321062500001 0.37956847968749996 0.926616809375 0.5510246984375 0.9963735125 0.56011668125 1 0.5305813078125 1 0.4685124375
1 0.621580475 0.35186751875 0.5371022640625001 0.342702878125 0.5565103984374999 0.5092465109375001 0.650177934375 0.5172289578125 0.621580475 0.35186751875
1 0.89185125 0.3877206984375 0.8007458546875 0.37676253593750003 0.8359722156249999 0.5441171203125 0.923460715625 0.547822396875 0.89185125 0.3877206984375
1 0.7097215296875 0.36550466406250004 0.625294234375 0.35409425781250004 0.6498613578125 0.5157826937500001 0.7422520968749999 0.5341638125 0.7097215296875 0.36550466406250004
0 0.71345661875 0.368295828125 0.7444980265625001 0.5351432734375 0.8339400015624999 0.545421671875 0.797439234375 0.3769787390625 0.71345661875 0.368295828125
1 0.4647483125 0.5050165046874999 0.555089515625 0.5111831375 0.533304025 0.3417322296875 0.44641136406250004 0.333174240625 0.44764360156249994 0.3570431671875 0.4647483125 0.5050165046874999
1 0.0739138453125 0.2988987453125 0.0219087578125 0.29098617656250003 0.0024495421874999998 0.44946877343749997 0.07560700000000001 0.4575633671875 0.0739138453125 0.2988987453125
0 0.168538240625 0.32128584843749997 0.0762857265625 0.306319321875 0.0794897640625 0.45804011093749997 0.174901025 0.4674108859375 0.168538240625 0.32128584843749997
0 0.35332921562499997 0.34496716250000004 0.262315259375 0.33259941406250004 0.2735481359375 0.4808363796875 0.3689028546875 0.491137075 0.35332921562499997 0.34496716250000004
0 0.2612192140625 0.33149351562499996 0.1702710796875 0.3197340375 0.177853096875 0.470117609375 0.2720501078125 0.48402780156249997 0.2612192140625 0.33149351562499996
0 0.4421273265625 0.357277590625 0.35489656406250003 0.3467807953125 0.36937648125 0.490491534375 0.46128265468749996 0.503183584375 0.4421273265625 0.357277590625
1 0.97915829375 0.7003233875 0.9772108921875 0.6904684750000001 0.8981219578124999 0.677040671875 0.9255859187500001 0.8852619781250001 0.9560598015625 0.8884455140625 0.97915829375 0.7003233875
1 0.1816784125 0.5917782421875 0.08316106250000001 0.5760774484375 0.087703453125 0.7853045734374999 0.1924083203125 0.7992843578125 0.1816784125 0.5917782421875
1 0.8120791515624999 0.6660266406249999 0.8357894109374999 0.8781691046875 0.923357696875 0.8855502078124999 0.8934349859375 0.6779347984374999 0.8120791515624999 0.6660266406249999
1 0.28985095625 0.605499515625 0.302800709375 0.813962484375 0.40540227812499996 0.8271221921875 0.387045059375 0.612499521875 0.28985095625 0.605499515625
0 0 0.7766140375 0.0868715140625 0.7827915734374999 0.08020907499999999 0.5772065343749999 0 0.56937409375 0 0.7766140375
0 0.6930980250000001 0.654562725 0.7194635828125 0.864560428125 0.8148630578124999 0.8773976546875 0.7855519734375 0.6648009484374999 0.6930980250000001 0.654562725
1 0.3897094921875 0.6190067140625 0.405984290625 0.8249463671875 0.5064442125 0.8350340062500001 0.48569971250000005 0.634725584375 0.3897094921875 0.6190067140625
0 0.186052309375 0.5914067296875001 0.19529440781250001 0.8018860125 0.3017540515625 0.814395790625 0.2864481359375 0.610822390625 0.186052309375 0.5914067296875001
1 0.5851191890624999 0.6457976359375001 0.6157240625 0.8546319265625 0.718113021875 0.8643946 0.6903232218750001 0.6547937953125 0.5851191890624999 0.6457976359375001
0 0.5061816359375 0.81140524375 0.508804309375 0.8336383250000001 0.6122771921875 0.8525232390624999 0.5822151109375 0.645452540625 0.4884923578125 0.6348319609375 0.5061816359375 0.81140524375
1 0.060896321875000006 0 0.0618970890625 0.039977437500000004 0.148342978125 0.0497130921875 0.145557490625 0 0.060896321875000006 0
1 0.146018690625 0 0.1489111515625 0.0511007046875 0.23535704375000002 0.0608363609375 0.23080098906250002 0 0.146018690625 0
0 0.231600940625 0 0.235868046875 0.0622608625 0.32210594062500003 0.0756004796875 0.3139547734375 0 0.231600940625 0
1 0.3150288734375 0 0.322359071875 0.0756315609375 0.40561485625 0.0881465375 0.394877075 0 0.3150288734375 0
1 0.39533524999999997 0 0.40590859687499997 0.08772411249999999 0.49121359375000007 0.09819825 0.480113178125 0 0.39533524999999997 0
1 0.8379917750000001 1 0.8165326500000001 0.879757646875 0.7206597375 0.8674123640625 0.7398479046875 1 0.8379917750000001 1
1 0.73727364375 1 0.717116315625 0.8675508546874999 0.6172141859375 0.860711159375 0.6368149109375 1 0.73727364375 1
1 0.9398130437500001 1 0.91977985 0.8857655265625001 0.8228850765625 0.8779639546875 0.842318671875 1 0.9398130437500001 1
1 0.6333311234375001 1 0.6121544765625 0.8588314625000001 0.5154271234375 0.8435463703125 0.5308702375000001 1 0.6333311234375001 1
1 0.09035074843749999 0.7900201515624999 0.094774246875 0.953999446875 0.2010931875 0.9670537703125 0.188605428125 0.802657878125 0.09035074843749999 0.7900201515624999
1 0.192011575 0.8051693390624999 0.2046695609375 0.96749289375 0.3117538546875 0.9806411921875 0.29656503437500004 0.8175809703124999 0.192011575 0.8051693390624999
1 0.298413034375 0.8182337953125 0.31294808125 0.980787825 0.42199100468750006 0.9941766124999999 0.40468075781249996 0.8333568937500001 0.298413034375 0.8182337953125
1 0.528323284375 1 0.5108402 0.8430569953125 0.4076792171875 0.832316696875 0.4225650015625 0.9942470906249999 0.46941868906249995 1 0.528323284375 1
1 0 0.9423626328125 0.09104752187500001 0.9535418625000001 0.088268575 0.7903380609374999 0 0.781762703125 0 0.9423626328125
1 0.8205686406250001 0.1453971484375 0.80198275 0.03332390625 0.7245134953125001 0.023811878124999998 0.7404219828125 0.1369492859375 0.8205686406250001 0.1453971484375
1 0.48119941875 0 0.49120768125 0.097739034375 0.5720413328125 0.1064179921875 0.5555571296874999 0.0030666453125 0.53058130625 0 0.48119941875 0
1 0.9025168953125 0.15824495 0.871841121875 0.041901435937499995 0.8039179031250001 0.0335615140625 0.8210727421874999 0.146787434375 0.9025168953125 0.15824495
1 0.73883640625 0.1339687828125 0.7200303406249999 0.023261415625 0.6383918656249999 0.013237471875 0.6564193953124999 0.121759878125 0.73883640625 0.1339687828125
1 0.655354325 0.1211031359375 0.635205 0.0128461734375 0.556836878125 0.003223778125 0.5731665203125 0.108260803125 0.655354325 0.1211031359375
1 1 0.0576373671875 0.9520271093750001 0.0517470375 0.9854545296874999 0.16982132187500001 1 0.17160728125 1 0.0576373671875
0 0.8764010531249999 0.042461325 0.9017603203125001 0.16302724062500001 0.9833132390625 0.1695584046875 0.954012303125 0.071242784375 0.9476700515625 0.0512120578125 0.8764010531249999 0.042461325