1 0.9119453859375 0.0854399515625 0.9033520859375 0.072065828125 0.8302221953125001 0.0889713421875 0.8969252734375001 0.19888971875 0.9379489671875 0.1897346234375 0.9119453859375 0.0854399515625
1 0.749794428125 0.11201394843750001 0.8217263984375001 0.222338740625 0.8946058499999999 0.2026591609375 0.8220493375 0.092510640625 0.749794428125 0.11201394843750001
1 0.56577050625 0.16421720312500002 0.4872886125 0.1815751578125 0.482216290625 0.1828398296875 0.548921934375 0.2955213390625 0.630886325 0.272276409375 0.56577050625 0.16421720312500002
1 0.5705640328125 0.1612630015625 0.6350408578125 0.269017096875 0.72189663125 0.25339629218750004 0.6524353781250001 0.1409673421875 0.5705640328125 0.1612630015625
1 0.6563643796874999 0.1386432765625 0.727060240625 0.25530898125 0.8137080843750001 0.23320235 0.7410616875 0.1170414671875 0.6563643796874999 0.1386432765625
1 0.401588071875 0.2046820875 0.46538819218749994 0.320091615625 0.5495756421875 0.2962924140625 0.483100284375 0.184358809375 0.401588071875 0.2046820875
1 0.3118154421875 0.22968886249999998 0.37536998593750004 0.34658895156249997 0.46305686718750005 0.32261947343749997 0.39950325468750003 0.20504179687500002 0.3118154421875 0.22968886249999998
0 0 0.40492234531250004 0.022879512499999997 0.4576483390625 0.11217405625000001 0.434756859375 0.0480580875 0.29303542656250003 0 0.3045317265625 0 0.40492234531250004
1 0.0487327578125 0.2937521890625 0.11502021093749999 0.43761319531250004 0.20687453906250003 0.4155156625 0.14300164531249998 0.2720182703125 0.0487327578125 0.2937521890625
0 0.2254409453125 0.25057886875 0.2985671578125 0.3950451703125 0.38436065468749997 0.3729522203125 0.3083986421875 0.22724025781249999 0.2254409453125 0.25057886875
0 0.143260840625 0.2710686703125 0.20820353749999998 0.4161708953125 0.29626092656249997 0.3921090375 0.22352175624999998 0.25282733125 0.143260840625 0.2710686703125
1 0.9689231328125001 0.3139652140625 0.9031432640625001 0.21189333437500002 0.8193864203125001 0.234596434375 0.9085438921875 0.3840265609375 0.9819711328125 0.366297884375 0.9689231328125001 0.3139652140625
1 0.5523963921874999 0.307412559375 0.47024487343750004 0.329130915625 0.548047828125 0.4776575375 0.638354659375 0.4515423515625 0.5523963921874999 0.307412559375
1 0.8175645265625 0.244028003125 0.728583259375 0.2664469296875 0.8214444203125 0.410061896875 0.9044498234375 0.3821679953125 0.8175645265625 0.244028003125
1 0.6395702703125 0.28855700156249997 0.5566614765625 0.30816050625 0.637540815625 0.450305596875 0.7303822046875 0.43435596875 0.6395702703125 0.28855700156249997
1 0.644057540625 0.28982424375 0.7328299656249999 0.4344655046875 0.8200146937499999 0.41200807968750003 0.7255737437499999 0.267833759375 0.644057540625 0.28982424375
1 0.460864640625 0.5065930765625 0.54741534375 0.47997473125 0.46635106249999997 0.329585903125 0.382162865625 0.3527358765625 0.391867115625 0.37457784375 0.460864640625 0.5065930765625
1 0 0.5613922812500001 0.01438613125 0.619091903125 0.0805642453125 0.6017475296875 0.022123234375000002 0.45422811875 0 0.45907150625000004 0 0.5613922812500001
0 0.11848553906249999 0.4412179296875 0.026996874999999997 0.46030581562500006 0.0843599671875 0.60080115 0.176792240625 0.5753571828124999 0.11848553906249999 0.4412179296875
1 0.2994894 0.397103175 0.21008834843750002 0.41817337343750005 0.2736985171875 0.5525389984375 0.3664112546875 0.527983453125 0.2994894 0.397103175
0 0.2086687828125 0.41753371718750004 0.11954716406250002 0.4391481921875 0.1805182390625 0.5768262 0.273443690625 0.5560552953125 0.2086687828125 0.41753371718750004
1 0.386801240625 0.3767735546875 0.30160259218749996 0.398234659375 0.366622084375 0.5272110546875 0.45697231250000003 0.506123878125 0.386801240625 0.3767735546875
1 1 0.49723284375 0.9271017421875 0.511884246875 1 0.6460689234375 1 0.49723284375
1 0.22768875 0.689035315625 0.13008821718750002 0.709682821875 0.2093092015625 0.9033853234375 0.3120695234375 0.8789137078125 0.22768875 0.689035315625
1 1 0.6520832828125 0.9230465046875 0.5143986468749999 0.8428267875 0.532436746875 0.94098728125 0.721991803125 1 0.7048671843750001 1 0.6520832828125
1 0.333593784375 0.66307965625 0.4203898671875 0.853055825 0.5208927015625 0.8285723578124999 0.4268408734375 0.6347834734375 0.333593784375 0.66307965625
0 0.0695721203125 0.8404308140625 0.105376346875 0.9324683234375 0.2076319421875 0.9013373765624999 0.1277369296875 0.7117948140625 0.043306896875 0.735086759375 0.0695721203125 0.8404308140625
1 0.7276400359374999 0.56437328125 0.8275108515625 0.7509744546875 0.921174384375 0.728770925 0.8176222843750001 0.5407989546875 0.7276400359374999 0.56437328125
1 0.43166030468749994 0.6399036125 0.5206563109375 0.8263324734375 0.6180588140625 0.79974848125 0.5269080359375 0.620178621875 0.43166030468749994 0.6399036125
0 0.23163899531249998 0.6871210140625 0.3156962671875 0.8803082812499999 0.4195680109375 0.853835440625 0.3323245265625 0.669268446875 0.23163899531249998 0.6871210140625
1 0.6236919828125 0.5948865203125 0.7271036093750001 0.7788823218750001 0.8261905671875001 0.7513036390625001 0.72513234375 0.5655834046875 0.6236919828125 0.5948865203125
0 0.6093458859374999 0.77778323125 0.6197619875 0.7975997171875 0.7231299921875001 0.7781489374999999 0.6208571187499999 0.5956050765625001 0.5295533171875 0.619277140625 0.6093458859374999 0.77778323125
1 0 0.18860203749999999 0.0033363765625 0.19601208750000002 0.087529515625 0.174121665625 0.050940121875 0.0966563875 0 0.10935718593749999 0 0.18860203749999999
0 0.1738075765625 0.1568171359375 0.13251801093749999 0.0763167359375 0.0518828625 0.09642133593749999 0.08851707343750001 0.175268425 0.1738075765625 0.1568171359375
1 0.2562659703125 0.1386029703125 0.212628090625 0.05634304999999999 0.133735415625 0.076013203125 0.17405503125 0.1567554375 0.2562659703125 0.1386029703125
1 0.339781484375 0.11731120625 0.297163528125 0.0352659984375 0.21308820156250002 0.05622833125 0.2563888171875 0.138103334375 0.339781484375 0.11731120625
1 1 0.8569667546874999 0.923578828125 0.7303758390625 0.8296496 0.7532083046875 0.9180096343749999 0.9110853078125001 1 0.8906428140625 1 0.8569667546874999
1 0.7306733609375 0.7840237609375 0.8153305312500001 0.9366860828125001 0.9157908953125 0.9116385015624999 0.8263911625 0.7546074468749999 0.7306733609375 0.7840237609375
1 1 0.7054934984375001 0.9288665265624999 0.7264247765625 1 0.849393159375 1 0.7054934984375001
1 0.6294956421875 0.8044762703125 0.7090944875 0.963173703125 0.8121715406250001 0.9374737078125 0.7252760921875 0.7840821515624999 0.6294956421875 0.8044762703125
1 0.364941853125 1 0.3097281796875 0.883425996875 0.21347057656250001 0.906838990625 0.2521453265625 1 0.364941853125 1
1 0.48578191875 1 0.41586511249999997 0.8586686390624999 0.3138081171875 0.8845499921875 0.368773321875 1 0.48578191875 1
1 0.5613922812500001 1 0.6020304359375 0.9898677703125 0.5224534203125 0.8346515234374999 0.41782431875 0.858615840625 0.48711711874999997 1 0.5613922812500001 1
1 0.52487995 0.8326058640625 0.6023957640625001 0.9897766828125001 0.7068245359375 0.9637396656250001 0.6250380046874999 0.8056632046875001 0.52487995 0.8326058640625
1 0.2488129296875 1 0.211640628125 0.9078819687499999 0.107375471875 0.936701421875 0.1311081890625 1 0.2488129296875 1
1 0.5507432078125001 0 0.5863246906249999 0.06418011875 0.6641754843750001 0.0433448828125 0.638728853125 0 0.5507432078125001 0
1 0.4181863734375 0.0960189265625 0.372194903125 0.016558575 0.2981722421875 0.035014496875 0.3396113984375 0.1168846125 0.4181863734375 0.0960189265625
1 0.6398705515625001 0 0.6651443375 0.044462171875 0.7452850109375 0.025971709375000002 0.7265737640625 0 0.6398705515625001 0
1 0.45540206562499996 0 0.5024581203125 0.0801034171875 0.5837763093749999 0.061965796875 0.547070096875 0 0.45540206562499996 0
1 0.43860771718749997 0 0.37339499531250003 0.0162593578125 0.4198972328125 0.09733610781249999 0.5012284375 0.07987198437500001 0.452199315625 0 0.43860771718749997 0
1 0.726443521875 0 0.74629250625 0.030707496875 0.8247692750000001 0.007578909375 0.8189336562499999 0 0.726443521875 0