1 0.8324008953125 0.1579356984375 0.8860610937500001 0.2665296640625 0.9598146062499999 0.256709528125 0.9025962265624999 0.1480464453125 0.8324008953125 0.1579356984375
1 0.7548324890625 0.17298763281250001 0.8133781703125 0.2823901484375 0.8835673343750001 0.2698773234375 0.824419534375 0.16058919375 0.7548324890625 0.17298763281250001
1 0.57739395625 0.20693974062499998 0.5021262921874999 0.21681631562499998 0.4972498953125 0.2175886609375 0.5506839796875 0.3287756859375 0.6297147015625 0.313659434375 0.57739395625 0.20693974062499998
1 0.5821478109375 0.20455920781249998 0.633892653125 0.310940390625 0.7168943953125 0.303378028125 0.6608470765625001 0.19220287187500001 0.5821478109375 0.20455920781249998
1 0.6647355078125 0.190343015625 0.7215938859375 0.30559469375 0.8049364328124999 0.29192921250000003 0.746201334375 0.17699189531249998 0.6647355078125 0.190343015625
1 0.41959219062499997 0.2314978390625 0.47006727187499997 0.3450073984375 0.5512351859375 0.3295526484375 0.49795588593750006 0.21908624843750002 0.41959219062499997 0.2314978390625
1 0.33307013125 0.2476294578125 0.383190909375 0.36251765625 0.46766500312500003 0.34718901562500004 0.4176011421875 0.2316650625 0.33307013125 0.2476294578125
0 0 0.3110931015625 0.042399248437499995 0.43793574218750003 0.1282966 0.42375000625 0.07970053593750001 0.28552423125000004 0 0.29737126875 0 0.3110931015625
1 0.0802759515625 0.28625194062500003 0.1307378921875 0.4266628375 0.21897770312499998 0.41343124375 0.17075719218750002 0.273558815625 0.0802759515625 0.28625194062500003
0 0.250085359375 0.26017562031249997 0.3069308171875 0.40171321562499995 0.3894685046875 0.3879907734375 0.33005828125000003 0.24505261093750003 0.250085359375 0.26017562031249997
0 0.1710795703125 0.2726889078125 0.22017376875 0.4141546734375 0.3050040609375 0.3987696125 0.24809391406249998 0.2621287296875 0.1710795703125 0.2726889078125
1 0.89083520625 0.27923990625 0.81016304375 0.2937012859375 0.8816794171875 0.4412064953125 0.9694131578125 0.4279768828125 0.89083520625 0.27923990625
1 0.973349740625 0.4340138203125 0.9955848671874999 0.4327730953125 0.9696206500000001 0.26884148125 0.894452721875 0.2776878453125 0.973349740625 0.4340138203125
1 0.5529691109375 0.3402179515625 0.4738886046875 0.35388641718749997 0.5347979109375001 0.49961618281250003 0.6219141921875 0.482488103125 0.5529691109375 0.3402179515625
1 0.8076690453125 0.3024027828125 0.72210549375 0.3161706828125 0.797587071875 0.458521678125 0.877981625 0.4391279953125 0.8076690453125 0.3024027828125
1 0.63653764375 0.32964616874999997 0.5569196390625 0.341268246875 0.6212508531250001 0.48126107500000004 0.7099107765625 0.473879159375 0.63653764375 0.32964616874999997
0 0.6406542468749999 0.33120190781250003 0.7122044562500001 0.4741819171875 0.7960810921875 0.460231121875 0.719159584375 0.3172261828125 0.6406542468749999 0.33120190781250003
1 0.45038694531249995 0.519646 0.534011253125 0.5017389062500001 0.4701878609375 0.35399525781249996 0.3890729421875 0.3688407265625 0.39639578124999997 0.3901294671875 0.45038694531249995 0.519646
1 0 0.5393508546875 0.00817019375 0.590935428125 0.0847484578125 0.5778673359375001 0.0419706515625 0.4346645109375 0 0.44008077968750003 0 0.5393508546875
0 0.13369977500000002 0.43032853125 0.0460528796875 0.440765821875 0.0883975640625 0.5772893734375 0.1774578484375 0.560964790625 0.13369977500000002 0.43032853125
0 0.30762821093750004 0.4037197375 0.22178129218749998 0.416187728125 0.27050989531249997 0.5474696828125001 0.35976054999999996 0.5320016812499999 0.30762821093750004 0.4037197375
0 0.2204987359375 0.41547151875 0.13486968125 0.428473075 0.1808415953125 0.562647678125 0.26997934843750004 0.5507484640625 0.2204987359375 0.41547151875
0 0.391448446875 0.391776003125 0.309522621875 0.4049541328125 0.36002276875 0.5312941062500001 0.44676403125 0.5188877265625 0.391448446875 0.391776003125
1 1 0.6245422140625 0.96385880625 0.5542933234375 0.888563171875 0.5627009578125 0.9676194078125 0.744067946875 1 0.7383390015625 1 0.6245422140625
1 0.2159370203125 0.6717954734375 0.12241137656250001 0.6831969546875001 0.18091838124999998 0.8714344484375 0.2796143859375 0.85686605625 0.2159370203125 0.6717954734375
1 0.8075814625 0.5751019390625001 0.8842488796874999 0.7609948640625 0.9656713046875 0.74490825625 0.8845402390625001 0.5647291078125 0.8075814625 0.5751019390625001
1 0.317714159375 0.6560914046875 0.38365565 0.8414510609375 0.48022889687500003 0.82668711875 0.4077768796875 0.63715694375 0.317714159375 0.6560914046875
0 0.02586540625 0.7023001765625 0.080737925 0.8902342515624999 0.179509871875 0.86937568125 0.12002472187499999 0.684986703125 0.02586540625 0.7023001765625
1 0.696577865625 0.595660025 0.7750985781249999 0.7789208296875 0.86504916875 0.765737575 0.7831786515625 0.5808897046875 0.696577865625 0.595660025
1 0.41188730781249994 0.6423552796875 0.48019176406249997 0.824565959375 0.57402209375 0.807577653125 0.503123246875 0.6316272484375001 0.41188730781249994 0.6423552796875
0 0.2198115484375 0.6703218625 0.2829109171875 0.8584709796875 0.38281800781249997 0.8421154874999999 0.316008253125 0.6617951140625 0.2198115484375 0.6703218625
1 0.5962648203125 0.615800684375 0.678332040625 0.7969059484375001 0.7738292906249999 0.7791218640625 0.6941186609375001 0.5965907031250001 0.5962648203125 0.615800684375
0 0.5676420390625 0.786254215625 0.5758020734375 0.8057004515624999 0.6746545046875 0.795893128125 0.593538484375 0.6162433609375 0.5056863625 0.6309974296874999 0.5676420390625 0.786254215625
1 0 0.19726939375000002 0.04477635 0.189717925 0.0105456640625 0.0916105484375 0 0.093322428125 0 0.19726939375000002
1 0.0903219484375 0.0789752265625 0.01094118125 0.09152297968749999 0.045652870312499996 0.190826434375 0.1266682671875 0.17716329687500001 0.0903219484375 0.0789752265625
0 0.16820094375 0.06729034375000001 0.09115265156249999 0.07817753125 0.127502471875 0.1783200671875 0.20926577812499997 0.167973775 0.16820094375 0.06729034375000001
1 0.24591998906249998 0.0575845984375 0.16952630625 0.0668055078125 0.20950367499999997 0.1679360953125 0.288345159375 0.15761861875 0.24591998906249998 0.0575845984375
1 0.32956607656250003 0.049977807812500004 0.246211459375 0.05708910625 0.2885020515625 0.1571598125 0.3686735671875 0.14446189062499998 0.32956607656250003 0.049977807812500004
1 0.776925859375 0.78119174375 0.8531876796875 0.9502931296874999 0.9495119203125 0.9350368687499999 0.8671784203125 0.7674400203125 0.776925859375 0.78119174375
1 0.6812650671875 0.8020221765625 0.7544141296875 0.9659373234374999 0.851167865625 0.9506130374999999 0.7737447578125 0.782238459375 0.6812650671875 0.8020221765625
1 1 0.8229952078125 0.9624789171874999 0.7460334765625001 0.8724796156249999 0.7641644328125 0.9522798625 0.9345984703125 1 0.9270403437500001 1 0.8229952078125
1 0.5843903046875 0.8129484359375001 0.65164923125 0.982213684375 0.7515178828125 0.96639604375 0.6761827421875 0.8016360328125 0.5843903046875 0.8129484359375001
1 0.3286948890625 1 0.27703856875 0.860908990625 0.18454756875 0.8750152468750001 0.22411904374999997 1 0.3286948890625 1
1 0.43900926250000005 1 0.3789347625 0.8463483249999999 0.28078382031250004 0.8622970375 0.3322400921875 1 0.43900926250000005 1
1 0.53935085 1 0.548854534375 0.9984947640625 0.48119436562500006 0.8325191578125001 0.380782259375 0.846458840625 0.44015774375000005 1 0.53935085 1
1 0.48364631718749995 0.8307978015625 0.548970453125 0.9984764046875 0.649657275 0.9825291796875 0.580098603125 0.8136980515625 0.48364631718749995 0.8307978015625
1 0.22069108124999998 1 0.1827397796875 0.8758444515624999 0.082268503125 0.8943698015624999 0.11170235312500001 1 0.22069108124999998 1
1 0.5987244375 0 0.557310640625 0.007843140625 0.6050040250000001 0.11474672187499999 0.6799655718750001 0.1015556 0.631615934375 0 0.5987244375 0
1 0.36854884062500004 0.1440476890625 0.44419418125 0.13088715625 0.4015546453125 0.0398778078125 0.33069788437500003 0.049798546875 0.36854884062500004 0.1440476890625
1 0.6336509328125 0 0.68078461875 0.1026831859375 0.7577064499999999 0.0918794140625 0.70288123125 0 0.6336509328125 0
1 0.4791649859375 0.027073437500000002 0.52478936875 0.1228371453125 0.6027897671875 0.1124606671875 0.5541837609375 0.0113927578125 0.4791649859375 0.027073437500000002
1 0.476559465625 0.028432168749999997 0.40227014062500005 0.0386186953125 0.44569473750000005 0.1322629359375 0.5236516828125 0.12251951406249999 0.476559465625 0.028432168749999997
1 0.7857966249999999 0 0.8360151171875 0.08079492031249999 0.9090121359375001 0.06923332812500001 0.8653850640625 0 0.7857966249999999 0
1 0.7071617609375 0 0.7582625765625 0.0964056625 0.8340026859374999 0.08111365781249999 0.7820220875 0 0.7071617609375 0
1 0.868388309375 0 0.9091698078125001 0.067889975 0.937352759375 0.065110034375 0.9270403421875001 0 0.868388309375 0