1 1 0.4345955375 0.9866728531250001 0.3225394515625 0.9206178156249999 0.307313578125 0.931324925 0.4225695703125 1 0.438948978125 1 0.4345955375
1 0.8462119421875001 0.2941672640625 0.8610036421875 0.41181821875 0.9279518687499999 0.42470158125 0.9125834390625001 0.3069463890625 0.8462119421875001 0.2941672640625
0 0.676171934375 0.26366732187499997 0.6055928703125 0.2466924421875 0.6009748609375001 0.24571085468749998 0.610591859375 0.3632025625 0.686325259375 0.376792465625 0.676171934375 0.26366732187499997
1 0.6812314234375 0.2631723203125 0.6909865625 0.3757981984375 0.7676775671875 0.3974870703125 0.7557235140625 0.2791107 0.6812314234375 0.2631723203125
1 0.759832034375 0.27878369687500004 0.7711137671875 0.40107444687499993 0.85019963125 0.41743569062499997 0.8371347546875001 0.2947824390625 0.759832034375 0.27878369687500004
1 0.5268807109375 0.23151453437499997 0.5330604578125 0.3500643921875 0.61081780625 0.3640844984375 0.6010921453125 0.2472886625 0.5268807109375 0.23151453437499997
1 0.4441115421875 0.21626399843750002 0.4495027328125 0.3359223140625 0.5301685046875 0.351187559375 0.525045903125 0.2309816078125 0.4441115421875 0.21626399843750002
0 0.20493285625 0.163268475 0.1255978109375 0.145615203125 0.119423734375 0.28645071718750004 0.20096863593749997 0.3032230921875 0.20493285625 0.163268475
0 0.205197290625 0.164114765625 0.20215034062499998 0.3066578734375 0.28545965156249997 0.32508389531250004 0.290323209375 0.1837890109375 0.205197290625 0.164114765625
0 0.365728503125 0.19902681718749998 0.3679945484375 0.3447618953125 0.446381378125 0.360796596875 0.4423053765625 0.2129334734375 0.365728503125 0.19902681718749998
0 0.2909089984375 0.183123440625 0.28627964375000003 0.32613899218750003 0.367282740625 0.341475934375 0.3632815921875 0.20008688125 0.2909089984375 0.183123440625
1 0.9312332046874999 0.43554347031249996 0.8542587171875 0.4208070453125 0.8675781640625001 0.5768916359375 0.950435 0.595146053125 0.9312332046874999 0.43554347031249996
1 1 0.45195125625 0.9349944265625 0.4353982296875 0.9518814859375 0.6018800015625 0.9871105578125 0.613192178125 0.991908934375 0.5906175859375 1 0.5498998828125 1 0.45195125625
1 0.6087124187499999 0.374192659375 0.5334305078125 0.35929418125 0.5378885734375001 0.5101611562499999 0.6215295750000001 0.52472635625 0.6087124187499999 0.374192659375
1 0.8490515078125 0.4277149484375 0.7679477390625 0.4106841890625 0.7865727171875 0.56352929375 0.864988909375 0.573770678125 0.8490515078125 0.4277149484375
1 0.6869402984375 0.39339110625 0.6118795140625 0.3764829765625 0.6213576859375001 0.5234045187499999 0.703038271875 0.5471927546875001 0.6869402984375 0.39339110625
1 0.6900825187499999 0.3961892046875 0.7049822640625 0.5482486140625 0.784642675 0.56453830625 0.76495619375 0.41061654374999995 0.6900825187499999 0.3961892046875
1 0.45566878749999995 0.49911129374999996 0.536459146875 0.51178526875 0.5300893531249999 0.3581234609375 0.452588021875 0.3435779921875 0.4518331640625 0.3650776203125 0.45566878749999995 0.49911129374999996
1 0.1201616515625 0.2833857328125 0.03944270625 0.26378991875 0.023262740625 0.40857 0.10929825468750001 0.42578696718750003 0.1201616515625 0.2833857328125
0 0.20353891562499998 0.310942603125 0.12171611093750001 0.29022700625 0.11275400625000001 0.4265215109375 0.197855296875 0.4424694609375 0.20353891562499998 0.310942603125
1 0.367929825 0.34679075937500004 0.28701835781249996 0.32850332031249996 0.28555104375 0.46230900156250004 0.3705288703125 0.4790862984375 0.367929825 0.34679075937500004
0 0.28611867812499997 0.32742503125 0.20521893906250002 0.30968820468749997 0.20029970000000002 0.445129921875 0.28395425625000004 0.4650521328125 0.28611867812499997 0.32742503125
1 0.44685237187500004 0.3648515625 0.36919823906250004 0.348540915625 0.3710053453125 0.47854492656250003 0.4526941421875 0.49719371562500003 0.44685237187500004 0.3648515625
1 0.8321061640625 0.687630896875 0.840557646875 0.8765054390625 0.9225866328125001 0.8924019875000001 0.9022070171875001 0.7059257484375 0.8321061640625 0.687630896875
1 0.19424322968750002 0.5545199921874999 0.1068418421875 0.5326505546875 0.0945943484375 0.7206142140625 0.1876964375 0.7414298406250001 0.19424322968750002 0.5545199921874999
1 0.7555611078125 0.67095041875 0.760329609375 0.8630440203124999 0.8385306171875 0.8765876609375001 0.82781991875 0.6880619515624999 0.7555611078125 0.67095041875
1 0.29048505156250004 0.5753780625 0.2858605546875 0.7633214328125 0.37713451875000004 0.7832353953125 0.3773752828125 0.58934125 0.29048505156250004 0.5753780625
0 0 0.7032696406250001 0.0940421140625 0.7182951281250001 0.1040980625 0.5334294984375 0.014105823437500001 0.5166168609375 0 0.6875262249999999 0 0.7032696406250001
1 0.6494195578124999 0.65126161875 0.6567442296875 0.8416421078124999 0.741564296875 0.8606973359375001 0.7317927015625 0.6677534921875 0.6494195578124999 0.65126161875
1 0.3792642296875 0.59538666875 0.3778279640625 0.781330459375 0.4674151109375 0.7983204640625 0.46439077656250005 0.6170724546875 0.3792642296875 0.59538666875
0 0.19820702968749998 0.5545327828125 0.1900896828125 0.743990871875 0.28488514375 0.7636271859375 0.2870083 0.5798817281249999 0.19820702968749998 0.5545327828125
0 0.552965078125 0.634862853125 0.5641943 0.8245354296875 0.655542196875 0.8413866078125001 0.64690528125 0.651249365625 0.552965078125 0.634862853125
1 0.4690235359375 0.777112865625 0.4696472328125 0.79725566875 0.561258084375 0.8223720671875 0.5503794828124999 0.6343237515625 0.46689476093750004 0.6173886937499999 0.4690235359375 0.777112865625
1 0.1326721484375 0 0.12956464375 0.0502724546875 0.20657211874999998 0.06583855 0.208593221875 0 0.1326721484375 0
1 0.208997175 0 0.206974925 0.06712769375 0.2839824015625 0.0826937875 0.28496233125 0 0.208997175 0
1 0.9048920171875 1 0.9280697421875 0.8909573749999999 0.838485125 0.8778718171875 0.847347375 1 0.9048920171875 1
0 0.285859378125 0 0.284330896875 0.08401148593749999 0.360869903125 0.10279264218749999 0.358720515625 0 0.285859378125 0
1 0.3600577921875 0 0.3610951953125 0.10284052968749999 0.435015846875 0.12064642656249999 0.43140672812499997 0.016875393750000002 0.364302353125 0 0.3600577921875 0
1 0.5086881953125 0.038745375 0.431836671875 0.016533234375 0.4353130765625 0.1202908890625 0.511236540625 0.13642891875000002 0.5086881953125 0.038745375
1 0.7552940671874999 1 0.7428820375 0.862945471875 0.6575976546875 0.8442939062500001 0.6665350906249999 1 0.7552940671874999 1
1 0.6644921578125 1 0.6543991499999999 0.8441378546875 0.5650602375 0.8301042453124999 0.5741419765625 1 0.6644921578125 1
1 0.8461050015625 1 0.8352951421875 0.8764977734375 0.74873676875 0.8618395328125 0.75864245625 1 0.8461050015625 1
1 0.571422996875 1 0.5606552203125 0.8280186593750001 0.47483167968749995 0.8066635265625001 0.47705100468749995 0.9937306749999999 0.503559775 1 0.571422996875 1
1 0.18401195937499998 0.7441539703125 0.0966077453125 0.7250518203125 0.08492183125 0.92027845 0.18190724375 0.93937065625 0.18401195937499998 0.7441539703125
1 0.2799683984375 0.76607281875 0.1868800953125 0.7466752578125 0.1851843859375 0.940067234375 0.28119568125 0.9597137281249999 0.2799683984375 0.76607281875
1 0.28208883125 0.960664909375 0.37999350781249996 0.9814751921875 0.375998703125 0.7887687062500001 0.2815799109375 0.7668043250000001 0.28208883125 0.960664909375
1 0.47549185781250003 1 0.4707434453125 0.80586196875 0.37877735 0.788073140625 0.37978937031250004 0.9856187390625 0.447447884375 1 0.47549185781250003 1
1 0 0.9023495734375 0.05579796875 0.916752240625 0.08094918749999999 0.922098296875 0.094709784375 0.7251722078125 0 0.70752655625 0 0.9023495734375
1 0.72644226875 0.07917993437500001 0.7324014875 0.1908838640625 0.80384265 0.2047970796875 0.7949942937500001 0.09160990937499999 0.72644226875 0.07917993437500001
1 0.511267071875 0.13601669375 0.5833082187499999 0.15019145312499999 0.5764163515625 0.05439758125000001 0.509760034375 0.0389732 0.511267071875 0.13601669375
1 0.7969182828125 0.092654903125 0.804187609375 0.20608355312499999 0.8765610515625 0.2227979984375 0.8566321984374999 0.107891634375 0.7969182828125 0.092654903125
1 0.6500897671875 0.069563234375 0.6580177921875 0.170620865625 0.73120776875 0.1880859859375 0.7224348093749999 0.081275209375 0.6500897671875 0.069563234375
1 0.6472982359375 0.06988270468749999 0.577486421875 0.0535194875 0.5841765859375 0.151932803125 0.657110915625 0.169947765625 0.6472982359375 0.06988270468749999
1 1 0.1567506609375 0.99711116875 0.14220361718750002 0.9280141640625 0.12393260625 0.95026876875 0.23973713124999999 1 0.2503078296875 1 0.1567506609375
1 0.8755070875 0.227026228125 0.94836296875 0.239332040625 0.929678846875 0.14885964062499998 0.9239852093750001 0.12348003125 0.8614418578124999 0.11145810468749999 0.8755070875 0.227026228125