1 0.97125249375 0.20028186250000002 0.951213865625 0.1567329796875 0.8769566671875 0.1632502046875 0.9273735453124999 0.28066034218749997 0.9792637890625 0.2765042421875 0.97125249375 0.20028186250000002
1 0.794674359375 0.1747974125 0.850177609375 0.29333118125 0.92457171875 0.284049134375 0.8684298921875 0.165602415625 0.794674359375 0.1747974125
1 0.6064789234375 0.2007066765625 0.5268956328125001 0.2069284953125 0.5217323984375 0.20747117343750002 0.57177009375 0.32760106875 0.655591590625 0.3160674 0.6064789234375 0.2007066765625
1 0.6116013640625 0.198462625 0.660127740625 0.3134346328125 0.7477066078125 0.3100813671875 0.694923934375 0.1898186734375 0.6116013640625 0.198462625
1 0.69910908125 0.1880751390625 0.7525206984375 0.31267840156250004 0.8407910328125 0.30291317812499996 0.7853913671874999 0.1785368078125 0.69910908125 0.1880751390625
1 0.43941876874999997 0.21780928593749999 0.48622208437500003 0.340221921875 0.5723064875 0.3284504109375 0.5223919546875 0.209088453125 0.43941876874999997 0.21780928593749999
1 0.347674634375 0.2299963046875 0.3940305234375 0.353841925 0.48358006875 0.3423871328125 0.4373186984375 0.21787477812499997 0.347674634375 0.2299963046875
0 0 0.29851003593750003 0.0320209859375 0.414361096875 0.1230027203125 0.40418973124999996 0.0795235453125 0.255837890625 0 0.26342914375 0 0.29851003593750003
1 0.08008805625 0.256636678125 0.12540728125 0.40739475468749997 0.2187968375 0.3983590328125 0.175802053125 0.248292978125 0.08008805625 0.256636678125
0 0.25984119687499996 0.2386019875 0.3118025921875 0.39090222343750003 0.3992308046875 0.381032228125 0.3446525296875 0.22711358593750003 0.25984119687499996 0.2386019875
0 0.1761881484375 0.2473942765625 0.22001336562499998 0.399187821875 0.3099400609375 0.38769338750000004 0.257643103125 0.2405492609375 0.1761881484375 0.2473942765625
1 0.9957060156249999 0.43294158437499997 0.9316924765625 0.294318696875 0.8461829875 0.3050710484375 0.91322510625 0.4644751828125 0.9981492765625 0.45618764843750004 0.9957060156249999 0.43294158437499997
1 0.9355762921874999 0.292884425 0.99526115625 0.42870901874999995 0.9806785187499999 0.2899644953125 0.9355762921874999 0.292884425
1 0.5735444843749999 0.339784946875 0.48974983281249995 0.349790303125 0.545749815625 0.5067338359375 0.63817244375 0.4935298796875 0.5735444843749999 0.339784946875
1 0.8430882953125 0.3141012140625 0.752479940625 0.323850859375 0.8239678843749999 0.47804443281250003 0.9094554125000001 0.4620794359375 0.8430882953125 0.3141012140625
1 0.66188305625 0.333292146875 0.5776357890625 0.34111131875 0.637542890625 0.49220006562499996 0.7310539203124999 0.48935155625000004 0.66188305625 0.333292146875
0 0.6661211390624999 0.3351603421875 0.733446115625 0.4897981171875 0.8222929265625 0.47976195156249996 0.7493285609375 0.3247992421875 0.6661211390624999 0.3351603421875
1 0.456009621875 0.52314580625 0.544807678125 0.5089268265625 0.4858574921875 0.3496992109375 0.3998620421875 0.3608316640625 0.40638870000000005 0.38367097656250004 0.456009621875 0.52314580625
1 0 0.526203890625 0.004779109375 0.5716740812500001 0.06884669843749999 0.5641630203125 0.0317496765625 0.4108903375 0 0.413304121875 0 0.526203890625
0 0.1283173984375 0.411422021875 0.0357032234375 0.4175463328125 0.0727104515625 0.5637569234375001 0.16713068749999999 0.5515077125000001 0.1283173984375 0.411422021875
0 0.312425303125 0.3930552921875 0.221590415625 0.40141945625000003 0.265588290625 0.5424619046875 0.36016163125 0.5311258671875 0.312425303125 0.3930552921875
0 0.2202826625 0.4005934625 0.129647403125 0.4095319625 0.170592203125 0.5534691359374999 0.2648519265625 0.545887284375 0.2202826625 0.4005934625
0 0.40110318906250003 0.38513085 0.3143472828125 0.394461321875 0.3604756765625 0.5303948703125 0.45224640781250003 0.52214535625 0.40110318906250003 0.38513085
1 1 0.603034378125 0.993346290625 0.5882052812499999 0.9138139109375001 0.592877709375 0.9869234171875 0.7883815421875 1 0.786767403125 1 0.603034378125
1 0.2014827296875 0.6704305671874999 0.1026422015625 0.6772439703125 0.1537961125 0.8788446828125 0.2582394640625 0.8689817765625 0.2014827296875 0.6704305671874999
1 0.82809195625 0.6014417921875 0.898445446875 0.8015818109374999 0.9848316609375001 0.7891586578124999 0.90947831875 0.5947910953125 0.82809195625 0.6014417921875
1 0.309223853125 0.6595423125 0.3683424921875 0.8585240140625 0.47056728437500006 0.84833701875 0.4048394578125 0.644598790625 0.309223853125 0.6595423125
0 0.0313045796875 0.8240470765625 0.0475625734375 0.893083725 0.15242946562499998 0.8765970234375 0.100038 0.6789971343750001 0.017193771875 0.6897916984375 0.0313045796875 0.8240470765625
1 0.7103962328125 0.6169317328125 0.782839846875 0.8144013187500001 0.8780233624999999 0.805511659375 0.802148640625 0.6061835062500001 0.7103962328125 0.6169317328125
1 0.4088719703125 0.6503048812500001 0.47064422031250003 0.84609986875 0.57011006875 0.8334165234375 0.5052711249999999 0.64407378125 0.4088719703125 0.6503048812500001
0 0.20563216562500003 0.669093253125 0.2616136484375 0.8708562000000001 0.36742651406250004 0.8591775515625001 0.30712063125 0.6654575046875 0.20563216562500003 0.669093253125
1 0.60395016875 0.6325762765625 0.6802360140625 0.8279717468750001 0.7814958984375 0.8145425734374999 0.707762796875 0.61777565625 0.60395016875 0.6325762765625
0 0.5645753890625 0.8105930750000001 0.5720819390624999 0.831537475 0.6764293484375 0.8267000437500001 0.6010628734375 0.63289113125 0.507997240625 0.6435526578124999 0.5645753890625 0.8105930750000001
1 0 0.1584860390625 0.04808366875 0.152944021875 0.017580959375 0.0479501453125 0 0.049797978124999996 0 0.1584860390625
1 0.1347698890625 0.1442686546875 0.1020554953125 0.0390715125 0.0180086546875 0.0479051921875 0.0489435765625 0.15416080625 0.1347698890625 0.1442686546875
0 0.10317524375 0.0389538234375 0.13558271875 0.14553393750000002 0.22201318125 0.13917835781250001 0.184391165625 0.0308039765625 0.161561784375 0.03281715 0.10317524375 0.0389538234375
1 0.26653947499999997 0.0248984703125 0.1858095140625 0.0303667953125 0.22226507187500003 0.13915188437499998 0.3056255609375 0.1326642046875 0.26653947499999997 0.0248984703125
1 0.3547974390625 0.02153421875 0.26687265 0.024392571874999998 0.3058153984375 0.13218947812499998 0.3907027453125 0.1232674578125 0.3547974390625 0.02153421875
1 0.784634678125 0.8168958046875 0.8428205125 0.9667222515624999 0.9436151203125 0.9561283125 0.8801663812499999 0.8074239343749999 0.784634678125 0.8168958046875
1 0.6830365484375001 0.833525853125 0.738378003125 0.9776996015625 0.8404181453125 0.9669747515625 0.7812367859375 0.8178218546875 0.6830365484375001 0.833525853125
1 1 0.834082796875 0.981417625 0.7901668015625 0.8859125406249999 0.8042671890624999 0.94722811875 0.9557485703124999 1 0.9502020218749999 1 0.834082796875
1 0.5807048640625 0.83965228125 0.631041321875 0.9889811421875001 0.73498359375 0.9780563687500001 0.6777203734375 0.8328363671875 0.5807048640625 0.83965228125
1 0.2949256640625 1 0.25531346250000003 0.8730986234375001 0.15741165 0.8828196015625001 0.1878016375 1 0.2949256640625 1
1 0.408319871875 1 0.36311711875 0.863421803125 0.2591707328125 0.8747694718749999 0.29853713125 1 0.408319871875 1
1 0.521730865625 1 0.4712624359375 0.8545359703125 0.36505125625 0.86364098125 0.4096225875 1 0.521730865625 1
1 0.5262038859375 1 0.628488878125 0.9892494140625001 0.5761568953125 0.8402035218749999 0.473931471875 0.852858503125 0.5224328078125 1 0.5262038859375 1
1 0.1844259625 1 0.1554678515625 0.8835928203125001 0.04894390625 0.8975264968750001 0.07175153749999999 1 0.1844259625 1
1 0.6001837390625 0 0.640512865625 0.1050973421875 0.7199558390624999 0.095365934375 0.6806400125 0 0.6001837390625 0
1 0.3905944 0.12282407656250001 0.47075379687499996 0.1131629203125 0.43094935 0.01489464375 0.35599582500000004 0.0214082625 0.3905944 0.12282407656250001
1 0.6824994171875 0 0.72075434375 0.0965996265625 0.8021254593749999 0.0894927890625 0.75502884375 0 0.6824994171875 0
1 0.5500212828125 0 0.51315285625 0.00571804375 0.5558320375 0.10916200312499999 0.6383124734375001 0.102565384375 0.59555720625 0 0.5500212828125 0
1 0.5103423671875 0.007004873437500001 0.43176955625 0.013607690624999998 0.4722544359375 0.11469602968749999 0.5546546359375 0.10876405156249999 0.5103423671875 0.007004873437500001
1 0.8398116484375 0 0.884968325 0.08216726875 0.9580310328125 0.07448806718749999 0.956991415625 0.064596759375 0.9209712890624999 0 0.8398116484375 0
1 0.75876240625 0 0.8024621015625 0.094293059375 0.8828375171875 0.082391225 0.8360708328124999 0 0.75876240625 0
1 0.9239998593750001 0 0.9566833625 0.061665831250000004 0.9502020218749999 0 0.9239998593750001 0