1 0.9197711843749999 0.3609672953125 0.9222638984374999 0.49182848593750006 0.994001646875 0.5136077265625001 0.9908901578125 0.382566325 0.9197711843749999 0.3609672953125
0 0.7373078515625 0.3080906078125 0.6620742546875 0.2814050796875 0.657136678125 0.2798007640625 0.653987159375 0.40989705 0.735253071875 0.4334537921875 0.7373078515625 0.3080906078125
1 0.742900171875 0.308124046875 0.74046789375 0.432893659375 0.821839065625 0.4654518328125 0.8225349390625001 0.334117746875 0.742900171875 0.308124046875
1 0.8270674203124999 0.33422720156249996 0.8251806484375 0.46978240781249997 0.9097914859375 0.4967642109375 0.9097698 0.36060767031249996 0.8270674203124999 0.33422720156249996
0 0.577734546875 0.25576513125 0.5707017999999999 0.3866312625 0.65413171875 0.4108911328125 0.6570814078125 0.2815464890625 0.577734546875 0.25576513125
1 0.48896520312499997 0.229582825 0.4809408640625 0.3615760671875 0.5674075281250001 0.387534675 0.5757894 0.2549707859375 0.48896520312499997 0.229582825
0 0.23348627500000002 0.1441234140625 0.1487531734375 0.11569461875 0.1256133296875 0.2696205375 0.21286634843750002 0.2973341390625 0.23348627500000002 0.1441234140625
0 0.233677084375 0.1450827515625 0.21375942343749998 0.30124009531249996 0.3027501859375 0.3309705078125 0.3245098609375 0.1763907921875 0.233677084375 0.1450827515625
0 0.4052251203125 0.2017194296875 0.390748128125 0.361987221875 0.47463226406250003 0.3885307890625 0.48737688125 0.22572013124999998 0.4052251203125 0.2017194296875
0 0.32522811093750004 0.1757268265625 0.303524440625 0.33222245156249997 0.3903517734375 0.3582982453125 0.4024250328125 0.20260430624999998 0.32522811093750004 0.1757268265625
0 0.997180821875 0.5878687609375 0.9963297750000001 0.5258857109374999 0.9138395953125 0.5009286296875 0.910250115625 0.6738200390625 0.9634902078125 0.69155780625 0.997180821875 0.5878687609375
1 0.6506525140625 0.421749284375 0.570032746875 0.39680727656250003 0.557356590625 0.5629595734375 0.647159396875 0.5884888296875 0.6506525140625 0.421749284375
1 0.907339553125 0.5079193734375 0.8205991656249999 0.479972378125 0.823190475 0.649911984375 0.9077807671875 0.67009814375 0.907339553125 0.5079193734375
1 0.733994675 0.4517483515625 0.6538506234375 0.42462506875 0.6471251546875 0.5870179234374999 0.733710325 0.6224500421875 0.733994675 0.4517483515625
1 0.73710649375 0.4551788171875 0.7357140703125 0.6238309875 0.8209617484375 0.6507997484375 0.81733449375 0.4795569890625 0.73710649375 0.4551788171875
1 0.4686994953125 0.5414520296875 0.5556039359375 0.56457976875 0.5665139671875 0.3951409015625 0.4834252375 0.3703334046875 0.48009804999999994 0.3938527859375 0.4686994953125 0.5414520296875
1 0.1267771609375 0.266339490625 0.058152562500000005 0.241832596875 0.0088535046875 0.39355949218749997 0.0983253609375 0.421449771875 0.1267771609375 0.266339490625
0 0.21477990937500002 0.3061028390625 0.12768166875 0.274028096875 0.10202024843749999 0.42265031249999996 0.1932596296875 0.449864271875 0.21477990937500002 0.3061028390625
1 0.390441271875 0.364207428125 0.3040574609375 0.33490259375 0.2868843875 0.48164683124999996 0.3778922140625 0.5097572890625 0.390441271875 0.364207428125
0 0.3031987296875 0.3336161 0.2167636859375 0.304917146875 0.1956241 0.4530640484375 0.28481845781250004 0.48447656562499997 0.3031987296875 0.3336161
1 0.4746757125 0.39303663437499997 0.391625203125 0.366273640625 0.3784764328125 0.5092172234375 0.46566854687500003 0.5390074375 0.4746757125 0.39303663437499997
1 0.8632712640625 1 0.923157365625 0.8156895328125 0.8585620031250001 0.7913610734375001 0.8458322890625001 0.999699025 0.846819003125 1 0.8632712640625 1
1 0.1762715 0.572477940625 0.0832049234375 0.5385002296875 0.04793795 0.743477815625 0.1473633046875 0.7769485406250001 0.1762715 0.572477940625
1 0.7767677749999999 0.764318490625 0.75963460625 0.9757708390625 0.8436052921874999 0.9995581625 0.8538229984375001 0.79134559375 0.7767677749999999 0.764318490625
1 0.279126565625 0.6063532875 0.2522009796875 0.812177834375 0.3497313984375 0.8444501203125 0.37255384375 0.631592071875 0.279126565625 0.6063532875
0 0 0.7280550390625 0.0476036609375 0.7408686109375 0.080112790625 0.5390425999999999 0 0.515196153125 0 0.7280550390625
1 0.6629470546875 0.7305980937500001 0.6488094734375001 0.940461009375 0.7393796906250001 0.9710545249999999 0.7511387484375 0.7580981640625 0.6629470546875 0.7305980937500001
1 0.3739168515625 0.6384450140625 0.3507116140625 0.8424376734375001 0.44673696874999996 0.871307265625 0.46451627812499996 0.671961690625 0.3739168515625 0.6384450140625
0 0.1806061328125 0.5729439703125 0.1496833796875 0.7800333140625 0.251098375 0.8124023078124999 0.2747992515625 0.6109016265625 0.1806061328125 0.5729439703125
0 0.559340528125 0.7015945796875 0.5495566171874999 0.9111254734375 0.6475242609375 0.94004341875 0.6601980359375 0.7302979421875 0.559340528125 0.7015945796875
1 0.450963921875 0.8482058531250001 0.449302640625 0.8703927031250001 0.5465963031250001 0.9084154046874999 0.556574790625 0.7007078453125 0.4672186703125 0.6725944296875 0.450963921875 0.8482058531250001
1 0.16611903125 0 0.1641854875 0.0114656609375 0.24661522656249998 0.0373374390625 0.251730096875 0 0.16611903125 0
1 0.2521984234375 0 0.24690587812499998 0.0387987796875 0.32933561718750004 0.0646705578125 0.336961565625 0 0.2521984234375 0
0 0.337788853125 0 0.3295635375 0.06615705937500001 0.4111067390625 0.09550538593749999 0.41921993593750007 0 0.337788853125 0
1 0.4205061703125 0 0.4113476203125 0.095583653125 0.49013999531249997 0.123562628125 0.49826535156249996 0.0092159875 0.47311539687500004 0 0.4205061703125 0
1 0.580261378125 0.0420403390625 0.4987754890625 0.008889340625 0.490506509375 0.1232061578125 0.571683871875 0.14958228125 0.580261378125 0.0420403390625
1 0.74014920625 1 0.7405596437499999 0.9736731203125 0.6494345328125 0.9434698593749999 0.646693409375 1 0.74014920625 1
1 0.6436042109375 1 0.6459537453124999 0.9429337999999999 0.549855975 0.9173384796875 0.545523034375 1 0.6436042109375 1
1 0.541579240625 1 0.5452798453125001 0.9145463218750001 0.4538794859375 0.88131320625 0.44271915 1 0.541579240625 1
1 0.0496241625 0.74857965625 0.028944365625000003 0.872675859375 0.128357209375 0.90497705 0.1430157953125 0.7795193546875 0.0496241625 0.74857965625
1 0.1458599921875 0.78261464375 0.13168748125000002 0.9060591203125 0.23304018593750003 0.9389906109374999 0.2454352546875 0.8145268343750001 0.1458599921875 0.78261464375
1 0.24711302812499997 0.81551375 0.23431216250000003 0.9394039 0.3374158890625 0.9729043328125 0.347845109375 0.8503958875000001 0.24711302812499997 0.81551375
1 0.4397307890625 1 0.4495005015625 0.8799669640625 0.35096568281249996 0.8499490406250001 0.3385339140625 0.9732676 0.4208077796875 1 0.4397307890625 1
1 0 0.8632712640625 0.025753150000000002 0.8716389703124999 0.047533917187500004 0.7484954109374999 0 0.7343720453125 0 0.8632712640625
1 0.8137647078124999 0.1112654640625 0.8072872234374999 0.23458998437499998 0.8838201109374999 0.25801226875 0.8873096515625001 0.1327297875 0.8137647078124999 0.1112654640625
1 0.5717652328125 0.1491331625 0.6489240328125 0.1729110234375 0.65253016875 0.06694855937500001 0.5814073890625 0.0424127 0.5717652328125 0.1491331625
1 0.8892927796875 0.134096525 0.8840477953124999 0.259464084375 0.9612746171875 0.2860682796875 0.9528428890624999 0.1576347234375 0.8892927796875 0.134096525
1 0.73135926875 0.09200049375 0.728274190625 0.20386044218750002 0.8063069046875 0.23138194531249998 0.809137046875 0.11310900156249999 0.73135926875 0.09200049375
1 0.728268359375 0.0920329421875 0.653802915625 0.0661064765625 0.6496713609375 0.174921953125 0.7273604453125 0.203018003125 0.728268359375 0.0920329421875
1 1 0.1749344078125 0.957689371875 0.162098953125 0.9596297109374999 0.29059046875 1 0.301844559375 1 0.1749344078125