1 1 0.29773673437500003 0.9835646828125 0.29424823906249997 0.9975646890625001 0.422058059375 1 0.4225943734375 1 0.29773673437500003
1 0.9009341453124999 0.281141690625 0.9195013781249999 0.411529671875 0.9938695421875 0.42449410312499997 0.9746617859375 0.2940019328125 0.9009341453124999 0.281141690625
0 0.7120897828125 0.2506820359375 0.6336252421874999 0.23324580468749997 0.628493684375 0.23224833125000002 0.641328265625 0.36256348125 0.7254369625 0.37613606875 0.7120897828125 0.2506820359375
1 0.7176826937499999 0.250030453125 0.73057969375 0.37493791249999997 0.81589939375 0.397487490625 0.8004606484375 0.2662366625 0.7176826937499999 0.250030453125
1 0.8050037234375 0.26579081250000003 0.8197708765625 0.4014032125 0.9076431578124999 0.417986759375 0.8908948734375001 0.28200755625 0.8050037234375 0.26579081250000003
0 0.546188765625 0.2179691796875 0.5552371359375 0.34952883125 0.64159485625 0.3635385828125 0.6286529078124999 0.2339985859375 0.546188765625 0.2179691796875
1 0.4542588125 0.2026934625 0.462454678125 0.335500234375 0.5520559203125 0.3508345859375 0.5441472578125001 0.21741410781249998 0.4542588125 0.2026934625
0 0.188442053125 0.14863627343750002 0.10026982499999999 0.13062256562500002 0.096054090625 0.2871853109375 0.1866567890625 0.3041760890625 0.188442053125 0.14863627343750002
0 0.18875059375 0.1495710078125 0.1880291421875 0.3079676453125 0.28061625625 0.326759796875 0.283372371875 0.169713140625 0.18875059375 0.1495710078125
0 0.3671484359375 0.18512279843749999 0.3723691921875 0.3469582046875 0.45946139218750004 0.363193090625 0.4521969640625 0.199030271875 0.3671484359375 0.18512279843749999
0 0.284008603125 0.1689620515625 0.2815438234375 0.3279152984375 0.37151990156250003 0.343322509375 0.3644588171875 0.1863495125 0.284008603125 0.1689620515625
0 1 0.4532292953125 0.9977045375 0.43647117343749997 0.9122003125000001 0.4216499984375 0.9298525234374999 0.594759259375 0.9886299031249999 0.6066385999999999 1 0.548144525 1 0.4532292953125
1 0.6394517468750001 0.37480895937500003 0.5558186109375 0.359773740625 0.563561971875 0.5272655234375 0.6564445125 0.5417624437499999 0.6394517468750001 0.37480895937500003
1 0.9065631625 0.4294279375 0.8164440984375 0.4121412765625 0.8399105859375 0.5815454609375 0.9269275 0.5913446 0.9065631625 0.4294279375
1 0.7264268140625 0.3945612921875 0.6430011296875 0.3772893296875 0.65622959375 0.5402976171875 0.747113071875 0.5650788125 0.7264268140625 0.3945612921875
1 0.729958103125 0.3976062046875 0.7492852046875 0.56621255625 0.8377923218750001 0.5827050734375 0.8131304515625001 0.4121262953125 0.729958103125 0.3976062046875
1 0.472318484375 0.516644821875 0.562009459375 0.529098315625 0.552097334375 0.3585405046875 0.466013315625 0.3439420359375 0.4655775375 0.367838775 0.472318484375 0.516644821875
1 0.09681411875 0.283765921875 0.0353548625 0.26997047812499997 0.0048070421875 0.42712538437500003 0.08743526562500001 0.44216215156249994 0.09681411875 0.283765921875
0 0.18964636875000002 0.3126991546875 0.098662590625 0.29133387499999996 0.0912753140625 0.44290858125000004 0.1858004875 0.4589120828125 0.18964636875000002 0.3126991546875
1 0.372335278125 0.3492131484375 0.2824057578125 0.3305267140625 0.2832707828125 0.47918614687499994 0.37767468125 0.49611336093749997 0.372335278125 0.3492131484375
0 0.281389525 0.32934705468750003 0.1914832359375 0.3112719984375 0.1885565578125 0.46181813906249997 0.28155378125 0.4822652984375 0.281389525 0.32934705468750003
1 0.4600583484375 0.3676878328125 0.3737722953125 0.3511316953125 0.3781921875 0.4955024296875 0.46898912812500004 0.5145746140624999 0.4600583484375 0.3676878328125
1 0.90550893125 0.9281104421874999 0.925460784375 0.931615540625 0.9635463312500001 0.7356823953125 0.8926366546875 0.7184805640625 0.90550893125 0.9281104421874999
1 0.18388593749999999 0.583449253125 0.0867038 0.56091448125 0.0766401796875 0.7699488015625 0.1801148125 0.791198375 0.18388593749999999 0.583449253125
1 0.8075717453125 0.7014913203125 0.8164259359375 0.914770959375 0.9032660296874999 0.9282425359375001 0.8878987296874999 0.7190455671875 0.8075717453125 0.7014913203125
1 0.2908378296875 0.6046828390625001 0.289214396875 0.8135413296875 0.3906480578125 0.8338261062500001 0.38730687656249996 0.6184457125 0.2908378296875 0.6046828390625001
0 0 0.756613484375 0.0759855671875 0.767383890625 0.08368024375000001 0.5618349 0 0.5477155921875 0 0.756613484375
1 0.68968013125 0.6817556234375 0.7013327671875 0.893080953125 0.795604371875 0.9125416390625001 0.7811946859375001 0.6984181703125001 0.68968013125 0.6817556234375
1 0.3895109 0.6251229140625 0.39138043125 0.8316961781250001 0.490891959375 0.8487669765625 0.48417079999999996 0.6474994328125 0.3895109 0.6251229140625
0 0.18827509375 0.5833837546875 0.1828123859375 0.7939950171875 0.2881400625 0.8139005703125 0.28707199375000003 0.6097553765625 0.18827509375 0.5833837546875
0 0.58257575 0.665479665625 0.5985385265625001 0.8759401359375 0.6999970624999999 0.8928213171875001 0.6868959703125 0.681792571875 0.58257575 0.665479665625
1 0.49227828125000006 0.8251774562499999 0.493343665625 0.8475393265625 0.5952471484374999 0.873596140625 0.5797028156249999 0.6649328328124999 0.48694922343749997 0.64780035625 0.49227828125000006 0.8251774562499999
1 0.10399218437499999 0 0.1028880703125 0.0246370859375 0.188444259375 0.040379184375 0.1890031609375 0 0.10399218437499999 0
1 0.1894690265625 0 0.18891425312500001 0.041803053125 0.2744704421875 0.057545151562499994 0.2741863046875 0 0.1894690265625 0
0 0.27496250624999996 0 0.2748808328125 0.059001828125 0.35997813125 0.0783246046875 0.35703245 0 0.27496250624999996 0
1 0.35812718593750004 0 0.3602284765625 0.0783732671875 0.442408453125 0.0966653875 0.43743479843750005 0 0.35812718593750004 0
1 0.43790041406249997 0 0.442730946875 0.09626448125 0.5270975046874999 0.11266367968749999 0.5224582609375 0.0042090828125 0.5068964671875 0 0.43790041406249997 0
1 0.80621603125 1 0.797105271875 0.9150123484374999 0.702327065625 0.8960093812500001 0.710027 1 0.80621603125 1
1 0.7072559265625 1 0.698782615625 0.8959003593749999 0.5996009546875001 0.882108503125 0.6078655421875 1 0.7072559265625 1
1 0.9071601093749999 1 0.8996818781249999 0.9282077515625 0.803567346875 0.9136661484375 0.8111935828125001 1 0.9071601093749999 1
1 0.6042043515625 1 0.5946846906250001 0.8798804390624999 0.49925919687500003 0.8578852203125 0.5033212890625001 1 0.6042043515625 1
1 0.078952084375 0.7748375609375 0.0724609 0.9262531656249999 0.17699993593750002 0.9465734953125 0.17608585937500001 0.794298403125 0.078952084375 0.7748375609375
1 0.179308515625 0.7970413453125 0.1805116578125 0.9472561046875001 0.28622734375 0.967805153125 0.28274149843749996 0.8167160250000001 0.179308515625 0.7970413453125
1 0.28453945625 0.81749616875 0.28745538437499996 0.968043859375 0.3950690625 0.9889618390624999 0.3894933828125 0.8399952890625 0.28453945625 0.81749616875
1 0.5005989046875 1 0.49471758125000004 0.85707706875 0.3925571 0.8391667890625 0.3958348328125 0.989110690625 0.4518554734375 1 0.5005989046875 1
1 0 0.9121681921875 0.06889821562500001 0.9255606500000001 0.07685280625 0.7750094515625 0 0.7620812453125 0 0.9121681921875
1 0.7643188875 0.044744515624999995 0.7729956984374999 0.16870422031250001 0.85235783125 0.1827222515625 0.8404544234375001 0.057173079687499996 0.7643188875 0.044744515624999995
1 0.527123640625 0.11220517187500001 0.607154971875 0.12650165625 0.597741521875 0.020233434375 0.5236492937499999 0.004440596874999999 0.527123640625 0.11220517187500001
1 0.8426042046875001 0.0582951578125 0.8527637234375 0.1841443140625 0.933210246875 0.201255178125 0.909005965625 0.0740191609375 0.8426042046875001 0.0582951578125
1 0.6795986187499999 0.035597771875 0.690257296875 0.1476920890625 0.77162189375 0.16562037031250001 0.759920615625 0.0471525125 0.6795986187499999 0.035597771875
1 0.676513640625 0.0360087703125 0.59891001875 0.0192365375 0.608148871875 0.12841846875000001 0.689240634375 0.1469626515625 0.676513640625 0.0360087703125
1 1 0.15990535781249998 0.9906491765625001 0.1180570828125 0.9838726609374999 0.0899801765625 0.9143978234375 0.077884040625 0.9321219171875 0.20597304374999997 1 0.21621289843749997 1 0.15990535781249998