1 1 0.2976516109375 0.970063628125 0.289076259375 0.974898521875 0.41295353749999997 1 0.4203513375 1 0.2976516109375
1 0.8915368078125001 0.270931040625 0.9005870874999999 0.3975943375 0.9711830718750001 0.4150490828125 0.9615242531250001 0.28824263906250003 0.8915368078125001 0.270931040625
1 0.712105225 0.2289752578125 0.6378740671875 0.20694457968750002 0.6330097375 0.2056411875 0.63655565625 0.33185020781249996 0.7164716078125 0.350542775 0.712105225 0.2289752578125
1 0.7175241437500001 0.22872336093749998 0.72149475 0.3497349625 0.8019691 0.3771435703125 0.7959835921875 0.2498599921875 0.7175241437500001 0.22872336093749998
1 0.800379709375 0.24973562500000002 0.805425646875 0.381169540625 0.8887554671875 0.4030105671875 0.8818303343749999 0.2710910421875 0.800379709375 0.24973562500000002
1 0.5548749296875 0.18638987812500002 0.55469824375 0.31354220625 0.6367460984375 0.3328060140625 0.633044715625 0.2073354109375 0.5548749296875 0.18638987812500002
1 0.46755734687499995 0.165534884375 0.4664772703125 0.2938296671875 0.5515529265625 0.3145849859375 0.55295040625 0.18571913281250002 0.46755734687499995 0.165534884375
0 0.2157441296875 0.09572193749999999 0.13222250156249998 0.0724851515625 0.1176123359375 0.22279869687499998 0.203538715625 0.245214434375 0.2157441296875 0.09572193749999999
1 0.21597760937500002 0.096641728125 0.204601890625 0.2489534734375 0.29231387343750004 0.273234934375 0.3055539296875 0.12235809375 0.21597760937500002 0.096641728125
0 0.385026315625 0.1427954265625 0.37912934531250003 0.298813153125 0.4617329953125 0.3202665203125 0.465822890625 0.16187310625 0.385026315625 0.1427954265625
0 0.30621602187499997 0.121678271875 0.29312736875 0.27440856875 0.3785583421875 0.29525909375000003 0.3823587703125 0.14379512187500001 0.30621602187499997 0.121678271875
1 0.9740608890625 0.4268267375 0.8928879953125 0.406839634375 0.89817775625 0.5745347625 0.9854174296875 0.59860783125 0.9740608890625 0.4268267375
1 1 0.433704603125 0.9780766078124999 0.42687774375 0.9865745640625001 0.60589053125 0.9890159515624999 0.6068192781249999 1 0.56582625 1 0.433704603125
1 0.633926415625 0.3435032359375 0.5545661375 0.323435653125 0.5507120046875 0.48506326250000004 0.6389975765625 0.5052329875 0.633926415625 0.3435032359375
1 0.8869459531249999 0.41394333281250006 0.8015043171875 0.3912754046875 0.8126316656249999 0.5557963484374999 0.8955969953125 0.5710541921875001 0.8869459531249999 0.41394333281250006
1 0.716180278125 0.36833214999999997 0.6371702140625 0.3461269703125 0.6388898203125 0.5038095828125 0.724560646875 0.5337376609375 0.716180278125 0.36833214999999997
1 0.7193686140625 0.37149769843749997 0.72657168125 0.53497378125 0.8105177375 0.55676979375 0.7983208015625001 0.3910389015625 0.7193686140625 0.37149769843749997
1 0.46374020156249995 0.46873188906249996 0.54909638125 0.486722153125 0.551073034375 0.322000003125 0.46932791875 0.302188259375 0.467297509375 0.32514508124999997 0.46374020156249995 0.46873188906249996
1 0.11857335468750001 0.21956056093749998 0.0620367390625 0.2026494875 0.0220982359375 0.3517020140625 0.0988776078125 0.371291665625 0.11857335468750001 0.21956056093749998
0 0.205837 0.2536130546875 0.11983941093749999 0.2269639890625 0.102517684375 0.372267021875 0.19228027812499998 0.39399600625 0.205837 0.2536130546875
1 0.378944678125 0.3009798875 0.29377960000000003 0.2769782328125 0.284585221875 0.42003019375 0.3741689703125 0.44263955624999995 0.378944678125 0.3009798875
0 0.2928825234375 0.2757754203125 0.20769854062499998 0.2523634015625 0.1947329671875 0.3969760328125 0.282727465625 0.42287691718750003 0.2928825234375 0.2757754203125
1 0.4620035609375 0.3246299765625 0.380196309375 0.30292163125 0.3747075109375 0.4420865921875 0.46068019375 0.4665174328125 0.4620035609375 0.3246299765625
1 0.9332616046875 0.8148973328125001 0.9277145640625 0.7144631046875001 0.8540682 0.6910466875 0.8523013046875001 0.89355025625 0.908446084375 0.9075101125 0.9332616046875 0.8148973328125001
1 0.18204145625 0.5136587125000001 0.09016590625000001 0.48546928906250003 0.06639700468750001 0.6858627578125 0.1644065296875 0.7132377062499999 0.18204145625 0.5136587125000001
1 0.7734637171875 0.6690035859375 0.767589165625 0.8747485171875 0.8501368921875001 0.8935269890624999 0.8494767875000001 0.69127260625 0.7734637171875 0.6690035859375
1 0.2833938234375 0.5412513375 0.2677480875 0.74204136875 0.3638612375 0.7683514953125 0.37517565468749997 0.56095536875 0.2833938234375 0.5412513375
0 0 0.6692577953125001 0.065940878125 0.683351721875 0.087198090625 0.4861519796875 0 0.46509542187499997 0 0.6692577953125001
1 0.6614968890624999 0.6421185484375 0.6584435359375 0.846171209375 0.7477292859375 0.871208628125 0.748321728125 0.6642796796875 0.6614968890624999 0.6421185484375
1 0.37684348125 0.567525821875 0.3647087171875 0.7663518265625 0.45919138750000005 0.7894416328125 0.46630574999999996 0.595393975 0.37684348125 0.567525821875
0 0.186264 0.5138898843749999 0.1668103828125 0.716108565625 0.2666913875 0.7423149125 0.27943263281249997 0.5458781625 0.186264 0.5138898843749999
1 0.559663625 0.6192843921875 0.5608107921875 0.8227940328125 0.6571773890625 0.8458319453125 0.6588187249999999 0.6419674859375 0.559663625 0.6192843921875
0 0.4621145828125 0.76684403125 0.4616303515625 0.788425090625 0.5578057453125 0.82031876875 0.5569395203124999 0.6185658453125 0.4689556140625 0.59586965 0.4621145828125 0.76684403125
1 0.88366349375 1 0.9086858546875 0.9066152781250001 0.8500151875 0.8948981593750001 0.8520008406249999 1 0.88366349375 1
0 0.305953490625 0 0.3048597234375 0.0152968890625 0.3853379546875 0.0395867625 0.3866226453125 0 0.305953490625 0
1 0.387289921875 0 0.3855752625 0.03965035 0.4633193609375 0.06275331875 0.46448904375 0 0.387289921875 0
1 0.46489836718750005 0 0.463656325 0.06238930625 0.543629459375 0.0838180421875 0.5459171484375 0 0.46489836718750005 0
1 0.75364315625 1 0.749005075 0.8736857718750001 0.6592015953125 0.849054675 0.659782140625 1 0.75364315625 1
1 0.657489134375 1 0.6558026109374999 0.848712246875 0.561415821875 0.8287985296875 0.5614035984375 1 0.657489134375 1
1 0.8502936875 1 0.846694746875 0.8932533093749999 0.7553061359375 0.8728239859375 0.7575993671875 1 0.8502936875 1
1 0.5584076687499999 1 0.5568413890625 0.8263258734375001 0.4666176421875 0.7987731765625 0.45831370312499997 0.99900141875 0.46172597499999996 1 0.5584076687499999 1
1 0.068289121875 0.6907201546875 0.04506405625 0.895738371875 0.1470517390625 0.9230658890625 0.160325503125 0.71594955625 0.068289121875 0.6907201546875
1 0.16323759843750002 0.7188039578125001 0.1505005296875 0.9239899890625001 0.25161430625 0.95108334375 0.261313309375 0.7446612390625 0.16323759843750002 0.7188039578125001
1 0.2629885953125 0.74553215625 0.2525558546875 0.9513356312499999 0.35565404843750004 0.978960709375 0.362335503125 0.774208178125 0.2629885953125 0.74553215625
1 0.45645751875 1 0.4623075 0.79769143125 0.36533571249999996 0.7736165921875 0.3554410765625 0.97890364375 0.4341737484375 1 0.45645751875 1
1 0 0.88366349375 0.041103709375000005 0.8946772 0.066260053125 0.6907447953125 0 0.6747790796875 0 0.88366349375
1 0.85149080625 0.1730066546875 0.8491165265625 0.0759074015625 0.7761838359375 0.0563651453125 0.7761665062499999 0.1542037484375 0.85149080625 0.1730066546875
1 0.546838575 0 0.5436855 0.083378759375 0.61963414375 0.102494359375 0.6180163890625 0.01398430625 0.565826246875 0 0.546838575 0
1 0.92794283125 0.196252271875 0.9158119499999999 0.0937783859375 0.8507569531250001 0.0763469515625 0.851784978125 0.174401725 0.92794283125 0.196252271875
1 0.7750542109375 0.15114535 0.7723354812500001 0.0553339828125 0.695754059375 0.0348140515625 0.698069184375 0.1284470015625 0.7750542109375 0.15114535
1 0.6971413296875 0.12767722343750001 0.6930101109375 0.034078814062500004 0.619167271875 0.014292684375 0.62046004375 0.10440473593749999 0.6971413296875 0.12767722343750001
1 1 0.19465338906250002 0.9887545203125001 0.1200746203125 0.98756535625 0.113004653125 0.9194271437499999 0.0947470734375 0.9265787359375001 0.200717396875 1 0.2170971984375 1 0.19465338906250002