1 0.6296875 0.259375 0.1140625 0.171875
1 0.46015625 0.296875 0.1015625 0.1421875
1 0.5390625 0.28203125 0.10625 0.15
1 0.371875 0.31953125 0.1203125 0.1546875
1 0.1203125 0.37578125 0.1234375 0.1640625
1 0.88125 0.21484375 0.109375 0.16875
1 0.72109375 0.25 0.1140625 0.171875
0 0.29921875 0.340625 0.1125 0.159375
1 0.8015625 0.234375 0.109375 0.1671875
0 0.2125 0.365625 0.1125 0.1671875
0 0.0453125 0.40859375 0.090625 0.1484375
1 0.534375 0.43125 0.1125 0.171875
1 0.4390625 0.4546875 0.11875 0.159375
0 0.26484375 0.49375 0.109375 0.14375
1 0.6234375 0.41796875 0.121875 0.171875
1 0.7984375 0.38203125 0.1171875 0.1734375
0 0.17578125 0.515625 0.1171875 0.1578125
0 0.3515625 0.47890625 0.1125 0.1515625
1 0.89140625 0.36484375 0.121875 0.1828125
0 0.7078125 0.40703125 0.1265625 0.1609375
1 0.028125 0.55546875 0.05625 0.1421875
0 0.090625 0.54375 0.1203125 0.1546875
1 0.03515625 0.153125 0.0703125 0.134375
1 0.7953125 0.0296875 0.103125 0.059375
1 0.346875 0.08828125 0.1 0.14375
1 0.26640625 0.10546875 0.1015625 0.14375
1 0.878125 0.67109375 0.1234375 0.190625
1 0.95546875 0.6578125 0.0890625 0.178125
0 0.7796875 0.70234375 0.125 0.1828125
0 0.10703125 0.14296875 0.1109375 0.1515625
1 0.425 0.075 0.1 0.1484375
1 0.65703125 0.05 0.0984375 0.1
1 0.1875 0.12734375 0.10625 0.153125
1 0.68515625 0.72734375 0.134375 0.1890625
0 0.1109375 0.85703125 0.1265625 0.1984375
0 0.5953125 0.7578125 0.1359375 0.178125
0 0.30546875 0.82109375 0.1328125 0.1875
1 0.20703125 0.846875 0.1390625 0.1859375
1 0.4015625 0.80703125 0.14375 0.19375
1 0.5046875 0.790625 0.125 0.1921875
1 0.5015625 0.06640625 0.10625 0.1328125
1 0.58046875 0.05859375 0.1015625 0.1171875
0 0.72734375 0.04296875 0.1078125 0.0859375
1 0.88203125 0.8578125 0.11875 0.15625
1 0.95703125 0.83671875 0.0859375 0.1578125
1 0.578125 0.9234375 0.125 0.153125
1 0.7828125 0.88046875 0.125 0.1546875
1 0.36796875 0.946875 0.1328125 0.10625
1 0.47734375 0.93515625 0.1296875 0.1296875
1 0.6859375 0.9046875 0.1296875 0.15
1 0.26640625 0.9609375 0.1234375 0.078125
1 0.16015625 0.971875 0.1359375 0.05625