1 0.9411795703125 0.21465291875 0.88327940625 0.1278921875 0.81265498125 0.1455220578125 0.8792023906249999 0.251006528125 0.9465607546875001 0.234735775 0.9411795703125 0.21465291875
1 0.7350583203125 0.169227340625 0.8066829203125 0.27501780937500003 0.87701736875 0.25470160937499997 0.8047901640624999 0.14909263749999999 0.7350583203125 0.169227340625
1 0.5575033203124999 0.2229624890625 0.48169692187499996 0.24112143593750002 0.47679994531250003 0.2424335765625 0.5433967890625 0.350597953125 0.6224800265625 0.32667052343749997 0.5575033203124999 0.2229624890625
1 0.562101253125 0.22001638125 0.6264531625 0.3234392671875 0.7104089546875 0.3068239546875 0.6411443765625 0.1989510046875 0.562101253125 0.22001638125
1 0.6449147140625 0.19663064375 0.7154484375 0.308591984375 0.7990924046875 0.2856896015625 0.7266758906249999 0.17425078125 0.6449147140625 0.19663064375
1 0.3989885171875 0.264978025 0.462814321875 0.375837296875 0.544043771875 0.35133479218749997 0.47768293437500003 0.2438919203125 0.3989885171875 0.264978025
1 0.3123638203125 0.2907459421875 0.375976825 0.40305504374999995 0.4605966625 0.378328371875 0.3969730484375 0.2653620671875 0.3123638203125 0.2907459421875
0 0 0.43741270625000006 0.0360653375 0.5167155718750001 0.1222623890625 0.493007334375 0.0576832546875 0.3566335859375 0 0.371501171875 0 0.43741270625000006
1 0.058349637499999996 0.3573173921875 0.1250707453125 0.4957296828125 0.2137634265625 0.47274832343749995 0.149389815625 0.33464797968750004 0.058349637499999996 0.3573173921875
0 0.2289642359375 0.3124637140625 0.302326946875 0.45134774999999994 0.38514271875 0.4284730453125 0.3090090578125 0.288428671875 0.2289642359375 0.3124637140625
0 0.14962501718750001 0.33372259375 0.2150632453125 0.47336142031249995 0.30004078437500004 0.44853889999999996 0.22714146249999997 0.3146768546875 0.14962501718750001 0.33372259375
1 0.885452715625 0.2635138171875 0.8046221906250001 0.286945959375 0.89361423125 0.43037402968749994 0.981790253125 0.4074487765625 0.885452715625 0.2635138171875
1 0.9864636140625 0.4132109546875 0.9940544640625 0.41198470781249996 0.9500528140625001 0.2477683140625 0.88897963125 0.2615376453125 0.9864636140625 0.4132109546875
1 0.5469679000000001 0.362072603125 0.4676772734375 0.38452257031250003 0.5456438593749999 0.527265825 0.6327677203125 0.50041385625 0.5469679000000001 0.362072603125
1 0.803015809375 0.296124321875 0.7171145 0.3193689484375 0.809599084375 0.4570944609375 0.8896127671875 0.42864045781250004 0.803015809375 0.296124321875
1 0.6311771875 0.342314553125 0.551116321875 0.36272610781250003 0.6319575484375 0.4992280578125 0.721711809375 0.48219287812499995 0.6311771875 0.342314553125
1 0.6355498765625 0.3434679703125 0.7240871859375 0.4822578375 0.8082457937499999 0.4590061671875 0.7142198359374999 0.3207647828125 0.6355498765625 0.3434679703125
1 0.4615968140625 0.5568005640625 0.54506993125 0.5295239265625 0.463909303125 0.385029528125 0.3826681 0.4089023625 0.392449109375 0.429923140625 0.4615968140625 0.5568005640625
1 0 0.56582625 0.0289571796875 0.6738959125 0.094448715625 0.6555039578125 0.0352738859375 0.51341106875 0 0.521780903125 0 0.56582625
0 0.12849220625 0.4991674609375 0.0401029609375 0.5192236109375 0.098113221875 0.65452205625 0.1873094578125 0.62828525625 0.12849220625 0.4991674609375
0 0.303256184375 0.4533282484375 0.216924909375 0.475271828125 0.2808886078125 0.6045197421874999 0.37037189531250003 0.5791398875 0.303256184375 0.4533282484375
0 0.21553753437499998 0.47467536718750003 0.1294864625 0.49714212812499997 0.1909473984375 0.6296472125 0.28070125468749996 0.6079344796874999 0.21553753437499998 0.47467536718750003
1 0.387574203125 0.43213818281250005 0.305324503125 0.4543900328125 0.37056320625 0.5783871859375 0.457814578125 0.55641113125 0.387574203125 0.43213818281250005
1 1 0.5530528546875 0.9897753874999999 0.53741220625 0.9137815921874999 0.5540696953124999 1 0.7063976828125 1 0.5530528546875
1 0.2385936390625 0.7376828640624999 0.14430441249999998 0.7593547546875 0.22441359374999997 0.945889990625 0.32364112343749996 0.9204220953125001 0.2385936390625 0.7376828640624999
1 1 0.7114137734375 0.90989208125 0.5565767890625 0.8324121281249999 0.5754247140625 0.9308158640625 0.7576179578125 1 0.7362249984375 1 0.7114137734375
1 0.340845275 0.7107225671874999 0.4282364703125 0.8935158984375 0.5252747859375 0.8680745796875 0.430783153125 0.681705675 0.340845275 0.7107225671874999
0 0.0828135859375 0.8748907625 0.12412744843750001 0.9758502234374999 0.2227524125 0.9439319828125001 0.1420603296875 0.7614428203125 0.058977146875 0.7859319578124999 0.0828135859375 0.8748907625
1 0.72126193125 0.608342365625 0.8212739250000001 0.7876418078125 0.9117191296874999 0.7645271296875 0.8081142265624999 0.583960240625 0.72126193125 0.608342365625
1 0.43554339375 0.6865903999999999 0.525007509375 0.8659061124999999 0.6190038453125 0.8384797875000001 0.5275668578125 0.66585293125 0.43554339375 0.6865903999999999
0 0.2423915359375 0.7357595734375 0.327181553125 0.9217135234375 0.42745278906250006 0.8942859046875 0.3397196703125 0.71674645625 0.2423915359375 0.7357595734375
1 0.62098535 0.6396900359375 0.7243864828125 0.8164028265625 0.8199992796875 0.787983346875 0.718850865625 0.60955835 0.62098535 0.6396900359375
0 0.6101819953125001 0.817322721875 0.620618846875 0.8363669874999999 0.7205209359375 0.8157585328125 0.6182486859375 0.6404347671874999 0.530116584375 0.6649339765625 0.6101819953125001 0.817322721875
1 0 0.23640610624999997 0.01266955625 0.26328525625 0.09393695156250001 0.240633971875 0.0461981453125 0.143956653125 0 0.156320196875 0 0.23640610624999997
0 0.12447609062500001 0.12366661875 0.0469603265625 0.1430509 0.0949140390625 0.24172955625 0.1773039453125 0.2223953640625 0.12447609062500001 0.12366661875
1 0.20280466718749998 0.10542065781250001 0.1257773203125 0.123028425 0.17754284843749998 0.22233135 0.2569516796875 0.203338921875 0.20280466718749998 0.10542065781250001
1 0.2874137546875 0.0886909828125 0.2030487859375 0.1048820390625 0.2570623109375 0.20285225625 0.33757217968750003 0.1812797015625 0.2874137546875 0.0886909828125
1 0.8233857531250001 0.789772340625 0.8945626109375 0.9119153578124999 0.9896440078125 0.8864383734375 0.914077909375 0.7660431812499999 0.8233857531250001 0.789772340625
1 0.7279353125 0.8213292843750001 0.7955668234375 0.9384411984375 0.8921704296874999 0.912556340625 0.820249925 0.7911843125 0.7279353125 0.8213292843750001
1 1 0.7367854031250001 0.9191380859375 0.7621218890625 0.99336480625 0.8854413890625 1 0.88366349375 1 0.7367854031250001
1 0.6301740921875 0.842872375 0.6944003203125 0.9655486812499999 0.7922061375 0.9393416921875 0.7227027484375 0.8214769375 0.6301740921875 0.842872375
1 0.35866169999999997 1 0.3214474671875 0.9248380296875001 0.22850742343750002 0.949169509375 0.250654490625 1 0.35866169999999997 1
1 0.4760968796875 1 0.42394432968749995 0.8990360515625 0.325422746875 0.925859384375 0.3623166640625 1 0.4760968796875 1
1 0.5658262484375001 1 0.5907416249999999 0.9933239453124999 0.5268914546875 0.873944415625 0.42584321249999996 0.8989518015625 0.4775665375 1 0.5658262484375001 1
1 0.5292096234375 0.8719194187499999 0.591614165625 0.9930901484374999 0.6917883812500001 0.9662485484375001 0.6258718328125 0.8440987546875001 0.5292096234375 0.8719194187499999
1 0.2478571921875 1 0.2267507046875 0.9502119499999999 0.126137859375 0.979922171875 0.134067346875 1 0.2478571921875 1
1 0.585994928125 0 0.5154638625 0.021199426562500002 0.5757343171875 0.125590309375 0.6508696781250001 0.10406940625000001 0.587315815625 0 0.585994928125 0
1 0.3374000015625 0.18086881875 0.413237059375 0.159306165625 0.3598469078125 0.0706536375 0.28855034218750003 0.088386434375 0.3374000015625 0.18086881875
1 0.5896223296875001 0 0.651828128125 0.10513672031250001 0.7292237484374999 0.08585138437499999 0.6650794203125 0 0.5896223296875001 0
1 0.43772941718749997 0.0492457640625 0.4946822015625 0.14244859999999998 0.5732256140625 0.123485625 0.512654040625 0.025169007812499998 0.43772941718749997 0.0492457640625
1 0.43521519218750004 0.050915784374999995 0.3604415328125 0.06928762499999999 0.41491840468749996 0.1605548421875 0.49348588437499996 0.14224487187499998 0.43521519218750004 0.050915784374999995
1 0.756706609375 0 0.8080054562500001 0.06613033593749999 0.8813105468750001 0.0464882953125 0.84478760625 0 0.756706609375 0
1 0.6695771125000001 0 0.7302811499999999 0.0904276140625 0.8059845296875 0.066671840625 0.7527802640625 0 0.6695771125000001 0
1 0.8474264203124999 0 0.8813263328125001 0.0450956203125 0.8949935546875001 0.042284359375000004 0.88366349375 0 0.8474264203124999 0