1 1 0.290318659375 0.9471943671874999 0.28007329375 0.9635532140624999 0.407642303125 1 0.4150010359375 1 0.290318659375
1 0.864061759375 0.268360428125 0.885049146875 0.3984304984375 0.9598903312499999 0.410140559375 0.9382584828124999 0.27997710468750003 0.864061759375 0.268360428125
1 0.67406080625 0.241085925 0.595029159375 0.2249733 0.5898630984375 0.22406238437499998 0.6050981453125 0.35415628125 0.6897220859375001 0.3663102453125 0.67406080625 0.241085925
1 0.67965984375 0.2403400671875 0.6948596031250001 0.3650254234375 0.780860953125 0.386135625 0.76299645625 0.25514999375 0.67965984375 0.2403400671875
1 0.76754601875 0.2546275609375 0.7848157359375 0.389985925 0.8732698328125 0.40508728125 0.8540059937500001 0.269395528125 0.76754601875 0.2546275609375
1 0.5070359234375 0.21117146875 0.518495159375 0.3425736578125 0.6053832453125 0.35512685 0.5900545203124999 0.2258098875 0.5070359234375 0.21117146875
1 0.41453483125 0.1974463109375 0.42516140937499997 0.330109946875 0.515327390625 0.34393300312499997 0.504977825 0.2106508390625 0.41453483125 0.1974463109375
0 0.14688760625 0.1478729484375 0.058106709374999996 0.13134654375000002 0.0567120140625 0.2879745359375 0.1479126515625 0.3034370703125 0.14688760625 0.1478729484375
1 0.1472140609375 0.148802446875 0.149358046875 0.307205346875 0.24258207031249998 0.324435728125 0.242503709375 0.16734845468749998 0.1472140609375 0.148802446875
0 0.326827209375 0.181345028125 0.334994703125 0.34308638125 0.42265990625 0.35785223906249997 0.4124000546875 0.1938180203125 0.326827209375 0.181345028125
0 0.24312837968749998 0.16658666718749998 0.2435335296875 0.3255755484375 0.33407686875 0.339465140625 0.32415118125000003 0.1826170453125 0.24312837968749998 0.16658666718749998
1 0.9909369046875 0.5951436984375 0.9639544578124999 0.422052521875 0.8779079125000001 0.40867354687499996 0.8987508078124999 0.581478734375 0.9903741437500001 0.5983352796875 0.9909369046875 0.5951436984375
1 1 0.428687128125 0.9681254140625001 0.4217453921875 0.9914528765625 0.5922174734375 1 0.5437443281250001 1 0.428687128125
1 0.603437315625 0.366432940625 0.5192639812500001 0.35280838281250004 0.530064571875 0.5201633671875 0.6235072046875 0.5330936984375 0.603437315625 0.366432940625
1 0.87239351875 0.41654624218749997 0.781672709375 0.40077968124999996 0.80828143125 0.569781896875 0.8957545890624999 0.5781135171875 0.87239351875 0.41654624218749997
1 0.6910486953125 0.3847180921875 0.6070429796875 0.368853375 0.6232650765625001 0.53163255 0.7148884359375 0.5548804781250001 0.6910486953125 0.3847180921875
1 0.6946464265625 0.3877033515625 0.7170880562499999 0.55597755625 0.8061773734375001 0.5709771796875 0.778348171875 0.4008205703125 0.6946464265625 0.3877033515625
1 0.43833642343749996 0.5110814765625 0.528540265625 0.5220222671875 0.515508453125 0.351637934375 0.4288842875 0.3384914328125 0.4288797609375 0.36239462968749997 0.43833642343749996 0.5110814765625
1 0.0574125703125 0.284542459375 0.031229192187499998 0.2791461171875 0.0036861796875 0.4353503015625 0.050871406249999994 0.44309091875 0.0574125703125 0.284542459375
0 0.15106611875 0.31190941250000004 0.05940398125 0.2920789640625 0.054737274999999995 0.4437725765625 0.1498550796875 0.4581817359375 0.15106611875 0.31190941250000004
0 0.33500150624999997 0.3453418109375 0.24444550625 0.328172334375 0.2480047625 0.47681164374999996 0.34301762812500003 0.49214652656249996 0.33500150624999997 0.3453418109375
0 0.24340465937500003 0.32700985312499997 0.15288303125 0.3104513390625 0.15267259375 0.461041215625 0.24633800625000002 0.4799196296875 0.24340465937500003 0.32700985312499997
1 0.423340153125 0.36233675 0.3364778625 0.3472360578125 0.34352573125 0.49152689218749995 0.4349589171875 0.50906748125 0.423340153125 0.36233675
1 0.9539794468749999 0.8047398593749999 0.9422074578125 0.723419821875 0.8636556453124999 0.7058229078125 0.880364490625 0.9152279421875 0.933031946875 0.9235390328124999 0.9539794468749999 0.8047398593749999
1 0.15018912499999998 0.5827465468749999 0.05228759375000001 0.5618511578125001 0.045976265625 0.77104736875 0.1501671859375 0.7905515125 0.15018912499999998 0.5827465468749999
1 0.7780105703125 0.6902685375 0.790754534375 0.9033909437500001 0.8781167953125 0.9153978468749999 0.8589127671875 0.7064677734375 0.7780105703125 0.6902685375
1 0.2578681578125 0.602176075 0.2600208796875 0.81105415625 0.3621468234375 0.8296279500000001 0.3548955 0.614311915625 0.2578681578125 0.602176075
0 0 0.7628724578125 0.0452731171875 0.768493590625 0.0492710109375 0.562822521875 0 0.5553866484375 0 0.7628724578125
1 0.6593838796875 0.6725212921875 0.674899871875 0.8836422781250001 0.7698258906250001 0.90151276875 0.75149335 0.6876402328125 0.6593838796875 0.6725212921875
1 0.3572274765625 0.62095170625 0.36284298125 0.8274857546875 0.4629824421875 0.8428780984375001 0.45259582343750004 0.641731375 0.3572274765625 0.62095170625
0 0.154591159375 0.582607046875 0.1529240375 0.7933025671875 0.25894960624999996 0.8114314968749999 0.25418209375 0.60731191875 0.154591159375 0.582607046875
1 0.5516416234375 0.658051778125 0.5714659125 0.868235265625 0.6735551875 0.8834051734375 0.6565914671875 0.67260518125 0.5516416234375 0.658051778125
0 0.46394612031250004 0.8192660828125 0.4654197765625 0.8416091578125 0.5681215500000001 0.8659468515625001 0.5487495859375 0.6575534046875 0.45538859687500005 0.6419854421875 0.46394612031250004 0.8192660828125
1 0.080450184375 0 0.07549700000000001 0.028090909375 0.1449298390625 0.03961985625 0.1447627078125 0 0.080450184375 0
1 0.1452305421875 0 0.145427115625 0.041035746875 0.23154246562499997 0.05533473437500001 0.230266384375 0 0.1452305421875 0
1 0.919549815625 1 0.9331427437500001 0.9229106734375 0.878116075 0.9168255828125 0.8870788656249999 1 0.919549815625 1
0 0.2310313109375 0 0.23198054375 0.056784439062500004 0.3177003609375 0.07467170937499999 0.313528340625 0 0.2310313109375 0
1 0.31458835937499996 0 0.3179523875 0.07471614843749999 0.400726875 0.09162198906249999 0.39433301875 0 0.31458835937499996 0
1 0.394794325 0 0.40104314218750003 0.09121565937500001 0.48597694531249996 0.10619178124999999 0.4794924328125 0 0.394794325 0
1 0.7834662406249999 1 0.7713763296875 0.9039580796875001 0.675950375 0.8865538328125 0.6864447796875 1 0.7834662406249999 1
1 0.6837310921875 1 0.6723925937499999 0.8865045765625 0.572643421875 0.874385490625 0.58376543125 1 0.6837310921875 1
1 0.8849085390625 1 0.8745205281249999 0.9154234953125 0.7778347390625 0.9025029765625 0.78825574375 1 0.8849085390625 1
1 0.5801588796875 1 0.567671065625 0.8722403999999999 0.471541575 0.8518549265625 0.47847534999999997 1 0.5801588796875 1
1 0.0483840890625 0.775896965625 0.044613465625 0.9274163734374999 0.1498553765625 0.9459733609375001 0.1461814484375 0.7937193546875 0.0483840890625 0.775896965625
1 0.14946409375 0.796407859375 0.153390709375 0.9465967359375 0.2598171828125 0.9653625953124999 0.2535847171875 0.8143378703125 0.14946409375 0.796407859375
1 0.2554025625 0.8150876703125001 0.26105347968750003 0.9655805875000001 0.36939070625000003 0.9846833640625 0.36110014218750003 0.8358163734374999 0.2554025625 0.8150876703125001
1 0.4758185859375 1 0.46697077656249997 0.8511233796875001 0.364158675 0.834936246875 0.37016162656249996 0.984819296875 0.456255671875 1 0.4758185859375 1
1 0 0.919549815625 0.041026828125 0.9267839515625 0.046281196875 0.77610424375 0 0.7691429296875001 0 0.919549815625
1 0.7227288 0.034275468749999996 0.7336776875 0.1580842578125 0.81354791875 0.1707636796875 0.7993333171875 0.0454198828125 0.7227288 0.034275468749999996
1 0.48065771718750006 0 0.48599486406250003 0.10573284999999999 0.566541478125 0.11867943125 0.5551738921875 0.012573884375 0.4906613046875 0 0.48065771718750006 0
1 0.8015103031249999 0.0465056734375 0.8139808578125001 0.1721788453125 0.8949949484375 0.1879327 0.8684095171875 0.0611095203125 0.8015103031249999 0.0465056734375
1 0.6375714593749999 0.026557495312500002 0.65029374375 0.1384679234375 0.73224365 0.1550236875 0.7183600296875 0.036757531249999996 0.6375714593749999 0.026557495312500002
1 0.634484034375 0.027020492187500002 0.5563280859375 0.0115573234375 0.5675732671875 0.12057941406249999 0.649260615625 0.1377556546875 0.634484034375 0.027020492187500002
1 1 0.08791159531250001 0.9482965218749999 0.076153971875 0.9774993750000001 0.20388430937500002 1 0.2078517765625 1 0.08791159531250001
1 0.8939885500000001 0.19266873906249998 0.9753674 0.20350838593749998 0.95111164375 0.103769253125 0.9438050828125 0.0758076484375 0.873888625 0.0648833453125 0.8939885500000001 0.19266873906249998