1 0.93660279375 0.1491874734375 0.9078551703125 0.10084334375 0.8375842062500001 0.114524725 0.8974858796875 0.22141824687499997 0.9498756140625 0.2116311875 0.93660279375 0.1491874734375
1 0.76015176875 0.1338096484375 0.825023875 0.24126323749999998 0.8951489484374999 0.224931540625 0.8296756484375001 0.1176251671875 0.76015176875 0.1338096484375
0 0.582998746875 0.1774398140625 0.5076112671875 0.19137503281249998 0.5027341609375 0.19241169375 0.562545825 0.30193691718750004 0.641449696875 0.2825101421875 0.582998746875 0.1774398140625
1 0.587666646875 0.1747848140625 0.6455187328124999 0.2795434125 0.72882983125 0.2675397109375 0.6663831484375 0.1581638546875 0.587666646875 0.1747848140625
1 0.6702059203124999 0.1560803984375 0.733687640625 0.2695322 0.8170175578125001 0.25134449375 0.751659753125 0.13830895468749999 0.6702059203124999 0.1560803984375
1 0.425150821875 0.21054676562500002 0.4821017484375 0.3225740375 0.563143121875 0.3026929203125 0.503525934375 0.1938876203125 0.425150821875 0.21054676562500002
1 0.3387454109375 0.23139319687499998 0.3954123875 0.3448319578125 0.479795015625 0.3249044484375 0.42315159687500004 0.21082037968749998 0.3387454109375 0.23139319687499998
0 0.085219915625 0.282998325 0.0010939046875 0.30004329687500003 0.0557125828125 0.43894323125 0.141591521875 0.420095596875 0.085219915625 0.282998325
0 0.085839009375 0.2837032921875 0.144208825 0.42291014687499995 0.23250110937500001 0.4049033625 0.1764206171875 0.2661227 0.085839009375 0.2837032921875
0 0.255716746875 0.2484312265625 0.3205848171875 0.38844082812499997 0.4030999390625 0.3702378859375 0.33557054218750004 0.2289480921875 0.255716746875 0.2484312265625
0 0.17669944843750002 0.265226871875 0.23374594843750002 0.405571378125 0.3184848265625 0.3855681421875 0.2538121984375 0.25050917500000003 0.17669944843750002 0.265226871875
1 0.9832301578125 0.3685519765625 0.902977596875 0.234008659375 0.822383340625 0.25286009374999996 0.9023658625 0.3981276484375 0.9858810265625 0.38102333125 0.9832301578125 0.3685519765625
1 0.9065435140625 0.23225041562499998 0.9825115953125 0.3651714109375 0.952584178125 0.22437398125 0.9065435140625 0.23225041562499998
1 0.5654597078125 0.3133771125 0.48642854843750005 0.3313437828125 0.555618503125 0.47537517500000004 0.6425701875 0.45349076562499996 0.5654597078125 0.3133771125
1 0.8203311890625 0.2617824765625 0.7347666687500001 0.2801904125 0.8184740140625 0.420042125 0.8985257000000001 0.39622209218750004 0.8203311890625 0.2617824765625
1 0.6491822484374999 0.29830314375 0.5695000390625 0.31423056875 0.6418358328125 0.45228595 0.730863253125 0.44016710937500003 0.6491822484374999 0.29830314375
0 0.653416984375 0.2996585296875 0.733192725 0.44035241718749996 0.817046121875 0.421848375 0.7318516828125 0.281411665625 0.653416984375 0.2996585296875
1 0.4715498203125 0.500049046875 0.5549381062500001 0.477561153125 0.48270185625 0.3316482875 0.4016814953125 0.35091105312500004 0.41020049218750004 0.3720344875 0.4715498203125 0.500049046875
1 0 0.5496927390625 0.0154723828125 0.5984413015625 0.1058745640625 0.5780923140625001 0.0551061609375 0.43566077812500004 0 0.44572522968749995 0 0.5496927390625
0 0.1473912625 0.426457959375 0.059548218750000007 0.44161044218749995 0.1095242015625 0.577316559375 0.1984793359375 0.556141740625 0.1473912625 0.426457959375
1 0.32139501406250004 0.3904313921875 0.2354754953125 0.40754090468750004 0.2916111078125 0.5376157484374999 0.38080385 0.5172963421875 0.32139501406250004 0.3904313921875
0 0.23414380625 0.406884728125 0.148472425 0.42452185781249996 0.20198170000000001 0.5576641109375 0.29125056250000003 0.54095625 0.23414380625 0.406884728125
1 0.4052983765625 0.3739580859375 0.32337138906249996 0.39157893593750004 0.3810306484375 0.5165676828125 0.4678554640625 0.499473403125 0.4052983765625 0.3739580859375
1 1 0.5230639375 0.9912705390625 0.5080611640625 0.9157766468749999 0.5205137578125 1 0.68924579375 1 0.5230639375
1 0.24318884375 0.6660931109375 0.1494679578125 0.682528771875 0.21849798125 0.8696327531250001 0.3172649828125 0.8497257062499999 0.24318884375 0.6660931109375
1 1 0.694234703125 0.9118271796874999 0.5227743140625 0.8347604984375 0.537299809375 0.9219818921874999 0.7210803578125 1 0.7013677265625 1 0.694234703125
1 0.3450029484375 0.644876696875 0.421378021875 0.8286823249999999 0.517993646875 0.808689303125 0.434830178125 0.6210123750000001 0.3450029484375 0.644876696875
0 0.053110853125 0.7069044124999999 0.1184590609375 0.89389290625 0.2169677890625 0.8676267890625 0.1471561109375 0.6844624500000001 0.053110853125 0.7069044124999999
1 0.7238992078125001 0.5639053453125 0.8128496671875001 0.74492919375 0.90286998125 0.7268813125 0.81045649375 0.5444301203124999 0.7238992078125001 0.5639053453125
1 0.43925260625 0.6260482640625 0.5178432734375 0.8065482093749999 0.611574034375 0.7844520640625 0.5307000015625001 0.6104133703125 0.43925260625 0.6260482640625
0 0.24701815625 0.6644006171875 0.3206752296875 0.8511738937500001 0.420568565625 0.8293976437499999 0.34358605625 0.6507289328125 0.24701815625 0.6644006171875
0 0.6237979453125 0.5895271609375 0.71621058125 0.7681867875 0.8115801953125 0.7451990281249999 0.7214684578125 0.56497490625 0.6237979453125 0.5895271609375
0 0.6040040624999999 0.763244015625 0.6132693453125 0.7824619234375 0.7124475796875 0.76735684375 0.62107179375 0.5901177234375 0.5332515718749999 0.6096423140625 0.6040040624999999 0.763244015625
1 0 0.198053325 0.0448957390625 0.1880394640625 0.0063864859375 0.09375049375 0 0.0951079828125 0 0.198053325
1 0.1268217234375 0.17105033125 0.08623576875 0.0767780046875 0.0067921765625 0.0936642609375 0.0458387921875 0.18911333125000002 0.1268217234375 0.17105033125
0 0.20963849843750001 0.15742392968750002 0.16398492656250002 0.0602519109375 0.087274559375 0.076557203125 0.1277246640625 0.1721751828125 0.20963849843750001 0.15742392968750002
1 0.16538418906250002 0.059954489062500005 0.20987642968750003 0.1573733546875 0.2888449125 0.142804815625 0.240730340625 0.043968940625 0.23995534218749998 0.0441039015625 0.16538418906250002 0.059954489062500005
1 0.24118676093750002 0.0438421546875 0.288978725 0.142333025 0.369161921875 0.12528956093750002 0.32468894531250003 0.031886478125 0.246771571875 0.0426550671875 0.24118676093750002 0.0438421546875
1 1 0.898743903125 0.9051081296874999 0.7284893890624999 0.81481351875 0.7471274796875 0.9052486671875 0.922735253125 1 0.9033820828125 1 0.898743903125
1 0.8147854046875 0.9442605937499999 0.9036821015625 0.9238743578124999 0.8116608546874999 0.7483522203125 0.7194411359374999 0.77320161875 0.8074783765625 0.9458137515624999 0.8147854046875 0.9442605937499999
1 1 0.701874325 0.9102804125 0.7249013265625 1 0.8932017078125 1 0.701874325
1 0.6223171015625 0.7893332125 0.7041925453125 0.9677678328124999 0.8046943000000001 0.946405525 0.7142946593749999 0.7730786625 0.6223171015625 0.7893332125
1 0.37794595000000003 1 0.314882303125 0.8539457609375001 0.222348928125 0.8730597156250001 0.269943284375 1 0.37794595000000003 1
1 0.49199719531249997 1 0.41687735468750003 0.833878290625 0.318733575 0.8551512453125 0.3816221375 1 0.49199719531249997 1
1 0.5525521171875 1 0.6014899765624999 0.9895979374999999 0.5192778765625 0.814530759375 0.41874658125 0.8338928250000001 0.493120015625 1 0.5525521171875 1
1 0.521659221875 0.812662746875 0.601417646875 0.9896133109375 0.702352571875 0.96815893125 0.61802849375 0.790316175 0.521659221875 0.812662746875
1 0.2663893328125 1 0.22056977656250001 0.8739925078124999 0.1202229328125 0.8979906640624999 0.154470621875 1 0.2663893328125 1
1 0.5636956843750001 0 0.605937578125 0.0828441625 0.6808398609374999 0.065576290625 0.6453385265625 0 0.5636956843750001 0
1 0.3690140734375 0.12487764531250001 0.44460764062499997 0.107604728125 0.3967573109375 0.0178979109375 0.3258209203125 0.031645870312500005 0.3690140734375 0.12487764531250001
1 0.6468279609375001 0 0.6817259609375 0.06667245468750001 0.7587324343749999 0.0517135140625 0.72412835 0 0.6468279609375001 0
1 0.47768549531250004 0 0.4743516953125 0.0008815343749999999 0.5254655828125 0.09523485937500001 0.603582625 0.080650921875 0.559509828125 0 0.47768549531250004 0
1 0.471796159375 0.0023912546875 0.3974119125 0.0165881921875 0.44619431093750006 0.108915821875 0.524301228125 0.0949737578125 0.471796159375 0.0023912546875
1 0.8118014265625 0 0.8371226984375 0.036398048437500004 0.90936474375 0.021042528125 0.908984665625 0.0192543984375 0.8954129249999999 0 0.8118014265625 0
1 0.7258731734375 0 0.7595342953124999 0.056257228125 0.8351099703125 0.0368258671875 0.808731203125 0 0.7258731734375 0