1 1 0.2740009875 0.9930738015625 0.245738265625 0.9225711421874999 0.2383519796875 0.9483661453125001 0.3567018171875 1 0.36250788749999996 1 0.2740009875
1 0.8436654578124999 0.2341913109375 0.874005215625 0.3545075859375 0.9451365890625001 0.359346740625 0.9141849234375 0.2389957875 0.8436654578124999 0.2341913109375
1 0.66328385 0.22420862968750002 0.587862596875 0.21558293125 0.5829442031250001 0.21515262656249998 0.6078924890625 0.335963796875 0.6882326125 0.340415825 0.66328385 0.22420862968750002
1 0.668472396875 0.22304887031249998 0.692944259375 0.3387882875 0.7753099953125 0.3515304984375 0.747823225 0.230098646875 0.668472396875 0.22304887031249998
1 0.7520460953125 0.22923473125 0.7793336296875 0.3548182296875 0.8635065265625 0.36172105781249997 0.8343219656249999 0.2359885640625 0.7520460953125 0.22923473125
1 0.5042283265624999 0.20986154531249998 0.5257436375 0.3322104140625 0.6082393578125 0.33685102968749997 0.5832669218750001 0.2167765265625 0.5042283265624999 0.20986154531249998
1 0.41637375312499997 0.20458240625 0.4372117578125 0.3281832484375 0.5228849421875 0.33374606406249996 0.5022559671875 0.209542121875 0.41637375312499997 0.20458240625
0 0.161362740625 0.1800558890625 0.076766621875 0.17184283125 0.0882977796875 0.3189161296875 0.175075453125 0.32593221875 0.161362740625 0.1800558890625
1 0.16174501562500002 0.1809011890625 0.1767395515625 0.329349128125 0.26555927343749997 0.3378577140625 0.25260932187499996 0.1904744953125 0.16174501562500002 0.1809011890625
0 0.332818790625 0.19668006093749998 0.35373465312499996 0.34776554375 0.43714037812499995 0.35441839062499997 0.4140747625 0.20135346875 0.332818790625 0.19668006093749998
0 0.253132571875 0.1897084203125 0.2665447984375 0.338849009375 0.35257725 0.344443253125 0.330414 0.19809337968750002 0.253132571875 0.1897084203125
1 0.9499235625000001 0.370189475 0.8681491828125001 0.36470492499999996 0.9018564734375 0.5251299765625 0.9901846796875 0.5335180515625 0.9499235625000001 0.370189475
1 1 0.37546590625 0.9538090984375 0.3695586703125 0.9925438625 0.5403280125000001 0.9982857890625001 0.541423984375 1 0.5218304640625 1 0.37546590625
1 0.6073416078125 0.347619003125 0.5273034296875 0.3417501515625 0.551148246875 0.4978864140625 0.6398204625 0.5023424484375 0.6073416078125 0.347619003125
1 0.8636241828125 0.3725445984375 0.7772714765625001 0.36520383437500004 0.8160731078125 0.5215870421875 0.8987713562499999 0.522218640625 0.8636241828125 0.3725445984375
1 0.69098534375 0.35757830625000003 0.6109207 0.34959381875 0.6394736703125 0.5009913921875 0.7272858624999999 0.515277525 0.69098534375 0.35757830625000003
0 0.6946033 0.3600837296875 0.729438165625 0.516126184375 0.8141983109375 0.5228813796875 0.7741577265624999 0.3655153015625 0.6946033 0.3600837296875
1 0.46439899687499997 0.4969004 0.5498714234375 0.49975577343750005 0.5236862828125 0.340960465625 0.44138937968749997 0.3357414890625 0.44334448593750003 0.35816941875 0.46439899687499997 0.4969004
1 0.0037904609375 0.43484436562499995 0.0040410890625 0.45803148125000004 0.0955365203125 0.46493635624999996 0.088673296875 0.3156383796875 0.014971029687500002 0.307049878125 0.0037904609375 0.43484436562499995
0 0.17872664062500002 0.33362248125 0.09115822343749999 0.3225460375 0.099217053125 0.4652583609375 0.189581140625 0.47096431875 0.17872664062500002 0.33362248125
0 0.3539259078125 0.349881178125 0.26761273124999996 0.34121056875 0.28313390781250003 0.480381403125 0.3734754828125 0.4869645546875 0.3539259078125 0.349881178125
0 0.2665415375 0.340205353125 0.1803106703125 0.332105165625 0.1924572484375 0.4734158203125 0.2818259109375 0.48343443906249994 0.2665415375 0.340205353125
0 0.438145775 0.35857017343750003 0.3554654203125 0.3515372078125 0.373901090625 0.48634143593749996 0.4610671421875 0.4952881890625 0.438145775 0.35857017343750003
1 0.9791114000000001 0.7605882609375 0.9542366046874999 0.6547386359375 0.8791435812499999 0.644680865625 0.9119748624999999 0.8397859125 0.9718194390624999 0.843935765625 0.9791114000000001 0.7605882609375
1 0.20010494687499997 0.5878118140625 0.1065991484375 0.576248721875 0.117829475 0.77304888125 0.2171181984375 0.782789959375 0.20010494687499997 0.5878118140625
1 0.7975673046875 0.637122234375 0.8269858046874999 0.8360408734375 0.9098813375000001 0.8401299718749999 0.8747494921875001 0.645675534375 0.7975673046875 0.637122234375
1 0.302658028125 0.597196340625 0.3217982171875 0.7930027125 0.419074546875 0.8020405078125 0.3946261640625 0.6006124578125001 0.302658028125 0.597196340625
0 0.0082995171875 0.5714279125 0.016076721874999998 0.7670544046875001 0.11696086406249999 0.7707105203125 0.10385040781249999 0.577407921875 0.0082995171875 0.5714279125
1 0.6848875375000001 0.63021545625 0.71674105 0.8270285124999999 0.807209040625 0.8359978765625 0.7724891734375 0.636834503125 0.6848875375000001 0.63021545625
1 0.397356903125 0.606650784375 0.41955167187500003 0.799973371875 0.5147046828125 0.8061893015624999 0.48847809062499997 0.6183133921875 0.397356903125 0.606650784375
0 0.20422088437500002 0.587319309375 0.219928540625 0.7851447109375 0.32082471562500003 0.7934447609374999 0.29962294218749996 0.6023179296875 0.20422088437500002 0.587319309375
1 0.5826817515625 0.6254899328125 0.6184978984375 0.8210694515625001 0.7154608296875 0.8269165078125 0.6822762328125 0.6305235546875 0.5826817515625 0.6254899328125
0 0.51367275 0.7839557875 0.516885925 0.8047984781249999 0.6151746234375 0.819197040625 0.579929309375 0.6252598984375 0.4911174359375 0.61832235625 0.51367275 0.7839557875
1 0.06437167656250001 0 0.0687392921875 0.0723043984375 0.1506535953125 0.07864651406249999 0.14344857187499999 0 0.06437167656250001 0
1 0.14386685 0 0.15123590625 0.07993414531250001 0.2331502125 0.086276259375 0.2236053171875 0 0.14386685 0
1 0.9581655874999999 1 0.9719115453124999 0.8428829796875 0.9099976953125 0.8414696265625 0.9412130109374999 1 0.9581655874999999 1
0 0.22455000468750003 0 0.23367978906250003 0.08760048125 0.315517371875 0.0973418515625 0.30150991718750003 0 0.22455000468750003 0
1 0.30281976718750003 0 0.3157573171875 0.09736284375000001 0.394752896875 0.10642532499999999 0.3779307453125 0 0.30281976718750003 0
1 0.37839656875 0 0.395016121875 0.1060181 0.47587810937499997 0.11309260624999999 0.46079004375 0.011954145312500001 0.3863548859375 0 0.37839656875 0
1 0.8437438171875 1 0.8088631859375001 0.8381648640625 0.7179646671875 0.8296740296875 0.748840015625 1 0.8437438171875 1
1 0.7467440296875 1 0.714624834375 0.8299200765625001 0.620106071875 0.8267432703125 0.65080989375 1 0.7467440296875 1
1 0.9403976609375 1 0.9065115609375001 0.8404494609375 0.8147993484375 0.8362690484374999 0.8468919015624999 1 0.9403976609375 1
1 0.6479035625 1 0.61526813125 0.8251390687500001 0.523465603125 0.8139088453125 0.54852955625 1 0.6479035625 1
1 0.1204845828125 0.777401296875 0.13247978124999998 0.9697560656249999 0.235162284375 0.9787396203125001 0.21364081875 0.7860896546875 0.1204845828125 0.777401296875
1 0.21693902187499997 0.7883425265625 0.23863121406249999 0.9790431125 0.3407318078125 0.9879757578125 0.31603280312500004 0.796612421875 0.21693902187499997 0.7883425265625
1 0.317798684375 0.797166603125 0.34171757343750003 0.9880620015625 0.44579654062499996 0.99716773125 0.41860043906250005 0.8079328765625 0.317798684375 0.797166603125
1 0.5466180171875 1 0.519120034375 0.8135979390625 0.4213959921875 0.8068558343750001 0.4457235984375 0.9971613484375 0.478169534375 1 0.5466180171875 1
1 0.016561354687499998 0.7714373921875 0.0217330375 0.96006698125 0.1285638703125 0.96941346875 0.118529890625 0.7777685265625001 0.016561354687499998 0.7714373921875
1 0.6919629203125 0.02616745625 0.712377290625 0.14143361875 0.78830338125 0.14676916874999998 0.764701234375 0.0303310296875 0.6919629203125 0.02616745625
1 0.4758572890625 0.11266053437500001 0.5524394609375001 0.1181911890625 0.53308365625 0.019569771875 0.4619316015625 0.012054018750000001 0.4758572890625 0.11266053437500001
1 0.7668313906249999 0.03117095625 0.7888253109375001 0.14806140625 0.8660759015625 0.156187628125 0.8307535343750001 0.0393776640625 0.7668313906249999 0.03117095625
1 0.6114862953125 0.025921385937500003 0.6325881015625 0.129878040625 0.7107818531250001 0.13867979218749998 0.688070190625 0.0288551734375 0.6114862953125 0.025921385937500003
1 0.6086294624999999 0.0266094234375 0.5340825062500001 0.0185211546875 0.5535626140625001 0.11988912031250001 0.63156105 0.1292946109375 0.6086294624999999 0.0266094234375
1 1 0.115014115625 0.9809372375000001 0.057091965625 0.9068892140625 0.046930865625 0.94474005 0.164376971875 1 0.169211590625 1 0.115014115625
1 0.8655205109375 0.1607139671875 0.9427102859375 0.1641993890625 0.9117923203125 0.07261008906250001 0.9026496296875001 0.0469748796875 0.8362001171875001 0.0424684234375 0.8655205109375 0.1607139671875