1 0.85407578125 0.159244725 0.8966002359375 0.28062485000000004 0.9756507593749999 0.2798173703125 0.9293828843749999 0.1579041015625 0.85407578125 0.159244725
1 0.770324578125 0.1650720546875 0.817896428125 0.2879362578125 0.8935368125 0.28383006875 0.8453151671875 0.16100851249999998 0.770324578125 0.1650720546875
1 0.5788049156249999 0.17789698437499998 0.4981502953125 0.1785680609375 0.49290773593750004 0.178751134375 0.5348579015625 0.30283462499999997 0.62015955625 0.2971286890625 0.5788049156249999 0.17789698437499998
1 0.5841265250000001 0.1760033203125 0.6249176765625 0.29480379375 0.7134287500000001 0.297572 0.6687211921875 0.1731629578125 0.5841265250000001 0.1760033203125
1 0.6730627140625 0.171706034375 0.7180976343750001 0.30051591875 0.80775854375 0.29689663125 0.760703765625 0.1681752453125 0.6730627140625 0.171706034375
1 0.4092103609375 0.1833626578125 0.4477392375 0.3095108828125 0.5353385625 0.303724709375 0.4934582984375 0.1804206546875 0.4092103609375 0.1833626578125
1 0.31587701875 0.189169484375 0.3538537 0.3167247125 0.4449233140625 0.31149913906250004 0.407088990625 0.18328130468749998 0.31587701875 0.189169484375
0 0 0.3514796046875 0.0771178890625 0.3482779609375 0.0437716453125 0.19632640625 0 0.19743834531249999 0 0.3514796046875
1 0.0442842171875 0.19716771718749998 0.07931516875 0.3516633765625 0.174084421875 0.3491348671875 0.14134749062500002 0.19549662031249998 0.0442842171875 0.19716771718749998
0 0.2267383734375 0.19165549375 0.26835530625000004 0.3481642921875 0.357174809375 0.3443808609375 0.31303452656249997 0.18606432343749998 0.2267383734375 0.19165549375
0 0.141800128125 0.19462160312500001 0.175252071875 0.3500519609375 0.266704628125 0.3448130125 0.22438529062499998 0.19345609218749998 0.141800128125 0.19462160312500001
1 0.8999887624999999 0.2946367484375 0.8130408984375 0.29944021875 0.86935654375 0.464135715625 0.9635918515625 0.461543825 0.8999887624999999 0.2946367484375
1 0.9669614171875001 0.4684149203125 0.999276790625 0.4705624390625 0.9931080984375 0.293914209375 0.9040047203125001 0.2934691375 0.9669614171875001 0.4684149203125
1 0.5357858265625 0.31518831718749996 0.45061917500000004 0.3193621078125 0.49597880625 0.480814415625 0.5900678578125 0.474034371875 0.5357858265625 0.31518831718749996
1 0.8092838296875 0.3082873828125 0.7172674359375 0.3117272765625 0.7784322312499999 0.4715041234375 0.8657261328124999 0.46146698593749996 0.8092838296875 0.3082873828125
1 0.6252843828125 0.3148584625 0.5398159328125 0.3168061984375 0.5895272312500001 0.47265549531250006 0.6839819171875 0.47634583125 0.6252843828125 0.3148584625
1 0.6294241656249999 0.3170304765625 0.6863615656250001 0.47696160781249997 0.7766226656249999 0.4731107453125 0.7140240515625 0.3124584828125 0.6294241656249999 0.3170304765625
1 0.40436690468750003 0.491002340625 0.49487429687500006 0.48294961562500005 0.4467023640625 0.31899805468750003 0.3592378328125 0.3241490125 0.3642031609375 0.3475308078125 0.40436690468750003 0.491002340625
0 0 0.42100406562500003 0.0151560109375 0.5049190484375 0.11119109687499999 0.49923722968749995 0.08196394375 0.35590951875 0 0.3556128234375 0 0.42100406562500003
0 0.2688308921875 0.350369021875 0.176684021875 0.352402390625 0.21106935 0.4970535625 0.3071942578125 0.49229905625 0.2688308921875 0.350369021875
0 0.175424225 0.35148171562499997 0.0834380046875 0.35410555 0.1145415625 0.501448428125 0.210085203125 0.5004401703125 0.175424225 0.35148171562499997
0 0.358772571875 0.3486259421875 0.270668821875 0.351914921875 0.3075624265625 0.491587321875 0.400644471875 0.48973457812500004 0.358772571875 0.3486259421875
1 1 0.752961734375 0.9413747734375001 0.5939399046875 0.8608809031250001 0.5930593656250001 0.920762375 0.7944144328125 1 0.790216703125 1 0.752961734375
1 0.137416321875 0.62101055 0.0373097796875 0.620926646875 0.07463070625 0.8268636171875 0.1805999453125 0.8242790390625 0.137416321875 0.62101055
1 0.7738734421875 0.5956515078125 0.8306495609375 0.801467059375 0.9185991203125001 0.795047946875 0.8563757421875 0.5946762390625 0.7738734421875 0.5956515078125
1 0.2467819375 0.617627765625 0.2923158125 0.8214937828125001 0.396071765625 0.81842851875 0.34421218124999997 0.6093252890625 0.2467819375 0.617627765625
0 0.034561075000000004 0.6225039671875 0.0040368203125 0.6243269625 0.0112144890625 0.8298684828124999 0.0734119640625 0.8245118390625 0.034561075000000004 0.6225039671875
1 0.6541491703125 0.6029559578125 0.713220621875 0.8062374875 0.8097877609375 0.8039812375000001 0.7473892328125 0.598593878125 0.6541491703125 0.6029559578125
1 0.3478736890625 0.6153351406249999 0.39630732343749997 0.8161883953125001 0.4974587453125 0.8104242140625001 0.44547834531249997 0.615832528125 0.3478736890625 0.6153351406249999
0 0.1416931578125 0.6199588640625 0.1838685296875 0.8263967937500001 0.2913464 0.8220856078125 0.244244225 0.6234177546875 0.1416931578125 0.6199588640625
1 0.5457529609375 0.6112035125 0.60884364375 0.812672284375 0.711856025 0.8062851406249999 0.6514352203125 0.603618590625 0.5457529609375 0.6112035125
0 0.4934921515625 0.7871278187499999 0.49957899218749996 0.8086762515625001 0.6050965749999999 0.8111292109375 0.5428205015625001 0.6113173171875 0.44826291406249996 0.61550039375 0.4934921515625 0.7871278187499999
1 0 0.09171525312499999 0.019349575 0.090845946875 0.0033357484375 0.017039125 0 0.0171556125 0 0.09171525312499999
1 0.10733681718750002 0.0882096390625 0.0897704984375 0.014020757812500001 0.0037900578125 0.0170232609375 0.0201303671875 0.09212750625 0.10733681718750002 0.0882096390625
1 1 0.78836414375 0.9188952609375001 0.7964446328125 0.9802279796875 0.9835348421875001 1 0.9828443874999999 1 0.78836414375
0 0.1956323359375 0.08921082031250001 0.1744037796875 0.0110652984375 0.09068391406250001 0.0139888609375 0.10806673281250001 0.0895365828125 0.1956323359375 0.08921082031250001
1 0.2803686859375 0.0885285140625 0.25733826875 0.0081691625 0.1755566765625 0.0110250390625 0.195888096875 0.0892018890625 0.2803686859375 0.0885285140625
1 0.36678506718750004 0.085055434375 0.344625734375 0.0051210171875 0.2578013140625 0.0081529921875 0.2805935609375 0.08806530781250001 0.36678506718750004 0.085055434375
1 0.714853515625 0.8088670062500001 0.7714752375 0.9908246484375001 0.8748116390625 0.9872160609374999 0.8118127312500001 0.8060507578125 0.714853515625 0.8088670062500001
1 0.611274125 0.8184432953125 0.6653109374999999 0.9945319874999999 0.7692550703125 0.990902178125 0.7113632390625 0.8095585312500001 0.611274125 0.8184432953125
1 0.8178274734375 0.803284671875 0.877913371875 0.987107746875 0.9797359625000001 0.9835520234375 0.915086775 0.795820740625 0.8178274734375 0.803284671875
1 0.5076972296875 0.8174253328125 0.5551014765625 0.9983805859375 0.6621366984375 0.994642834375 0.6059644390625001 0.8173788906249999 0.5076972296875 0.8174253328125
1 0.21823086093750002 1 0.1773599375 0.8282063375 0.0779942015625 0.8311066234375 0.10952383750000001 1 0.21823086093750002 1
1 0.33124806093750003 1 0.2867030171875 0.8260438921875 0.1811298203125 0.8301535921875001 0.2218989046875 1 0.33124806093750003 1
1 0.4439219109375 1 0.3963346015625 0.8246993265624999 0.2886370296875 0.8263993578125 0.33240491250000004 1 0.4439219109375 1
1 0.50872753125 1 0.5528781046875 0.9984582281250001 0.5030742171875 0.8176600953125 0.399143309375 0.8232025281249999 0.44418713125 1 0.50872753125 1
1 0.105656578125 1 0.0759803578125 0.8317465890625 0.01141584375 0.835634525 0.0171556125 1 0.105656578125 1
1 0.593998115625 0 0.61986200625 0.08431405625 0.7006230796875 0.08011044687499999 0.6738651640625 0 0.593998115625 0
1 0.4481854 0.080519890625 0.42262823593750004 0.002397109375 0.3455652765625 0.0050882078125 0.36670717656249996 0.08460280625 0.4481854 0.080519890625
1 0.675413034375 0 0.701340790625 0.08140467500000001 0.7838599390625001 0.07997049375000001 0.7485232859375001 0 0.675413034375 0
1 0.5066529281250001 0 0.534221734375 0.0824628828125 0.6178229765625 0.08161851875000001 0.5902038093749999 0 0.5066529281250001 0
1 0.4912724703125 0 0.42382909687500003 0.002355175 0.4495896703125 0.082163834375 0.5330630953125 0.081980978125 0.5038698703125 0 0.4912724703125 0
1 0.8315130406250001 0 0.86787796875 0.0784198875 0.9463562515625 0.075679365625 0.9106926359375 0 0.8315130406250001 0
1 0.7514072781250001 0 0.783860209375 0.08481228125 0.865714425 0.078495440625 0.8279902 0 0.7514072781250001 0
1 0.9136111453125 0 0.9466965109375 0.07428411406249999 0.9854706906249999 0.075207478125 0.9828443874999999 0 0.9136111453125 0