1 1 0.34462191875000003 0.9834361484375 0.27142169531250004 0.9119044593750001 0.2626615984375 0.9360103734375 0.383547859375 1 0.39187839375 1 0.34462191875000003
1 0.8317737609375 0.2570355890625 0.860464146875 0.38000305624999997 0.9326803968749999 0.38618231718749996 0.903368646875 0.2631687671875 0.8317737609375 0.2570355890625
0 0.6486001359375 0.243694790625 0.5720909984375 0.23358670781250002 0.5670992984375001 0.2330620578125 0.59030059375 0.3564379984375 0.671884146875 0.36238579843749996 0.6486001359375 0.243694790625
1 0.6538948390625 0.2426061796875 0.6767024484374999 0.36081277031250003 0.7601969000000001 0.375232284375 0.7344264093749999 0.2511799609375 0.6538948390625 0.2426061796875
1 0.7387342453125 0.250375359375 0.7642280687499999 0.378648825 0.8496637359375001 0.38715815 0.8222443109375 0.2586995984375 0.7387342453125 0.250375359375
1 0.48718172656250003 0.22628910625 0.5068660453125 0.3511692140625 0.5906373265625 0.3573469546875 0.567398328125 0.2347202109375 0.48718172656250003 0.22628910625
1 0.3979747546875 0.21936706562500002 0.41694825625 0.3455092171875 0.5039328515625 0.3526814359375 0.48518259375 0.2259292640625 0.3979747546875 0.21936706562500002
0 0.139202584375 0.189909940625 0.053360128124999996 0.1800598765625 0.062454284375 0.32992306718750003 0.1505355984375 0.338593603125 0.139202584375 0.189909940625
0 0.13957605625 0.19077685 0.1521660703125 0.3420999640625 0.24229640156249999 0.3523252703125 0.23176562031249998 0.20212167656250002 0.13957605625 0.19077685
0 0.3131850484375 0.20985154687500002 0.3317467859375 0.3639630609375 0.41640711250000007 0.37220447343749996 0.3956955796875 0.2160407828125 0.3131850484375 0.20985154687500002
0 0.232311171875 0.2013513609375 0.24328044843750002 0.35335138593750004 0.3306296640625 0.360561925 0.310715415625 0.2112472921875 0.232311171875 0.2013513609375
0 0.93735253125 0.397300190625 0.8543295484375 0.390276403125 0.8857265312499999 0.55411741875 0.97535940625 0.564211425 0.93735253125 0.397300190625
1 1 0.40527828125000004 0.9413133171875 0.39672684999999996 0.977635803125 0.5711827703125001 0.9948931828124999 0.574792003125 1 0.5262038859375 1 0.40527828125000004
1 0.589532465625 0.368288453125 0.5082811359375 0.3609042390625 0.5297298453125 0.5202070328125 0.619782621875 0.52630591875 0.589532465625 0.368288453125
1 0.8495900093750001 0.3981741109375 0.7619464609375 0.3891806890625 0.798593865625 0.5489986609375 0.8826426109375 0.5511004515625 0.8495900093750001 0.3981741109375
1 0.67437566875 0.37989866875 0.5931352234375 0.3703611484375 0.6194542515625 0.524924984375 0.7084572687499999 0.5410116687500001 0.67437566875 0.37989866875
1 0.6780084484375 0.3825119859375 0.71062985625 0.5419132249999999 0.796665078125 0.5502826828125 0.7587758734375 0.389442696875 0.6780084484375 0.3825119859375
1 0.4415697203125 0.51767311875 0.528398609375 0.522086740625 0.50461853125 0.3600368484375 0.421059671875 0.353274084375 0.42264638750000005 0.3761309296875 0.4415697203125 0.51767311875
1 0.0628945296875 0.3265943 0.0161315703125 0.320314471875 0.0001466828125 0.47240051093749996 0.06720415156250001 0.478638934375 0.0628945296875 0.3265943
0 0.15410955312500002 0.34648352656250003 0.065296996875 0.3336672796875 0.07093954062499999 0.47903153906249996 0.1626897234375 0.4864321828125 0.15410955312500002 0.34648352656250003
1 0.3319034046875 0.366119278125 0.24432378593749998 0.3557733171875 0.2576148125 0.49766547031249997 0.3493264453125 0.5059583359375 0.3319034046875 0.366119278125
0 0.243252909375 0.3547315265625 0.15574676875 0.34496747499999997 0.1655694078125 0.4889775390625 0.2562307453125 0.500749121875 0.243252909375 0.3547315265625
1 0.4173549125 0.376447009375 0.3334386875 0.367831590625 0.34977019375 0.505331765625 0.438211796875 0.5159737703125 0.4173549125 0.376447009375
1 0.967916684375 0.8314562421874999 0.936654253125 0.6869295531249999 0.8605043265625 0.6753700046875 0.89039145625 0.8744854453125 0.9627335171875 0.880770790625 0.967916684375 0.8314562421874999
1 0.171299809375 0.605520240625 0.0764607921875 0.59210403125 0.08436099062499999 0.792563278125 0.1851107015625 0.8042274609375 0.171299809375 0.605520240625
1 0.7777197515625 0.6662391578125 0.8040697874999999 0.8691750390624999 0.8882573125000001 0.8747986171875001 0.856020115625 0.676304640625 0.7777197515625 0.6662391578125
1 0.2753739984375 0.6168792 0.2913320578125 0.8164667390625 0.3900487984375 0.827379765625 0.3687955421875 0.6219780312500001 0.2753739984375 0.6168792
0 0 0.785685753125 0.0835198421875 0.79016846875 0.073646084375 0.5932351203125 0 0.587336128125 0 0.785685753125
1 0.663307865625 0.6572228515625 0.69217061875 0.8580590859375 0.7839681296875 0.86878235625 0.7522338015625001 0.6655039015625 0.663307865625 0.6572228515625
1 0.48678540625 0.8081945828125001 0.4896792203125 0.8294605078125 0.58932925 0.845846440625 0.5569674765625 0.6478768515625 0.4668170640625 0.63925035625 0.48678540625 0.8081945828125001
1 0.37146339687499996 0.6281707265625001 0.3905707015625 0.8252846953124999 0.4871795578125 0.8332887687499999 0.46387675625 0.64164613125 0.37146339687499996 0.6281707265625001
0 0.1754923171875 0.6050916953125001 0.1879252625 0.806673209375 0.29033463125000003 0.816899384375 0.27219745624999997 0.6220373078125 0.1754923171875 0.6050916953125001
0 0.559503475 0.6506109578125 0.592416146875 0.8502618765625 0.69087131875 0.8579225234375001 0.6606480578125 0.657490296875 0.559503475 0.6506109578125
1 0.049797978124999996 0 0.04540439375 0.0418021640625 0.0469784734375 0.078629321875 0.1301283703125 0.0865282234375 0.12373892500000001 0 0.049797978124999996 0
1 0.12415988281250001 0 0.130697271875 0.0878487734375 0.2138471703125 0.0957476765625 0.20496372499999999 0 0.12415988281250001 0
1 0.9502020218749999 1 0.962902521875 0.8791628171875001 0.8883516578125 0.8761638843749999 0.9104596125000001 1 0.9502020218749999 1
0 0.20597221875 0 0.2143618171875 0.0971045296875 0.29737301562499996 0.10846111249999998 0.2837204828125 0 0.20597221875 0
1 0.285149628125 0 0.2976165359375 0.1084867078125 0.37775105781249996 0.1191023171875 0.3624241203125 0.009589396875 0.2952130671875 0 0.285149628125 0
1 0.44656298281250006 0.0241348859375 0.36284076249999997 0.009179025 0.37802589375 0.118692575 0.46009306250000004 0.12731818125 0.44656298281250006 0.0241348859375
1 0.8110213359375 1 0.7856108093749999 0.8710166359375 0.6933671343750001 0.8607727171875 0.7160623 1 0.8110213359375 1
1 0.71367758125 1 0.689967909375 0.8609641625 0.5939494625 0.8560638515625 0.6168324296875001 1 0.71367758125 1
1 0.9090494796874999 1 0.8848263390625 0.8750642687499999 0.7916785828124999 0.8691922171875 0.8149147828125001 1 0.9090494796874999 1
1 0.6135790328125 1 0.5890605078125 0.8543460796875 0.495946865625 0.8412986437500001 0.5144694359375 1 0.6135790328125 1
1 0.0869820828125 0.7970390796875 0.094269809375 0.960110178125 0.19685015 0.97089180625 0.181517121875 0.8075238312499999 0.0869820828125 0.7970390796875
1 0.184829396875 0.8098745171875 0.2003030859375 0.971254725 0.3034155953125 0.9820922859375001 0.2854072328125 0.8200382062499999 0.184829396875 0.8098745171875
1 0.287192296875 0.8206332906249999 0.30454165624999996 0.9822106406250001 0.4095574625 0.9932482453125001 0.3894616390625 0.83336739375 0.287192296875 0.8206332906249999
1 0.5121338734374999 1 0.491535290625 0.8409055984375 0.3923224640625 0.8323207328125 0.41001332812499997 0.993296159375 0.4737961109375 1 0.5121338734374999 1
1 0 0.9502020218749999 0.0906246859375 0.9597270609375 0.08498864218749999 0.7973782796875 0 0.7906130171875 0 0.9502020218749999
1 0.681288684375 0.0426768484375 0.699980440625 0.16033027187499999 0.777061496875 0.167099253125 0.7551504046875 0.048197000000000004 0.681288684375 0.0426768484375
1 0.4600796171875 0.12687814375 0.5378240734374999 0.1338572375 0.5199110203124999 0.033159953125 0.44772155468749997 0.02425665625 0.4600796171875 0.12687814375
1 0.7573006359375001 0.04908928125 0.7775689390625 0.1684234265625 0.8559464625000001 0.1780555234375 0.8221287953124999 0.058568121875000004 0.7573006359375001 0.04908928125
1 0.5994912578125 0.041006562499999996 0.61908376875 0.147163715625 0.6984079171875 0.1574998671875 0.6772838484375 0.04534315 0.5994912578125 0.041006562499999996
1 0.5965750921875 0.0416562953125 0.5209450484375 0.0321105171875 0.5389353953125 0.1356048453125 0.618050228125 0.14655190625 0.5965750921875 0.0416562953125
1 1 0.1617529875 0.974469153125 0.0792437109375 0.8993832828125001 0.067597453125 0.9357596906250001 0.18777679687499998 1 0.194528725 1 0.1617529875
1 0.85530108125 0.1826516640625 0.9336996734375 0.1875602796875 0.9039084656249999 0.0938147828125 0.8950730984374999 0.067567440625 0.8276098609375 0.06180933281249999 0.85530108125 0.1826516640625