1 0.9154326375 0.13480814218749998 0.8950912343749999 0.10547262500000001 0.8259458093750001 0.12402253593749998 0.89315808125 0.226477140625 0.9383474765625 0.2147216796875 0.9154326375 0.13480814218749998
1 0.75004724375 0.14866189375 0.8222569078124999 0.25132848281250003 0.89107191875 0.23014489062500001 0.81827279375 0.1276670984375 0.75004724375 0.14866189375
1 0.57636924375 0.20454335 0.5021374765625 0.2237033859375 0.49734456250000003 0.2250777328125 0.564650625 0.3301639078125 0.6420071468749999 0.3052803984375 0.57636924375 0.20454335
1 0.58084056875 0.2015692015625 0.6458593234375 0.30203705625 0.72813014375 0.2842511046875 0.658205903125 0.17949774375 0.58084056875 0.2015692015625
1 0.661874028125 0.1771527 0.7331151078125 0.285899878125 0.8149733250000001 0.26194367500000004 0.7418897703125 0.15374261250000001 0.661874028125 0.1771527
1 0.4212152515625 0.2485805703125 0.485842078125 0.3563622515625 0.565299203125 0.330876403125 0.4982373640625 0.226494834375 0.4212152515625 0.2485805703125
1 0.33647449375 0.27540355625 0.400916521875 0.384613096875 0.48370352499999997 0.35884789375000004 0.419239984375 0.2489929765625 0.33647449375 0.27540355625
0 0.08716636718750001 0.3445680203125 0.0044342796875 0.3674398046875 0.06860907968749999 0.5021913796875 0.1529640765625 0.47739904843750003 0.08716636718750001 0.3445680203125
1 0.087833128125 0.3452280859375 0.1557713375 0.480024165625 0.2425924578125 0.4559022875 0.1769677234375 0.32137166562499997 0.087833128125 0.3452280859375
0 0.2548365984375 0.2981918703125 0.329313228125 0.43333544531249996 0.4103575734375 0.4094208828125 0.333136796875 0.27318587499999997 0.2548365984375 0.2981918703125
0 0.1771833859375 0.32045857031249997 0.2438808609375 0.4564818421875 0.3270179625 0.43061624531250003 0.2530816375 0.3003976109375 0.1771833859375 0.32045857031249997
1 0.9772723093750001 0.3504687078125 0.8995146843749999 0.23865379999999997 0.8204317624999999 0.2630812828125 0.9103528031250001 0.40241567500000003 0.9861129140625 0.38129955781249997 0.9772723093750001 0.3504687078125
0 0.9029492671874999 0.23665109218749997 0.975975384375 0.34594579062499997 0.9419105625 0.22714763906250002 0.9029492671874999 0.23665109218749997
1 0.5683554359375 0.3413729734375 0.4907700859375 0.3648088109375 0.5698386171875 0.5036629031250001 0.6550519109375 0.4757663609375 0.5683554359375 0.3413729734375
1 0.8190070031250001 0.27212508281250003 0.7349349859375 0.29645685781250003 0.8281939890625001 0.4301287703125 0.9063890703125 0.40078263906249995 0.8190070031250001 0.27212508281250003
1 0.6508225265625 0.3204955359375 0.5724454578125 0.3419425109375 0.6542353046875 0.47461570625 0.7422004890625 0.456316146875 0.6508225265625 0.3204955359375
0 0.6551414921875 0.32155221875 0.7445372140625001 0.4563385078125 0.826895571875 0.432030221875 0.7321122921875001 0.2978784734375 0.6551414921875 0.32155221875
1 0.487695884375 0.5341410062499999 0.5693123625000001 0.5058910187500001 0.4870737125 0.3653725375 0.40759441250000006 0.390240075 0.4175661546875 0.41071779687500004 0.487695884375 0.5341410062499999
1 0 0.564153496875 0.039592925 0.6641079375000001 0.128355415625 0.6375023796875 0.0677751625 0.4989592265625 0 0.5162982546875 0 0.564153496875
0 0.15919350625 0.483341340625 0.07262142656250001 0.504584534375 0.13194205 0.6364739296875 0.21920341406250002 0.6091454953125 0.15919350625 0.483341340625
0 0.33026030624999997 0.4352646453125 0.24574358125 0.45832592187500004 0.310816015625 0.5841680890625 0.398374075 0.5576764078124999 0.33026030624999997 0.4352646453125
0 0.24436936562499997 0.4577642375 0.160136978125 0.4813345390625 0.22280344218749998 0.61041984375 0.31068936875 0.5875256015625 0.24436936562499997 0.4577642375
0 0.412810165625 0.41297866406250006 0.3323119171875 0.4362715296875 0.39854949375 0.5569337015625 0.483970371875 0.5338244703125 0.412810165625 0.41297866406250006
1 1 0.507474003125 0.9322681421875 0.5235681703124999 1 0.638433528125 1 0.507474003125
1 0.27147383125 0.7157102515625 0.1791277375 0.7386435140625001 0.26104132343750003 0.920476428125 0.3581790875 0.8937282390625001 0.27147383125 0.7157102515625
1 1 0.6441158546875 0.9284859843750001 0.5260987203124999 0.8526202812499999 0.5459647328125 0.9524490921875 0.72321334375 1 0.7075977953125 1 0.6441158546875
1 0.371559940625 0.687443328125 0.46057059999999994 0.865473559375 0.5555562328125 0.8387896734375 0.4595036640625 0.6573711062500001 0.371559940625 0.687443328125
0 0.0847057125 0.769681309375 0.16293839375000002 0.9516558484375001 0.259374928125 0.9185820921875001 0.17695640937499998 0.7407337484375 0.0847057125 0.769681309375
1 0.7438849515625 0.58023875 0.8452463187499999 0.7546167625 0.9337883890625 0.7303333484375 0.8288728640624999 0.5547730343749999 0.7438849515625 0.58023875
1 0.46426660468750003 0.6620862375 0.55525686875 0.8366642843750001 0.64721795625 0.8080836359375001 0.5544006046875001 0.6401103796875 0.46426660468750003 0.6620862375
0 0.275175753125 0.7137547609375 0.36168204843749996 0.894935009375 0.459813015625 0.8662436 0.37055473125 0.69338014375 0.275175753125 0.7137547609375
1 0.64581481875 0.6127808640625 0.7504650046875 0.7845589046875 0.843998759375 0.75497449375 0.7415347328124999 0.581475265625 0.64581481875 0.6127808640625
0 0.6381870265625 0.7874553046874999 0.6487703125000001 0.805980084375 0.7466532781249999 0.783993478125 0.6431365015625 0.6135601546875 0.5568921718750001 0.6391632125 0.6381870265625 0.7874553046874999
1 0 0.2646521484375 0.0403164234375 0.25265334687499996 0 0.1707771296875 0 0.2646521484375
1 0 0.1698406484375 0.041332087499999996 0.2536588140625 0.1208577359375 0.22999073281250001 0.072287821875 0.1358590609375 0 0.156563253125 0 0.1698406484375
0 0.1489138515625 0.11456256093749999 0.07302198125 0.13495605156249998 0.1218369453125 0.23104985625 0.20252224375 0.21062051718750002 0.1489138515625 0.11456256093749999
1 0.225624128125 0.095273040625 0.1501825484375 0.11391296718749999 0.20275606875 0.2105534703125 0.2805159390625 0.1905118546875 0.225624128125 0.095273040625
1 0.3085353859375 0.07736335625 0.2258550796875 0.09473970468750001 0.2806165140625 0.19003188124999998 0.3594154953125 0.1674366359375 0.3085353859375 0.07736335625
1 1 0.8296286234375 0.9361332593749999 0.7317813828124999 0.8473587296874999 0.756672703125 0.9320548140625 0.89625999375 1 0.876777025 1 0.8296286234375
1 0.754037509375 0.78933616875 0.8350675078125 0.92407065625 0.9298915234375 0.8968803078124999 0.8442991781250001 0.75811438125 0.754037509375 0.78933616875
1 1 0.708234971875 0.941042653125 0.727841259375 1 0.821966959375 1 0.708234971875
1 0.6582753484375 0.8122034984375001 0.7350564 0.9527483796875 0.8319995406249999 0.9249503812500001 0.7488949921875 0.7895725109375 0.6582753484375 0.8122034984375001
1 0.408810228125 1 0.3560965875 0.8981042218749999 0.265121940625 0.923626415625 0.30001239218750003 1 0.408810228125 1
1 0.5260124640625 1 0.4564433484375 0.8709708171875 0.36002256875 0.899038115625 0.4125103640625 1 0.5260124640625 1
1 0.5702704187500001 1 0.6338110328125001 0.9817800218749999 0.5572448125 0.8445273156249999 0.45830903593750005 0.8708549250000001 0.52732445 1 0.5702704187500001 1
1 0.5594900484374999 0.8424977390624999 0.634294996875 0.981641246875 0.7327992562500001 0.9533956046875 0.6540657546875 0.8134832218750001 0.5594900484374999 0.8424977390624999
1 0.2969188921875 1 0.2634121921875 0.92468104375 0.164983815625 0.95562058125 0.1834194765625 1 0.2969188921875 1
1 0.5538052640625 0 0.5316316234375 0.007088076562499999 0.5926535375 0.10857799531250001 0.6661688156250001 0.08612726875 0.6114475406250001 0 0.5538052640625 0
1 0.3592392734375 0.167036034375 0.433443803125 0.1445320546875 0.379452403125 0.0583816265625 0.30964781874999997 0.0770443703125 0.3592392734375 0.167036034375
1 0.613448553125 0 0.667129221875 0.0871589515625 0.7429046296874999 0.0668647484375 0.6910606015625 0 0.613448553125 0
1 0.45567076718750005 0.035993993749999995 0.5132418999999999 0.126551953125 0.5901513281249999 0.10655437187500001 0.528935746875 0.01103636875 0.45567076718750005 0.035993993749999995
1 0.4532267703125 0.0376783 0.3800140484375 0.0570294390625 0.43511806562500005 0.1457292734375 0.5120621671875 0.1263727078125 0.4532267703125 0.0376783
1 0.7829217500000001 0 0.820035584375 0.046118365625000005 0.8846855453125 0.0275802875 0.8799323343750001 0.01100386875 0.8709646234375 0 0.7829217500000001 0
0 0.694264290625 0 0.744021490625 0.071341459375 0.81805760625 0.0466855421875 0.7794161500000001 0 0.694264290625 0