1 0.980741259375 0.2071267828125 0.9788043500000001 0.2024927625 0.9053741593750001 0.2063594640625 0.9510473703125 0.3240177875 0.988796259375 0.3223186703125 0.980741259375 0.2071267828125
1 0.8238597499999999 0.21491462343749998 0.8745087921874999 0.3338581375 0.9481688640625 0.32726655312499997 0.8968872937500001 0.20838689999999999 0.8238597499999999 0.21491462343749998
0 0.6374378578125001 0.23398688281250002 0.558767078125 0.237377784375 0.5536582734375 0.2377350265625 0.5988643078125 0.3580653640625 0.6818956625 0.34957679218750004 0.6374378578125001 0.23398688281250002
1 0.6425648484375001 0.23194851875000003 0.686458 0.34713439375 0.7729127546875 0.346851975 0.7250051421875 0.2262956171875 0.6425648484375001 0.23194851875000003
1 0.7291909203125 0.2247189921875 0.7775695796875 0.349582390625 0.8649261156250001 0.34299356875 0.81457975 0.21828543125 0.7291909203125 0.2247189921875
1 0.4721544875 0.24509540312500003 0.5140935515625 0.36756758125 0.5993639546875 0.3589224375 0.5542529828125 0.2393545171875 0.4721544875 0.24509540312500003
1 0.3812901734375 0.25395507031250003 0.42273895 0.37782651718750004 0.51141459375 0.3696138703125 0.47008188593750005 0.24508744999999998 0.3812901734375 0.25395507031250003
0 0.11604630468749999 0.2701959453125 0.028043106249999998 0.2755045921875 0.06377434374999999 0.4250581390625 0.1538178578125 0.41816209843749996 0.11604630468749999 0.2701959453125
0 0.1165754078125 0.2710040828125 0.156078378125 0.42140944999999996 0.248456659375 0.41571784375 0.21122148593749998 0.26607605625 0.1165754078125 0.2710040828125
0 0.29440415625 0.259414221875 0.340402371875 0.4115717765625 0.4269322984375 0.40485039843750004 0.3784097859375 0.25100456718749997 0.29440415625 0.259414221875
0 0.2116329671875 0.265202146875 0.24962752500000002 0.41657814374999996 0.33867634375 0.40833940156250004 0.2921703203125 0.2612607 0.2116329671875 0.265202146875
1 1 0.48253960781250005 0.9968747812500001 0.4378469015625 0.9548363453125001 0.3376515578125 0.8701677046875 0.345310396875 0.9307894046875 0.505002825 1 0.5006811109375 1 0.48253960781250005
1 0.600195359375 0.37015545156249996 0.5172429328125 0.37713610000000003 0.5670632062500001 0.5340174625 0.6586313234375 0.524177265625 0.600195359375 0.37015545156249996
1 0.8668068265625 0.3541185734375 0.7771458859375 0.360611175 0.8423293656249999 0.5153131125 0.9271552890624999 0.5025072421875 0.8668068265625 0.3541185734375
1 0.6875068375 0.3667997421875 0.60418324375 0.37160639687499997 0.658056325 0.52284261875 0.7503419765625 0.523263640625 0.6875068375 0.3667997421875
1 0.691620825 0.3687906875 0.7526849953125 0.5237872265625 0.8406191515625 0.5169508453125 0.77400654375 0.36143851875 0.691620825 0.3687906875
1 0.4780294484375 0.5471175734375 0.566059121875 0.536149953125 0.5134087953125 0.37691158593749996 0.428248021875 0.384928884375 0.4338983328125 0.40770304062499996 0.4780294484375 0.5471175734375
1 0 0.51746038125 0.004488046875 0.581642446875 0.094936803125 0.5742258578125 0.0636260140625 0.4216221953125 0 0.424227921875 0 0.51746038125
0 0.15880907500000002 0.42548605781250004 0.067295140625 0.42833013593749997 0.098759825 0.5739585265625 0.19226451093750002 0.5651299859375001 0.15880907500000002 0.42548605781250004
1 0.340942365625 0.413718959375 0.25110565625 0.4188358890625 0.2896394765625 0.5596036578125 0.383263753125 0.5516819578125001 0.340942365625 0.413718959375
0 0.249844759375 0.41797519687499995 0.1601851390625 0.423666053125 0.19560972031249999 0.5671861218750001 0.28879595 0.562959959375 0.249844759375 0.41797519687499995
1 0.42863749999999995 0.4089615703125 0.342788884375 0.415173540625 0.3835984484375 0.550971128125 0.474353825 0.5459997453125001 0.42863749999999995 0.4089615703125
1 1 0.6300588171875 0.9269622671875 0.6317906984375 0.992326328125 0.8273329374999999 1 0.8266564015625001 1 0.6300588171875
1 0.22204827656249998 0.6837263046875 0.1243724359375 0.6870354140625 0.1678822796875 0.88783775625 0.27118634375 0.881711696875 0.22204827656249998 0.6837263046875
1 0.8421592812500001 0.6372817859375 0.9046471765625 0.837305884375 0.9902374937499999 0.8280278328125 0.9226223421874999 0.6335298125 0.8421592812500001 0.6372817859375
1 0.32863864375 0.6767019765625 0.3800904203125 0.8751940484375 0.4812184421875 0.86867131875 0.4234142703125 0.6652547671875 0.32863864375 0.6767019765625
0 0.022881840625 0.6980665484374999 0.06266314218749999 0.8982223296875 0.1666121265625 0.8855714656250001 0.1217449015625 0.6886762109375 0.022881840625 0.6980665484374999
1 0.7255972078124999 0.6485050109375 0.7902373203125 0.8459649484374999 0.8843791640625 0.840479575 0.8164202921875001 0.6410660984375001 0.7255972078124999 0.6485050109375
1 0.5750158578125 0.832139859375 0.58169724375 0.8530771125 0.684734215625 0.85190921875 0.6170869421875 0.6579622796875 0.5249721921875 0.6652701875 0.5750158578125 0.832139859375
1 0.4271938546875 0.6710276265624999 0.4813710828125 0.8664653140624999 0.5798648875 0.857382628125 0.5224428765625 0.6682089906249999 0.4271938546875 0.6710276265624999
0 0.226184903125 0.682549490625 0.27444844218750003 0.88367891875 0.37916496875 0.8758075921874999 0.326362134375 0.6824691265625 0.226184903125 0.682549490625
0 0.62012030625 0.660269840625 0.68861948125 0.8558149234375 0.7889075390625 0.846057934375 0.7229720656249999 0.6492471359375 0.62012030625 0.660269840625
1 0 0.15782694375 0.003631828125 0.174323840625 0.0885832828125 0.16752520312500002 0.062044134375000004 0.0625282796875 0 0.0671079203125 0 0.15782694375
1 0.14562254218749998 0.0566839078125 0.062460748437500005 0.062473421875000004 0.089389253125 0.168756225 0.17434070937499999 0.1619575859375 0.14562254218749998 0.0566839078125
0 0.227154703125 0.051653428125 0.14655281874999998 0.055931345312500005 0.1750986046875 0.16323486250000002 0.2605242609375 0.159948653125 0.227154703125 0.051653428125
1 0.30834335 0.0486634984375 0.2285679890625 0.0512708546875 0.260773496875 0.159931225 0.34317715625 0.15640845 0.30834335 0.0486634984375
1 0.39546796875 0.048393714062499996 0.3086891765625 0.048175562500000005 0.3433806046875 0.15594633125 0.4273730765625 0.15007300625 0.39546796875 0.048393714062499996
1 0.7919211265625 0.8484897312499999 0.836910671875 0.9776618593749999 0.9358899046875001 0.9707405578125 0.8864262171874999 0.8424415984375001 0.7919211265625 0.8484897312499999
1 0.6911897359375 0.8613951375 0.7336580140625 0.9848819890625 0.8343675625 0.977839690625 0.7885395265625 0.8492865015625 0.6911897359375 0.8613951375
1 1 0.8633541375 0.986837159375 0.8289050953125001 0.8921994296875001 0.8395237296875001 0.9398943890625 0.9704605374999999 1 0.9662575421874999 1 0.8633541375
1 0.59009571875 0.8639053109375 0.6283803609375 0.9922437203125 0.7300929843749999 0.9851312796875 0.6859724484374999 0.86053061875 0.59009571875 0.8639053109375
1 0.2994783734375 1 0.26816042812499996 0.8856749531249999 0.1713102140625 0.8918870734375 0.19533120625 1 0.2994783734375 1
1 0.40989509375 1 0.3747708609375 0.8798487968750001 0.2719057640625 0.8874578968750001 0.30297770156250003 1 0.40989509375 1
1 0.5174603828125 1 0.5201816203125 0.9998097125 0.4816909671875 0.874815371875 0.37667010625 0.880132059375 0.41123147187500003 1 0.5174603828125 1
1 0.4843798203125 0.87325155 0.5211905078125 0.9997391640625001 0.6255756859375 0.9924398421875 0.5855931812499999 0.8642922796875 0.4843798203125 0.87325155
1 0.1921176421875 1 0.169367378125 0.8925832359375001 0.063872425 0.902656290625 0.08198150625 1 0.1921176421875 1
1 0.6346128171875 0.025412940625 0.6742721625 0.140771753125 0.7529250843749999 0.1339111 0.709809315625 0.01786429375 0.6346128171875 0.025412940625
1 0.427281484375 0.1496315234375 0.5066382796875 0.1428649984375 0.47077026406250005 0.04447173125 0.39665372187500003 0.048310798437500004 0.427281484375 0.1496315234375
1 0.7121282234375 0.01838249375 0.7536699421875 0.135156690625 0.8341336296874999 0.1309538578125 0.7789501859375 0.01643125625 0.7121282234375 0.01838249375
1 0.5521256109375 0.0382542703125 0.5906500218749999 0.1418567125 0.67218981875 0.13819595468749998 0.6310618609375 0.028813675 0.5521256109375 0.0382542703125
1 0.5493107187499999 0.0394275359375 0.47162304062500005 0.043229525000000005 0.508065059375 0.14443047343749998 0.5895029421875 0.14142311875 0.5493107187499999 0.0394275359375
1 0.971920615625 0.0809857171875 0.9356920921875 0.0102332671875 0.8581784750000001 0.011819840625 0.91605575 0.126586009375 0.9748219468749999 0.12247667656250001 0.971920615625 0.0809857171875
1 0.8343007328125 0.1357046421875 0.913947403125 0.1267334390625 0.8673777078124999 0.03746191875 0.8538422359375 0.012555 0.7850327671875 0.0187273328125 0.8343007328125 0.1357046421875