1 1 0.3372615140625 0.9631040625 0.2288104828125 0.8933654499999999 0.2276178171875 0.9287981984375 0.3412865203125 1 0.3430443796875 1 0.3372615140625
1 0.8156669828125 0.23030322499999997 0.855723034375 0.3455079921875 0.92585946875 0.344152859375 0.8852006671874999 0.22896655781250003 0.8156669828125 0.23030322499999997
1 0.6380047109375 0.235980796875 0.5633387125 0.23399593749999997 0.55848090625 0.23399593749999997 0.593294790625 0.35014710625 0.6724242515625 0.34762409375000003 0.6380047109375 0.235980796875
1 0.642990959375 0.234400796875 0.6769029375 0.3456269375 0.7587287796875 0.35104746875 0.7213735031249999 0.23450603124999997 0.642990959375 0.234400796875
1 0.7254385859375 0.2332984203125 0.7629546 0.353921871875 0.8460510296875 0.353470159375 0.8066628140625 0.232863325 0.7254385859375 0.2332984203125
1 0.4808715484375 0.23555827968749998 0.512452365625 0.3535091078125 0.59371086875 0.350986096875 0.5589364875 0.23555827968749998 0.4808715484375 0.23555827968749998
1 0.3943056546875 0.23791515156249998 0.42532995468749996 0.35714982812499996 0.5097820234375 0.355257571875 0.47891089062500003 0.2354144828125 0.3943056546875 0.23791515156249998
0 0.14224603125 0.2357454828125 0.058622409375 0.2349505796875 0.08253720625 0.3779647796875 0.1681964953125 0.377400834375 0.14224603125 0.2357454828125
1 0.1426932171875 0.23654038281249998 0.1701206234375 0.38060384062499997 0.257909475 0.381326296875 0.2325774296875 0.23813018593750002 0.1426932171875 0.23654038281249998
0 0.3117291984375 0.23733528593750003 0.34518674374999997 0.38347397499999997 0.42750977187499994 0.3828432203125 0.39177533750000004 0.2349505796875 0.3117291984375 0.23733528593750003
0 0.2330246140625 0.23733528593750003 0.2589604734375 0.38221246875000003 0.34376738281249997 0.3803202078125 0.309493271875 0.2389250890625 0.2330246140625 0.23733528593750003
1 0.9314813718750001 0.35435910625 0.8508575421875 0.3559940171875 0.8976538843749999 0.510181503125 0.9849506265624999 0.510828071875 0.9314813718750001 0.35435910625
0 1 0.355993275 0.935235796875 0.353408634375 0.9878470328125 0.5172937281250001 1 0.518528171875 1 0.355993275
1 0.593754315625 0.36160610625 0.5147993171875 0.3627160140625 0.551560890625 0.5135491078125 0.63885763125 0.5103162796875 0.593754315625 0.36160610625
1 0.8470945203125 0.36405759375 0.761823934375 0.3642672421875 0.813267034375 0.5140609 0.8943802578125 0.5075952406249999 0.8470945203125 0.36405759375
1 0.6765941796875 0.36419236875 0.597431815625 0.3632330921875 0.6384018546875 0.5090231453125 0.7256985968749999 0.51548880625 0.6765941796875 0.36419236875
0 0.6803552734375 0.36633555156250003 0.7278810140624999 0.516135371875 0.8115403921875 0.51548880625 0.7587986109375 0.364838934375 0.6803552734375 0.36633555156250003
1 0.4664465671875 0.5200147687500001 0.55046968125 0.51548880625 0.5111861484375 0.362252671875 0.430072925 0.36419236875 0.433912575 0.38598445937500003 0.4664465671875 0.5200147687500001
1 0 0.40077650781249996 0.011880364062499999 0.5213925625 0.10215435937499999 0.52031559375 0.08262419843749999 0.3747233109375 0 0.37235060781249996 0 0.40077650781249996
0 0.1724347859375 0.384617734375 0.08565223281249999 0.38127385468749997 0.1057895546875 0.52031559375 0.19485182031249998 0.518161659375 0.1724347859375 0.384617734375
0 0.34555563437500003 0.3855290453125 0.260209753125 0.38443323125 0.2873578078125 0.519368203125 0.37647323125 0.518075071875 0.34555563437500003 0.3855290453125
0 0.259073590625 0.38354076875 0.1738573015625 0.3829964140625 0.1978811484375 0.52031559375 0.28633754843750003 0.522469528125 0.259073590625 0.38354076875
0 0.4288512765625 0.3868221765625 0.34720664375 0.3870186140625 0.3768369671875 0.51742850625 0.46304249999999997 0.5187216375 0.4288512765625 0.3868221765625
1 1 0.7536150968750001 0.9601103015625 0.6325965859375 0.8856432203125 0.6291814421875 0.934554884375 0.8173997453125 1 0.8162206921875 1 0.7536150968750001
1 0.21518723281250002 0.6316675484375 0.122543253125 0.6283557890625 0.1504274828125 0.8200841765625 0.2485835171875 0.821116596875 0.21518723281250002 0.6316675484375
1 0.8050357046875 0.6287686171875 0.850929265625 0.8210132140624999 0.9325323593749999 0.8179159546875001 0.881421525 0.6305317453125 0.8050357046875 0.6287686171875
1 0.3165123453125 0.632071234375 0.3520644328125 0.8221490171875001 0.4481876515625 0.822665225 0.40695050000000005 0.627537871875 0.3165123453125 0.632071234375
0 0.0257786421875 0.632056159375 0.050177546875 0.8229311921875 0.14937556406250002 0.8178690546875 0.1199484015625 0.6297262421875 0.0257786421875 0.632056159375
0 0.6939971093749999 0.6316584062499999 0.742096853125 0.82163280625 0.8315408156249999 0.822665225 0.78042998125 0.630635128125 0.6939971093749999 0.6316584062499999
1 0.4101449265625 0.6332161796875 0.448478053125 0.8206003859375001 0.5422780515625 0.8185355453125001 0.5004600953125 0.6368296484375 0.4101449265625 0.6332161796875
0 0.2191793515625 0.6308327515625 0.2515400875 0.8231814375000001 0.351148134375 0.822665225 0.3139766171875 0.637345859375 0.2191793515625 0.6308327515625
1 0.5934119390625 0.6357866796875 0.6452899921874999 0.8242138578124999 0.7408324046875 0.82163280625 0.691463984375 0.6321837593749999 0.5934119390625 0.6357866796875
0 0.5393599484375 0.796854728125 0.5442967890625 0.8169869171874999 0.6418720203125 0.822665225 0.5906943265625 0.6357972281250001 0.50304789375 0.636612334375 0.5393599484375 0.796854728125
1 0.10488778125 0.0368697578125 0.027183821875000003 0.037168345312500004 0.042218321875 0.138178434375 0.12305284218749998 0.13737119375 0.10488778125 0.0368697578125
1 0.184359925 0.0368697578125 0.105285628125 0.036845559374999996 0.12373403281249999 0.1385820546875 0.20456855468750001 0.1377748140625 0.184359925 0.0368697578125
1 1 0.8148833140624999 0.9327612921874999 0.819217665625 0.985132459375 1 1 1 1 0.8148833140624999
0 0.2618419703125 0.037500689062499995 0.1852899890625 0.036223110937500004 0.20520119218750002 0.13902601718750002 0.2862520140625 0.14155361718749998 0.2618419703125 0.037500689062499995
1 0.33886395 0.0400282890625 0.263204596875 0.037233807812500005 0.2864890046875 0.14155361718749998 0.36469593749999996 0.14365995468749998 0.33886395 0.0400282890625
1 0.4213228125 0.045504759374999995 0.3392234703125 0.039592100000000005 0.364919025 0.1432386859375 0.4447848921875 0.1432386859375 0.4213228125 0.045504759374999995
1 0.887564034375 1 0.8333480015625 0.8246452625 0.743523084375 0.824118259375 0.7916070234375 1 0.887564034375 1
1 0.789594909375 1 0.74027055 0.8246452625 0.6473528453124999 0.8296314312499999 0.69321004375 1 0.789594909375 1
1 0.984769065625 1 0.929256775 0.8185174312499999 0.8390039281250001 0.8222805375 0.8903214234375 1 0.984769065625 1
1 0.6903248375000001 1 0.64247323125 0.8284751578125 0.5515273046875 0.8253434078125 0.5908369312499999 1 0.6903248375000001 1
1 0.280771965625 1 0.24545802656250001 0.8246452625 0.1534032046875 0.824118259375 0.1799321171875 1 0.280771965625 1
1 0.384836634375 1 0.3467228453125 0.8261772203125 0.24888404999999997 0.826568559375 0.28417420625 1 0.384836634375 1
1 0.48843413281250003 1 0.44822823749999996 0.8284751578125 0.34850124843749997 0.826568559375 0.38585470625 1 0.48843413281250003 1
1 0.5888525687499999 1 0.547241209375 0.8254112421875 0.45087601718750003 0.8271811343750001 0.48854961093749993 1 0.5888525687499999 1
1 0.1761809265625 1 0.151518746875 0.8246452625 0.051028435937500005 0.8271811343750001 0.07095565625 1 0.1761809265625 1
1 0.6491323984374999 0.03961860625 0.679026725 0.1507289453125 0.753905409375 0.1494491203125 0.7207859921875001 0.0374643484375 0.6491323984374999 0.03961860625
1 0.444727434375 0.1428174203125 0.5202659281249999 0.1416724234375 0.492836546875 0.046768559375000004 0.42245030781250004 0.045504759374999995 0.444727434375 0.1428174203125
1 0.722945953125 0.0381042625 0.7545278093750001 0.1506696625 0.8309440546875001 0.152008771875 0.7863048390625 0.0406639140625 0.722945953125 0.0381042625
1 0.5702298234375001 0.046271434374999997 0.5998281171875 0.1462495546875 0.6772267578125 0.14816929375000001 0.6455473140625 0.0425836546875 0.5702298234375001 0.046271434374999997
1 0.56748861875 0.047189825000000005 0.49372567343749996 0.0456562765625 0.5215124234374999 0.1432386859375 0.5987713921875 0.1457662890625 0.56748861875 0.047189825000000005
1 0.8615791328125001 0.041537475000000004 0.9087512515625 0.15328859687500002 0.9814699703124999 0.15328859687500002 0.9350307875 0.04514330625 0.8615791328125001 0.041537475000000004
0 0.8307878265624999 0.1564881625 0.906746490625 0.15328859687500002 0.8685871609375001 0.066260434375 0.85742735625 0.041943740624999996 0.791908509375 0.043223565625 0.8307878265624999 0.1564881625
1 1 0.0444204859375 0.938249865625 0.0442244109375 0.981829965625 0.152008771875 1 0.1530764890625 1 0.0444204859375