1 0.9293033265625 0.1368112609375 0.8815829140625 0.059572771875 0.8086734671875 0.0750910921875 0.8730232421874999 0.1854818 0.9374902953124999 0.172272915625 0.9293033265625 0.1368112609375
1 0.7284117296875 0.09657991875000001 0.7979469 0.2074660109375 0.870655290625 0.189186790625 0.8004969140625 0.07846492187500001 0.7284117296875 0.09657991875000001
1 0.5447766203125 0.1452313140625 0.46654478125 0.1611055203125 0.46148616562500006 0.16227339375 0.5257910421875 0.275409796875 0.60758214375 0.25374682656249997 0.5447766203125 0.1452313140625
1 0.549587396875 0.14237972031249999 0.6117636281250001 0.2505808671875 0.6982810359375 0.23657941718750003 0.6312354609375 0.12364573281249999 0.549587396875 0.14237972031249999
1 0.635176928125 0.121405153125 0.7033757421875 0.238570403125 0.789798040625 0.2181205203125 0.7196536499999999 0.101422753125 0.635176928125 0.121405153125
1 0.3810459890625 0.1825659546875 0.4424187875 0.29836225625 0.5264269453125 0.2761874390625 0.46233790468749997 0.1637982375 0.3810459890625 0.1825659546875
1 0.291470925 0.20584293125 0.3525742703125 0.32311606249999997 0.4400603390625 0.300833309375 0.3789695546875 0.1828868921875 0.291470925 0.20584293125
0 0 0.4257566953125 0.000638528125 0.4273019984375 0.0897025234375 0.4061185640625 0.0284678921875 0.26417129375 0 0.27045791874999997 0 0.4257566953125
1 0.0291255421875 0.2648953328125 0.092479753125 0.40900665625 0.1840720203125 0.3886569609375 0.12310926250000001 0.244949221875 0.0291255421875 0.2648953328125
0 0.20534095468750002 0.2250886703125 0.275475765625 0.3699211828125 0.36104945312500003 0.3494699390625 0.288120034375 0.2033500015625 0.20534095468750002 0.2250886703125
0 0.1233829546875 0.244010165625 0.18538048437500002 0.389331315625 0.2732360609375 0.3669632515625 0.20339655781250002 0.2272893109375 0.1233829546875 0.244010165625
1 0.878974515625 0.198512003125 0.7954127828125 0.21960519375 0.88138165625 0.36965077343749997 0.9724431453125 0.3493400015625 0.878974515625 0.198512003125
1 0.9770208125 0.3554074140625 0.9796925890624999 0.3550711359375 0.9405821484375 0.1856652046875 0.8826545875 0.196615103125 0.9770208125 0.3554074140625
1 0.5290370453125 0.287286615625 0.4470863328125 0.30742939062499997 0.5217955062499999 0.45637840937499996 0.611920071875 0.4320093890625 0.5290370453125 0.287286615625
1 0.7934416578125 0.22894519687499998 0.7046968671875 0.24966455 0.7944434203124999 0.39399660000000003 0.87734809375 0.3677322953125 0.7934416578125 0.22894519687499998
1 0.61592588125 0.270076446875 0.5332594984375 0.288104496875 0.61113315 0.4307662109375 0.7036000171875 0.41654280625 0.61592588125 0.270076446875
1 0.6203600515625001 0.271414225 0.7060288031249999 0.4166945015625 0.7929902609374999 0.3959054421875 0.7016845578125 0.250989921875 0.6203600515625001 0.271414225
1 0.43472433906249996 0.4836046265625 0.52112765 0.458669871875 0.44321190312500003 0.30781333593750004 0.3592141578125 0.32934301875 0.36847557656249996 0.351216690625 0.43472433906249996 0.4836046265625
1 0 0.5569678031249999 0.006127684374999999 0.5835097203124999 0.05544600937500001 0.5714993953125 0 0.42403310000000005 0 0.5569678031249999
0 0.09585897812500001 0.41264925 0.0046815015625 0.430014740625 0.059231471875 0.5706254515625 0.151455109375 0.5469606125 0.09585897812500001 0.41264925
0 0.2763562296875 0.3719823140625 0.18721774687499998 0.3913541203125 0.24807641875000003 0.52598326875 0.3405633078125 0.5032061375 0.2763562296875 0.3719823140625
0 0.18581907656250002 0.390693659375 0.0969487296875 0.4106111921875 0.1551298625 0.5484855640624999 0.24776299218750003 0.52947285625 0.18581907656250002 0.390693659375
1 0.3634073765625 0.3533098234375 0.278435234375 0.373143634375 0.3407859265625 0.5024423171875 0.4308672515625 0.4830702546875 0.3634073765625 0.3533098234375
1 1 0.5224025828125 0.9759845359374999 0.482694290625 0.8976144046875 0.49702445156249997 0.9940048890625001 0.68216121875 1 0.6806623734375 1 0.5224025828125
1 0.2000441484375 0.660810575 0.1027707078125 0.679618821875 0.178112271875 0.8734827390625 0.2805751328125 0.85096490625 0.2000441484375 0.660810575
1 0.8135751078125001 0.5159715765625 0.9077951265624999 0.7060458484375001 0.9920234296875 0.6831874640625 0.8935443125000001 0.4994519515625 0.8135751078125001 0.5159715765625
1 0.3056552421875 0.6368731390625 0.38858298750000003 0.8271669109375 0.4888043296875 0.8045977796875 0.3987369828125 0.61038839375 0.3056552421875 0.6368731390625
0 0.100399575 0.681676290625 0.0328049296875 0.6990615640625 0.0790208328125 0.8992446375 0.1764818921875 0.8714183859375 0.100399575 0.681676290625
1 0.69864441875 0.5456895578125 0.7946135390625 0.732858578125 0.88800419375 0.7124352296875001 0.7884030390625 0.523839640625 0.69864441875 0.5456895578125
1 0.40343483750000003 0.6155605109375 0.48860805156250003 0.8023679296875 0.5857867859375 0.7776572875000001 0.4983560671875 0.5976277546875 0.40343483750000003 0.6155605109375
0 0.20399967812500003 0.658977540625 0.2841526015625 0.8524141484375001 0.3877534828125 0.82792720625 0.30428857656249997 0.6430005578125 0.20399967812500003 0.658977540625
1 0.594898378125 0.5741900015625 0.69442831875 0.75883211875 0.7932968218750001 0.7331625671875 0.6961334609375001 0.5468481265625 0.594898378125 0.5741900015625
0 0.5775118828125 0.7556784671875 0.587514959375 0.7755519328125 0.6904950453125 0.758033809375 0.5920709765625001 0.57485438125 0.5009983546875 0.5967782859375 0.5775118828125 0.7556784671875
1 0 0.1635319109375 0.06970556875 0.14670084218749999 0.044989084375 0.09189549375 0 0.1022820421875 0 0.1635319109375
0 0.15567820937500002 0.13101620625 0.1271633546875 0.0729240671875 0.0457724109375 0.0917146484375 0.0706665390625 0.147857634375 0.15567820937500002 0.13101620625
1 0.23787348125 0.114360821875 0.207406215625 0.05439854374999999 0.12810635625 0.072706359375 0.155924996875 0.13095923125 0.23787348125 0.114360821875
1 0.3211713375 0.0946658171875 0.29149404843750004 0.034985337500000005 0.20783289843750002 0.054300035937500005 0.23800404843749998 0.1138664984375 0.3211713375 0.0946658171875
1 0.8903642875 0.7140720843749999 0.7966989921875001 0.7351157374999999 0.8941134500000001 0.9166109203125 0.9948132609375 0.8942065359375 0.8903642875 0.7140720843749999
1 0.793439284375 0.7364489843750001 0.6978848531249999 0.764003525 0.792807434375 0.9425312609375001 0.8925035359375 0.9178265968750001 0.793439284375 0.7364489843750001
1 1 0.7041275812500001 0.9887577046875 0.684604159375 0.8956829031250001 0.7102385875 0.9997888406250001 0.8977667078125 1 0.8977179578125 1 0.7041275812500001
1 0.7913795234375 0.9458817906249999 0.6925242765624999 0.7639670578125 0.5970625578125001 0.7825553828125 0.6864014515625 0.9687850203125 0.741967484375 0.9572894578125 0.7913795234375 0.9458817906249999
1 0.343567178125 1 0.278172659375 0.8554076593750001 0.1821852796875 0.8769874062499999 0.2307379390625 1 0.343567178125 1
1 0.46313806093750004 1 0.383993453125 0.8326650062500001 0.2822048015625 0.85659596875 0.347408571875 1 0.46313806093750004 1
1 0.5569678046875 1 0.5804801390625001 0.9945717500000001 0.49024976093749995 0.8106658078125 0.38593988437500004 0.8326468374999999 0.464336990625 1 0.5569678046875 1
1 0.49269447031249997 0.808675571875 0.5803562984374999 0.994600340625 0.6851081406249999 0.970416471875 0.5926156687499999 0.7836567718749999 0.49269447031249997 0.808675571875
1 0.2271106734375 1 0.18035020156249998 0.8779917515625 0.08008037031250001 0.9038339984375 0.08771385781249999 0.9368982625 0.1101186796875 1 0.2271106734375 1
1 0.54235385625 0 0.5669050296875 0.04618694375 0.6445698875 0.026846409375 0.629439915625 0 0.54235385625 0
1 0.39939426718750004 0.07488082812499999 0.367488034375 0.01744074375 0.2922349421875 0.034814289062499996 0.3210097640625 0.09423894375 0.39939426718750004 0.07488082812499999
1 0.6302583562499999 0 0.645512790625 0.027973590625 0.725411271875 0.011003082812499999 0.7177764234375 0 0.6302583562499999 0
1 0.44920937031249997 0 0.48335075781250003 0.0605413046875 0.564412471875 0.0439420171875 0.5394202640625 0 0.44920937031249997 0
1 0.44303219374999997 0 0.3685832203125 0.0171879 0.4010705609375 0.07621962812500001 0.48213363593749997 0.0602898078125 0.4465758453125 0 0.44303219374999997 0