1 0.8355594875 0.1830677546875 0.884277428125 0.29095758437499997 0.9566725500000001 0.28387865 0.9044805109375 0.1758001125 0.8355594875 0.1830677546875
1 0.759258359375 0.1951265578125 0.8127219531250001 0.3039725 0.8817265765625001 0.2941422453125 0.8276707828125 0.1853875140625 0.759258359375 0.1951265578125
0 0.5847351046875 0.2222430265625 0.510858678125 0.2293255078125 0.5060678921874999 0.2299137421875 0.5544763234375 0.34032847187500004 0.63220838125 0.3282566609375 0.5847351046875 0.2222430265625
1 0.5894611046875 0.22007992656250003 0.636383271875 0.3257433265625 0.7177370875 0.32118454218750003 0.666775034375 0.2106923921875 0.5894611046875 0.22007992656250003
1 0.6706377 0.2090083484375 0.7222529203125 0.32350960156249997 0.8041482140625 0.3130016046875 0.7506886359375 0.198743459375 0.6706377 0.2090083484375
1 0.42971855156250005 0.2408533953125 0.47515659687499995 0.353435715625 0.554988325 0.34110609531249997 0.5067065078125 0.23140046406249998 0.42971855156250005 0.2408533953125
1 0.34463252031249997 0.253661725 0.3896772984375 0.3675784734375 0.47273496875000004 0.3554846390625 0.4277675171875 0.24094889687499998 0.34463252031249997 0.253661725
0 0.0957873953125 0.2820425234375 0.013221121875 0.2913840640625 0.0541360078125 0.4296298765625 0.13854520312500002 0.418700778125 0.0957873953125 0.2820425234375
0 0.09632473593749999 0.2827728640625 0.14083091718750002 0.4216288515625 0.2274961796875 0.4117114421875 0.185161553125 0.2734577171875 0.09632473593749999 0.2827728640625
0 0.2631250203125 0.2630886859375 0.3138296203125 0.403262540625 0.3949404875 0.39267149843750004 0.3417778734375 0.2510423671875 0.2631250203125 0.2630886859375
0 0.18550624531249998 0.27261907343749997 0.22864006093749997 0.41245874374999997 0.312047678125 0.4003219390625 0.2611125875 0.2649284234375 0.18550624531249998 0.27261907343749997
0 0.8885076796875 0.3035340984375 0.8091942484375 0.31491039375 0.8740289515624999 0.4614124546875 0.9601996984375001 0.45147974062499996 0.8885076796875 0.3035340984375
1 0.963839634375 0.45751001406249997 0.998449084375 0.4567874953125 0.978585415625 0.2950108953125 0.892095134375 0.302141446875 0.963839634375 0.45751001406249997
1 0.5563180734375 0.3515817921875 0.478586834375 0.362237878125 0.53311873125 0.5066445859375001 0.6188193828124999 0.49288326875 0.5563180734375 0.3515817921875
1 0.8064602640625 0.32332405937500003 0.7223914734375 0.3338564296875 0.7912763953125 0.475459515625 0.8704870921874999 0.45925646093749994 0.8064602640625 0.32332405937500003
1 0.638328475 0.3441030609375 0.5601419921875 0.35274216406250003 0.618213196875 0.49166225625 0.7050890812499999 0.4874724421875 0.638328475 0.3441030609375
1 0.6422973843750001 0.34576275 0.7073197390625 0.48784627187499996 0.789746603125 0.4770778046875 0.7194771640625001 0.334786975 0.6422973843750001 0.34576275
1 0.44996213437500004 0.523332134375 0.5322776234375 0.5086910203125 0.47496736562499997 0.36221812343750004 0.3952082265625 0.3739544734375 0.401635603125 0.394996290625 0.44996213437500004 0.523332134375
1 0 0.5305813078125 0.0059669218750000004 0.5791779874999999 0.090732153125 0.56774139375 0.053829007812499996 0.426420315625 0 0.43146498906249997 0 0.5305813078125
0 0.14359954531250002 0.42530996718749997 0.05760904375 0.4325184234375 0.0943171984375 0.56730120625 0.181889753125 0.5543908671875 0.14359954531250002 0.42530996718749997
1 0.3144424484375 0.405246034375 0.2301412109375 0.4144991546875 0.2732657328125 0.5443800046875 0.3609950234375 0.5323127624999999 0.3144424484375 0.405246034375
0 0.22891257656250003 0.41375595625 0.14480596875 0.4235376234375 0.18513829531249998 0.5561497765625 0.272635359375 0.5475642671875 0.22891257656250003 0.41375595625
1 0.3967456421875 0.3964359125 0.31625118125 0.40651617812499996 0.36127539375 0.5316306171875 0.44644833124999994 0.5224681359375001 0.3967456421875 0.3964359125
1 1 0.6797973703125 0.950457603125 0.5746618328124999 0.87660403125 0.5803086703125 0.9476486218750001 0.760139828125 1 0.7527517031250001 1 0.6797973703125
1 0.2156989109375 0.6639481593750001 0.1239317375 0.6718980796875 0.1746643296875 0.8577395890625 0.2715913109375 0.8468727156250001 0.2156989109375 0.6639481593750001
1 0.7970585515625 0.589662065625 0.8656145703125 0.7738322640625 0.9457165515625 0.7608941875 0.8726042046875 0.5821525015625 0.7970585515625 0.589662065625
1 0.315675059375 0.6520770390624999 0.3737697078125 0.8353610484375 0.46862936250000004 0.8242308796875 0.404316190625 0.6366518203125 0.315675059375 0.6520770390624999
0 0.028950490625000002 0.6872672875 0.076142434375 0.8726886531250001 0.1733585015625 0.8556808468750001 0.121538753125 0.673564803125 0.028950490625000002 0.6872672875
1 0.6879020203125 0.60595975 0.7583586906249999 0.7876223265625 0.8466937890624999 0.7778104046875 0.7730184671875 0.5944836609374999 0.6879020203125 0.60595975
1 0.408154628125 0.641868965625 0.46866554843749997 0.8221579078125 0.5609212718750001 0.8087618031250001 0.49766167812499995 0.6344988015624999 0.408154628125 0.641868965625
0 0.21953479687500002 0.6626408859375 0.2747573015625 0.8485525078125 0.3729286046875 0.8359814546875001 0.313813478125 0.6575896546875 0.21953479687500002 0.6626408859375
0 0.5892047734375 0.6222138921875 0.6632001390625 0.8018919859375 0.7571116859375 0.7877754390625 0.6854675015625 0.6067849625 0.5892047734375 0.6222138921875
1 0.5554162125000001 0.787718215625 0.5627245015625 0.8069890015625001 0.6596416640625 0.8007775171875 0.5865259328125 0.6225533796875 0.500187440625 0.633970975 0.5554162125000001 0.787718215625
1 0 0.19591336718750002 0.0649383046875 0.18728039531250001 0.0348453953125 0.0902944734375 0 0.09470902812500001 0 0.19591336718750002
1 0.11322114218749998 0.0806711421875 0.035234821875 0.09022241875 0.0657568234375 0.188392915625 0.1453783359375 0.1778079421875 0.11322114218749998 0.0806711421875
1 1 0.7519754734374999 0.9461000640625 0.7621511328125 1 0.8882434484375 1 0.7519754734374999
0 0.1897107 0.0719114640625 0.11406001562500001 0.079920340625 0.1461538625 0.17896615625 0.2263927953125 0.1716461671875 0.1897107 0.0719114640625
1 0.2659763703125 0.065079328125 0.1910221875 0.0714830765625 0.22662651406249998 0.17161746875 0.30400974375 0.16422609999999999 0.2659763703125 0.065079328125
1 0.347961253125 0.06049909999999999 0.2662780765625 0.0646053171875 0.3041787078125 0.16378333437499998 0.38294274375000004 0.1541123265625 0.347961253125 0.06049909999999999
1 0.7600664234375001 0.7899025359375 0.8310329078124999 0.9631091828124999 0.92586779375 0.951464921875 0.848715978125 0.77954568125 0.7600664234375001 0.7899025359375
1 0.6658910203125 0.8069888359374999 0.7339696109375 0.9750270562500001 0.8290930453125 0.9633473671875 0.756922621875 0.7908164890625 0.6658910203125 0.8069888359374999
1 1 0.8909199734375 0.9425590421875001 0.76188443125 0.8540073250000001 0.7765270390625 0.9284720453125 0.9511451609374999 1 0.9423626328125 1 0.8909199734375
1 0.570867878125 0.81436053125 0.6327603328125 0.98745399375 0.731179509375 0.9753696375 0.660938609375 0.8064385765625 0.570867878125 0.81436053125
1 0.318528225 1 0.26893653125 0.850733646875 0.1780878359375 0.8613605203124999 0.216722259375 1 0.318528225 1
1 0.42521164999999994 1 0.3689899390625 0.8399833250000001 0.27254834843750003 0.852216903125 0.3219776875 1 0.42521164999999994 1
1 0.5305813109375 1 0.531822890625 0.999847553125 0.46937342031249996 0.8299598234375001 0.370791228125 0.8401541937499999 0.426287271875 1 0.5305813109375 1
1 0.471827865625 0.8283621234374999 0.53184430625 0.9998449234375 0.6308781359375 0.9876850984375001 0.5666491328125 0.8149464828124999 0.471827865625 0.8283621234374999
1 0.21324116875 1 0.1762932375 0.8621088125 0.0774965796875 0.8767799171874999 0.107244996875 1 0.21324116875 1
1 0.5719147125 0.027104409375 0.6148606234375 0.1331400234375 0.6885511984375 0.122809846875 0.6423187265625 0.0163017796875 0.5719147125 0.027104409375
1 0.38283503125 0.153703534375 0.4571926484375 0.143426525 0.41864152812500005 0.053086709375 0.3490731921875 0.06036257187500001 0.38283503125 0.153703534375
1 0.6445264328125 0.0166717640625 0.6893129109375 0.12393904375 0.7648371890625 0.116007328125 0.707321390625 0.011525734375 0.6445264328125 0.0166717640625
1 0.4949068453125 0.043224492187500005 0.5362118421875001 0.138309490625 0.61277531875 0.1308318453125 0.568738384375 0.0304647546875 0.4949068453125 0.043224492187500005
1 0.4923147484375 0.0444627921875 0.4193836046875 0.051881325 0.45861174218749995 0.1448213421875 0.535111134375 0.13796051250000002 0.4923147484375 0.0444627921875
1 0.8263638468750001 0 0.78166305625 0.0032728453125 0.8417260421874999 0.10784867499999999 0.913441534375 0.09904311875 0.8557401046875001 0 0.8263638468750001 0
1 0.7652259140625 0.1204469859375 0.8397489390624999 0.10809143125000001 0.791570253125 0.02682349375 0.7776177875 0.0041765328125 0.7131579234375 0.013373318749999998 0.7652259140625 0.1204469859375
1 0.8594638859374999 0 0.913641478125 0.097736459375 0.9540480109375 0.09516977343750001 0.9423626328125 0 0.8594638859374999 0