1 0.8601834390624999 0.1866603421875 0.907095278125 0.301413275 0.9828399375 0.29667579375 0.9323123062500001 0.1815969890625 0.8601834390624999 0.1866603421875
1 0.7801863359375 0.19646716718749999 0.8320122171875 0.31239635625 0.9043206171874999 0.304653203125 0.8518739375 0.188797634375 0.7801863359375 0.19646716718749999
0 0.5972260796875 0.2184108453125 0.5199366734375 0.22309733125000003 0.5149199109375 0.22353624062500002 0.5614180109375 0.34092115 0.642907675 0.331153553125 0.5972260796875 0.2184108453125
1 0.6022320437500001 0.216320759375 0.647351596875 0.32867644218750003 0.7323470453125001 0.3269082578125 0.6831889624999999 0.209347984375 0.6022320437500001 0.216320759375
1 0.687277425 0.20772755781250002 0.7369721015625 0.329509225 0.8227465890625 0.3215326 0.7711199578125 0.19993733125 0.687277425 0.20772755781250002
1 0.43491287187500005 0.2321696078125 0.4782355 0.351714140625 0.561923875 0.34175418125 0.5155322390625 0.22511632656249997 0.43491287187500005 0.2321696078125
1 0.34572835625 0.24243669375 0.388592815625 0.3633637625 0.47563651875 0.35376979531249997 0.43287500312500005 0.2321975359375 0.34572835625 0.24243669375
0 0 0.2743790140625 0.036472990625 0.41593532031249997 0.124884009375 0.40761067031250003 0.08522390156250001 0.2629591765625 0 0.2695957328125 0 0.2743790140625
0 0.08575788749999999 0.263743640625 0.127161890625 0.410760590625 0.21788894375 0.4035784359375 0.178727609375 0.25727221562499997 0.08575788749999999 0.263743640625
0 0.26039720312500003 0.2492958671875 0.30821706875 0.3979214578125 0.3931765921875 0.3898289171875 0.3428460984375 0.2395889671875 0.26039720312500003 0.2492958671875
0 0.1791172609375 0.25640694062499997 0.21905478750000001 0.404403059375 0.306464940625 0.3947770265625 0.258232446875 0.25114762968750004 0.1791172609375 0.25640694062499997
0 0.9110530750000001 0.31473630468749997 0.8279395140625001 0.3237173375 0.8902653734375001 0.47949000625 0.9804773265625 0.472273565625 0.9110530750000001 0.31473630468749997
1 1 0.4781695328125 0.98529441875 0.31008397187500003 0.9148440609374999 0.31341078125 0.9840555078125 0.47872130156250003 1 0.4789516609375 1 0.4781695328125
1 0.562932903125 0.35277066874999996 0.48149511875 0.361056121875 0.5331533187499999 0.5142545859375 0.62301306875 0.503012484375 0.562932903125 0.35277066874999996
1 0.8247854296874999 0.332424928125 0.7367436656249999 0.340346803125 0.8034694296874999 0.4911401421875 0.8866498281249999 0.47710201249999995 0.8247854296874999 0.332424928125
1 0.6487182406249999 0.34796973750000004 0.5668784484375 0.354126728125 0.622424978125 0.5017117734375 0.713165228125 0.5005338203125 0.6487182406249999 0.34796973750000004
1 0.6527969765625 0.3498539046875 0.7154777578125 0.5010075781250001 0.801815925 0.49277788906250003 0.7336712515625 0.3412133921875 0.6527969765625 0.3498539046875
1 0.44584089687499995 0.5286542234375 0.5322025015625 0.5163660078125 0.47772165468749994 0.360901765625 0.3941303578125 0.37024329218749996 0.4000740921875 0.3925100890625 0.44584089687499995 0.5286542234375
1 0 0.521830471875 0.004075290625 0.568411259375 0.069655690625 0.5618807203125 0.0362685453125 0.412563778125 0 0.41468496874999994 0 0.521830471875
0 0.1299161875 0.41471673124999997 0.03999036875 0.41908770781250004 0.07340983437500001 0.561552275 0.16519083125 0.5512702265625 0.1299161875 0.41471673124999997
1 0.308784603125 0.40002068125 0.2205465609375 0.40659467656250003 0.26083332187499997 0.544164209375 0.35274736875 0.5347706156250001 0.308784603125 0.40002068125
0 0.21929219687499998 0.40577121875 0.13123805625 0.41290575625 0.168514834375 0.553231665625 0.26006124062499997 0.547474646875 0.21929219687499998 0.40577121875
1 0.39492323281249997 0.3938366859375 0.31062487031249997 0.40141723906250004 0.35306430624999996 0.5340668078124999 0.4422080421875 0.5276198984375 0.39492323281249997 0.3938366859375
1 1 0.680636096875 0.9658792078125 0.6008774546875 0.8886653734375001 0.6040617609375001 0.9562653359375 0.79495718125 1 0.7903318484375 1 0.680636096875
1 0.19649654218749998 0.6672182734375001 0.10052041406250001 0.6721521687500001 0.14672355625 0.868589875 0.24818516875 0.8607926796875001 0.19649654218749998 0.6672182734375001
1 0.8053827531250001 0.6109163765625001 0.870231390625 0.806262584375 0.954223496875 0.7956755906249999 0.8844281281249999 0.6058444109375001 0.8053827531250001 0.6109163765625001
1 0.3011738484375 0.65848230625 0.3551459 0.8525143734375 0.4544613125 0.844365171875 0.39415973437499996 0.64560680625 0.3011738484375 0.65848230625
0 0.023246759375000002 0.7875421515625 0.0434517328125 0.8806019578125 0.1454361140625 0.866386278125 0.097965075 0.673808740625 0.014122289062500001 0.68324898125 0.023246759375000002 0.7875421515625
1 0.6909731265625 0.623947615625 0.7578940328125 0.816738703125 0.850358496875 0.8097286562500001 0.780141340625 0.6150764234375 0.6909731265625 0.623947615625
1 0.54605755625 0.80687379375 0.5529836859375 0.827318971875 0.654267275 0.8243953046874999 0.584449725 0.6351058375 0.494009340625 0.6438706578125 0.54605755625 0.80687379375
1 0.3979742046875 0.65121058125 0.45457375625 0.8421962437499999 0.5512556 0.8315785859375 0.491572709375 0.6468001812499999 0.3979742046875 0.65121058125
0 0.20054350156249998 0.66599130625 0.25142594375 0.8626682390625 0.35424648593749997 0.8531328328125 0.299034015625 0.6641849078125001 0.20054350156249998 0.66599130625
0 0.5874714187500001 0.6373195546875 0.6581538 0.8281637078124999 0.756588209375 0.8168529484375 0.6884048093749999 0.62472165 0.5874714187500001 0.6373195546875
1 0 0.16812215625 0.056471546875 0.1626100328125 0.0285878453125 0.0599606484375 0 0.062573025 0 0.16812215625
1 0.11066046249999999 0.052780225 0.0289965125 0.059899592187499996 0.0572849578125 0.16380499843750002 0.140691246875 0.1556638078125 0.11066046249999999 0.052780225
1 1 0.7900502640625 0.9545781 0.797005696875 1 0.9148274093750001 1 0.7900502640625
0 0.1907351453125 0.046434328125 0.11156225312500001 0.0520251671875 0.141458178125 0.15690502343749999 0.22539060625000001 0.1522048625 0.1907351453125 0.046434328125
1 0.270506896875 0.042098178125 0.192118128125 0.046034271875 0.22563535156249998 0.15218345 0.3065925875 0.147303090625 0.270506896875 0.042098178125
1 0.356161159375 0.04033085 0.2708385828125 0.0416130609375 0.30678472968750004 0.146845784375 0.38926395468749997 0.1396297875 0.356161159375 0.04033085
1 0.7595925796875 0.8191890046875001 0.816689253125 0.9742031984375 0.9149412968749999 0.965607259375 0.8524045796875 0.8116200640625 0.7595925796875 0.8191890046875001
1 0.6607760015624999 0.8335991593750001 0.715172234375 0.9830847875 0.814424928125 0.9744013015625 0.7562814625 0.8200297484375 0.6607760015624999 0.8335991593750001
1 1 0.9185567828125001 0.950895334375 0.7965957 0.858030890625 0.8086551609375 0.9182710125 0.9653159468749999 1 0.9581655874999999 1 0.9185567828125001
1 0.561425575 0.8378074421875 0.6104901859375 0.9922432796875 0.7119609796875 0.9833657359375 0.655631740625 0.8328401703124999 0.561425575 0.8378074421875
1 0.28491612499999996 1 0.2452777640625 0.864736778125 0.15016289375 0.87250719375 0.1808581078125 1 0.28491612499999996 1
1 0.39450659843749997 1 0.3499952359375 0.857177071875 0.2489905046875 0.8664230421875001 0.28842566718749996 1 0.39450659843749997 1
1 0.5040202171875 1 0.4550306953125 0.8503904875 0.3518673609375 0.857422484375 0.3957244953125 1 0.5040202171875 1
1 0.5218304640625 1 0.6081276265625 0.9924499765625001 0.5570053875000001 0.8382650875 0.45764763437499995 0.8488084453125 0.5045664750000001 1 0.5218304640625 1
1 0.1774578953125 1 0.14826461875000002 0.873224328125 0.0447163046875 0.8849352546875 0.068223246875 1 0.1774578953125 1
1 0.59089070625 0.01363984375 0.6318506296875 0.126238359375 0.709063290625 0.11814488281249999 0.66469335625 0.004930359375 0.59089070625 0.01363984375
1 0.3891663703125 0.1391978296875 0.4670726703125 0.1311846484375 0.430129690625 0.0351809296875 0.357325546875 0.040228978124999995 0.3891663703125 0.1391978296875
1 0.6669820921875 0.005399243749999999 0.709816865625 0.119355209375 0.788855165625 0.1138404875 0.73264658125 0.0023308343749999997 0.6669820921875 0.005399243749999999
1 0.5100102843750001 0.027672464062500002 0.5496538265625001 0.12874579218749999 0.6297593796875 0.1237448328125 0.5874574984375001 0.0170406 0.5100102843750001 0.027672464062500002
1 0.5072627609375 0.028873153125000002 0.43094693125 0.033946376562500005 0.46850215000000006 0.1326973421875 0.54851865 0.1283397828125 0.5072627609375 0.028873153125000002
1 0.8123412374999999 0 0.8693245468749999 0.1081385734375 0.9444227578125 0.10156833125 0.8901000421875 0 0.8123412374999999 0
1 0.7804242203125 0 0.738665996875 0.0044806921875 0.789100496875 0.11850287968749999 0.8672541875 0.10831970625000001 0.81994516875 0.0214580875 0.80778115 0 0.7804242203125 0
1 0.893797909375 0 0.9446783406250001 0.10020772656250002 0.9668776703124999 0.0995795640625 0.9581655874999999 0 0.893797909375 0