1 0.9058210578124999 0.11722905937500001 0.8789700703125 0.079913715625 0.8101589171875 0.0996675546875 0.8791490312500001 0.200933540625 0.9273063953125 0.18750443125 0.9058210578124999 0.11722905937500001
1 0.7347019265625 0.125627775 0.8086923718750001 0.22701849531249998 0.8771271953124999 0.204637140625 0.802550675 0.1034454765625 0.7347019265625 0.125627775
0 0.56202564375 0.1845318171875 0.48813957031250005 0.2049844609375 0.48337137343750003 0.20644224531250002 0.5525011906249999 0.3103377625 0.629411653125 0.2841079828125 0.56202564375 0.1845318171875
1 0.5664443828125 0.1814800875 0.6332066375000001 0.28079790625 0.7151545203125 0.2615788421875 0.6434127328125 0.1580617796875 0.5664443828125 0.1814800875
1 0.6470393718749999 0.155653075 0.720167503125 0.2631403625 0.8015951593749999 0.23775918593749998 0.7266343656250001 0.1308500875 0.6470393718749999 0.155653075
0 0.4076638390625 0.231270140625 0.4741618703125 0.33790751406249997 0.553162103125 0.3110388296875 0.4842887703125 0.2078435484375 0.4076638390625 0.231270140625
1 0.3234041125 0.259567971875 0.3897422953125 0.3676362125 0.47206702500000003 0.34043010156250003 0.40569606875 0.2317169578125 0.3234041125 0.259567971875
0 0 0.3714042546875 0.059537489062500004 0.49099615312499995 0.143446953125 0.464735396875 0.07534104375 0.3330729296875 0 0.3553238734375 0 0.3714042546875
0 0.0760192203125 0.33372125625 0.1462996 0.4673111234375 0.23268651093749998 0.44167767968750005 0.16472389062499998 0.3083128578125 0.0760192203125 0.33372125625
0 0.2421763609375 0.2837775921875 0.31900022968749997 0.417600790625 0.3996148640625 0.3922754484375 0.3200282203125 0.25740888125 0.2421763609375 0.2837775921875
0 0.1649235828125 0.3073961375 0.233984834375 0.4422346609375 0.3166578578125 0.41492206249999997 0.2404601640625 0.2860136265625 0.1649235828125 0.3073961375
0 0.9714024875 0.3317362484375 0.8857171781250001 0.21299740625000002 0.8070726171875 0.23880135781249998 0.8994116859375 0.3765451890625 0.97795501875 0.3531686140625 0.9714024875 0.3317362484375
1 0.8891162828124999 0.2109350625 0.9702094234375 0.32783391562499997 0.93110053125 0.199914490625 0.8891162828124999 0.2109350625
1 0.5564010640625 0.3214804609375 0.479236540625 0.34626678125 0.56071636875 0.48371979062500003 0.645429821875 0.4543403171875 0.5564010640625 0.3214804609375
1 0.8058059140625 0.2478686453125 0.7221713484375 0.27366397343750004 0.8177490421875 0.40568793281250004 0.8954200546875001 0.374981578125 0.8058059140625 0.2478686453125
1 0.63849123125 0.29916695312499997 0.560500403125 0.3219785328125 0.6445932578125 0.453204090625 0.732225675 0.433372115625 0.63849123125 0.29916695312499997
1 0.64282798125 0.30014810000000003 0.7345624328125 0.433353690625 0.816484009375 0.40761175625 0.71937389375 0.2751346375 0.64282798125 0.30014810000000003
1 0.4791180625 0.5156268390625 0.5602290796875 0.48595675156249996 0.47555056718750005 0.3468949328125 0.3965173734375 0.3731457859375 0.4068449828125 0.39344636093749996 0.4791180625 0.5156268390625
1 0 0.573307865625 0.0333515875 0.65339445 0.121636228125 0.6252438265625 0.0586472875 0.48777904375 0 0.503878459375 0 0.573307865625
0 0.1497791390625 0.4705680671875 0.063590990625 0.4933189171875 0.1252043671875 0.6241529375 0.21197549375000002 0.59530574375 0.1497791390625 0.4705680671875
1 0.31998083125 0.419513165625 0.2358794546875 0.44404595156250004 0.303138225 0.5687332796875 0.3902206078125 0.5407175375 0.31998083125 0.419513165625
0 0.2344956453125 0.443508334375 0.1506874453125 0.46854510468750005 0.2155972140625 0.5965170703125 0.3030701953125 0.5720924921874999 0.2344956453125 0.443508334375
1 0.40212917499999995 0.39578988593750003 0.3220497015625 0.42048409218750005 0.3903830359375 0.5399718828125 0.47538759218750004 0.51537536875 0.40212917499999995 0.39578988593750003
1 1 0.4817724734375 0.9975593890625 0.4783118234375 0.9234380874999999 0.49729675625 1 0.6221058937499999 1 0.4817724734375
1 0.26609776093750004 0.700942025 0.1741659734375 0.7254834578125 0.259240503125 0.9058590890625 0.35589665312499996 0.8774196828124999 0.26609776093750004 0.700942025
1 1 0.6273354890625 0.9197006703125 0.4998929296875 0.84419323125 0.5210799546875 0.9471002515625001 0.69655931875 1 0.678158384375 1 0.6273354890625
1 0.36567530000000004 0.6709326625 0.45777945937500003 0.8473823296875 0.5522849265625001 0.8190447796875 0.45308079843750004 0.63933019375 0.36567530000000004 0.6709326625
0 0.08030001406250001 0.7581644171875 0.1616966734375 0.9387458921875 0.2575413015625 0.9039941218750001 0.1720314546875 0.7276112671875 0.08030001406250001 0.7581644171875
1 0.736072628125 0.557246446875 0.8404618718749999 0.7298289 0.928566653125 0.7040039109375 0.8206031578124999 0.5303013671875 0.736072628125 0.557246446875
1 0.6332907796875 0.763932728125 0.64419575625 0.782269984375 0.74168009375 0.7585784328125 0.6352046140625001 0.589977684375 0.5494202546875 0.6170820140625 0.6332907796875 0.763932728125
1 0.457925303125 0.6439614796875001 0.551948515625 0.8169249390625 0.6433967968750001 0.786743703125 0.54766204375 0.6204159140625001 0.457925303125 0.6439614796875001
0 0.26976499062500003 0.698922225 0.35942014218749996 0.8785651359375001 0.45703542812500003 0.8481654734375 0.3647738546875 0.6768861187499999 0.26976499062500003 0.698922225
0 0.6385853703125 0.5914951625 0.7462175578125 0.7614206453125 0.8392207468749999 0.7302083500000001 0.7337443453125 0.558523790625 0.6385853703125 0.5914951625
1 0 0.1887504125 0.0279271609375 0.2429774890625 0.10702763125 0.217925096875 0.05682229062500001 0.1246554234375 0 0.1420086734375 0 0.1887504125
0 0.133064975 0.1020248609375 0.057540578125 0.123739740625 0.1080251734375 0.21896697031249998 0.1883416453125 0.1971325890625 0.133064975 0.1020248609375
1 0.20942692031250001 0.0813994984375 0.1343221421875 0.1013532234375 0.1885742625 0.19706147031250001 0.265972515625 0.1756658125 0.20942692031250001 0.0813994984375
1 0.29201298124999997 0.0620455390625 0.209648528125 0.0808622125 0.2660647 0.17518415468749998 0.3444573375 0.1512171203125 0.29201298124999997 0.0620455390625
1 1 0.8072898796875 0.9309364375 0.7054108015625 0.8426098421875 0.731847659375 0.941115478125 0.8879833421875001 1 0.8699805375 1 0.8072898796875
1 0.7498728921875 0.7661348296875 0.8445453984375 0.917507778125 0.9391183375000001 0.8885939296875 0.8395759187499999 0.7333425140625 0.7498728921875 0.7661348296875
1 1 0.67877571875 0.9357763203125 0.701385596875 1 0.800048546875 1 0.67877571875
1 0.65452440625 0.7906699578125 0.7441843546875 0.9481912296875 0.8416858953125 0.9183820171875 0.7447352828125 0.7664608875 0.65452440625 0.7906699578125
1 0.41766140468749996 1 0.35389084375 0.88183134375 0.263375475 0.908937378125 0.3069131359375 1 0.41766140468749996 1
1 0.536378221875 1 0.45374877812500003 0.85295078125 0.35783252499999996 0.8826965796874999 0.42144066406249997 1 0.536378221875 1
1 0.5747255015625 1 0.6436443296875 0.9789294 0.5540733859375 0.8247520796875 0.45561215781250003 0.852802346875 0.537609125 1 0.5747255015625 1
1 0.5562828609375 0.8226836265624999 0.643803690625 0.9788806781250001 0.742199378125 0.9487980968749999 0.6503377875 0.7920229546875001 0.5562828609375 0.8226836265624999
1 0.3036086390625 1 0.2616843921875 0.910021684375 0.16381097656250002 0.9426743234374999 0.1888065109375 1 0.3036086390625 1
1 0.5214225156250001 0 0.5766326328125 0.08829688125 0.64974489375 0.06456655312500001 0.6071225953125 0 0.5214225156250001 0
1 0.34427415156249996 0.1508196546875 0.41807462968750003 0.1270240546875 0.3625879203125 0.041829028125 0.293119678125 0.0617071875 0.34427415156249996 0.1508196546875
1 0.6087359140624999 0 0.650723159375 0.06558131874999999 0.72613284375 0.043967743749999996 0.6907964625 0 0.6087359140624999 0
1 0.48868797812500003 0 0.438403959375 0.0181146109375 0.4975467765625 0.1076540234375 0.5740954859375 0.0863172328125 0.5166269453125001 0 0.48868797812500003 0
1 0.43598972968750005 0.0198413140625 0.36312588125 0.04046724375 0.41976953281249996 0.128191871875 0.49636409531250003 0.1074953953125 0.43598972968750005 0.0198413140625
1 0.6922821875 0 0.7273276640625 0.0484242796875 0.8009221953125 0.022480009375000002 0.7816446703125 0 0.6922821875 0