1 1 0.2996491046875 0.963191609375 0.2877005140625 0.9637247953125 0.4154765578125 1 0.42755828749999997 1 0.2996491046875
0 0.8829384921875001 0.26617951406249996 0.8877146687499999 0.396977271875 0.9598215921875 0.4175011984375 0.954423590625 0.2865340578125 0.8829384921875001 0.26617951406249996
0 0.6995801234375 0.2164953046875 0.623892259375 0.1911268484375 0.6189274359375 0.18960895 0.6180488890625 0.3197403875 0.699713546875 0.34187525625 0.6995801234375 0.2164953046875
1 0.7051721765625001 0.2164311390625 0.7049177984375 0.3412241984375 0.786844796875 0.3723572921875 0.7852484671875 0.24103106406250002 0.7051721765625001 0.2164311390625
1 0.78978216875 0.24106139999999998 0.790261446875 0.3766288859375 0.8753302968750001 0.40212991875000004 0.8729323546875 0.26599449218750004 0.78978216875 0.24106139999999998
1 0.5391179171875 0.1669627359375 0.5343701703125 0.29793167343750004 0.618210775 0.320731796875 0.618902640625 0.1913553734375 0.5391179171875 0.1669627359375
1 0.4499051484375 0.14233365781250001 0.44418563125 0.2744468390625 0.5310921671875 0.29889244375 0.537159203125 0.166202459375 0.4499051484375 0.14233365781250001
0 0.09877053125 0.10221065 0.087307371875 0.188706634375 0.17503076875 0.2148932421875 0.192973659375 0.0613459828125 0.118466903125 0.037786718749999997 0.09877053125 0.10221065
0 0.19318118281250002 0.062301843749999995 0.17599187656249998 0.21878301718749998 0.265487953125 0.24695579687500002 0.284546525 0.092019865625 0.19318118281250002 0.062301843749999995
0 0.3656915375 0.1159359703125 0.354013809375 0.2764320125 0.43834841874999997 0.3015075578125 0.44824965624999996 0.1384992703125 0.3656915375 0.1159359703125
0 0.2852530796875 0.091343465625 0.2662839390625 0.24819403750000002 0.3535531328125 0.2727505140625 0.3629073203125 0.1168695828125 0.2852530796875 0.091343465625
1 0.962363646875 0.42973668125 0.87945046875 0.406223053125 0.8788789078124999 0.5791507765625 0.96789585625 0.607091875 0.962363646875 0.42973668125
1 1 0.4416630515625 0.9664991328125 0.42993395625 0.9688265250000001 0.6146352421875 0.9856353640625001 0.621710109375 1 0.5747255015625 1 0.4416630515625
1 0.614921603125 0.331649015625 0.533878815625 0.3081178171875 0.5241043484375 0.4744660359375 0.6143390234375 0.49842412812500003 0.614921603125 0.331649015625
1 0.8730734234374999 0.413326171875 0.7858585031249999 0.3868972625 0.7914152718749999 0.5567657625 0.8763449796874999 0.5754725421875 0.8730734234374999 0.413326171875
1 0.6987746265625 0.360188990625 0.6181694140625 0.33446854843749996 0.614279115625 0.4969540421875 0.7014694734375 0.5308696453125 0.6987746265625 0.360188990625
1 0.701945840625 0.363564628125 0.703497015625 0.5322154109375 0.7892023796875 0.5576922875 0.7825870796875 0.3865389125 0.701945840625 0.363564628125
1 0.43508539687500003 0.454509046875 0.5223802359375 0.476116571875 0.5303314890624999 0.30651310625 0.44682246406250004 0.283159484375 0.4439062546875 0.30673335 0.43508539687500003 0.454509046875
1 0.0884137640625 0.18540577656249999 0.07474578125 0.180792065625 0.0287996609375 0.3310750515625 0.06267334375 0.34098898593750004 0.0884137640625 0.18540577656249999
0 0.177097075 0.22362720937499997 0.08945231875000001 0.1930774265625 0.066388621875 0.3421248609375 0.1580890546875 0.36774232812499996 0.177097075 0.22362720937499997
1 0.3537457484375 0.278657234375 0.26686365312500004 0.25086446875 0.2522542359375 0.39788606875 0.343738796875 0.42440393906249996 0.3537457484375 0.278657234375
0 0.26598260156250003 0.24959315937499998 0.17905985625 0.222407075 0.1605090078125 0.3709003515625 0.25023800625 0.400751428125 0.26598260156250003 0.24959315937499998
1 0.4384704984375 0.30601195625 0.3549655578125 0.2807024703125 0.34431350156249996 0.423853759375 0.432012246875 0.4521177234375 0.4384704984375 0.30601195625
1 0.9074031796875 0.877596053125 0.9042856453124999 0.7243507734375 0.829250040625 0.6975759890625 0.8201582640625 0.906104375 0.892371928125 0.9267610625 0.9074031796875 0.877596053125
1 0.143243415625 0.49063380624999997 0.049598021874999995 0.45828550625000003 0.017913771875 0.6638473640625 0.117908128125 0.6955777796875 0.143243415625 0.49063380624999997
1 0.7469963125 0.6719650328125 0.7335561046875 0.8836841890624999 0.8179291484375 0.9060024015625 0.8245114859375 0.6976432203125 0.7469963125 0.6719650328125
1 0.246674021875 0.5227089234375 0.22334467187499998 0.7289720375 0.3214234640625 0.7595372703125001 0.34052755 0.5463133328125 0.246674021875 0.5227089234375
0 0 0.656851428125 0.017533996875 0.6612443921875 0.046515825 0.458881759375 0 0.44591512031249997 0 0.656851428125
1 0.632604425 0.6402362171875 0.622131609375 0.8503139031250001 0.7132219640625 0.8793220921874999 0.7212626296875 0.6661929421874999 0.632604425 0.6402362171875
1 0.34200995 0.55314144375 0.322368409375 0.7575080234375 0.41888298281249997 0.7846973453125 0.43318052500000004 0.5850718374999999 0.34200995 0.55314144375
0 0.14758552187500001 0.491024115625 0.120281684375 0.69862159375 0.2222461515625 0.729215721875 0.2424267484375 0.52733209375 0.14758552187500001 0.491024115625
1 0.528507496875 0.613045303125 0.5223818953125 0.8227150375000001 0.6208393046875 0.84991880625 0.6298505875 0.6399840859375 0.528507496875 0.613045303125
0 0.42270611718750006 0.761525678125 0.421432303125 0.7837381437500001 0.519374734375 0.8200570468749999 0.5257267031249999 0.612206971875 0.43589354687500004 0.58565731875 0.42270611718750006 0.761525678125
1 0.8699805375 1 0.8928620437499999 0.9251579640625 0.8177545203125 0.9074104109375 0.8162775140624999 1 0.8699805375 1
1 0.3707203671875 0 0.36996078125 0.00970950625 0.44922945625 0.036309103125 0.4511733546875 0 0.3707203671875 0
1 0.4515598953125 0 0.44958969218749995 0.0359462921875 0.5312150171875001 0.060901657812499996 0.5350041937500001 0 0.4515598953125 0
1 0.7146676000000001 1 0.7144474375 0.8819196953124999 0.6228090859375001 0.8533113875 0.6182605234375 1 0.7146676000000001 1
1 0.61583169375 1 0.6193194734375 0.8528361578125001 0.5227896390625 0.8289218734375 0.5168137374999999 1 0.61583169375 1
1 0.8142853375 1 0.8143925984375 0.9055964328125 0.7209702421874999 0.8812590984374999 0.7189738484375 1 0.8142853375 1
1 0.513676340625 1 0.5181654765625 0.8262100046875 0.4261990390625 0.79457710625 0.410831775 0.995584415625 0.4252745 1 0.513676340625 1
1 0 0.8699805375 0.09372856093750001 0.8986362343750001 0.113606146875 0.698224078125 0.019688765625 0.668919 0 0.8012755671875 0 0.8699805375
1 0.11650393125 0.70126925625 0.097224115625 0.8997049328125 0.200242446875 0.931200796875 0.21662097187499998 0.7314387609375 0.11650393125 0.70126925625
1 0.2183157140625 0.7323962421875 0.2012488765625 0.93150849375 0.3062548 0.9636120265624999 0.31964123125 0.7655150515625 0.2183157140625 0.7323962421875
1 0.32275353125 0.765013809375 0.30622908125000003 0.9636041640625 0.40891995625 0.9949999140625 0.421797225 0.7933074921875 0.32275353125 0.765013809375
1 0.8451960812499999 0.16386760312499998 0.8460370968750001 0.0829482796875 0.77112989375 0.0600468484375 0.768266075 0.14178456718750002 0.8451960812499999 0.16386760312499998
1 0.5356881515625 0 0.5312885265625 0.0604511875 0.6088505578125 0.08287881875 0.6100447390625 0.010798175 0.5747255 0 0.5356881515625 0
1 0.9231284359374999 0.190567571875 0.9159528640625 0.10432367499999999 0.8474453671875001 0.08337883125 0.84544906875 0.165315221875 0.9231284359374999 0.190567571875
1 0.76722991875 0.13859412499999998 0.7677449046875 0.059011953125 0.689511496875 0.0350936 0.6887287718749999 0.112438671875 0.76722991875 0.13859412499999998
1 0.6878004609375 0.111612309375 0.6870840031250001 0.0343514421875 0.6111445640625 0.011134425 0.60963286875 0.08487640156250001 0.6878004609375 0.111612309375
1 1 0.21384137343749998 0.9899776859375 0.1269553328125 0.9186327125 0.1051429859375 0.921562703125 0.19511778125 1 0.2155154890625 1 0.21384137343749998