1 0.7781704984375 0.12030153125000001 0.8438519171875001 0.2203967703125 0.9149305015625 0.2019057734375 0.8457544359375 0.10217000937500001 0.7781704984375 0.12030153125000001
1 0.7039854578125 0.1443834328125 0.77455125 0.24468525 0.841812528125 0.22398054374999998 0.7706705859375 0.12386325312499999 0.7039854578125 0.1443834328125
1 0.5342285640625 0.199000759375 0.4616732265625 0.2177289515625 0.456988540625 0.21907226406250002 0.5227613453125 0.321738646875 0.5983713984375 0.297418040625 0.5342285640625 0.199000759375
1 0.53859910625 0.19609440625000002 0.6021368218750001 0.2942487421875 0.6825492859375 0.276862221875 0.6142174671875 0.17452129375 0.53859910625 0.19609440625000002
1 0.6178029031250001 0.1722296890625 0.6874213546875 0.2784726046875 0.767431215625 0.2550575296875 0.6960118890625 0.14934839375 0.6178029031250001 0.1722296890625
1 0.382578096875 0.242043759375 0.44573195625000006 0.3473440578125 0.5233951796875 0.322434715625 0.457861 0.220456734375 0.382578096875 0.242043759375
1 0.2997505671875 0.2682601140625 0.3627236546875 0.37495551250000003 0.44364149218750004 0.3497728671875 0.3806474484375 0.2424469125 0.2997505671875 0.2682601140625
0 0 0.41026666250000005 0.037917518750000004 0.48987040156250006 0.120367790625 0.465638121875 0.056072229687499996 0.3358636765625 0 0.3513654234375 0 0.41026666250000005
1 0.0567238421875 0.3365085171875 0.123111290625 0.46820267187500003 0.20797184999999999 0.4446251890625 0.1438455375 0.31319014843750004 0.0567238421875 0.3365085171875
0 0.219956175 0.2905340875 0.2927341625 0.42256705468750005 0.37194854843749997 0.3991927515625 0.29648858125 0.26609370625 0.219956175 0.2905340875
0 0.144056421875 0.31229799062499997 0.20923105937500003 0.44519129843750005 0.290491090625 0.4199105296875 0.218240659375 0.2926893796875 0.144056421875 0.31229799062499997
1 0.850063471875 0.232293196875 0.772766103125 0.25616843125 0.860638825 0.392294334375 0.9450037765625 0.3687795640625 0.850063471875 0.232293196875
1 0.9495893796875 0.3742295390625 0.9823954765625 0.3683353140625 0.9369800140625 0.20995277343750002 0.8534206078125001 0.2303360953125 0.9495893796875 0.3742295390625
1 0.5263811734375 0.332689978125 0.4505476203125 0.3555961734375 0.527813278125 0.49125397656249997 0.6111027765625 0.463988659375 0.5263811734375 0.332689978125
1 0.7713725828125 0.26500476093750003 0.6891989421875 0.28878702500000003 0.7803347609375 0.4193800828125 0.85676489375 0.390699215625 0.7713725828125 0.26500476093750003
1 0.606985803125 0.3122829234375 0.5303786515625 0.3332460015625 0.6103047578125 0.462864509375 0.696282884375 0.4449755578125 0.606985803125 0.3122829234375
1 0.611206996875 0.31331488125 0.69856676875 0.4449971515625 0.779065496875 0.42123802499999996 0.68643991875 0.290176309375 0.611206996875 0.31331488125
1 0.447524634375 0.521041253125 0.527298684375 0.493430996875 0.44693476875 0.3561473578125 0.36924993906250003 0.3804525859375 0.378993990625 0.4004591140625 0.447524634375 0.521041253125
1 0 0.570270415625 0.0212988578125 0.644548359375 0.096298271875 0.6220685390625 0.037102806249999995 0.48671253906249995 0 0.4962050859375 0 0.570270415625
0 0.12645572031250002 0.471443321875 0.04183888125 0.49220818125 0.09980391562499999 0.6210633125 0.1850951125 0.5943528406249999 0.12645572031250002 0.471443321875
0 0.2936596171875 0.4244518609375 0.2110514609375 0.4469928421875 0.2746389 0.569938953125 0.36021999375 0.5440459921875 0.2936596171875 0.4244518609375
0 0.20970837812499998 0.4464442015625 0.1273780765625 0.4694824890625 0.1886136 0.5955975453125 0.27451475468750003 0.5732193999999999 0.20970837812499998 0.4464442015625
1 0.374345296875 0.402668590625 0.2956647265625 0.4254354078125 0.360391525 0.5433203203125 0.4438833953125 0.5207323875000001 0.374345296875 0.402668590625
1 1 0.5598734203125 0.9548055453125001 0.49337269062500005 0.8820455296875 0.5106630984375 0.9813922625 0.6791045828125 1 0.6734032953125 1 0.5598734203125
1 0.23617209374999998 0.698465484375 0.1459116171875 0.7208822390625 0.2259533515625 0.8985318671875 0.3208975640625 0.8723872500000001 0.23617209374999998 0.698465484375
1 0.8041962171874999 0.5325541 0.9017485796875 0.7057227359375 0.9795849203125 0.680162928125 0.8783486187499999 0.5131359640625 0.8041962171874999 0.5325541
1 0.333998146875 0.670836684375 0.4209768921875 0.8447701640625 0.5138176265625 0.8186886109374999 0.41995656875 0.64144534375 0.333998146875 0.670836684375
0 0.053621273437500006 0.7512176859374999 0.130065321875 0.9290060859375 0.22432484062500002 0.8966812 0.1437891609375 0.7229247187500001 0.053621273437500006 0.7512176859374999
1 0.6979158671875 0.5660530234375 0.7969664421875 0.7364167953125 0.8835090578125 0.7126812984375 0.780984815625 0.541162753125 0.6979158671875 0.5660530234375
1 0.424611303125 0.646051709375 0.5135252609375 0.816612046875 0.6034100484375 0.7886776015625 0.5127096 0.6245706234374999 0.424611303125 0.646051709375
0 0.2397905203125 0.6965544890625 0.32432118593750003 0.873565940625 0.42023635156249994 0.8455226093749999 0.333015025 0.6766373140625 0.2397905203125 0.6965544890625
1 0.6020597421875 0.597858646875 0.704325053125 0.7656817828125 0.79574705625 0.7367664484375 0.6956186546875001 0.5672614046875 0.6020597421875 0.597858646875
0 0.59458555 0.7685238203125 0.60492753125 0.786622175 0.7005995781250001 0.765129746875 0.599441903125 0.5986203375 0.5151449328125 0.6236449328125 0.59458555 0.7685238203125
1 0 0.22416731093750003 0.0112841625 0.24704647343750002 0.08901416250000001 0.22391315781249999 0.04155266875 0.1319477640625 0 0.14384900625000002 0 0.22416731093750003
0 0.1164483578125 0.11113189999999999 0.0422703234375 0.1310654078125 0.0899711171875 0.22494786093750002 0.168834196875 0.20497880937500002 0.1164483578125 0.11113189999999999
1 0.191426175 0.0922769296875 0.1176884390625 0.1104970828125 0.1690627421875 0.204913275 0.2450665 0.1853233625 0.191426175 0.0922769296875
1 0.27246460781250004 0.0747694453125 0.1916519640625 0.0917558109375 0.245164853125 0.184854396875 0.322184503125 0.16276936718749999 0.27246460781250004 0.0747694453125
1 0.8858007484374999 0.714095834375 0.7990308671874999 0.73842530625 0.8991603578125 0.9034089265624999 0.9924575703125 0.87745780625 0.8858007484374999 0.714095834375
1 0.812422575 0.9305639859375001 0.8977104734375001 0.9046261 0.7960403406250001 0.7398342171875 0.7078162609375 0.770348984375 0.8054038374999999 0.9325765765625 0.812422575 0.9305639859375001
1 1 0.717738571875 0.9765928109375 0.6816502140625 0.8905995593749999 0.7102456375 0.9957065859374999 0.8780081421875 1 0.876777025 1 0.717738571875
1 0.61421696875 0.7927016859375 0.7061930421875 0.9610248140625 0.80272960625 0.9333434 0.7027900015624999 0.7705804578125 0.61421696875 0.7927016859375
1 0.3826800859375 1 0.31886168125 0.8766629968749999 0.2299413609375 0.9016090968749999 0.2748974875 1 0.3826800859375 1
1 0.4977588578125 1 0.41694236875 0.850141665625 0.3226987875 0.877575028125 0.38635740625000004 1 0.4977588578125 1
1 0.570270415625 1 0.6075425 0.9893124015625 0.5154674046875 0.8242943484374999 0.41876588281249993 0.8500282328125 0.49892765156249996 1 0.570270415625 1
1 0.51766209375 0.8223111234375 0.607473025 0.9893323234375 0.7044256640625 0.9615316015625 0.610102421875 0.7939524859375 0.51766209375 0.8223111234375
1 0.27158895781250003 1 0.2282701578125 0.9026396984374999 0.1320640640625 0.9328795796874999 0.159950296875 1 0.27158895781250003 1
1 0.5095554156250001 0 0.4905238734375 0.006083403124999999 0.5501550140625 0.105236771875 0.6220104156249999 0.0832935125 0.5690763359375001 0 0.5095554156250001 0
1 0.32201230937499997 0.16237798125 0.39454138437499997 0.14038262031249998 0.341780128125 0.0562158265625 0.273551921875 0.0744576625 0.32201230937499997 0.16237798125
1 0.5710156750000001 0 0.6229489953125 0.08430140781249999 0.6970131890625 0.064464921875 0.6470150328125001 0 0.5710156750000001 0
1 0.4162774921875 0.03433391875 0.472537059375 0.12280667187500001 0.5477096015625 0.103259875 0.4878885265625 0.0099413421875 0.4162774921875 0.03433391875
1 0.413888575 0.035979821875 0.3423292203125 0.054894620312499996 0.396177659375 0.141552171875 0.4713840203125 0.1226316703125 0.413888575 0.035979821875
1 0.7368323125 0 0.77240233125 0.044186487499999996 0.842529540625 0.024077832812499998 0.8229010234375 0 0.7368323125 0
1 0.650079553125 0 0.6981043125 0.06883873593749999 0.770469015625 0.04474085625 0.7334256171875 0 0.650079553125 0