1 1 0.30798776562499997 0.9528657062500001 0.2962500296875 0.962101621875 0.42062940312499997 1 0.4303741921875 1 0.30798776562499997
1 0.873222965625 0.280751125 0.886798115625 0.407784278125 0.9584376265625 0.4228661609375 0.9442451984375 0.2957103546875 0.873222965625 0.280751125
0 0.69122408125 0.2448394203125 0.61576589375 0.22528387031250002 0.6108261078125 0.22414343125 0.6188475312499999 0.35091223125000004 0.6999071328124999 0.3669128953125 0.69122408125 0.2448394203125
1 0.696666928125 0.2443967609375 0.7049321875000001 0.3659251421875 0.78686116875 0.390669546875 0.7763474609375 0.2629056359375 0.696666928125 0.2443967609375
1 0.7807658109375 0.26262694531249997 0.7904807296875 0.39459651875 0.8750859859375 0.4136433796875 0.8634633546874999 0.2812512484375 0.7807658109375 0.26262694531249997
0 0.531538715625 0.20751874531249997 0.5358482812500001 0.335366071875 0.6190728578125 0.3518665609375 0.6109210890625 0.225845609375 0.531538715625 0.20751874531249997
1 0.44295634531249994 0.189602634375 0.44639736562500004 0.31863018125 0.5327207171875 0.336524434375 0.5295788671875 0.206911628125 0.44295634531249994 0.189602634375
0 0.187154378125 0.1282126859375 0.10230689374999999 0.10776920937500001 0.0929129484375 0.2594076953125 0.1801507734375 0.278941628125 0.187154378125 0.1282126859375
0 0.18742173125 0.1291293 0.18135233906249998 0.2826637625 0.2704524234375 0.3040111171875 0.2784480828125 0.151854171875 0.18742173125 0.1291293
0 0.35912300625000004 0.16962455468749998 0.35869633125 0.3266935890625 0.4425573390625 0.3453760703125 0.44108215624999997 0.185981640625 0.35912300625000004 0.16962455468749998
0 0.27909019375 0.1511475234375 0.2713122640625 0.3051626765625 0.3579964453125 0.32314023125 0.3564745875 0.170722903125 0.27909019375 0.1511475234375
0 0.9617485140625 0.4346070328125 0.8793786718750001 0.417348753125 0.8906185796875 0.5857674546875 0.9792361406250001 0.6069217953125 0.9617485140625 0.4346070328125
1 1 0.44387328750000005 0.965790353125 0.4345179640625 0.9806572953125 0.6142035046875 0.9863389515625001 0.6161403046875 1 0.5569678031249999 1 0.44387328750000005
1 0.6166136125 0.3627202828125 0.5360645234375 0.3453177328125 0.5378910359375 0.5079556390625 0.6274230734375 0.5251489328125001 0.6166136125 0.3627202828125
1 0.8736513421875 0.4246986171875 0.786892296875 0.40489418437499997 0.8038931249999999 0.569917475 0.887899359375 0.5823582296875001 0.8736513421875 0.4246986171875
1 0.70024184375 0.384808825 0.6199696515625 0.3652448578125 0.6272644328125 0.5237215843749999 0.7145102750000001 0.5508174859375 0.70024184375 0.384808825
1 0.703561203125 0.3878800859375 0.716577109375 0.5519900140625 0.8018007484374999 0.5709700796875 0.7836811546875 0.40476766875000003 0.703561203125 0.3878800859375
1 0.44981617968750004 0.49457556875 0.536324171875 0.5096799828125 0.5324996 0.3439963953125 0.4495602609375 0.32693442031250003 0.448327721875 0.3500865734375 0.44981617968750004 0.49457556875
1 0.09376551093749999 0.256118428125 0.046033496875 0.2436392171875 0.0112057484375 0.39449476875 0.0793052125 0.4093599 0.09376551093749999 0.256118428125
0 0.182759371875 0.28730541718749997 0.09530050625 0.2635177109375 0.0830017546875 0.4102133140625 0.1740747890625 0.42892269375 0.182759371875 0.28730541718749997
1 0.3585870109375 0.3288785125 0.2720591328125 0.30772346562499997 0.26785750468749997 0.4518717375 0.35878168125 0.47147251562500003 0.3585870109375 0.3288785125
0 0.2711141734375 0.3065454890625 0.1845880828125 0.28598393125 0.1766474984375 0.43183313749999996 0.2660889609375 0.4547988140625 0.2711141734375 0.3065454890625
1 0.442983534375 0.34975370781250004 0.35991475156249997 0.3307870296875 0.3593039671875 0.470897734375 0.446659490625 0.49245606718749996 0.442983534375 0.34975370781250004
1 0.9353676703125 0.836921178125 0.9252724625000001 0.725421484375 0.8503537046874999 0.7044522484375 0.8557226437500001 0.9081145984375001 0.9159834484375 0.9208834703125 0.9353676703125 0.836921178125
1 0.167996965625 0.549591509375 0.0745701828125 0.5244605453125 0.0577294046875 0.7267703640625001 0.157298565625 0.7508680515624999 0.167996965625 0.549591509375
1 0.768483159375 0.6851069625 0.7698339546875 0.892171803125 0.8535443031250001 0.9081668546874999 0.8457424609374999 0.7048398671875 0.768483159375 0.6851069625
1 0.2709368953125 0.5737912171875 0.2622824703125 0.7762158296874999 0.35990619218750003 0.7993092093749999 0.3639699328125 0.5903940984375 0.2709368953125 0.5737912171875
0 0 0.71411026875 0.0571818984375 0.72426166875 0.0716084875 0.5252506640625 0 0.5105816578125 0 0.71411026875
1 0.6548894609375 0.66198966875 0.6590188171875 0.8672544640625001 0.7497288796875 0.8893068671875 0.7430221984375 0.6812362109375 0.6548894609375 0.66198966875
1 0.4592624984375 0.79192894375 0.4595369515625 0.8136438374999999 0.5574203437499999 0.8423488406249999 0.549428828125 0.6395332328125 0.4601111203125 0.619789234375 0.4592624984375 0.79192894375
1 0.36587973749999997 0.5969418515625 0.360688234375 0.7972690874999999 0.456557953125 0.8171816859375 0.456867284375 0.6218341546875 0.36587973749999997 0.5969418515625
0 0.172253240625 0.54967635 0.159818290625 0.753670446875 0.2612290234375 0.7765277890625 0.2671150015625 0.57858155625 0.172253240625 0.54967635
0 0.5516336546875 0.642591015625 0.55996980625 0.8471630375 0.6577330296875 0.8669576156250001 0.6521897453125 0.6619313906250001 0.5516336546875 0.642591015625
1 0.192424075 0 0.1912340265625 0.024658353124999997 0.2736230125 0.0428111875 0.27490861875 0 0.192424075 0
1 0.8977179578125 1 0.9162282968750001 0.9198229171875001 0.8534702515625 0.9095497078125 0.85835826875 1 0.8977179578125 1
0 0.275579715625 0 0.27397138593750003 0.0442372453125 0.3557942078125 0.0658458859375 0.35562138593750003 0 0.275579715625 0
1 0.356572884375 0 0.356035196875 0.0659015234375 0.435065440625 0.086412390625 0.43364491875000005 0 0.356572884375 0
1 0.434086484375 0 0.43539159843749997 0.0860346296875 0.516605290625 0.1047842890625 0.51578980625 0 0.434086484375 0
1 0.75888651875 1 0.7510998156250001 0.8917528406249999 0.659883228125 0.87012705625 0.6649423578125 1 0.75888651875 1
1 0.662471690625 1 0.656451575 0.869901571875 0.5607904031250001 0.8531789171874999 0.5659334312500001 1 0.662471690625 1
1 0.85641125625 1 0.8500716546874999 0.9080120015625001 0.757408621875 0.8906661546875 0.7632227203124999 1 0.85641125625 1
1 0.5626841875 1 0.55610100625 0.8508527484374999 0.46435850156249997 0.826304225 0.46324880312500005 1 0.5626841875 1
1 0.0598044015625 0.7315879437499999 0.046026759375 0.9083440734374999 0.148127778125 0.9319159499999999 0.1532885265625 0.7537372296875 0.0598044015625 0.7315879437499999
1 0.15631899375 0.7565053125000001 0.151569165625 0.9327104578125001 0.2537927953125 0.9563106421875001 0.25590118125 0.7790747984374999 0.15631899375 0.7565053125000001
1 0.257617346875 0.7798918796875001 0.2548619453125 0.956557475 0.35900670468749996 0.9806011874999999 0.35857790624999997 0.805250946875 0.257617346875 0.7798918796875001
1 0.46105982812499996 1 0.45998408125 0.8253672640625 0.36157540625 0.80455129375 0.35926714375 0.9806613140625 0.44303219531250004 1 0.46105982812499996 1
1 0 0.8977179578125 0.042301096875 0.9074839359375 0.0577639140625 0.7316836343750001 0 0.7198804796875 0 0.8977179578125
1 0.7488274625 0.04695688125 0.7530345656249999 0.167423825 0.8294786046875 0.183695909375 0.8221981093749999 0.061578995312499996 0.7488274625 0.04695688125
1 0.516931640625 0 0.51664616875 0.10434066718749999 0.5937293671874999 0.12090531874999999 0.5882085015625 0.017564621875 0.5179324000000001 0 0.516931640625 0
1 0.8242436765625 0.0627394578125 0.829823790625 0.1850882578125 0.907213984375 0.2043953609375 0.8880684359375 0.08022739062499999 0.8242436765625 0.0627394578125
1 0.6670250625 0.0352262171875 0.6735553046875 0.14425714843749998 0.7518076 0.16438773281250002 0.7444829328125 0.049142684375 0.6670250625 0.0352262171875
1 0.6640211093749999 0.0355204 0.589374828125 0.016637665625 0.5946276859374999 0.12279717812499999 0.6725946656249999 0.1435156296875 0.6640211093749999 0.0355204
1 1 0.1088775609375 0.9644071484375001 0.09879105625 0.986032575 0.22396847812499998 1 0.22719311250000002 1 0.1088775609375
1 0.9059992046875 0.20893235156249998 0.9839939828125001 0.22349783125 0.965705571875 0.1256795828125 0.9600895390625 0.098231184375 0.893163296875 0.0841564546875 0.9059992046875 0.20893235156249998