1 0.93880485 0.13703372187500001 0.9311605578125001 0.1236412734375 0.8594783749999999 0.1363016859375 0.9185054546875 0.2461713140625 0.9587003749999999 0.2393873203125 0.93880485 0.13703372187500001
1 0.7804171375 0.1545363546875 0.84448769375 0.26506540312500004 0.916067996875 0.2497049765625 0.85138364375 0.13931494687499998 0.7804171375 0.1545363546875
1 0.5995462796875 0.195754996875 0.5226578359375 0.208581721875 0.5176812578125001 0.20954907031249997 0.576570709375 0.32209552656249996 0.6571303984375 0.30374295 0.5995462796875 0.195754996875
1 0.604338521875 0.1931368 0.66131925625 0.3007967171875 0.7462295609375 0.2900783390625 0.6846585468749999 0.1776365078125 0.604338521875 0.1931368
1 0.6885815578125001 0.17558480625 0.7511334375 0.292193596875 0.8361712421874999 0.2751817125 0.771704709375 0.15896283125 0.6885815578125001 0.17558480625
1 0.43848675156250005 0.2266107515625 0.4944239296875 0.3416522390625 0.577164715625 0.3228757015625 0.5184603671875 0.21106545625 0.43848675156250005 0.2266107515625
1 0.350275590625 0.24627326562500002 0.40589935156249995 0.36274620625 0.4920379046875 0.34398255 0.43644940468750004 0.22685326562500002 0.350275590625 0.24627326562500002
0 0.0916193234375 0.29423479218750004 0.0057921796875 0.310069325 0.058887310937500006 0.45241883749999995 0.14652819687500002 0.434781153125 0.0916193234375 0.29423479218750004
1 0.09223638437500001 0.2949634171875 0.1491398109375 0.437692771875 0.2392195390625 0.42095428281249997 0.1846361328125 0.27869986875 0.09223638437500001 0.2949634171875
0 0.265564209375 0.2621204734375 0.3290601515625 0.40578371874999997 0.4132698453125 0.38874167187499997 0.34709064375 0.243727625 0.265564209375 0.2621204734375
0 0.18493531093749999 0.27779314374999997 0.24047342343749997 0.42165655625 0.32697549375 0.40282223593750005 0.2635914953125 0.26420107187499997 0.18493531093749999 0.27779314374999997
1 0.9823989265625 0.3613058046875 0.9238680875 0.25908413750000003 0.8415999171875 0.276820746875 0.920370140625 0.4261072046875 0.9923820437499999 0.412664490625 0.9823989265625 0.3613058046875
1 0.579332690625 0.33379133437499997 0.49866918125000004 0.350655578125 0.566488578125 0.498489790625 0.6552733078124999 0.47778068593749995 0.579332690625 0.33379133437499997
1 0.8393572015625 0.285864696875 0.7520436796875 0.303060528125 0.8346957296875 0.446901946875 0.9164993515625 0.424098728125 0.8393572015625 0.285864696875
1 0.6647151 0.31995555468750003 0.5834254203125 0.3347326234375 0.6545478265625 0.4765412609375 0.745271765625 0.46580851875 0.6647151 0.31995555468750003
1 0.6689966796875 0.3214111859375 0.7476368234375 0.46603901875 0.8332123796875001 0.4487145953125 0.7490586968749999 0.30425104062499997 0.6689966796875 0.3214111859375
1 0.4805860296875 0.522089759375 0.56575853125 0.5007023562499999 0.49487502499999997 0.3508984609375 0.4121664375 0.36904604218750003 0.42045728593750004 0.390697903125 0.4805860296875 0.522089759375
1 0 0.5481445203125 0.008357415625 0.591139696875 0.015181240625 0.6140261046875 0.1074470828125 0.5949417593749999 0.0583283015625 0.44906717343749997 0 0.45866935781249996 0 0.5481445203125
0 0.1523131296875 0.44136084374999995 0.06274015 0.4552024171875 0.1111711578125 0.5942178734375 0.20198030312499998 0.5742670000000001 0.1523131296875 0.44136084374999995
0 0.329848971875 0.4078242125 0.24219728906250002 0.4236921734375 0.2969892953125 0.5570871296875 0.38802501718750004 0.5380111375000001 0.329848971875 0.4078242125
0 0.24085489999999998 0.42300038906250004 0.15344624375 0.4394098015625 0.2055143765625 0.5758794093749999 0.2965642 0.5604804796875 0.24085489999999998 0.42300038906250004
1 0.415439740625 0.39256749375 0.3318381875 0.4090276890625 0.388268365625 0.5372736140625001 0.476840171875 0.521437440625 0.415439740625 0.39256749375
1 1 0.540890715625 0.9318598015624999 0.5509083593749999 1 0.693702603125 1 0.540890715625
1 0.24550836562499997 0.686975525 0.14993706874999999 0.702017340625 0.2168390671875 0.89368631875 0.3176014359375 0.8752022234375 0.24550836562499997 0.686975525
1 1 0.6998746078125 0.9278048796875 0.553138028125 0.8491989 0.5665353109375 0.934653771875 0.7551490375000001 1 0.7398432328125 1 0.6998746078125
1 0.349391578125 0.6672136140625 0.423818875 0.8556577734375 0.52239550625 0.8370474781249999 0.4411344875 0.6445411546875001 0.349391578125 0.6672136140625
0 0.051546465625 0.7250927484374999 0.114707296875 0.9165779625000001 0.21531851875000002 0.8916172015624999 0.1475527953125 0.7039437796875 0.051546465625 0.7250927484374999
1 0.7360232421874999 0.5916193296875 0.8232843125 0.7774584921875001 0.9151215968749999 0.760709259375 0.8243647796875001 0.573355109375 0.7360232421874999 0.5916193296875
1 0.4455423921875 0.6497460390625001 0.52228014375 0.83486565 0.617960675 0.8140629859375 0.5387882640625 0.6354783187499999 0.4455423921875 0.6497460390625001
0 0.24943117343750001 0.685321846875 0.32104315625 0.876737475 0.4229833890625 0.8563712359375 0.3478485109375 0.6731443125000001 0.24943117343750001 0.685321846875
1 0.6338042265625 0.6158957 0.7246266171875 0.7993909234375 0.8219889468750001 0.7777102859375 0.7335332265625001 0.592664165625 0.6338042265625 0.6158957
0 0.6106361546875 0.7923420765625 0.6197191234375 0.812067990625 0.7208154296875 0.798478553125 0.6310222765625 0.6164477171875 0.5413958828125 0.6347394625 0.6106361546875 0.7923420765625
1 0 0.2075726796875 0.0522869703125 0.196863953125 0.013582560937499998 0.0971002859375 0 0.09979489687500001 0 0.2075726796875
1 0.0949977859375 0.08127476875 0.013985298437499998 0.09699617031249999 0.0532269265625 0.19797385781250001 0.1358764328125 0.181046678125 0.0949977859375 0.08127476875
0 0.1745004109375 0.066494553125 0.09582129375000001 0.0804243890625 0.13677471875 0.1822077515625 0.22031261249999998 0.16866788593749998 0.1745004109375 0.066494553125
1 0.2539109578125 0.0537569640625 0.1758429890625 0.065948684375 0.22055539531249999 0.16862069375 0.3010956375 0.155213809375 0.2539109578125 0.0537569640625
1 0.33948094375000004 0.0429700734375 0.25419205312500004 0.053236687500000004 0.3012399484375 0.15473604531250001 0.383058521875 0.1388321265625 0.33948094375000004 0.0429700734375
1 0.825242378125 0.77973115 0.900069003125 0.9315928109374999 0.9976388187499999 0.9126271593749999 0.9173688765625 0.7623861578125 0.825242378125 0.77973115
1 0.7278231484375 0.8045529359374999 0.7993527625 0.951170065625 0.897845925 0.9320249328125 0.82201569375 0.7809209375 0.7278231484375 0.8045529359374999
1 1 0.74041339375 0.9226902625 0.7588273984375 1 0.910268825 1 0.74041339375
1 0.6287973015625 0.8192240703125 0.6953801375 0.9713802953125 0.796195953125 0.9517836859375001 0.7225930328125 0.804335225 0.6287973015625 0.8192240703125
1 0.3646451359375 1 0.3151050828125 0.8794543796875001 0.22069415937499998 0.8972434187499999 0.2571689171875 1 0.3646451359375 1
1 0.47912619687499997 1 0.4191521234375 0.8608650734375001 0.3189994328125 0.8807505484375 0.3682866625 1 0.47912619687499997 1
1 0.5481445234375 1 0.5902823484375 0.9918092359375 0.5235987796875 0.8430157890625001 0.42105225781250005 0.8609134890625001 0.48039618125 1 0.5481445234375 1
1 0.5260525578124999 0.8411574312500001 0.590736834375 0.9917208937499999 0.6930753453125 0.9718283015625 0.6244199734375 0.8201473515625001 0.5260525578124999 0.8411574312500001
1 0.25388215625 1 0.21886900312500002 0.8981607781250001 0.1164287625 0.92078023125 0.141484090625 1 0.25388215625 1
1 0.5758044359375 0 0.62452520625 0.099891740625 0.7009787625 0.0836644390625 0.6575892234375 0 0.5758044359375 0
1 0.382915428125 0.1384102328125 0.460071884375 0.12219023124999999 0.412995875 0.030029346875 0.34063600625 0.0427455515625 0.382915428125 0.1384102328125
1 0.659376734375 0 0.7018604265625 0.08479601249999999 0.7804127921874999 0.0709565 0.7347449890625 0 0.659376734375 0
1 0.5495499171875 0 0.4921820046875 0.0141064328125 0.5424945515624999 0.11105505625 0.622169428125 0.09761718593749999 0.5710568078125 0 0.5495499171875 0
1 0.48955741093749994 0.015597 0.413684340625 0.0287081421875 0.461662028125 0.12355315156249999 0.5413153625 0.11076837343749998 0.48955741093749994 0.015597
1 0.822365765625 0 0.8603782609374999 0.056779025000000004 0.9209175203125 0.045011384375000005 0.9145735953124999 0.0123747203125 0.9061781015625 0 0.822365765625 0
1 0.7377257390625 0 0.7811483953125 0.0755953421875 0.8583244859375 0.05717823749999999 0.8188946781249999 0 0.7377257390625 0