1 0.9966180031249999 0.3018821375 0.9596630203125001 0.198769228125 0.8868713921875001 0.1987898203125 0.9259230546874999 0.3172402265625 0.9968951625000001 0.31776055468750003 0.9966180031249999 0.3018821375
1 0.80584485625 0.2030186234375 0.8497488687500001 0.32299422187500004 0.9229090171875001 0.3202969421875 0.878376390625 0.200351665625 0.80584485625 0.2030186234375
1 0.620564290625 0.2122031640625 0.5426166171875 0.2114834875 0.537547665625 0.211571965625 0.57599896875 0.3326346328125 0.6585216640625 0.32854991718750004 0.620564290625 0.2122031640625
1 0.625738371875 0.2104569109375 0.66315849375 0.32637583281250004 0.7486400468750001 0.330564809375 0.707529753125 0.209139528125 0.625738371875 0.2104569109375
1 0.7117494390625 0.2078002203125 0.7531021109375 0.33349948125 0.839802084375 0.33151270625 0.7964961390624999 0.2058649546875 0.7117494390625 0.2078002203125
1 0.45659357343750007 0.214622459375 0.4917041953125 0.337629596875 0.5764484750000001 0.333506103125 0.538051621875 0.213200603125 0.45659357343750007 0.214622459375
1 0.366308178125 0.2186685484375 0.40086157499999997 0.3430309671875 0.48894976406249996 0.33951017656250004 0.45454506562499997 0.2145075078125 0.366308178125 0.2186685484375
0 0.10325305 0.22098624218750001 0.015980173437500002 0.2216764859375 0.0435499390625 0.3710832625 0.1329221140625 0.3689322140625 0.10325305 0.22098624218750001
1 0.10373421093749999 0.22181094843750002 0.13498845312500002 0.3722531015625 0.226606278125 0.37141108749999996 0.1975543359375 0.2218395265625 0.10373421093749999 0.22181094843750002
0 0.2801319140625 0.219565025 0.31771635 0.37207165781249996 0.40360602968750003 0.3699113765625 0.3636136640625 0.215608521875 0.2801319140625 0.219565025
0 0.19800641875 0.22099853125000002 0.22771916406249998 0.372320425 0.31617761875 0.36879316875 0.277827878125 0.22127145625 0.19800641875 0.22099853125000002
1 0.9289619312499999 0.33088808593749997 0.8448636687500001 0.3340695171875 0.8965138749999999 0.494766284375 0.9876168140624999 0.493853721875 0.9289619312499999 0.33088808593749997
1 1 0.495636596875 0.9971310828125001 0.33127641093750004 0.9328621625 0.329823853125 0.990757359375 0.500575325 1 0.5013552781249999 1 0.495636596875
1 0.5766880328124999 0.3446323671875 0.4943215375 0.3472333359375 0.535439465625 0.5045983281249999 0.626471453125 0.49962114843750005 0.5766880328124999 0.3446323671875
1 0.841084559375 0.342586625 0.7521115015625 0.34435938125 0.8085300796875 0.5003679046875 0.8930506609375 0.49211616718749995 0.841084559375 0.342586625
1 0.6631758484375 0.3458332859375 0.5805551312499999 0.3462700515625 0.6259722171875 0.49827457500000005 0.7171815765625 0.503458934375 0.6631758484375 0.3458332859375
1 0.667139615625 0.348010290625 0.719470678125 0.5040966203125 0.8067545046875001 0.5018954328125 0.7489651390625001 0.34501347187500003 0.667139615625 0.348010290625
1 0.44674387656250003 0.5129229390625001 0.5343363 0.5066505109375 0.49054284687500005 0.3468136796875 0.40593949531250006 0.3503233640625 0.41034458125000006 0.373085975 0.44674387656250003 0.5129229390625001
1 0 0.504363434375 0.0003048046875 0.521825678125 0.0666231328125 0.51987325625 0.043581431250000004 0.36768544687500004 0 0.3671897609375 0 0.504363434375
0 0.137476609375 0.3764164875 0.046860878125 0.3744935921875 0.07041633124999999 0.519807046875 0.163310315625 0.515928115625 0.137476609375 0.3764164875
0 0.3181388578125 0.3742181296875 0.2290633578125 0.3746244640625 0.2598591609375 0.5155073812500001 0.3528243578125 0.5125293859375 0.3181388578125 0.3742181296875
0 0.227861490625 0.373710084375 0.138931303125 0.37469184843750003 0.16651070625 0.5181297125000001 0.25885127343750003 0.5187753625 0.227861490625 0.373710084375
1 0.4050786125 0.3740558734375 0.3198888703125 0.3757487453125 0.35319207812500003 0.511845325 0.44316820156250003 0.5116300703125 0.4050786125 0.3740558734375
1 1 0.7256399874999999 0.9639237578125 0.6218884609375 0.8861574890625 0.6196665875 0.9406373296874999 0.8159804312500001 1 0.8138697296874999 1 0.7256399874999999
1 0.1866054578125 0.6344829125 0.0898741203125 0.6327004265625 0.122476759375 0.8330749328125 0.22491805 0.8323688562499999 0.1866054578125 0.6344829125
1 0.8020388015625001 0.6207022171875 0.8534429921875001 0.821289559375 0.9385363375000001 0.8165581234375001 0.88177699375 0.6211582531250001 0.8020388015625001 0.6207022171875
1 0.292342071875 0.6330603609375001 0.33291566562499997 0.8315657921874999 0.433226340625 0.8303558828125001 0.3866282296875 0.6266633359375 0.292342071875 0.6330603609375001
0 0.0041667625 0.7430770859375 0.01792150625 0.837883803125 0.121338609375 0.830773209375 0.087191546875 0.634183575 0.0023287015625 0.6377746765625 0.0041667625 0.7430770859375
1 0.686226740625 0.6257524078125 0.7398914875 0.82392098125 0.83324203125 0.8233735828125001 0.7763977203125 0.62310600625 0.686226740625 0.6257524078125
1 0.3900653515625 0.6325545703125 0.4334916015625 0.8281871671875001 0.531330875 0.8243152921875 0.48437217187500003 0.634695584375 0.3900653515625 0.6325545703125
0 0.190755828125 0.633535546875 0.2280408890625 0.83447843125 0.33196898125 0.8321233359375 0.28979259218750003 0.63863300625 0.190755828125 0.633535546875
1 0.5813451140625 0.6319098171875 0.6389240984375 0.828388478125 0.738572078125 0.8239440109375 0.6835931203125 0.6263489812499999 0.5813451140625 0.6319098171875
0 0.5278894265625 0.801652484375 0.533409034375 0.82265595625 0.6353292421875001 0.8268281625 0.578509571875 0.6319703671875 0.48706847656249996 0.6344207609375 0.5278894265625 0.801652484375
1 0 0.12050287500000001 0.0814265125 0.11826469375 0.0606338890625 0.013295709375 0 0.014588115625 0 0.12050287500000001
1 0.1435603046875 0.0118482234375 0.061048584375000006 0.0132631109375 0.0821594546875 0.119520959375 0.1664927046875 0.11720287656249999 0.1435603046875 0.0118482234375
1 1 0.812882534375 0.9387990281249999 0.817917815625 0.99217315 0.99148525 1 0.99134863125 1 0.812882534375
0 0.2244216640625 0.011098040625 0.14451896875 0.0111537640625 0.1671757234375 0.1185022953125 0.2517956609375 0.119674334375 0.2244216640625 0.011098040625
1 0.3048376453125 0.012343459375000001 0.22583863593750003 0.0107936 0.2520429515625 0.1196700171875 0.3336876875 0.12045247968749999 0.3048376453125 0.012343459375000001
1 0.39098075468750004 0.0165795171875 0.305204815625 0.011879896875 0.33391276875 0.120007034375 0.41725002031249997 0.118552378125 0.39098075468750004 0.0165795171875
1 0.7414251640625 0.8264991234375 0.7904791265625 0.99500583125 0.8900734015625 0.9932674078125 0.8351639796875 0.8254152390625 0.7414251640625 0.8264991234375
1 0.6411756937499999 0.8340271421875001 0.68786825625 0.9967969109375 0.7882618625 0.995044534375 0.7380408953125001 0.8271105296875 0.6411756937499999 0.8340271421875001
1 0.84102249375 0.8228345953125 0.8932550859375 0.9932118703124999 0.991552615625 0.99149608125 0.935129378125 0.8172479796875001 0.84102249375 0.8228345953125
1 0.5411066546875001 0.8312797312500001 0.58170280625 0.9986500359375 0.6847113640625 0.9968520156249999 0.6360628390625 0.8329045374999999 0.5411066546875001 0.8312797312500001
1 0.2575749515625 1 0.22172124218749997 0.8361229218749999 0.12565559843750002 0.837247421875 0.1530165234375 1 0.2575749515625 1
1 0.366266834375 1 0.32741557499999996 0.8358836109375 0.2253313515625 0.8380756453125 0.2610983671875 1 0.366266834375 1
1 0.4745795015625 1 0.4333749453125 0.8364424671874999 0.3292784328125 0.8362612421875 0.367401059375 1 0.4745795015625 1
1 0.504363425 1 0.5794343640624999 0.9986896328125001 0.5366355015625001 0.83142886875 0.43611414687499994 0.8350384375000001 0.474954615625 1 0.504363425 1
1 0.1493062515625 1 0.1236988703125 0.837833909375 0.018887103125 0.8423211625 0.039788503125 1 0.1493062515625 1
1 0.6285844843749999 0.0062630640625 0.6618102109375 0.122133834375 0.7399201078125001 0.1194290828125 0.70331311875 0.002700871875 0.6285844843749999 0.0062630640625
1 0.4171823625 0.11811204374999999 0.49598321093750003 0.115536540625 0.4656259625 0.016601125 0.39215725625000003 0.01655898125 0.4171823625 0.11811204374999999
1 0.7055786671875001 0.003331996875 0.7405918812500001 0.12069656250000001 0.820354065625 0.12070777968749999 0.771738271875 0.00485985625 0.7055786671875001 0.003331996875
1 0.5463740625 0.0146706421875 0.5790872968749999 0.1188830796875 0.6598851953125 0.11948475624999999 0.6248978000000001 0.009434975 0.5463740625 0.0146706421875
1 0.5435305078125 0.015682807812499998 0.46653339374999997 0.015419540625 0.49731252968749995 0.11715488125 0.577975803125 0.1183959875 0.5435305078125 0.015682807812499998
1 0.8503003546875 0.0044040953125 0.9015665734375 0.12063154843749999 0.977446028125 0.11930706718749999 0.927010546875 0.00684425625 0.8503003546875 0.0044040953125
1 0.8202729671875 0.12540388281249998 0.8994746765625001 0.12066806249999999 0.8580651328125001 0.0301798 0.8459755515625 0.004905378125 0.77763231875 0.007439651562500001 0.8202729671875 0.12540388281249998
1 0.9777982656249999 0.11795958124999999 0.993418940625 0.1186079296875 0.9914350593749999 0.0049514609375 0.9303527359375 0.0058228578125 0.9777982656249999 0.11795958124999999