1 0.9134291375 0.14211396874999999 0.877959578125 0.0928795421875 0.8098236999999999 0.1124418578125 0.878075040625 0.2125109359375 0.9304828031250001 0.19789399218749998 0.9134291375 0.14211396874999999
1 0.7351050078125 0.1381427421875 0.8083068140625 0.238332575 0.876071453125 0.21617307968750002 0.8022893078125 0.11618031874999998 0.7351050078125 0.1381427421875
1 0.5641185156249999 0.1964591015625 0.490957903125 0.21671479218749998 0.48623645312499997 0.2181582828125 0.5546247640625 0.32082665781249997 0.6307825890625 0.294858565625 0.5641185156249999 0.1964591015625
1 0.5684947984375001 0.1934401265625 0.6345414640625 0.29158452343749997 0.715682959375 0.2725441484375 0.6447085 0.170251221875 0.5684947984375001 0.1934401265625
1 0.6483002484375 0.1678683 0.7206452171875 0.2740852 0.8012748125 0.24895366874999997 0.7271151375 0.14330926093750002 0.6483002484375 0.1678683
1 0.4112702921875 0.2427399640625 0.47705163125 0.34812008125 0.5552787375 0.321519346875 0.4871439984375 0.21954304375000003 0.4112702921875 0.2427399640625
1 0.32783534687500004 0.2707561328125 0.3934577 0.377550784375 0.47497636249999997 0.3506147984375 0.4093218921875 0.24318265781249998 0.32783534687500004 0.2707561328125
0 0.082205459375 0.34354435 0.0006926390625 0.36761959843750003 0.0664787703125 0.4996639375 0.1495659 0.4736616546875 0.082205459375 0.34354435
1 0.082876553125 0.34418489375 0.152388821875 0.47620637656250003 0.2379284078125 0.4508229453125 0.1707106953125 0.3190227421875 0.082876553125 0.34418489375
0 0.2474042640625 0.294729446875 0.32339473281250003 0.42697824687499997 0.40321937500000005 0.401902325 0.32449418125 0.2686235328125 0.2474042640625 0.294729446875
0 0.1709088671875 0.31811643749999996 0.239213515625 0.45137287343750004 0.3210770578125 0.42433144375 0.2457040203125 0.296940703125 0.1709088671875 0.31811643749999996
1 0.9782292828125 0.3540656921875 0.8845716156250001 0.2244330578125 0.806697184375 0.2499810921875 0.898046321875 0.3860976375 0.9805176921875001 0.36155074374999996 0.9782292828125 0.3540656921875
0 0.8879379203125 0.2223926390625 0.977320809375 0.3510942078125 0.93425465625 0.21023117187499998 0.8879379203125 0.2223926390625
1 0.5584801125000001 0.3318395390625 0.4820714953125 0.3563808640625 0.5626696984375 0.492215459375 0.646554403125 0.4631298265625 0.5584801125000001 0.3318395390625
1 0.8054384703125 0.25894500625 0.7226237390625 0.2844870625 0.8171821640625 0.41494770000000003 0.89409524375 0.384554 0.8054384703125 0.25894500625
1 0.63976405625 0.30974014843750003 0.5625383687500001 0.33232980625 0.6457267515625 0.46200706093750005 0.7324964765625 0.44235790625 0.63976405625 0.30974014843750003
0 0.6440571125 0.31070782812500003 0.73480996875 0.44233849999999997 0.81592875 0.4168501 0.7198533968749999 0.2859422796875 0.6440571125 0.31070782812500003
1 0.48186782656249993 0.5237980828125 0.5621861234375001 0.49442700625 0.4784219140625 0.3570036875 0.400162490625 0.38299369843750003 0.4103768859375 0.4030561171875 0.48186782656249993 0.5237980828125
1 0 0.5630797359375 0.0404708546875 0.660212559375 0.1278905515625 0.6323398546875 0.06559907499999999 0.49648419062500004 0 0.5144956984375 0 0.5630797359375
0 0.1558320453125 0.4794241828125 0.0704907140625 0.501957990625 0.131423709375 0.6312596609375001 0.21734532031249998 0.6026991515625 0.1558320453125 0.4794241828125
0 0.32436459375000004 0.428868184375 0.241088340625 0.45316241875 0.3076136375 0.5763850359375 0.3938429796875 0.548646278125 0.32436459375000004 0.428868184375
0 0.2397185890625 0.45263167656250003 0.1567323359375 0.47742396249999997 0.2209303515625 0.6038947343750001 0.307544571875 0.579705746875 0.2397185890625 0.45263167656250003
0 0.40570684999999995 0.40537516250000005 0.3264123625 0.429826915625 0.394004171875 0.5479090953125 0.4781746390625 0.5235514015625 0.40570684999999995 0.40537516250000005
1 1 0.49349513125 0.9951645906250001 0.4866467515625 0.9217718453125 0.505451690625 1 0.6328489953124999 1 0.49349513125
1 0.27087466718750003 0.7070959718750001 0.1798459875 0.7314027484375 0.2639812015625 0.9096657265625 0.3596891765625 0.881503284375 0.27087466718750003 0.7070959718750001
1 1 0.6379154406249999 0.9180703265625001 0.5080199875 0.8433041250000001 0.5290024625 0.9450967171875 0.7024162453125 1 0.683322703125 1 0.6379154406249999
1 0.36947573437500003 0.67738009375 0.460572565625 0.8517585609375 0.554151225 0.8236979046874999 0.456026803125 0.6460955937499999 0.36947573437500003 0.67738009375
0 0.0868982515625 0.7637566625 0.16739212187500002 0.942224996875 0.26229987499999996 0.9078230218750001 0.17773164375 0.7335072375 0.0868982515625 0.7637566625
0 0.7362419421874999 0.564809190625 0.8395034718750001 0.73535854375 0.9267439156249999 0.7097848875 0.819944303125 0.538130115625 0.7362419421874999 0.564809190625
1 0.46082069687500005 0.650671278125 0.5538192453125 0.8216025546875001 0.6443721078125 0.7917209187500001 0.54967568125 0.6273500640624999 0.46082069687500005 0.650671278125
0 0.2745064015625 0.705097471875 0.3631769875 0.8826338 0.45983554375 0.8525331015625 0.3685802296875 0.6832657125 0.2745064015625 0.705097471875
1 0.639708175 0.598714721875 0.7461817046875 0.76663593125 0.838274515625 0.7357342734375 0.733936196875 0.56607306875 0.639708175 0.598714721875
0 0.6350864953124999 0.77149293125 0.6458735078125 0.7896142609375 0.742399 0.766144784375 0.63706998125 0.599532521875 0.552126196875 0.626369659375 0.6350864953124999 0.77149293125
1 0 0.18599894374999998 0.035309757812499995 0.2545066640625 0.11363517812499999 0.22970133124999997 0.063977440625 0.13752725 0 0.1570656875 0 0.18599894374999998
0 0.13947230156249998 0.1151174234375 0.064689040625 0.1366217078125 0.11462225468750001 0.23073074531249999 0.1941499203125 0.2091058890625 0.13947230156249998 0.1151174234375
1 0.21508421093750002 0.094689734375 0.1407172890625 0.11445285000000001 0.194380259375 0.20903546718750002 0.2710185484375 0.1878457875 0.21508421093750002 0.094689734375
1 0.29685759843750004 0.0755156859375 0.2153038875 0.094158496875 0.271110059375 0.187369609375 0.34873414375 0.16363754531250002 0.29685759843750004 0.0755156859375
1 1 0.815661296875 0.929089378125 0.711174428125 0.8416290203125 0.7373530500000001 0.937464828125 0.8890994578125 1 0.8699805375 1 0.815661296875
1 0.749798228125 0.7712941718749999 0.8418532421875 0.9183308531250001 0.9354653421875 0.8897107625 0.8386245499999999 0.7388323015625 0.749798228125 0.7712941718749999
1 1 0.6839222656249999 0.9338831093750001 0.707192934375 1 0.80865540625 1 0.6839222656249999
1 0.655386884375 0.7955964578125 0.742598584375 0.9486760484375001 0.838994521875 0.9192048515625 0.744711621875 0.7716191078125 0.655386884375 0.7955964578125
1 0.41934717031249996 1 0.3577010921875 0.8858653578125001 0.268073421875 0.91270659375 0.30983810312500004 1 0.41934717031249996 1
1 0.53685661875 1 0.45657918750000004 0.8572651875 0.3616030765625 0.8867186578125 0.4230829546875 1 0.53685661875 1
1 0.5747255 1 0.6430183234375 0.9791207890625 0.555918959375 0.8293388171875 0.4584240859375 0.8571175046875 0.5380882125 1 0.5747255 1
1 0.5581074828125 0.8272929671875 0.6432216859375 0.9790586140625 0.7405962140625 0.9492882343750001 0.6512412750000001 0.79693606875 0.5581074828125 0.8272929671875
1 0.3065986875 1 0.26639862812500004 0.9137793234375 0.1694833625 0.9461072843749999 0.192995465625 1 0.3065986875 1
1 0.5227031140625 0 0.51652175625 0.0020951531249999997 0.5786290968750001 0.10132072031249999 0.6510252750000001 0.07782534218750001 0.5995945046875 0 0.5227031140625 0
1 0.34855298281249997 0.16324473281250002 0.4216305578125 0.1396844796875 0.366739934375 0.0554951078125 0.2979534453125 0.0751806515625 0.34855298281249997 0.16324473281250002
1 0.6014718890624999 0 0.6519932796875 0.0788279671875 0.7266629171875 0.057423884375 0.680451853125 0 0.6014718890624999 0
1 0.44181295 0.032014074999999996 0.5003210515625 0.12049612968750001 0.5761182296875 0.09936507812499999 0.5139193203125 0.0060454046875 0.44181295 0.032014074999999996
1 0.439421884375 0.0337222015625 0.36727323125 0.05414866875 0.4233079828125 0.140838034375 0.49915023124999996 0.1203399265625 0.439421884375 0.0337222015625
1 0.7729821593749999 0 0.8026668265625 0.035548803125 0.8733443796874999 0.013940507812499999 0.8615566890625 0 0.7729821593749999 0
0 0.6830438140624999 0 0.7278435640625001 0.0618286859375 0.8007183390625 0.036144515625 0.76968044375 0 0.6830438140624999 0