1 1 0.33696078906250004 0.9722091374999999 0.23846974843750002 0.9019508999999999 0.23357956093749999 0.9316620046875 0.35027724375 1 0.3555557265625 1 0.33696078906250004
1 0.82346098125 0.2321862609375 0.8577527046875 0.3506799546875 0.9285469734375 0.353017446875 0.8936464859375001 0.23451054999999998 0.82346098125 0.2321862609375
1 0.6440135078125 0.22853290624999997 0.568828646875 0.2225820734375 0.5639302484375001 0.222325359375 0.59288589375 0.341498059375 0.672810165625 0.34313103125 0.6440135078125 0.22853290624999997
1 0.6491250703125 0.2272003328125 0.677432009375 0.341350234375 0.7596546578125001 0.3511500609375 0.7281570421875 0.23144882031249997 0.6491250703125 0.2272003328125
1 0.7323200265625001 0.23044374531249998 0.7637636156250001 0.35427702656250004 0.8475783515625 0.358212009375 0.8142460359375001 0.23429657656249997 0.7323200265625001 0.23044374531249998
1 0.4855896390625 0.219802275 0.5111899249999999 0.3406220921875 0.59326103125 0.34236757500000004 0.5643069234375 0.22392767343750003 0.4855896390625 0.219802275
1 0.39817558750000004 0.2176084890625 0.42314673750000004 0.3396958078125 0.5084047046875 0.342247228125 0.483620209375 0.219553403125 0.39817558750000004 0.2176084890625
0 0.14412450625 0.2020964734375 0.0598441703125 0.19687433125 0.0763874953125 0.3426074078125 0.16279244843750001 0.34656445156250004 0.14412450625 0.2020964734375
1 0.144533346875 0.20292309375 0.164563084375 0.349901728125 0.2530472921875 0.3552708 0.2350845046875 0.2092790671875 0.144533346875 0.20292309375
0 0.3149397828125 0.21265891250000002 0.3409401890625 0.362052559375 0.4239845375 0.3657658078125 0.3957810734375 0.2144800390625 0.3149397828125 0.21265891250000002
0 0.23557750937500002 0.20849971093750003 0.25406015625 0.35622152812499996 0.3396759296875 0.35879169843750003 0.31260100625 0.2141467296875 0.23557750937500002 0.20849971093750003
1 0.933675525 0.3636246265625 0.8522914125 0.3610155484375 0.8913159671875001 0.519244784375 0.9793079703125 0.524511190625 0.933675525 0.3636246265625
1 1 0.3686482 0.93751164375 0.362862890625 0.9818862812500001 0.53119569375 0.9989129703125 0.5338347078125001 1 0.5130929484375 1 0.3686482
1 0.5927426078125 0.35309793125 0.513069065625 0.3500466984375 0.54215258125 0.50435711875 0.6303499625 0.5057046578125 0.5927426078125 0.35309793125
1 0.8480700515624999 0.36896230937499996 0.7620758078125001 0.3646679046875 0.8060185640625 0.5187041671875 0.8881519046875 0.5164592109374999 0.8480700515624999 0.36896230937499996
1 0.6761378 0.3600882390625 0.5963647046875 0.3549358109375 0.6299588375 0.5043742796874999 0.7176427703125 0.515518984375 0.6761378 0.3600882390625
0 0.679816859375 0.36245198749999996 0.7198091953125 0.516287459375 0.8042018984375 0.52005535625 0.7589949375 0.3650855359375 0.679816859375 0.36245198749999996
1 0.4559847078125 0.506390634375 0.5409495640624999 0.5062588859375 0.509450234375 0.3493877015625 0.4275565015625 0.34706064531249997 0.4302745453125 0.36927736875 0.4559847078125 0.506390634375
1 0.0766468203125 0.3393375578125 0.0080261609375 0.333758771875 0.0001593640625 0.4838661875 0.0886323859375 0.48744323593749994 0.0766468203125 0.3393375578125
0 0.1666840859375 0.3540787546875 0.07935336875 0.3461147671875 0.0922979578125 0.48763534062499997 0.1822184984375 0.49016605156250004 0.1666840859375 0.3540787546875
0 0.34120336406249996 0.364148034375 0.25520230625 0.35853090625 0.27543363125 0.496273415625 0.365362203125 0.499676496875 0.34120336406249996 0.364148034375
0 0.254103896875 0.3575693203125 0.1682043234375 0.3525161125 0.185159109375 0.4925019875 0.27424065937500003 0.4993523796875 0.254103896875 0.3575693203125
0 0.42512660156250004 0.369856140625 0.34278930937499996 0.3657400078125 0.365763209375 0.499042575 0.452620653125 0.50490445625 0.42512660156250004 0.369856140625
1 0.9857185062499999 0.7856000937500001 0.9478135218749999 0.64620591875 0.8729049609375 0.6388207640625 0.9122608890624999 0.83153884375 0.98318336875 0.8339733953125 0.9857185062499999 0.7856000937500001
1 0.196714728125 0.6059014328125001 0.1034719015625 0.5976601390625 0.1214388515625 0.7928128078125 0.2203604671875 0.799042859375 0.196714728125 0.6059014328125001
1 0.791645709375 0.634143975 0.82774515625 0.8307698203125 0.9101941359374999 0.831953421875 0.868576503125 0.6399617046875 0.791645709375 0.634143975
1 0.2988651875 0.6116638234375 0.32465145624999997 0.80555430625 0.42155059375 0.81115546875 0.390299084375 0.6118636078125 0.2988651875 0.6116638234375
0 0.0057027796875 0.5962845640625 0.0202004609375 0.7903910093750001 0.1204954140625 0.7905195578125 0.1007828140625 0.5989074109375 0.0057027796875 0.5962845640625
0 0.6795262375 0.6311952515625 0.717970490625 0.8256443890625 0.808107228125 0.83141404375 0.766735553125 0.6347291687500001 0.6795262375 0.6311952515625
1 0.3932195890625 0.6177685 0.4219527375 0.8090849671875 0.5166458859375 0.811956046875 0.48409817187500004 0.626191503125 0.3932195890625 0.6177685
0 0.20078440312499998 0.6052691078125 0.2232324265625 0.80128495 0.323700171875 0.8060273453125 0.29602902656249996 0.6168581140625 0.20078440312499998 0.6052691078125
1 0.577881978125 0.6300500312499999 0.6202180234375 0.823135871875 0.7166954765625 0.82557756875 0.67694413125 0.631592084375 0.577881978125 0.6300500312499999
0 0.514851203125 0.78990043125 0.5187634796875 0.81049834375 0.6168534765625 0.821390859375 0.575141096875 0.6299170734375 0.4867191 0.6261087328125 0.514851203125 0.78990043125
1 0.039050846875 0 0.048426217187499995 0.098250703125 0.12997896250000002 0.1017070078125 0.11708127500000001 0 0.039050846875 0
1 0.11748461406249999 0 0.13060174062500002 0.1029661859375 0.2121544890625 0.1064224921875 0.197119 0.0034228484375 0.1321880171875 0 0.11748461406249999 0
1 0.9744822828125 1 0.98326603125 0.8323961109375 0.9103560671875 0.8332804765624999 0.9492397625000001 1 0.9744822828125 1
0 0.2752151203125 0.00815479375 0.1980910703125 0.0028187734375 0.21272617343750003 0.1077198578125 0.294320478125 0.11455636250000001 0.2752151203125 0.00815479375
1 0.3527469140625 0.0147783921875 0.27660325937499997 0.0079572078125 0.2945594484375 0.11456888750000001 0.373308403125 0.12082955625 0.3527469140625 0.0147783921875
1 0.435604909375 0.024668181249999997 0.3531325328125 0.014356765625 0.3735556578125 0.12041579218750001 0.45408891875 0.1246363609375 0.435604909375 0.024668181249999997
1 0.8518030265625001 1 0.8098246906250001 0.833509728125 0.7192770562499999 0.8282305015625001 0.7566161734375 1 0.8518030265625001 1
1 0.7545463484375 1 0.7159694421875 0.8285909828125 0.6220113046875 0.82871758125 0.6585406109374999 1 0.7545463484375 1
1 0.9485847671875 1 0.9068593343750001 0.83238791875 0.815653071875 0.831419834375 0.8548174187500001 1 0.9485847671875 1
1 0.655634309375 1 0.6171521281250001 0.827291675 0.5256120140625 0.819321959375 0.55637258125 1 0.655634309375 1
1 0.124225871875 0.797045190625 0.14223170937500001 0.98193633125 0.2442055 0.9872805515625 0.217022046875 0.8024422578125 0.124225871875 0.797045190625
1 0.22037487812499998 0.8045661734375 0.24764825156249998 0.9874609781249999 0.3492428203125 0.9927853234375 0.319051975 0.8093412140625 0.22037487812499998 0.8045661734375
1 0.320824521875 0.8098305171875 0.3502469890625 0.99283795 0.45379323281249995 0.9982645796874999 0.4212839375 0.8170266578125001 0.320824521875 0.8098305171875
1 0.554418953125 1 0.5212865109375 0.81916398125 0.42402235 0.8158593921874999 0.45381512968750004 0.9982657265625001 0.486907034375 1 0.554418953125 1
1 0.0208334625 0.7947291578125 0.032139884375 0.9761666640625 0.13839044375 0.98173501875 0.12229776875000001 0.79747796875 0.0208334625 0.7947291578125
1 0.66562979375 0.030760901562499998 0.6898916390625 0.1445815078125 0.7654637984375 0.1472456796875 0.7379962046874999 0.0323713125 0.66562979375 0.030760901562499998
1 0.45405328125000005 0.1242077734375 0.5302836265625 0.1270430125 0.5076493375 0.029724035937499997 0.436741828125 0.024727765625000002 0.45405328125000005 0.1242077734375
1 0.7401403390625 0.0331318828125 0.76602678125 0.14851153125 0.8430107031249999 0.1539025359375 0.8038931687499999 0.039065821875000004 0.7401403390625 0.0331318828125
1 0.585715665625 0.0333117546875 0.61026835625 0.1358712328125 0.6882121406249999 0.14190069375 0.6618577765625 0.0335666625 0.585715665625 0.0333117546875
1 0.5829029343750001 0.0340946296875 0.5086047796875001 0.028647421875000002 0.53145761875 0.1286910828125 0.6092283859375 0.13532720781250002 0.5829029343750001 0.0340946296875
1 0.8797502421875001 0.0439261953125 0.9214003343750001 0.1593071609375 0.9947267234374999 0.163150034375 0.9536247937500001 0.05145031875 0.8797502421875001 0.0439261953125
0 0.8426160250000001 0.158419246875 0.9193788218750001 0.15920121874999998 0.8855079734375 0.069271040625 0.8755422625 0.044117190625000004 0.8094081546874999 0.041947646875 0.8426160250000001 0.158419246875
1 1 0.053087387500000006 0.9569194187500001 0.050692190625 0.9951574843750001 0.1618762109375 1 0.1624167359375 1 0.053087387500000006