1 1 0.3169623265625 0.9725440515624999 0.30857706875 0.9753001890625 0.43402798281250005 1 0.44177743906250005 1 0.3169623265625
1 0.8932902671875 0.2887965015625 0.90026946875 0.41714296093750003 0.9714992421875 0.436081596875 0.9639059124999999 0.3075792859375 0.8932902671875 0.2887965015625
0 0.7122061453125 0.2430980640625 0.6373721703124999 0.2194629703125 0.6324659125000001 0.21805612343749997 0.6338756531249999 0.34584348593750003 0.7145275125 0.3662030453125 0.7122061453125 0.2430980640625
1 0.717701246875 0.24294097187500002 0.7196312078125 0.365476221875 0.8006980968749999 0.39466648125 0.7968350203125001 0.265747628125 0.717701246875 0.24294097187500002
1 0.801291559375 0.2657011296875 0.8041308203125 0.398803159375 0.888187334375 0.4224105859375 0.8834523703125001 0.2887831953125 0.801291559375 0.2657011296875
1 0.5536284671875 0.1971632734375 0.5512499453124999 0.3258380578125 0.634052084375 0.34681419999999996 0.6324720484374999 0.21977130625000002 0.5536284671875 0.1971632734375
1 0.46551427656250005 0.17448171875000001 0.46220062500000003 0.304296359375 0.5480449000000001 0.3268365671875 0.5516900375 0.196449734375 0.46551427656250005 0.17448171875000001
0 0.21157100624999997 0.0992851796875 0.127344284375 0.074261784375 0.1099403234375 0.22611512656250002 0.19661787656250002 0.250351034375 0.21157100624999997 0.0992851796875
0 0.21179166875000002 0.1002202203125 0.1976304625 0.254154128125 0.286085009375 0.28031038124999996 0.3021104453125 0.1278622515625 0.21179166875000002 0.1002202203125
0 0.382282678125 0.1499795015625 0.3736087328125 0.307762765625 0.456936159375 0.330964771875 0.463820171875 0.1707446921875 0.382282678125 0.1499795015625
0 0.3027930734375 0.127186225 0.28688898749999997 0.281512784375 0.3730916421875 0.304155753125 0.379562484375 0.1509430375 0.3027930734375 0.127186225
0 0.9742114718750001 0.44805251874999996 0.8923084031249999 0.42636019999999997 0.894767465625 0.5961629281249999 0.9827470500000001 0.622099759375 0.9742114718750001 0.44805251874999996
1 1 0.45535707499999994 0.9782795343749999 0.44817663281250003 0.9837192609375001 0.627048103125 1 0.5702704187500001 1 0.45535707499999994
1 0.6310099874999999 0.3575888703125 0.55094495 0.335847828125 0.5442438796875 0.49934516406249996 0.63335074375 0.5213506984375 0.6310099874999999 0.3575888703125
1 0.8861647203125 0.43344186249999994 0.7999827015625 0.40895948750000005 0.8084116359375001 0.57565533125 0.8922127078125 0.5925940046875 0.8861647203125 0.43344186249999994
1 0.7139245984375 0.384200609375 0.6342513953125 0.3603026453125 0.6332661828124999 0.51990826875 0.71955484375 0.5517420421875 0.7139245984375 0.384200609375
1 0.7171004375 0.3874616984375 0.72157115 0.553029296875 0.8062528500000001 0.5766022953125 0.7967610796875 0.4086626765625 0.7171004375 0.3874616984375
1 0.45640179999999997 0.48124775 0.5425781453125 0.500994790625 0.54743038125 0.3343318921875 0.464944471875 0.31280670625 0.462490040625 0.3360023234375 0.45640179999999997 0.48124775
1 0.11097009375 0.2228554859375 0.0636386625 0.20779519375 0.02070639375 0.3575178046875 0.088388625 0.3760515859375 0.11097009375 0.2228554859375
0 0.1988013421875 0.25889191562499997 0.1121248671875 0.23037059843750002 0.09206007968749999 0.3771043578125 0.18263656875 0.40071452812499997 0.1988013421875 0.25889191562499997
1 0.3733841375 0.3099521625 0.2875054140625 0.2841250546875 0.2757146375 0.4287274515625 0.3660946859375 0.4532253328125 0.3733841375 0.3099521625
0 0.286617253125 0.2828916125 0.2007091734375 0.2576608734375 0.1850702203125 0.4037745859375 0.27378301562499996 0.43157479375 0.286617253125 0.2828916125
1 0.45713483281249995 0.3353854671875 0.374618771875 0.3119398015625 0.3666499296875 0.45267545781249996 0.45333954062500004 0.47895148125000003 0.45713483281249995 0.3353854671875
1 0.9257456578125 0.8292260828125 0.922275278125 0.7383034359375 0.8480578171875001 0.7132765296875 0.8427645734375 0.9181779562499999 0.8961477140625 0.9324463812499999 0.9257456578125 0.8292260828125
1 0.170192096875 0.5216281781250001 0.07758639687499999 0.4914419078125 0.05003601875 0.693810721875 0.1488710875 0.723283478125 0.170192096875 0.5216281781250001
1 0.766766259375 0.689513803125 0.7572548421875 0.8976213312500001 0.840571875 0.9181153390624999 0.8434016421875 0.7134222718750001 0.766766259375 0.689513803125
1 0.2724105515625 0.5513815703125 0.2530841484375 0.7542983484375 0.35001612656250003 0.782659271875 0.3650680734375 0.57297894375 0.2724105515625 0.5513815703125
0 0 0.6797434375 0.04961728125 0.691261321875 0.07456743437499999 0.4920792140625 0 0.472686534375 0 0.6797434375
1 0.653780415625 0.66028486875 0.6471568640625 0.8667307515625 0.7371929625 0.8936804421875 0.7413727359375 0.684279334375 0.653780415625 0.66028486875
1 0.3666443484375 0.579658340625 0.350909428125 0.780650909375 0.44624501875 0.8057234375 0.45681033906249996 0.6094759171875 0.3666443484375 0.579658340625
0 0.1744666109375 0.5219383515625 0.1512571421875 0.72623218125 0.2520087109375 0.754556096875 0.268316821875 0.5559924015625 0.1744666109375 0.5219383515625
0 0.5509923796875 0.6353383578125 0.5486344171875001 0.8413105359375 0.6458798031249999 0.8663645593749999 0.651069365625 0.6600836453125 0.5509923796875 0.6353383578125
1 0.4495978546875 0.7829074703125001 0.44873389531249996 0.804738728125 0.545632359375 0.8387513234374999 0.5482445953124999 0.6345620125 0.45948709687499995 0.6100051375 0.4495978546875 0.7829074703125001
1 0.876777025 1 0.8963627437499999 0.93169648125 0.8404248390625 0.9195007640625 0.8405715468749999 1 0.876777025 1
0 0.30499089687500003 0 0.30325899375 0.019503931250000002 0.38438376406249997 0.0455381078125 0.3866431171875 0 0.30499089687500003 0
1 0.3873794890625 0 0.38462311875 0.045606740624999996 0.46299804531250005 0.0703904125 0.46551573125 0 0.3873794890625 0
1 0.4659395328125 0 0.463345771875 0.07002811406250001 0.54400824375 0.09315770625 0.5481483640625 0 0.4659395328125 0
1 0.7404831359374999 1 0.7384428125 0.8962103406249999 0.6478750921875001 0.8696625015624999 0.6461492578125 1 0.7404831359374999 1
1 0.6436616296875 1 0.6444369796875 0.869254603125 0.5491436000000001 0.8473980031250001 0.5465242578125 1 0.6436616296875 1
1 0.8384581609374999 1 0.837088840625 0.9177762359375 0.744842296875 0.8954519671875 0.7449427656250001 1 0.8384581609374999 1
1 0.5433001843749999 1 0.54455130625 0.8448130953125 0.4536082890625 0.8153010125 0.44277379687499996 1 0.5433001843749999 1
1 0.05186919062499999 0.6987605593749999 0.0275547234375 0.8846782140625 0.12940037499999998 0.9138819859374999 0.14468905781250002 0.7259541921875 0.05186919062499999 0.6987605593749999
1 0.14759037656250001 0.7288954140625 0.13283655156250002 0.9148672937500001 0.234503015625 0.9440196828125 0.2465187609375 0.7568334890624999 0.14759037656250001 0.7288954140625
1 0.2482011875 0.7577450984375 0.235531240625 0.9443145218750001 0.339133825 0.974022084375 0.348368859375 0.788558684375 0.2482011875 0.7577450984375
1 0.44069685156249994 1 0.44925973125 0.814128478125 0.3514190671875 0.7880141625 0.339250453125 0.9740555265624999 0.42972958281249996 1 0.44069685156249994 1
1 0 0.876777025 0.023766115625 0.8835918484375 0.049812800000000004 0.6987488625 0 0.6858204 0 0.876777025
1 0.8544073796875 0.18897421718750002 0.8536116843749999 0.0812468 0.7802814687499999 0.0602197 0.7784099390625 0.1685858890625 0.8544073796875 0.18897421718750002
1 0.5491712875 0 0.5440726234375 0.0927141640625 0.620697275 0.11343021093750001 0.6205777875 0.01442540625 0.570270415625 0 0.5491712875 0
1 0.931470640625 0.213878925 0.9199716328124999 0.10027520937500001 0.8553977015625 0.08175893281249999 0.85468131875 0.1903913390625 0.931470640625 0.213878925
1 0.77733580625 0.1654707125 0.7761317109375 0.059029776562500004 0.6989247093750001 0.036891025 0.6997230109375 0.1411102203125 0.77733580625 0.1654707125
1 0.6987961734375 0.14031445625 0.695972740625 0.0360445609375 0.6217755640625 0.014768862499999999 0.6215010765625 0.1153784171875 0.6987961734375 0.14031445625
1 1 0.17978020625 0.9944060953125 0.1378850703125 0.9918411921875 0.120883475 0.9241170453124999 0.10146388749999999 0.9300112265625 0.21837299843750002 1 0.23527903437500003 1 0.17978020625