1 1 0.29905178593750004 0.9593680484375 0.2904275390625 0.9726376703125 0.41151178125000004 1 0.4175375 1 0.29905178593750004
1 0.8810723218750001 0.27800805624999997 0.8986696343749999 0.40153493281249997 0.96913646875 0.413819509375 0.9509322359375 0.290193909375 0.8810723218750001 0.27800805624999997
1 0.7021347515625 0.249145246875 0.6277863140625 0.2326240671875 0.62292395 0.23167891875 0.6350893734375 0.3551366109375 0.714785721875 0.36799765624999997 0.7021347515625 0.249145246875
1 0.7074342078125 0.24852813281250002 0.7196585984375 0.36686271875 0.8005027046875 0.388228375 0.785869715625 0.2638841625 0.7074342078125 0.24852813281250002
1 0.790174421875 0.263461921875 0.8041711953125 0.39193815625 0.8874337671875001 0.4076518296875 0.8715597921875 0.2788280296875 0.790174421875 0.263461921875
1 0.544936721875 0.21814855 0.553514621875 0.342785128125 0.635342009375 0.35606040625 0.623074878125 0.2333370703125 0.544936721875 0.21814855
1 0.45782940937500005 0.2036737515625 0.46559956874999997 0.3294917921875 0.55050035 0.3440220671875 0.54300230625 0.21762262500000001 0.45782940937500005 0.2036737515625
0 0.2059570578125 0.152452746875 0.12241023124999999 0.1353841671875 0.1184207359375 0.283707615625 0.20427048593750002 0.2998071765625 0.2059570578125 0.152452746875
1 0.2062494421875 0.1533383015625 0.2055709609375 0.3033992453125 0.29330107031249997 0.3212054453125 0.2959075109375 0.1724235078125 0.2062494421875 0.1533383015625
0 0.3752887359375 0.187024934375 0.3802408140625 0.3403438734375 0.46276422031250003 0.355727209375 0.4558756171875 0.20020327187500003 0.3752887359375 0.187024934375
0 0.2965103359375 0.1717119640625 0.294180009375 0.3223001703125 0.37943596562500004 0.3368994796875 0.37274026875 0.18818700625 0.2965103359375 0.1717119640625
1 0.99391349375 0.579456884375 0.972770646875 0.42516640624999996 0.8917519484374999 0.4111224375 0.908483625 0.57512234375 0.9914949109375 0.5918994140625 0.99391349375 0.579456884375
1 1 0.4304438734375 0.97671419375 0.42494204375000005 0.994569090625 0.5760841343750001 1 0.5481445265625 1 0.4304438734375
1 0.633311703125 0.36673760624999996 0.55406591875 0.352490915625 0.5614084359375 0.5111686453125001 0.649418334375 0.5249056640624999 0.633311703125 0.36673760624999996
1 0.886410803125 0.4184908765625 0.8010193046874999 0.40211102031249996 0.8232600906249999 0.5626010171875 0.9057119546875001 0.5718872859374999 0.886410803125 0.4184908765625
1 0.7157242359375 0.385453278125 0.636674946875 0.36908756249999997 0.6492146437499999 0.523517915625 0.73533069375 0.5469979328125001 0.7157242359375 0.385453278125
0 0.7190703515625 0.3883380640625 0.737388903125 0.5480720812500001 0.8212529999999999 0.5636995359375 0.797879509375 0.4020967203125 0.7190703515625 0.3883380640625
1 0.474951721875 0.5011039125 0.5599374359375 0.5129049359375 0.550539840625 0.351322459375 0.468971771875 0.3374894578125 0.4685596328125 0.36012861093750004 0.474951721875 0.5011039125
1 0.03135161875 0.2905653765625 0.019690142187500002 0.41404644062499996 0.11025910937500001 0.4305284734375 0.11914077812499999 0.280468196875 0.036902412499999995 0.262009025 0.03135161875 0.2905653765625
0 0.207103490625 0.3078818109375 0.12089251406249998 0.28763794374999996 0.1138977125 0.431235746875 0.2034641109375 0.44640011562500004 0.207103490625 0.3078818109375
0 0.380208753125 0.3424801484375 0.2949968078125 0.3247741875 0.295821253125 0.4656104015625 0.38527277031249996 0.481649865625 0.380208753125 0.3424801484375
0 0.294033853125 0.323656575 0.2088439390625 0.3065298171875 0.20607567656249998 0.449153328125 0.2941944359375 0.46852745625000003 0.294033853125 0.323656575
0 0.463330003125 0.3599854328125 0.3815704375 0.344297778125 0.38576310468749997 0.48107110156250005 0.471796975 0.49914254218750004 0.463330003125 0.3599854328125
1 0.9555085578125 0.7770331500000001 0.9470943374999999 0.7102509 0.873224296875 0.6923315750000001 0.8854280015624999 0.890930034375 0.9317861625000001 0.8990742921875 0.9555085578125 0.7770331500000001
1 0.201654034375 0.5643834187500001 0.10956985781249999 0.5430314046875 0.100040984375 0.7410649078125 0.1980874765625 0.7611995609375 0.201654034375 0.5643834187500001
1 0.79262179375 0.6762336453125 0.801018340625 0.8782896671874999 0.8833027796874999 0.891055103125 0.868734965625 0.6928666906250001 0.79262179375 0.6762336453125
1 0.3029953484375 0.5845030375 0.301463840625 0.7823702359375 0.3975764109375 0.801590796875 0.3944035640625 0.5975447515625001 0.3029953484375 0.5845030375
0 0 0.72454185 0.09942063281249999 0.7386349546875 0.10670496249999999 0.5439032874999999 0.011991914062500001 0.5279219828125 0 0.7112866578125 0 0.72454185
0 0.6809147609374999 0.6575327359375 0.6919628671875 0.8577373828124999 0.7812891140625 0.8761769921875 0.767628515625 0.6733213671875 0.6809147609374999 0.6575327359375
1 0.39649216875 0.6038706359375 0.398270290625 0.7995729828125 0.49256146875000006 0.8157486390625 0.48618643125 0.6250726421875 0.39649216875 0.6038706359375
0 0.205812909375 0.5643215078125 0.2006436109375 0.7638491125 0.3004458828125 0.7827105359375001 0.299427253125 0.589308509375 0.205812909375 0.5643215078125
1 0.579429115625 0.6421098421875 0.5945612062500001 0.8414952828125 0.690697234375 0.8574913671875001 0.678276675 0.6575676500000001 0.579429115625 0.6421098421875
0 0.49387429374999997 0.7934005703125 0.4948845046875 0.814585675 0.5914424328125001 0.8392745343750001 0.5767068953125001 0.6415916921875 0.48881909375 0.6253578203125 0.49387429374999997 0.7934005703125
1 0.12645422343749999 0 0.1248876828125 0.0349762890625 0.20595565 0.0498927203125 0.2066446453125 0 0.12645422343749999 0
1 0.2070794328125 0 0.2064010296875 0.0512416703125 0.28746899843749996 0.066158103125 0.28714002031249997 0 0.2070794328125 0
1 0.91216819375 1 0.9318723390624999 0.8986309562500001 0.8832777390625 0.8924073312499999 0.892880503125 1 0.91216819375 1
0 0.287949103125 0 0.28785790312500004 0.0675381359375 0.3684911703125 0.0858467953125 0.365259121875 0 0.287949103125 0
1 0.366422165625 0 0.368728384375 0.08589290468750001 0.44659735625 0.10322505312500001 0.44128178125 0 0.366422165625 0
1 0.44173778906249994 0 0.44690291562500006 0.10284525625 0.5268436875 0.11838416874999999 0.5224443359375 0.0156368765625 0.464628771875 0 0.44173778906249994 0
1 0.7957406640625 1 0.78271135 0.878517725 0.6929050953125 0.8605117343750001 0.7032399140625001 1 0.7957406640625 1
1 0.7009154765625001 1 0.6895466015625 0.8604083328125001 0.5955680921875001 0.8473390734375 0.606277125 1 0.7009154765625001 1
1 0.8912639421874999 1 0.8799066703125 0.8910220343749999 0.788834346875 0.8772425796875 0.7996840187500001 1 0.8912639421874999 1
1 0.6031829203125 1 0.5909096875000001 0.8452281015625 0.5004900109375 0.8243873046875001 0.5055164140625 1 0.6031829203125 1
1 0.10223175312499999 0.7456964671875 0.0943141421875 0.9305010046875 0.19539313593750002 0.9501487703124999 0.194270003125 0.764136315625 0.10223175312499999 0.7456964671875
1 0.19732367343749999 0.766735015625 0.1988045609375 0.950811884375 0.29960654531249997 0.97040580625 0.2953306484375 0.7853776515625001 0.19732367343749999 0.766735015625
1 0.29703430000000003 0.7861167984375 0.3006144484375 0.970601721875 0.4033444890625 0.99057041875 0.396482515625 0.8074352875 0.29703430000000003 0.7861167984375
1 0.50345190625 1 0.496186646875 0.8236215359375001 0.399385465625 0.8066504859375 0.40341315 0.9905837656250001 0.451855475 1 0.50345190625 1
1 0 0.91216819375 0.0905302859375 0.9297654984375001 0.1002426203125 0.7458592421875 0 0.7289959203125 0 0.91216819375
1 0.751616984375 0.0540469375 0.7598425703125 0.17148350625 0.8350413968750001 0.1847663984375 0.8237584484375 0.0658239046875 0.751616984375 0.0540469375
1 0.5268684359375 0.117949790625 0.6027013625000001 0.13149650468750002 0.5937783578125 0.030820375 0.5235728890625 0.01585624375 0.5268684359375 0.117949790625
1 0.8257954765625 0.066887003125 0.835426040625 0.1861136390625 0.911652465625 0.2023266375 0.8887139578125 0.0817856734375 0.8257954765625 0.066887003125
1 0.6713412953125 0.04537880625 0.681444384375 0.15157446875 0.75854074375 0.1685619015625 0.7474495453125 0.0563280703125 0.6713412953125 0.04537880625
1 0.6684181828125 0.045768076562499996 0.5948855156249999 0.029875978125 0.6036431796875 0.133312478125 0.6804810359375 0.15088338750000002 0.6684181828125 0.045768076562499996
1 1 0.10619253125000001 0.9638882671875001 0.0973088046875 0.989282721875 0.218750709375 1 0.2208339375 1 0.10619253125000001
1 0.9106213890625 0.206796190625 0.9872760812499999 0.2183606578125 0.9660751578125 0.12350872500000001 0.9596532640625 0.0969091546875 0.893823053125 0.08544733437499999 0.9106213890625 0.206796190625