1 0.9055178703125 0.27668158125 0.9268676109375 0.394483509375 0.9995208 0.40523507187499996 0.9748137625 0.286398575 0.9055178703125 0.27668158125
1 0.8278206328125 0.269862684375 0.8535857453125001 0.3897632453125 0.9235900515625 0.3969855375 0.8972224890625 0.2770297140625 0.8278206328125 0.269862684375
0 0.6502178984375 0.2538088953125 0.5761126703125 0.24269865625000003 0.5712755203125 0.2421047296875 0.5917047546875 0.36230911718750003 0.6708069921875001 0.3694650828125 0.6502178984375 0.2538088953125
1 0.65537660625 0.2528412890625 0.6755114265625 0.36801899374999997 0.7563249453124999 0.383434271875 0.7334129609375 0.2625295828125 0.65537660625 0.2528412890625
1 0.7376087734375 0.2618210921875 0.7601804828125001 0.3868203046875 0.8429789453125001 0.396528959375 0.818540959375 0.2713174328125 0.7376087734375 0.2618210921875
1 0.4938046671875 0.2341756265625 0.510793996875 0.3557812421875 0.5920162265625 0.36319751093749997 0.5715376671875 0.2437200390625 0.4938046671875 0.2341756265625
1 0.40731797812500004 0.225944615625 0.42359579687500004 0.34876379218750003 0.507920703125 0.3572001640625 0.49186997187500003 0.23379236718750002 0.40731797812500004 0.225944615625
0 0.15659606875 0.1929613109375 0.0734254546875 0.1819437671875 0.07970934843750001 0.3276316375 0.1650735296875 0.3375415953125 0.15659606875 0.1929613109375
0 0.156943925 0.1938094953125 0.1665968859375 0.340974246875 0.2539239 0.352428721875 0.2462510796875 0.20638598125000002 0.156943925 0.1938094953125
0 0.32516371875 0.21526976250000002 0.34056681875 0.3652433765625 0.42261711249999995 0.3746787421875 0.4051617875 0.2226758671875 0.32516371875 0.21526976250000002
0 0.2467937921875 0.2056471453125 0.2548618109375 0.3534418390625 0.3395400484375 0.3619215921875 0.3227424375 0.216583415625 0.2467937921875 0.2056471453125
1 0.927937071875 0.40786127343749995 0.8474556718749999 0.39963605625 0.8751543109375 0.5592752171875001 0.9620006109375 0.570593771875 0.927937071875 0.40786127343749995
1 1 0.4185301078125 0.9317920328125 0.4073714921875 0.9640922062499999 0.5774022390625 0.99343170625 0.5840757734375 1 0.5305813140625 1 0.4185301078125
1 0.590757796875 0.37380425 0.5120024812499999 0.365258984375 0.53012016875 0.5203227484374999 0.6174419624999999 0.527768690625 0.590757796875 0.37380425
1 0.8427203015625 0.40722545 0.7577865953125 0.3970093390625 0.790650784375 0.552830484375 0.8722116015625 0.5562932390625 0.8427203015625 0.40722545
1 0.6729284234375 0.38651419531250003 0.594220240625 0.375878009375 0.6171466234375 0.52642209375 0.7032796765625 0.54354955625 0.6729284234375 0.38651419531250003
1 0.676410834375 0.38911346875 0.7053735671875 0.5444618203125 0.788756465625 0.5540447875 0.7547040640625 0.397210146875 0.676410834375 0.38911346875
1 0.444575265625 0.516370809375 0.5287958515625 0.5221256375000001 0.50846146875 0.364354696875 0.427455396875 0.3563738984375 0.4286076703125 0.3785973078125 0.444575265625 0.516370809375
1 0.080193278125 0.3244064765625 0.0189491125 0.315090553125 0.0007678328125 0.4631651875 0.0817951875 0.47213184375 0.080193278125 0.3244064765625
0 0.1684092265625 0.345264053125 0.0824055390625 0.33131577343749996 0.0854149234375 0.472576290625 0.174362496875 0.48131509687499996 0.1684092265625 0.345264053125
1 0.3406822515625 0.367339953125 0.25583358125 0.35581145625 0.2663272546875 0.493829540625 0.35522225 0.5034341421875 0.3406822515625 0.367339953125
0 0.2548116375 0.35478164687499997 0.17002441875000002 0.343819490625 0.1771149375 0.4838356359375 0.26493120625 0.4968007 0.2548116375 0.35478164687499997
1 0.42346521406250004 0.378814753125 0.3421436625 0.369028771875 0.35566369062500003 0.5028331796875001 0.44134417031249995 0.51466375 0.42346521406250004 0.378814753125
1 0.9582611156249999 0.87051725 0.922340775 0.6891122046875 0.8486089265625001 0.6765985078125001 0.8742427453125 0.870467571875 0.9572028390625 0.8791362093749999 0.9582611156249999 0.87051725
1 0.1806990546875 0.5971086578125 0.088854925 0.582475809375 0.093120490625 0.777277953125 0.1907326140625 0.7903093671875 0.1806990546875 0.5971086578125
1 0.768394759375 0.6663311296875001 0.79052980625 0.86385044375 0.8721655484375 0.8707355984375 0.8442396765625 0.6774302921875 0.768394759375 0.6663311296875001
1 0.28154384375 0.609899896875 0.2936469765625 0.8039918125 0.3892981984375 0.8162593812500001 0.3721531 0.6164316578125 0.28154384375 0.609899896875
0 0 0.76836514375 0.09234455312499999 0.7749380968749999 0.08610313281250001 0.5835266140625001 0 0.575115784375 0 0.76836514375
1 0.6574741093750001 0.655640009375 0.682084215625 0.8511628312499999 0.7710213109375 0.8631290859374999 0.743664884375 0.6651860203125 0.6574741093750001 0.655640009375
1 0.3746379546875 0.6224905890625 0.38984045156249997 0.8142336578125 0.48349469218749996 0.82364065 0.46412619375 0.6371398921875 0.3746379546875 0.6224905890625
0 0.1847765203125 0.5967634078125 0.1934235234375 0.7927320718749999 0.292671303125 0.804395090625 0.27837238750000004 0.61485526875 0.1847765203125 0.5967634078125
0 0.5568106359375 0.6474632703125 0.585372628125 0.8419035218750001 0.6808251453125 0.8510082359375 0.6548873625 0.6558547390625 0.5568106359375 0.6474632703125
0 0.48324640937499996 0.801640990625 0.4856946609375 0.8223415468749999 0.58215900625 0.8399397109375 0.554103284375 0.6471415390625 0.46672962656249994 0.6372393484375001 0.48324640937499996 0.801640990625
1 0.0668504 0 0.0689524546875 0.0833353265625 0.149542203125 0.092412528125 0.1443429671875 0 0.0668504 0
1 0.1447464984375 0 0.1500720828125 0.093704553125 0.23066183125 0.102781753125 0.22293841093750003 0 0.1447464984375 0
1 0.9423626328125 1 0.9574674406250001 0.8769812109374999 0.8722339578125 0.872063021875 0.8927661640625001 1 0.9423626328125 1
0 0.22397770156250002 0 0.23113842187500003 0.104108115625 0.3115348 0.11654076718749999 0.2999822921875 0.0096854515625 0.23070285781250002 0 0.22397770156250002 0
1 0.3763669578125 0.021625528124999998 0.301371834375 0.009585637499999999 0.3117707828125 0.1165697421875 0.38938700000000004 0.128234165625 0.3763669578125 0.021625528124999998
1 0.45780395 0.0371740421875 0.3767784140625 0.021234057812500002 0.3896607734375 0.1278409109375 0.46918704375000003 0.137605509375 0.45780395 0.0371740421875
1 0.7966640625 1 0.772578121875 0.865326609375 0.683199740625 0.8538183125 0.704404975 1 0.7966640625 1
1 0.7021751953125001 1 0.6798964437499999 0.8539467296875 0.5867626796875001 0.8475638265625 0.6082646 1 0.7021751953125001 1
1 0.8915128296875 1 0.86883016875 0.8709355421874999 0.778499840625 0.863657528125 0.8002604671875 1 0.8915128296875 1
1 0.6052285359375 1 0.5820455375 0.8458129828125 0.4918701796875 0.8315674390625001 0.5085434140625 1 0.6052285359375 1
1 0.0955891015625 0.7816687984375 0.1002895890625 0.9546766453125001 0.2004130171875 0.96697025625 0.18718790624999998 0.7934497281249999 0.0955891015625 0.7816687984375
1 0.190363621875 0.7957885359375 0.20378886562499998 0.9673847578125001 0.3039334453125 0.9796809671875 0.28783436562500003 0.80735989375 0.190363621875 0.7957885359375
1 0.289557240625 0.8079679796875 0.304969315625 0.9798081562500001 0.407004321875 0.9923364796874999 0.388626490625 0.8220641093750001 0.289557240625 0.8079679796875
1 0.5064583203125 1 0.4875939921875 0.8311111265625 0.3914216203125 0.8210960734375 0.40721266875 0.9923620609375 0.4694186921875 1 0.5064583203125 1
1 0 0.94236263125 0.0966123421875 0.9542251359374999 0.09364806406250001 0.7819644796875 0 0.772863359375 0 0.94236263125
1 0.685366334375 0.0591507484375 0.70151478125 0.17372165 0.7762319421874999 0.181598915625 0.7569792953125 0.06576080625 0.685366334375 0.0591507484375
1 0.4691814640625 0.1371779546875 0.544539103125 0.145270484375 0.528858696875 0.0471790765625 0.4589266484375 0.0373118921875 0.4691814640625 0.1371779546875
1 0.7590516390625 0.0666636828125 0.77670209375 0.18289341718750002 0.852629278125 0.1935730234375 0.82182738125 0.0769652703125 0.7590516390625 0.0666636828125
1 0.6059838234375 0.0561451140625 0.6232019703125 0.1595670765625 0.7000362015625 0.17094640781249998 0.6814330671875 0.0616722875 0.6059838234375 0.0561451140625
1 0.6031417078125 0.0567267515625 0.5298803750000001 0.046177446875 0.5455883234375001 0.14698640624999998 0.622208971875 0.158955459375 0.6031417078125 0.0567267515625
1 1 0.20513031874999998 0.969371896875 0.0996204265625 0.8966745312500001 0.08704052343749999 0.9299487624999999 0.20436350937499997 1 0.21296472031250002 1 0.20513031874999998
1 0.851924675 0.1980254765625 0.9279525265625 0.204118403125 0.900622471875 0.112577046875 0.8924906125 0.0869384703125 0.8270934890625 0.0802055609375 0.851924675 0.1980254765625
1 1 0.10253825000000001 0.972689915625 0.09909671249999999 1 0.20126989218750002 1 0.10253825000000001