1 1 0.2799630078125 0.9653363593750001 0.2763297890625 0.9926194359375 0.40197605156250005 1 0.40280648125 1 0.2799630078125
1 0.881788471875 0.2719322796875 0.9138832484374999 0.39966518125 0.9891991671874999 0.4047850015625 0.9564564859375 0.27701543906250004 0.881788471875 0.2719322796875
0 0.69079471875 0.2613791 0.610937434375 0.25224016250000003 0.605729721875 0.251784546875 0.6321156359375 0.3800442390625 0.7171822999999999 0.38475072187500003 0.69079471875 0.2613791
1 0.69628888125 0.260146465625 0.7221716140625001 0.3830215671875 0.8093809984375 0.3965292796875 0.7803073796875 0.267611246875 0.69628888125 0.260146465625
1 0.7847789640625 0.2666929578125 0.8136405765625 0.40001886875 0.9027649359375 0.40732641718749996 0.871894703125 0.2738427921875 0.7847789640625 0.2666929578125
1 0.5223830984375 0.24618682500000003 0.5451336312499999 0.376079965625 0.6324826906250001 0.3809861328125 0.6060710234375 0.2535085703125 0.5223830984375 0.24618682500000003
1 0.4293600015625 0.2406040875 0.45139305625 0.371826628125 0.5421063296875 0.3777110984375 0.5202947546875001 0.2458481890625 0.4293600015625 0.2406040875
0 0.1593488984375 0.21462844531249997 0.06977674375000001 0.2059299265625 0.081949365625 0.3620756703125 0.17383175312500002 0.369502809375 0.1593488984375 0.21462844531249997
0 0.1597534578125 0.21552580937500002 0.1755929140625 0.3731301453125 0.2696371390625 0.38214136249999997 0.2559623125 0.2256669328125 0.1597534578125 0.21552580937500002
0 0.3408901890625 0.23223519062500003 0.36299875312499996 0.392638328125 0.45131085937500004 0.3996806625 0.42692654062499996 0.2371764859375 0.3408901890625 0.23223519062500003
0 0.25651654687500003 0.224853453125 0.27068040937500004 0.38319357656249997 0.36177408125 0.389111325 0.33834353125 0.2337363265625 0.25651654687500003 0.224853453125
1 1 0.439644603125 0.9942650984375 0.41629559218749995 0.9076800390624999 0.4104932359375 0.9433303953125 0.5808090265625 0.9944155203125 0.585661365625 1 0.521830475 1 0.439644603125
1 0.631529396875 0.392418784375 0.54678280625 0.386207971875 0.5719914078125 0.5519728171875 0.665880465625 0.5566814515625 0.631529396875 0.392418784375
1 0.9028867875 0.41881780781250005 0.8114544562500001 0.41104585312499997 0.85249995 0.57706910625 0.940064465625 0.577718821875 0.9028867875 0.41881780781250005
1 0.7200926875 0.40297154218750003 0.63531860625 0.39451455625 0.6655136078125 0.5552471171875 0.7584895578124999 0.570392646875 0.7200926875 0.40297154218750003
0 0.7239229109374999 0.40563065312499996 0.7607683 0.5712931296875 0.8505145031250001 0.5784437875 0.808157396875 0.41137732343750005 0.7239229109374999 0.40563065312499996
1 0.48013759375 0.5509478375 0.5706389749999999 0.5539578515625 0.5429530046875 0.385370471875 0.45581460781249994 0.37985020625 0.45787910781249996 0.4036615875 0.48013759375 0.5509478375
1 0 0.510347278125 0.0895772453125 0.51710444375 0.08234780625 0.35859556718749996 0.011187346875 0.350297578125 0 0.478169528125 0 0.510347278125
0 0.1776958578125 0.3776666890625 0.08497721875 0.3659288453125 0.09347428125 0.5174453906250001 0.1891544578125 0.5234806515625 0.1776958578125 0.3776666890625
1 0.3632007296875 0.3948844640625 0.2718105890625 0.38570059218749997 0.2882100171875 0.5334552328125 0.3838661359375 0.540421821875 0.3632007296875 0.3948844640625
0 0.270676615625 0.38463361875 0.179373484375 0.376055346875 0.19219919375 0.5260827015625 0.28682428125000003 0.536696990625 0.270676615625 0.38463361875
1 0.45237437500000005 0.40408838437499994 0.3648304171875 0.3966422921875 0.384316946875 0.5397601437499999 0.4766100796875 0.5492369828125 0.45237437500000005 0.40408838437499994
1 0.953964846875 0.9148786765624999 0.9655425484375 0.9156809421875 0.9829872109375 0.716287540625 0.919250796875 0.7077426906250001 0.953964846875 0.9148786765624999
1 0.20026807343750003 0.6475357203125001 0.10126278749999999 0.6352826953124999 0.11310433281250001 0.8442238390625001 0.21823330468750002 0.8545409609375 0.20026807343750003 0.6475357203125001
1 0.832876021875 0.6997382203125 0.8639755015624999 0.9109239765625 0.951748040625 0.91524449375 0.9145978843749999 0.7087998453125001 0.832876021875 0.6997382203125
1 0.3088535859375 0.6574734671875 0.3290707046875 0.86535750625 0.4320690390625 0.8749284546875 0.40623277812499997 0.6610771843750001 0.3088535859375 0.6574734671875
0 0 0.7017459671874999 0.0053653890625 0.837885128125 0.11218519843750001 0.8417414046875 0.098352003125 0.63651411875 0 0.6303655078125 0 0.7017459671874999
1 0.713567290625 0.69243366875 0.7472456015625 0.901383303125 0.8430349734375 0.910883315625 0.8063222265625001 0.6994390593750001 0.713567290625 0.69243366875
1 0.4091226875 0.667487425 0.4325747609375 0.8727336421875 0.5333255390625 0.8793091359374999 0.5056030140625001 0.679846709375 0.4091226875 0.667487425
0 0.2046263390625 0.6470117875 0.22120843125 0.85704030625 0.32803980625 0.8658270765625 0.30563860625 0.66291185625 0.2046263390625 0.6470117875
0 0.6053483359375 0.6874423265625 0.6432227765625 0.89508130625 0.7458900765625 0.9012647093749999 0.7108022421875 0.6927614390625 0.6053483359375 0.6874423265625
0 0.532238490625 0.8557039312500001 0.535635490625 0.8778319375000001 0.6397044140625 0.893094196875 0.60243398125 0.6871987921875 0.5083976703124999 0.679855559375 0.532238490625 0.8557039312500001
1 0.0552864140625 0 0.0613021453125 0.100251365625 0.1480351453125 0.106964171875 0.138287465625 0 0.0552864140625 0
1 0.1387168765625 0 0.1486514 0.10833110937499998 0.2353844 0.115043915625 0.22322033437500002 0.004560949999999999 0.171272228125 0 0.1387168765625 0
0 0.306223978125 0.0125069921875 0.224278271875 0.0039523015625 0.23594480624999997 0.11644971562499999 0.3225957140625 0.1267715484375 0.306223978125 0.0125069921875
1 0.388555846875 0.0224509609375 0.3077098796875 0.01234759375 0.322849775 0.1267937765625 0.406491609375 0.13639554375000001 0.388555846875 0.0224509609375
1 0.47643857812499996 0.0360782421875 0.38898233125 0.022015281249999998 0.406770428125 0.1359631265625 0.4923890015625 0.14345378125 0.47643857812499996 0.0360782421875
1 0.863427525 1 0.8447859109375001 0.9131836015625 0.7485405578125001 0.9041917546875 0.765839109375 1 0.863427525 1
1 0.7629772890625001 1 0.7450041281249999 0.9044538265625001 0.6449241531250001 0.90110483125 0.66237995625 1 0.7629772890625001 1
1 0.9581655874999999 1 0.9604693890625 0.973667428125 0.9481798859375001 0.9155845453125 0.8510718687500001 0.91116930625 0.8684161734375 1 0.9581655874999999 1
1 0.6585033671875 1 0.6398019265625 0.8994028609375 0.54260005625 0.887502815625 0.5576848328125 1 0.6585033671875 1
1 0.1159145859375 0.8488441546875001 0.1233562421875 0.9689578593749999 0.22789828124999997 0.978104103125 0.2145504625 0.8580451437500001 0.1159145859375 0.8488441546875001
1 0.2180421828125 0.8604362015625 0.2313979125 0.9784102812500001 0.3381989125 0.9877541578125 0.3229651109375 0.8691914109375001 0.2180421828125 0.8604362015625
1 0.32483476875 0.8697793421875 0.33956430625 0.9878736140625 0.44819229531250004 0.99737733125 0.4315655453125 0.8811845390625 0.32483476875 0.8697793421875
1 0.554571865625 1 0.537998846875 0.88717381875 0.4345258765625 0.8800403296875 0.449472 0.9974892921875 0.47816952500000004 1 0.554571865625 1
1 0.0058774375 0.8425384515625 0.009033034375 0.958955875 0.12005286875000001 0.9686688515625 0.1138447765625 0.8492345374999999 0.0058774375 0.8425384515625
1 0.7212113765625 0.0511102984375 0.7427979703124999 0.1734839640625 0.8231906312499999 0.1791296015625 0.7982289687499999 0.055512445312500006 0.7212113765625 0.0511102984375
1 0.492367065625 0.1429950515625 0.573454365625 0.1488476671875 0.55298443125 0.0441455671875 0.47764728593749994 0.0361839890625 0.492367065625 0.1429950515625
1 0.800484265625 0.056403664062500004 0.8237429468749999 0.1805014484375 0.905537346875 0.18910962343749999 0.8681658750000001 0.06510065625 0.800484265625 0.056403664062500004
1 0.63599911875 0.050869340625 0.658316453125 0.16123545625 0.741109340625 0.1705606109375 0.7170889 0.05396484687500001 0.63599911875 0.050869340625
1 0.6329739984375 0.0516005578125 0.554042321875 0.043031990625 0.5746431828125 0.1506500890625 0.6572291109374999 0.1606162859375 0.6329739984375 0.0516005578125
1 1 0.08013633437499999 0.9487799000000001 0.073100734375 0.9888284687500001 0.19778446249999998 1 0.19876184531250002 1 0.08013633437499999
1 0.90494813125 0.19391540625 0.9866793046875 0.19759643437500002 0.953965053125 0.10036329375 0.9442908234375 0.07314853437499999 0.873932184375 0.068380759375 0.90494813125 0.19391540625