1 0.90032446875 0.099250525 0.857273540625 0.0393029625 0.7865951796874999 0.059588759375 0.8575651531249999 0.16395727031250001 0.91519545 0.1478913140625 0.90032446875 0.099250525
0 0.7090944718750001 0.086261403125 0.78520185 0.190762846875 0.8554912359375001 0.16777029375000002 0.77878190625 0.06347335937500001 0.7090944718750001 0.086261403125
0 0.531740884375 0.1467806421875 0.4558492171875 0.167781709375 0.4509517140625 0.1692790265625 0.5220675578125 0.2763561625 0.601061309375 0.24940715937500002 0.531740884375 0.1467806421875
1 0.5362779390625 0.1436411984375 0.6049572953125 0.24600105625 0.6891326890625 0.2262777875 0.6153336671875 0.11958815 0.5362779390625 0.1436411984375
1 0.6190575 0.1171103375 0.6942843703125 0.2278906671875 0.7779198046875 0.20181977031249998 0.7008105828125 0.09163336250000001 0.6190575 0.1171103375
1 0.373192590625 0.1947851203125 0.4416070046875 0.304684109375 0.5227471984375 0.2770788734375 0.4518954875 0.17072323125 0.373192590625 0.1947851203125
1 0.2866501140625 0.2238577390625 0.3549015734375 0.335230421875 0.43945702343750004 0.30728058593749996 0.3711713203125 0.1952436046875 0.2866501140625 0.2238577390625
0 0 0.430300265625 0.015762009375 0.46200096718749994 0.10194644374999999 0.43502628750000005 0.03185783125 0.29934925 0 0.3087569984375 0 0.430300265625
0 0.0325551625 0.30001764999999997 0.104879521875 0.4376819046875 0.193609821875 0.41135558281250006 0.1236669046875 0.27392519375 0.0325551625 0.30001764999999997
0 0.2032190203125 0.24872207500000001 0.2822663078125 0.3866324921875 0.3650665 0.360618384375 0.28317983125 0.2216308015625 0.2032190203125 0.24872207500000001
0 0.1238712515625 0.272981121875 0.1949442015625 0.41193044375000004 0.2798573921875 0.38387123437500004 0.20145780625 0.25102372968750003 0.1238712515625 0.272981121875
1 0.864323946875 0.176389271875 0.7835482218750001 0.2028981171875 0.8785391718750001 0.34486072343749996 0.9667498109375 0.3186091140625 0.864323946875 0.176389271875
1 0.8678143234375 0.17426802187499998 0.9671018265625 0.31766942187499997 0.9191424984375001 0.1608015265625 0.8678143234375 0.17426802187499998
1 0.526084171875 0.287836959375 0.44682811562499997 0.31329893124999997 0.530662125 0.45495231093750005 0.6176697953125 0.42476597343750006 0.526084171875 0.287836959375
1 0.78225489375 0.212236575 0.6963524734375001 0.2387320953125 0.79466566875 0.3748059375 0.874436815625 0.34324660156250003 0.78225489375 0.212236575
1 0.6104029921875 0.264926446875 0.5302962390625 0.28835363593749996 0.6168093046875 0.423594878125 0.706824390625 0.40324535624999996 0.6104029921875 0.264926446875
1 0.614859403125 0.26594091875000003 0.7092251390625 0.4032284578125 0.7933676984375 0.3767864109375 0.693479703125 0.24024443281250002 0.614859403125 0.26594091875000003
1 0.44685718124999996 0.487744903125 0.5301634828124999 0.45725601562499996 0.443041740625 0.3139426625 0.3618671328125 0.34091148437499996 0.372495696875 0.3618308953125 0.44685718124999996 0.487744903125
1 0 0.5747255015625 0.014212825000000002 0.6212135578125 0.0796812125 0.6003354984375 0.0148445625 0.458686453125 0 0.462760046875 0 0.5747255015625
0 0.10845726874999999 0.4410397546875 0.0199286078125 0.46439709531249995 0.083346115625 0.599215025 0.17246829375 0.569578784375 0.10845726874999999 0.4410397546875
1 0.2832754734375 0.388603171875 0.19689233125 0.41379781718749997 0.2661043890625 0.5422894921875 0.3555470875 0.5135099453125 0.2832754734375 0.388603171875
0 0.1954701375 0.4132428234375 0.1093886515625 0.43895685 0.17619029375 0.5708297109375 0.2660374859375 0.5457495265625 0.1954701375 0.4132428234375
1 0.36765280625 0.36424060156250004 0.28540187499999997 0.389605096875 0.355713303125 0.51274204375 0.44302430625 0.4874825609375 0.36765280625 0.36424060156250004
1 1 0.478943946875 0.9794658328124999 0.44977087656250003 0.9033311906250001 0.4692599515625 1 0.6271125109375 1 0.478943946875
1 0.22816706718750002 0.678435596875 0.133739040625 0.7036321765625 0.22130443125000002 0.8895003828125001 0.3205827546875 0.8602929765624999 0.22816706718750002 0.678435596875
1 1 0.631720865625 0.8994937125 0.4719307625 0.8219369249999999 0.4936868234375 0.9278188937499999 0.6745276 1 0.6494101984375 1 0.631720865625
1 0.3304454015625 0.6476136859375 0.4252294734375 0.8294442859375 0.5222982953125 0.8003398796875001 0.420216871875 0.6151399890625 0.3304454015625 0.6476136859375
0 0.075788478125 0.8226184406250001 0.12111807187500001 0.9232879546874999 0.219557025 0.8875778984375 0.13154795 0.7058219859375 0.048535557812500005 0.7334781593749999 0.075788478125 0.8226184406250001
1 0.71088700625 0.5308431609375 0.8182892171875 0.70870135 0.908784271875 0.6821792578125 0.797708909375 0.5031641578125 0.71088700625 0.5308431609375
1 0.425198196875 0.6199146703125 0.5219507812499999 0.7981560796875 0.6158770375 0.76714989375 0.5173719390625 0.5957419093749999 0.425198196875 0.6199146703125
0 0.23193294843749998 0.67635840625 0.3242037734375 0.861475965625 0.42446575781250007 0.8302502875 0.329524565625 0.653745128125 0.23193294843749998 0.67635840625
1 0.61075998125 0.5660335953125 0.7214915984375 0.741157909375 0.8170144374999999 0.7090910890625 0.7084960875 0.532156790625 0.61075998125 0.5660335953125
0 0.60621205625 0.7460592953125 0.61743205625 0.7649569453125 0.7175654781249999 0.740640709375 0.6080234328125 0.56688194375 0.5199134984375 0.5947238609375 0.60621205625 0.7460592953125
1 0 0.2011417953125 0.0643098203125 0.1807716453125 0.031803301562500004 0.12029621718750001 0 0.13001946250000002 0 0.2011417953125
0 0.14783258125 0.15942711874999999 0.11106388593750001 0.096063825 0.03261863125 0.1200469453125 0.065335615625 0.1818456953125 0.14783258125 0.15942711874999999
1 0.22757071406249998 0.13738479374999998 0.18862432499999998 0.07235121875 0.11207528124999999 0.0957546109375 0.1480715078125 0.159354071875 0.22757071406249998 0.13738479374999998
1 0.3081835359375 0.112271765625 0.2701136515625 0.04743743125 0.189049103125 0.07222135156250001 0.2276649953125 0.1368887546875 0.3081835359375 0.112271765625
1 1 0.8148396828125 0.9112202187499999 0.6836305078125 0.8204978203125 0.710782646875 0.92892969375 0.8829509546875001 1 0.8618414937500001 1 0.8148396828125
1 0.817382125 0.7123196921875 0.7252512531249999 0.746016921875 0.8310253796874999 0.915431871875 0.927429475 0.8842591375 0.817382125 0.7123196921875
1 1 0.6499709984375001 0.9161890859374999 0.679488734375 1 0.808474121875 1 0.6499709984375001
1 0.7199732109375 0.7463481953125 0.6273129359375 0.771203965625 0.7281251046875 0.9485906859375 0.8304956078125001 0.9198414500000001 0.7199732109375 0.7463481953125
1 0.3913644140625 1 0.3185259296875 0.8648353359375 0.225555403125 0.8926747984375 0.2768083875 1 0.3913644140625 1
1 0.5135707046875 1 0.42109334374999996 0.835176375 0.3225763484375 0.865730065625 0.39528000625000004 1 0.5135707046875 1
1 0.5747255 1 0.62723065 0.9839475640625001 0.5241408234375 0.806220165625 0.4230076328125 0.8350251406250001 0.51477033125 1 0.5747255 1
1 0.5264089750000001 0.8040915640625 0.627063490625 0.9839986703125 0.7285377546875 0.952974875 0.623012846875 0.7725938671875 0.5264089750000001 0.8040915640625
1 0.2732511453125 1 0.22381896562499998 0.8937901609375001 0.123293784375 0.9273362453124999 0.154946809375 1 0.2732511453125 1
1 0.5169073609375 0 0.5466622875 0.047668695312499995 0.621756028125 0.0232908234375 0.606409096875 0 0.5169073609375 0
1 0.3837957265625 0.087417709375 0.34326424375000003 0.025073051562499997 0.2709271921875 0.0471887078125 0.307994978125 0.1118622015625 0.3837957265625 0.087417709375
1 0.4252745015625 0 0.42163325 0.0011132421874999999 0.4654274390625 0.06753673593750001 0.544053884375 0.045627340625 0.51373185 0 0.4252745015625 0
1 0.464212221875 0.067372290625 0.41917732656249995 0.0018640921875 0.3443614578125 0.024737600000000002 0.3855380953125 0.08862210468750001 0.464212221875 0.067372290625