1 1 0.28116663124999997 0.9447768406250001 0.2704515046875 0.9601588187500001 0.39059916562499997 1 0.3986439828125 1 0.28116663124999997
1 0.8665340421875 0.2594295859375 0.8862720953125001 0.3819323046875 0.95671103125 0.3929525515625 0.9363664234375 0.2703619546875 0.8665340421875 0.2594295859375
1 0.6877088890625 0.23376359687499998 0.613326415625 0.218597328125 0.6084642421875001 0.21773999531250002 0.6227882046875 0.340265828125 0.702434590625 0.3517030171875 0.6877088890625 0.23376359687499998
1 0.692978771875 0.23306046249999998 0.7072701578125 0.350492321875 0.788211909375 0.370364690625 0.77141321875 0.2469992921875 0.692978771875 0.23306046249999998
1 0.7756953140625 0.2465067140625 0.7919336890625 0.37399059375 0.8751846609375 0.38820330468750003 0.8570694640625 0.2604056609375 0.7756953140625 0.2465067140625
1 0.5305090515625001 0.2056085078125 0.5412790828125 0.3293669828125 0.6230564265625 0.34117991718749996 0.6086442 0.21938584218749999 0.5305090515625001 0.2056085078125
1 0.4434488984375 0.192692425 0.453435084375 0.31763908125 0.5382974265625 0.3306476390625 0.5285720375 0.20511839687500003 0.4434488984375 0.192692425
0 0.19154590625 0.1460335640625 0.107987515625 0.130478721875 0.1066565125 0.2779973703125 0.192492478125 0.29254993281249997 0.19154590625 0.1460335640625
1 0.1918530546875 0.1469089640625 0.193852440625 0.2960988765625 0.2815926046875 0.31231623124999996 0.281537225 0.1643651890625 0.1918530546875 0.1469089640625
0 0.360900621875 0.17753785625000001 0.3685689265625 0.32987135 0.45107743281249996 0.3437681703125 0.44144007656250006 0.18927540625 0.360900621875 0.17753785625000001
0 0.282125253125 0.1636476328125 0.2824879828125 0.3133896484375 0.367705484375 0.326460828125 0.358381803125 0.1787362046875 0.282125253125 0.1636476328125
1 0.9605347828124999 0.4041712390625 0.879549590625 0.3915804515625 0.8991466484374999 0.554332821875 0.9864076718750001 0.5703872890625 0.9605347828124999 0.4041712390625
0 1 0.41162244843750007 0.9644605109375 0.4038814828125 0.9881643484374999 0.577376953125 0.99378890625 0.5789691953125 1 0.54374433125 1 0.41162244843750007
1 0.6212236015625 0.3518286703125 0.542001496875 0.3390063640625 0.55214740625 0.49662669375 0.640093828125 0.5087940640624999 0.6212236015625 0.3518286703125
1 0.8743585359375 0.3989959140625 0.7889742171874999 0.38415695 0.8139985015625 0.5433268578125 0.8963270109374999 0.5511636796875 0.8743585359375 0.3989959140625
1 0.7036810375 0.36904010625 0.6246169593750001 0.3541079109375 0.6398661078125001 0.507417925 0.7260990296875 0.5293030328125 0.7036810375 0.36904010625
0 0.7070668640625 0.37185132187500003 0.7281691765625 0.5303360453125 0.8120180296875 0.5444528703125 0.78584516875 0.38419585 0.7070668640625 0.37185132187500003
1 0.46581419999999996 0.48808373749999995 0.550712515625 0.4983776578125 0.538466940625 0.3379044296875 0.456938065625 0.3255326625 0.45693100937500003 0.348045646875 0.46581419999999996 0.48808373749999995
1 0.0123669578125 0.386119165625 0.0105957421875 0.409239890625 0.10114120625 0.4240928421875 0.107316275 0.2747648203125 0.0346430046875 0.259785425 0.0123669578125 0.386119165625
0 0.195459521875 0.300529153125 0.1091897046875 0.28186276875 0.10477966875 0.4247344015625 0.1943025859375 0.43829439687500005 0.195459521875 0.300529153125
0 0.36857506406249996 0.331995603125 0.283346028125 0.315835296875 0.2866786046875 0.45582930624999995 0.37610264375 0.47026119375000003 0.36857506406249996 0.331995603125
0 0.282366521875 0.3147405484375 0.197169765625 0.29915566875 0.1969540875 0.4409872390625 0.2851094953125 0.4587567265625 0.282366521875 0.3147405484375
0 0.451717153125 0.3479917796875 0.369964384375 0.3337795078125 0.3765809390625 0.4696775390625 0.4626355375 0.48618726875 0.451717153125 0.3479917796875
1 0.9555860546874999 0.7956283281250001 0.94003131875 0.6880135109375 0.8661006390624999 0.671449225 0.8818024624999999 0.8686732734374999 0.941057628125 0.8780231328125 0.9555860546874999 0.7956283281250001
1 0.1946024171875 0.555614459375 0.1024602265625 0.5359458015625 0.096495553125 0.7329758656250001 0.19455746406250002 0.75133345625 0.1946024171875 0.555614459375
1 0.7854935625 0.6568095171875 0.797463215625 0.8575351984375 0.8796869171875 0.8688335609375001 0.86163658125 0.6720571390625001 0.7854935625 0.6568095171875
1 0.2959473375 0.573901365625 0.2979490421875 0.7706308140625 0.3940675109375 0.7881124078124999 0.387267771875 0.5853200359375 0.2959473375 0.573901365625
0 0 0.7186754921875 0.09583405 0.730570696875 0.0996209140625 0.536861021875 0.004954815625 0.5225759609375 0 0.626739096875 0 0.7186754921875
0 0.6738445421875 0.64010833125 0.6884234546875 0.8389486703125 0.77776545625 0.8557687078124999 0.7605359390624999 0.654337178125 0.6738445421875 0.64010833125
1 0.3894618453125 0.5915733828125 0.39472298281249996 0.786094721875 0.48897215312500003 0.8005801296874999 0.47921982500000004 0.6111333484375 0.3894618453125 0.5915733828125
0 0.19874561562499998 0.55548255625 0.19715188125 0.7539241859375 0.29694071875 0.7709863343750001 0.292477425 0.578738940625 0.19874561562499998 0.55548255625
1 0.5724395375 0.6264929671874999 0.5910735140625001 0.8244498312499999 0.6871578671874999 0.8387255140625 0.671216321875 0.6401876671875 0.5724395375 0.6264929671874999
0 0.48988192656249996 0.7783412796875 0.49126631249999997 0.79938470625 0.5879260765625001 0.8222949046875 0.5697176171875 0.6260239171875 0.48184834531250004 0.6113723109375 0.48988192656249996 0.7783412796875
1 0.109490978125 0 0.10866608124999999 0.030619434374999997 0.189715921875 0.04407671875 0.189535590625 0 0.109490978125 0
1 0.189972053125 0 0.19018379375 0.0454102015625 0.2712336390625 0.0588674859375 0.269884321875 0 0.189972053125 0
1 0.919549815625 1 0.941241140625 0.8769823796875 0.8796860734375 0.870178259375 0.8936500484375 1 0.919549815625 1
0 0.2706470734375 0 0.2716457859375 0.060232823437500006 0.3523229359375 0.07706974062500001 0.3480294140625 0 0.2706470734375 0
1 0.3491001859375 0 0.3525601390625 0.077111565625 0.43046526875 0.093024478125 0.42398946718749997 0 0.3491001859375 0
1 0.4244322546875 0 0.4307629859375 0.0926417453125 0.5107006828125 0.10673691874999999 0.5044848296875 0.0046683078125 0.4859319828125 0 0.4244322546875 0
1 0.7970610703125 1 0.779224440625 0.8580716171875 0.6894118437500001 0.8416907671875 0.7040268453125 1 0.7970610703125 1
1 0.70185311875 1 0.686063275 0.8416447890625 0.5921810625 0.830242221875 0.607180378125 1 0.70185311875 1
1 0.89238243125 1 0.87630211875 0.8688581375 0.7853032453125001 0.8567003874999999 0.8005918281250001 1 0.89238243125 1
1 0.6042590875 1 0.587501346875 0.8282224703125 0.497026934375 0.8090338640624999 0.5059351375000001 1 0.6042590875 1
1 0.0987612203125 0.7375431265625 0.0937990515625 0.93608911875 0.1955969765625 0.9540388406250001 0.19080572812500002 0.754317521875 0.0987612203125 0.7375431265625
1 0.1938950296875 0.7568492796874999 0.19903824375 0.954645628125 0.30006206875 0.9724588546874999 0.291890959375 0.7737242984375 0.1938950296875 0.7568492796874999
1 0.293601821875 0.774430278125 0.3010143234375 0.9726267625 0.40401242656249997 0.9907881062499999 0.393081653125 0.7939410328125 0.293601821875 0.774430278125
1 0.50408363125 1 0.492724996875 0.8083453984375 0.3959604375 0.7931117359375001 0.4038464734375 0.9907588453124999 0.456255665625 1 0.50408363125 1
1 0 0.919549815625 0.08986960625 0.9353962515625 0.096781959375 0.7377385953125 0 0.7231831 0 0.919549815625
1 0.733539253125 0.038975575 0.74382983125 0.155582346875 0.819001978125 0.1675149875 0.805637896875 0.049462867187499995 0.733539253125 0.038975575
1 0.5107176 0.106304675 0.5865263265625 0.1184888609375 0.5758395984375 0.0185557578125 0.505613340625 0.00486729375 0.5107176 0.106304675
1 0.8076867421875 0.0504852546875 0.8194092953125001 0.168847796875 0.895657678125 0.1836759265625 0.8706503812499999 0.064231915625 0.8076867421875 0.0504852546875
1 0.6533903125 0.0317164421875 0.6653514 0.1371166546875 0.742480478125 0.152699946875 0.7294270875 0.04131379375 0.6533903125 0.0317164421875
1 0.650484384375 0.0321528734375 0.576926040625 0.0175981859375 0.5874972203125 0.12027822031249999 0.66437910625 0.1364459328125 0.650484384375 0.0321528734375
1 1 0.0907107578125 0.9458380375000001 0.078392034375 0.9733087375 0.19869014062499998 1 0.2033965296875 1 0.0907107578125
0 0.894709903125 0.18813663593750002 0.9713021734374999 0.198336328125 0.94848439375 0.1044008765625 0.94161075 0.078066378125 0.8758068609375 0.06778561250000001 0.894709903125 0.18813663593750002