1 1 0.264435765625 0.936564159375 0.2589034109375 0.9658270359375001 0.38328462343749997 1 0.386527390625 1 0.264435765625
1 0.8535267531249999 0.2559870171875 0.8876036109375001 0.3823580296875 0.9624793171875 0.3861354015625 0.9277584687499999 0.2597392265625 0.8535267531249999 0.2559870171875
1 0.6636913328125 0.24882286874999998 0.5842366828125 0.24113066875000003 0.5790576546875 0.24076851562499998 0.607474828125 0.3677623234375 0.6920256890625 0.3709593265625 0.6636913328125 0.24882286874999998
1 0.669125628125 0.2475024109375 0.6969501 0.369154253125 0.7837807359375 0.3810598421875 0.7526833468749999 0.25345859375 0.669125628125 0.2475024109375
1 0.7571076734375 0.252468290625 0.7880707171875 0.3844533765625 0.8766957421875 0.3901644921875 0.8437354515625 0.258057628125 0.7571076734375 0.252468290625
1 0.496199359375 0.23665595781249998 0.521034896875 0.36533618125 0.607855584375 0.36869190625 0.5794263546875 0.24247575625 0.496199359375 0.23665595781249998
1 0.40373277031250004 0.232726628125 0.42787884375 0.36274036875000004 0.5180570343750001 0.36700971718750003 0.49411982187500003 0.23635578281249997 0.40373277031250004 0.232726628125
0 0.13516815625 0.211611671875 0.046074442187499995 0.20452612499999998 0.0608600015625 0.359477821875 0.1522257578125 0.365259796875 0.13516815625 0.211611671875
1 0.13558538281250002 0.21249635156250002 0.15403724218749998 0.36883367499999997 0.2475770375 0.37615215156250004 0.2312941375 0.220899971875 0.13558538281250002 0.21249635156250002
0 0.3157393609375 0.225949453125 0.3404646859375 0.384958909375 0.42827857500000005 0.390420609375 0.40125715937499995 0.2293629203125 0.3157393609375 0.225949453125
0 0.23183042343750002 0.22008196875000002 0.24863116562499998 0.37717959843750004 0.3391876609375 0.381475396875 0.3132365203125 0.22748544843750002 0.23183042343750002 0.22008196875000002
1 0.9998696109375 0.519325025 0.9677086046875001 0.39748545156250004 0.88163106875 0.39322588281250004 0.9199744296875 0.5618500531249999 0.9964818484375 0.5677723046875001 0.9998696109375 0.519325025
1 0.6071065515625 0.3800692203125 0.52284751875 0.3753717859375 0.550743778125 0.5396552859375 0.6440551421875 0.5427009484374999 0.6071065515625 0.3800692203125
1 0.877015321875 0.40158147499999997 0.786090503125 0.395449025 0.8297169515625 0.559713803125 0.9166780250000001 0.558836103125 0.877015321875 0.40158147499999997
1 0.695230525 0.38901489218749996 0.6109053796875 0.382085890625 0.643666071875 0.54128201875 0.7362510984374999 0.5547148046875 0.695230525 0.38901489218749996
0 0.6990798140625001 0.39159064374999997 0.73852940625 0.5555699796875 0.8277691968750001 0.5611143734375 0.7828223140625 0.3958357671875 0.6990798140625001 0.39159064374999997
1 0.45951703125 0.5402347015625 0.54943514375 0.5416513593750001 0.5190301296875 0.37460617812499997 0.4324080140625 0.37063655156249997 0.4348695109375 0.39426222499999997 0.45951703125 0.5402347015625
1 0 0.5092816171875 0.0711134171875 0.5133986375 0.0611955046875 0.3560126796875 0.009207434375 0.350867175 0 0.482539609375 0 0.5092816171875
0 0.1562038203125 0.3733050953125 0.0639331875 0.3632540828125 0.0749889890625 0.51366964375 0.170101821875 0.5180024265625 0.1562038203125 0.3733050953125
0 0.3407040609375 0.3871874 0.24979673593750001 0.3796511796875 0.268634421875 0.526191028125 0.3637394625 0.5314496984375 0.3407040609375 0.3871874
0 0.248652284375 0.378610646875 0.1578418234375 0.371674703125 0.173170153125 0.5205351390625 0.267314434375 0.5294365015625 0.248652284375 0.378610646875
0 0.4294107953125 0.39478209999999997 0.3423526859375 0.38890581874999997 0.3641756734375 0.530784340625 0.455984715625 0.5385959765624999 0.4294107953125 0.39478209999999997
1 0.985230940625 0.7286677671875 0.9773928875 0.6976133109375 0.898257425 0.6884041015625 0.9363073500000001 0.8936331234375 0.9735605968750001 0.8955614609375001 0.985230940625 0.7286677671875
1 0.18328124375 0.6410837468749999 0.08475919062500001 0.6306301609375 0.10012836249999998 0.8380508875 0.20469766093750003 0.8464742187500001 0.18328124375 0.6410837468749999
1 0.8123506421875 0.6819526140625001 0.8468813546874999 0.8912688125000001 0.934112428125 0.8940352046875001 0.89365544375 0.6895355515625 0.8123506421875 0.6819526140625001
1 0.2912762625 0.6490699578125 0.314943946875 0.8552945234375 0.4173846671875 0.8630134421875001 0.38803416562500004 0.6509569359375 0.2912762625 0.6490699578125
0 0 0.833755846875 0.0991727796875 0.8356000609375 0.08189011874999999 0.6319044765624999 0 0.628219934375 0 0.833755846875
0 0.69375318125 0.6767695828125 0.73080598125 0.8838188625000001 0.82608711875 0.8915927015625 0.7859780749999999 0.68211728125 0.69375318125 0.6767695828125
1 0.3910145640625 0.6572765765625 0.41784891249999995 0.8608236390625 0.5180060906249999 0.8656050453124999 0.4870312171875 0.6678796796875 0.3910145640625 0.6572765765625
0 0.1875998625 0.640487290625 0.20769509218749999 0.8489060859374999 0.3139283984375 0.8557790750000001 0.28817783124999996 0.6545300640625 0.1875998625 0.640487290625
1 0.5862076265625 0.6736922828125 0.6274044515625 0.87936615625 0.7294579203125 0.883724596875 0.6910132078125 0.6771433921875001 0.5862076265625 0.6736922828125
0 0.5165187437500001 0.8421672499999999 0.520274296875 0.86409695625 0.623876446875 0.8774527546875 0.583309521875 0.67350098125 0.48980640937500003 0.6678398578125 0.5165187437500001 0.8421672499999999
1 0.0337424578125 0 0.031072546875000003 0.0381814921875 0.0358330828125 0.09965979999999999 0.12207325468750001 0.104821515625 0.1106867671875 0 0.0337424578125 0
1 0.1111147296875 0 0.12270880625 0.106169134375 0.20894897812500002 0.11133085000000001 0.1949610234375 0.001754528125 0.16998046093750002 0 0.1111147296875 0
0 0.2775193296875 0.0082066 0.19600101718750002 0.0011313046875 0.20952974531250002 0.1127180578125 0.29575076875 0.1214675265625 0.2775193296875 0.0082066
1 0.3594451015625 0.016655715625 0.278992046875 0.00802235625 0.2960034296875 0.12148519375 0.3792240609375 0.129571475 0.3594451015625 0.016655715625
1 0.446946425 0.028668409375 0.3598610640625 0.016215359375 0.37949345 0.1291369265625 0.464640459375 0.1350909859375 0.446946425 0.028668409375
1 0.8525811843750001 1 0.8278655171875 0.8938480562500001 0.7321403796875 0.886587121875 0.754645953125 1 0.8525811843750001 1
1 0.7519346546875 1 0.728633303125 0.8869090640625 0.6291979796875 0.8853221890625 0.6514878921875 1 0.7519346546875 1
1 0.9548204515625001 1 0.930575196875 0.8944351906250001 0.8340725390625 0.891737078125 0.8571571718750001 1 0.9548204515625001 1
1 0.647782696875 1 0.6240822953125 0.8837200359375 0.527357096875 0.8735858328124999 0.5465390203125 1 0.647782696875 1
1 0.102998734375 0.8425932515625 0.1134457546875 0.9741904437500001 0.218027940625 0.9815035421875 0.20110122656249999 0.8500204281249999 0.102998734375 0.8425932515625
1 0.20460975625 0.8523357 0.2215338390625 0.9817486984375 0.3279389546875 0.98918926875 0.30894746562500003 0.8592105265625 0.20460975625 0.8523357
1 0.310814159375 0.859762234375 0.329249440625 0.98928090625 0.43751092968750005 0.9968512875 0.416992821875 0.8692389296874999 0.310814159375 0.859762234375
1 0.5436304 1 0.5227825015625001 0.8733389546874999 0.41991259843749995 0.86805041875 0.4385836671875 0.9969262999999999 0.4825396171875 1 0.5436304 1
1 0 0.96625754375 0.110036390625 0.9739520374999999 0.1009501984375 0.8430171859375 0 0.838525159375 0 0.96625754375
1 0.69026078125 0.039347684375000004 0.7138106093750001 0.1605759859375 0.7937365062499999 0.16478754843750001 0.7668138156250001 0.0423822953125 0.69026078125 0.039347684375000004
1 0.46461075 0.13463552343750002 0.545229990625 0.139040678125 0.52309436875 0.035353346875000004 0.44814847812499997 0.028752465625 0.46461075 0.13463552343750002
1 0.76906868125 0.043228671875 0.794308653125 0.1661411546875 0.8756776468749999 0.17327223281249998 0.8364254859375 0.0506935203125 0.76906868125 0.043228671875
1 0.6056425171875001 0.0405906484375 0.6297104515624999 0.1498742234375 0.7120833140625 0.15770040000000002 0.6862165734375 0.04225599375 0.6056425171875001 0.0405906484375
1 0.6026512703125 0.041369890625 0.524125590625 0.034228371875000003 0.5464416078125 0.140811078125 0.6286200421875 0.14927786406250002 0.6026512703125 0.041369890625
1 1 0.081988171875 0.994650490625 0.06657859687499999 0.9166118828125001 0.0572408625 0.9585340078125 0.180443515625 1 0.1833431 1 0.081988171875
0 0.8751756171875 0.178058034375 0.95639668125 0.180294059375 0.9222317656250001 0.0842417125 0.9121551421874999 0.057366456249999996 0.8422080031249999 0.0538526765625 0.8751756171875 0.178058034375