1 1 0.429282678125 0.984429240625 0.3155350109375 0.9177013296875 0.30137658125 0.9305131031249999 0.41707551875000004 1 0.432370715625 1 0.429282678125
1 0.8426083734375001 0.28945452656250004 0.859572059375 0.407490359375 0.927157165625 0.4192779265625 0.9096113828125001 0.3011473359375 0.8426083734375001 0.28945452656250004
0 0.6709900859375 0.2617499015625 0.599679571875 0.245911715625 0.5950159875 0.24500520625000002 0.6067705453125 0.362971059375 0.683206990625 0.375316 0.6709900859375 0.2617499015625
1 0.676071721875 0.261164065625 0.6878791734374999 0.3742351078125 0.7654223671875 0.39470656718749997 0.7513008250000001 0.2758919296875 0.676071721875 0.261164065625
1 0.7554286546875 0.2754915765625 0.768943028125 0.39825368125 0.848801446875 0.413326703125 0.8334866249999999 0.290231175 0.7554286546875 0.2754915765625
1 0.5202180765625 0.232021984375 0.5285331140625 0.3511116359375 0.6070134781250001 0.363853875 0.5951619046875 0.2465895890625 0.5202180765625 0.232021984375
1 0.436673509375 0.21812989531250002 0.44421478125 0.3383477953125 0.5256433671875 0.3522913125 0.5183626328125001 0.2315181078125 0.436673509375 0.21812989531250002
0 0.1950962125 0.169011140625 0.1149642296875 0.1526433765625 0.11124428906249999 0.2943555828125 0.1935840390625 0.3097991453125 0.1950962125 0.169011140625
0 0.19537723437500001 0.1698574484375 0.194833734375 0.31323210156250003 0.27897793125 0.33030760937500003 0.2813712203125 0.188156353125 0.19537723437500001 0.1698574484375
0 0.357506709375 0.20216391093750002 0.362365134375 0.3486554234375 0.44151447031249996 0.36341229531249997 0.4347973828125 0.21481264375000003 0.357506709375 0.20216391093750002
0 0.281948809375 0.1874769421875 0.2798215984375 0.3313541859375 0.3615908375 0.345363915625 0.3550636078125 0.20327238749999998 0.281948809375 0.1874769421875
1 0.9306503734374999 0.43012187031250004 0.8529449781249999 0.4166457640625 0.8691074375 0.573350775 0.95279335625 0.5902616218750001 0.9306503734374999 0.43012187031250004
1 1 0.44539132343750004 0.9344319999999999 0.4299103203125 0.954367825 0.59700715 0.9884992562500001 0.6073107234374999 1 0.5481445234375 1 0.44539132343750004
1 0.605074078125 0.3740539140625 0.529068728125 0.3603853859375 0.5362233625 0.5119986390625 0.620632965625 0.5251864625 0.605074078125 0.3740539140625
1 0.8478281859375001 0.423682096875 0.765927690625 0.407971053125 0.7873707703124999 0.56132646875 0.8664471468749999 0.570257871875 0.8478281859375001 0.423682096875
1 0.6841194703125 0.391994575 0.6083010421874999 0.376301571875 0.6204366390625 0.5238604 0.703037034375 0.5463557765625 0.6841194703125 0.391994575
1 0.687330390625 0.394753221875 0.705011584375 0.5473835390625 0.78544679375 0.5623746109375001 0.7629166765625001 0.4079551484375 0.687330390625 0.394753221875
1 0.4533058546875 0.502320596875 0.534813940625 0.5136565203125001 0.5256864515624999 0.35926647031250003 0.447454371875 0.3459915390625 0.4470753015625 0.367621734375 0.4533058546875 0.502320596875
1 0.0262501515625 0.31681015 0.016656625 0.4188168 0.1035222828125 0.434629165625 0.11193248281249998 0.2912610046875 0.0345891234375 0.2739098640625 0.0262501515625 0.31681015
0 0.1963066015625 0.31751604375000003 0.11361748281249999 0.29811256406250003 0.1070121390625 0.435307525 0.192915415625 0.4498602140625 0.1963066015625 0.31751604375000003
1 0.36233591249999997 0.35069649531249997 0.2806066578125 0.333718559375 0.28149785 0.46828055468749996 0.36729158125 0.48366926875000005 0.36233591249999997 0.35069649531249997
0 0.27968240624999996 0.33265005312499996 0.19797469375 0.31622553125 0.19542182187499998 0.4524926265625 0.2799398453125 0.47106648125 0.27968240624999996 0.33265005312499996
1 0.4420600859375 0.3674812015625 0.363643040625 0.35243411406249997 0.3677613890625 0.48311664218750006 0.4502791140625 0.500444359375 0.4420600859375 0.3674812015625
1 0.8353781124999999 0.6853126953124999 0.8472230375 0.8750715250000001 0.9300343328125 0.889626046875 0.9062308515625 0.7024863906250001 0.8353781124999999 0.6853126953124999
1 0.1912638296875 0.5625856046875 0.1029416390625 0.5421191546874999 0.0939450359375 0.7313226796875 0.18798410625 0.7506302640625 0.1912638296875 0.5625856046875
1 0.758070375 0.6698744375000001 0.7662667765625 0.8629340640625 0.8451850796875 0.8751895046874999 0.8310733140625001 0.6858207640625 0.758070375 0.6698744375000001
1 0.2884625625 0.581881175 0.2871351625 0.7709315171875 0.3793189859375 0.78936435625 0.3761305890625 0.5944071015625 0.2884625625 0.581881175
0 0 0.7157488640625 0.0933483953125 0.7290005484375001 0.10019488125 0.5429501453125 0.0093554828125 0.527613240625 0 0.67177213125 0 0.7157488640625
1 0.6509321328125 0.6519269640625 0.6616700078125 0.8432195953124999 0.7473453218749999 0.8609014281249999 0.7341002234375 0.6670740703125 0.6509321328125 0.6519269640625
1 0.37813803749999997 0.6004526328125 0.3799829625 0.7874369390625 0.4704179328125 0.8029592359375 0.46416824375 0.6207740515625 0.37813803749999997 0.6004526328125
0 0.1952520671875 0.562529421875 0.19043728437500002 0.7531635953125 0.286159203125 0.771255928125 0.285044259375 0.5864699984375 0.1952520671875 0.562529421875
0 0.5535983453125 0.6371187578125 0.568252096875 0.827631596875 0.6604561140625 0.8429836375 0.6484022828125 0.651958440625 0.5535983453125 0.6371187578125
0 0.47166094999999997 0.7816077984375001 0.4726448484375 0.8018497421875 0.56525966875 0.8255075625 0.5509874171875 0.63662175 0.46669312031250004 0.6210484046875 0.47166094999999997 0.7816077984375001
1 0.1197754609375 0 0.11726836249999999 0.056710834375 0.19502162812499999 0.07102056718750001 0.1959529515625 0 0.1197754609375 0
1 0.1963565421875 0 0.195449703125 0.072309734375 0.273202971875 0.086619465625 0.2727059203125 0 0.1963565421875 0
1 0.91216819375 1 0.9339626031250001 0.8878774828125 0.8451620328124999 0.8764814671875 0.8563185484375 1 0.91216819375 1
0 0.2736303765625 0 0.273576909375 0.0879382890625 0.3509157296875 0.105488803125 0.3468921875 0.0010749734375 0.34181557812499996 0 0.2736303765625 0
1 0.4203632421875 0.0178736703125 0.3482501203125 0.0010731296875 0.35114324375 0.10553302812500001 0.4258304625 0.12214856249999999 0.4203632421875 0.0178736703125
1 0.4985037109375 0.0385169421875 0.420789759375 0.017522153125000002 0.4261232171875 0.12178590468749999 0.5027959703125 0.136689578125 0.4985037109375 0.0385169421875
1 0.763545025 1 0.7487108890624999 0.863138890625 0.6625755671875 0.8458710109375 0.6741519234375 1 0.763545025 1
1 0.6720768109375 1 0.6593547640625 0.84576981875 0.5692218515625 0.8332157421874999 0.5810889312499999 1 0.6720768109375 1
1 0.8550794875 1 0.841928253125 0.8751554859375 0.7545818140625 0.8619249281249999 0.7669328265625001 1 0.8550794875 1
1 0.5783139 1 0.564753028125 0.8311954968749999 0.4780274203125 0.8112186749999999 0.48357014062500003 0.9992687968749999 0.48692231875 1 0.5783139 1
1 0.0960492484375 0.7357494499999999 0.087872796875 0.9292489343750001 0.1856515875 0.94825520625 0.184325321875 0.7534334484375 0.0960492484375 0.7357494499999999
1 0.1872555875 0.755918546875 0.18895805000000002 0.9488979171875 0.2858989984375 0.967741328125 0.2812556953125 0.7738005609374999 0.1872555875 0.755918546875
1 0.28288999375 0.7745079921875 0.286801690625 0.9679167937500001 0.3856451625 0.98713001875 0.37827413593750003 0.7949476718749999 0.28288999375 0.7745079921875
1 0.48187671249999997 1 0.47390003125 0.8104839515625001 0.3810574484375 0.7941999078124999 0.3854409796875 0.9870903296875 0.451855478125 1 0.48187671249999997 1
1 0 0.9121681921875 0.0840758875 0.928510890625 0.09414182343750001 0.735903553125 0 0.7200567984374999 0 0.9121681921875
1 0.718303284375 0.0753793234375 0.7262753171874999 0.1875895015625 0.7983990249999999 0.2003342859375 0.7874939640624999 0.0866830921875 0.718303284375 0.0753793234375
1 0.5028193937500001 0.1362745703125 0.5755513796875 0.14927187343749998 0.5669225015625 0.053074890625 0.499586128125 0.0387273421875 0.5028193937500001 0.1362745703125
1 0.7894481953125 0.08770027968750001 0.7987688546875 0.201621775 0.8718800999999999 0.21716685 0.8497964421875001 0.10198008125 0.7894481953125 0.08770027968750001
1 0.6413142578125 0.06704006875 0.6510787546875 0.16851151250000002 0.7250248046875 0.18479713749999999 0.7143084187500001 0.077555846875 0.6413142578125 0.06704006875
1 0.638511328125 0.067409909375 0.5679835718749999 0.0521733625 0.576455859375 0.151007609375 0.650154428125 0.16785053125 0.638511328125 0.067409909375
1 1 0.17208432812500002 0.991740575 0.13403248437499998 0.9218982390624999 0.11686527499999999 0.9463377453125 0.23291459531249997 1 0.24334548125 1 0.17208432812500002
1 0.870894509375 0.2214365296875 0.9444131359375 0.23254048906250002 0.9240141312500001 0.1418994453125 0.9178366671875 0.11648040468750001 0.8546985812499999 0.10548225 0.870894509375 0.2214365296875