1 0.8756719203125 0.2250458640625 0.910654728125 0.337430175 0.9829112296875 0.3392166015625 0.9445249640625001 0.226225053125 0.8756719203125 0.2250458640625
1 0.7989601000000001 0.22770092968750003 0.838507503125 0.341603946875 0.9077533171875001 0.3402641265625 0.8676108171875001 0.22637936406249998 0.7989601000000001 0.22770092968750003
1 0.6235538578125001 0.233314346875 0.5498359984375 0.231351915625 0.5450398796875 0.231351915625 0.5794116828125 0.346190640625 0.6575363234375 0.3436961390625 0.6235538578125001 0.233314346875
1 0.6284767890625 0.2317522 0.6619581375 0.34172154843749997 0.742744921875 0.34708083125 0.7058639984374999 0.23185624531250001 0.6284767890625 0.2317522
1 0.7098774609375 0.23066227968750003 0.74691708125 0.3499227546875 0.8289583171875 0.349476146875 0.7900702703125 0.2302321015625 0.7098774609375 0.23066227968750003
1 0.46841603593750003 0.2328966046875 0.4995958265625 0.3495146546875 0.5798224765625 0.347020153125 0.545489675 0.2328966046875 0.46841603593750003 0.2328966046875
1 0.3829493921875 0.23522684531250002 0.41357973281250004 0.3531142375 0.4969593953125 0.35124336093749997 0.46648027656249996 0.23275443281250002 0.3829493921875 0.23522684531250002
0 0.13409052500000002 0.2330816921875 0.051528792187500005 0.232295771875 0.07513990781249999 0.3736939921875 0.1597114609375 0.37313641875000003 0.13409052500000002 0.2330816921875
1 0.13453203281249998 0.23386761093750003 0.16161115625 0.37630323125 0.24828522656250002 0.37701752499999996 0.22327485937499997 0.23543944843750003 0.13453203281249998 0.23386761093750003
0 0.30142152499999997 0.23465353125 0.33445421406250003 0.37914093437499996 0.41573187031250003 0.37851730781250004 0.38045120625 0.232295771875 0.30142152499999997 0.23465353125
0 0.223716365625 0.23465353125 0.2493228796875 0.377893684375 0.3330528765625 0.3760228046875 0.2992139921875 0.2362253703125 0.223716365625 0.23465353125
1 0.9133038296875 0.3503550484375 0.8337037953124999 0.3519714859375 0.8799058984375 0.504416740625 0.9660941109375001 0.505056003125 0.9133038296875 0.3503550484375
1 1 0.3527319921875 0.9170105812499999 0.349415315625 0.9689537359375 0.5114486015625 1 0.5146066046875 1 0.3527319921875
1 0.579865371875 0.3575201609375 0.5019129765625 0.35861752812500003 0.5382077359374999 0.50774629375 0.624395946875 0.50454999375 0.579865371875 0.3575201609375
1 0.829988559375 0.3599439484375 0.7458007734375001 0.360151228125 0.7965906265625 0.5082523015625 0.8766738406249999 0.5018597 0.829988559375 0.3599439484375
1 0.6616533015625 0.3600772 0.5834961734374999 0.35912876250000003 0.6239459593750001 0.503271471875 0.7101341703124999 0.5096640734375 0.6616533015625 0.3600772
0 0.665366634375 0.3621961671875 0.712288875 0.5103033328125 0.7948859109375 0.5096640734375 0.7428138671875 0.3607164609375 0.665366634375 0.3621961671875
1 0.45417422968750004 0.5141388953125 0.5371303843749999 0.5096640734375 0.4983456890625 0.3581594203125 0.41826247499999997 0.3600772 0.42205336875 0.381623053125 0.45417422968750004 0.5141388953125
1 0 0.46079997187500005 0.0053802953125 0.5155011218750001 0.09450795625 0.514436321875 0.0752257953125 0.37048915 0 0.3683258453125 0 0.46079997187500005
0 0.16389593125 0.380271771875 0.0782153796875 0.376965675 0.0980969890625 0.514436321875 0.1860283046875 0.5123067265625 0.16389593125 0.380271771875
0 0.33481842031250003 0.3811727859375 0.2505562953125 0.380089353125 0.2773596125 0.5134996359375 0.3653434125 0.512221115625 0.33481842031250003 0.3811727859375
0 0.2494345609375 0.379206975 0.165300384375 0.37866877187500003 0.189019165625 0.514436321875 0.276352309375 0.51656591875 0.2494345609375 0.379206975
0 0.41705633906250006 0.3824513046875 0.3364484640625 0.382645521875 0.3657025296875 0.5115818562500001 0.4508133890625 0.512860375 0.41705633906250006 0.3824513046875
1 1 0.802968771875 0.94156921875 0.6254486015625 0.8680477515625 0.6220720484375 0.9163383140624999 0.808163590625 1 0.8066542140624999 1 0.802968771875
1 0.206105490625 0.6245300625 0.11463794062499999 0.6212557234375 0.14216808593750002 0.8108176890625 0.2390776953125 0.8118384437499999 0.206105490625 0.6245300625
1 0.788463821875 0.6216638875 0.8337746078125001 0.8117362281249999 0.9143414734374999 0.8086739656249999 0.863879665625 0.62340709375 0.788463821875 0.6216638875
1 0.306143934375 0.6249291859375 0.3412445671875 0.8128591984375 0.4361471734375 0.8133695734374999 0.39543366875 0.6204470484375 0.306143934375 0.6249291859375
0 0.0191020875 0.6249142828124999 0.043191165625 0.813632534375 0.141129525 0.8086275953125 0.11207604062500001 0.6226106921875 0.0191020875 0.6249142828124999
0 0.678835240625 0.6245210218749999 0.7263241953125 0.81234881875 0.8146323609375001 0.8133695734374999 0.764170553125 0.6235093078125 0.678835240625 0.6245210218749999
1 0.3985875296875 0.6260611953125 0.43643388749999995 0.8113280656249999 0.529042775 0.80928655625 0.48775583906250003 0.6296338328125 0.3985875296875 0.6260611953125
0 0.210046915625 0.6237046984375 0.24199672031250002 0.8138799515624999 0.34033990468750003 0.8133695734374999 0.30364040625 0.6301442125000001 0.210046915625 0.6237046984375
1 0.5795273421875 0.62860265 0.6307466265625 0.8149007062500001 0.725075803125 0.81234881875 0.6763342828125001 0.6250404406250001 0.5795273421875 0.62860265
0 0.5261617265625 0.7878507203125 0.531035878125 0.8077554265625 0.6273720593750001 0.8133695734374999 0.5768442390625 0.6286130796875 0.490310778125 0.629418975 0.5261617265625 0.7878507203125
1 0.0972066671875 0.036453150000000004 0.0204894234375 0.0367483640625 0.035333009375 0.1366170953125 0.11514106093750001 0.135818978125 0.0972066671875 0.036453150000000004
1 0.1756696390625 0.036453150000000004 0.0975994625 0.0364292265625 0.1158136 0.1370161546875 0.195621653125 0.1362180375 0.1756696390625 0.036453150000000004
1 1 0.804446003125 0.9145674984375001 0.8099609687499999 0.9686990812499999 0.9970849328125 1 0.997704025 1 0.804446003125
0 0.2521677875 0.0370769515625 0.17658789375 0.0358138109375 0.1962462578125 0.13745510156250001 0.2762678625 0.139954140625 0.2521677875 0.0370769515625
1 0.328211709375 0.0395759921875 0.253513109375 0.0368130875 0.27650184218749996 0.139954140625 0.35371567187499997 0.142036678125 0.328211709375 0.0395759921875
1 0.40962347499999996 0.04499058125 0.32856666562500003 0.039144731249999995 0.3539359265625 0.14162016875 0.4327876234375 0.14162016875 0.40962347499999996 0.04499058125
1 0.8164165984375 0.8153272375 0.7277323140624999 0.8148061890625 0.7777013578124999 0.9978422578125 0.8730004109375 0.9985995796875 0.8164165984375 0.8153272375
1 0.688280965625 1 0.7759995890625 0.9985995796875 0.7245210828124999 0.8153272375 0.6327832859375 0.820257065625 0.681095275 1 0.688280965625 1
1 0.9693662625 1 0.9111074828125 0.8092686468749999 0.8220007031250001 0.8129892312500001 0.87592470625 1 0.9693662625 1
1 0.67835743125 1 0.627965634375 0.8191138562500001 0.538174578125 0.8160174937500001 0.579524578125 1 0.67835743125 1
1 0.2731297265625 1 0.23599189375 0.8153272375 0.1451060203125 0.8148061890625 0.172999984375 1 0.2731297265625 1
1 0.3760747140625 1 0.335970809375 0.816841884375 0.2393744109375 0.8172288015625 0.276512415625 1 0.3760747140625 1
1 0.4785274609375 1 0.43618724374999995 0.8191138562500001 0.3377266296875 0.8172288015625 0.3770359734375 1 0.4785274609375 1
1 0.5777151593750001 1 0.5339429078125 0.8160845625 0.4388014015625 0.8178344546874999 0.47845633125000003 1 0.5777151593750001 1
1 0.169181425 1 0.14324549375 0.8153272375 0.0440312484375 0.8178344546874999 0.0650064859375 1 0.169181425 1
1 0.634540240625 0.0391709375 0.6640549578125 0.14902579375 0.7379828015625 0.1477604296875 0.7052839468750001 0.037041021875 0.634540240625 0.0391709375
1 0.4327308953125 0.1412036640625 0.5073101703125 0.1400716046875 0.48022909843750006 0.046240101562500004 0.410736653125 0.04499058125 0.4327308953125 0.1412036640625
1 0.70741648125 0.03767370625 0.738597296875 0.14896718125 0.8140431781249999 0.1502911578125 0.769970809375 0.040204434375 0.70741648125 0.03767370625
1 0.556639603125 0.04574859375 0.5858620453125 0.1445970171875 0.6622778453125 0.146495065625 0.63100068125 0.042102482812499994 0.556639603125 0.04574859375
1 0.5539332078125 0.0466566078125 0.48110693437499996 0.045140387500000004 0.5085408359375 0.14162016875 0.5848187390625 0.14411921249999998 0.5539332078125 0.0466566078125
1 0.8442892390625 0.041068125 0.8908623453125 0.151556521875 0.9626576546875001 0.151556521875 0.9168081750000001 0.044633212500000005 0.8442892390625 0.041068125
0 0.8138889328125 0.154719934375 0.8888830421874999 0.151556521875 0.8512082765625 0.065511728125 0.840190184375 0.0414698 0.775503321875 0.0427351640625 0.8138889328125 0.154719934375
1 1 0.0439791265625 0.919986375 0.0437247 0.9630130781249999 0.1502911578125 1 0.152467684375 1 0.0439791265625