1 0.891273546875 0.2285038375 0.9175460515625 0.3496595703125 0.992962634375 0.358146984375 0.96318585625 0.23604245468750001 0.891273546875 0.2285038375
1 0.8107888421875 0.224270325 0.8416964796874999 0.34743775625 0.9142509359375 0.3523684609375 0.8827191484375 0.22916572968749999 0.8107888421875 0.224270325
0 0.6267976843749999 0.21410991250000003 0.5498686765625 0.20530403593750002 0.5448519140625 0.20486512656250003 0.5702599296875001 0.3285410046875 0.6522077078125 0.33307233125 0.6267976843749999 0.21410991250000003
1 0.6320905359375 0.21292085625 0.6570142609375 0.3314045296875 0.7410254796875 0.344422515625 0.713028346875 0.2201120359375 0.6320905359375 0.21292085625
1 0.7173360796875 0.219226178125 0.74512861875 0.3477871 0.830985125 0.35482624218750003 0.8012576156250001 0.22611340625 0.7173360796875 0.219226178125
1 0.46456119375 0.19947425624999998 0.4864669640625 0.3247255328125 0.570613453125 0.329449221875 0.5451805609375 0.2065275359375 0.46456119375 0.19947425624999998
1 0.37494873125 0.1940986328125 0.39616321718749997 0.3206318828125 0.48355050625 0.3262986484375 0.46254943437499996 0.1991478875 0.37494873125 0.1940986328125
0 0.11483823281250001 0.169073209375 0.028550459374999997 0.16069281875000002 0.040263928125 0.31125979375 0.1287773453125 0.31841402812499997 0.11483823281250001 0.169073209375
0 0.115227884375 0.16993848281249999 0.13047364374999998 0.32191164375 0.22106951718749998 0.3305931890625 0.20790893906250002 0.17970939375 0.115227884375 0.16993848281249999
0 0.289722865625 0.1860360015625 0.311007678125 0.34070746875 0.3960817296875 0.34749093750000004 0.3726047625 0.1907936703125 0.289722865625 0.1860360015625
0 0.20844292343749998 0.178924928125 0.222074453125 0.33160773125 0.3098281921875 0.3373065546875 0.2872694421875 0.1874837265625 0.20844292343749998 0.178924928125
1 0.9191302015625 0.3634674578125 0.8357197812500001 0.35787952968750003 0.87004913125 0.522108434375 0.9601436828125 0.53066676875 0.9191302015625 0.3634674578125
1 1 0.372667353125 0.92309376875 0.36282037031250003 0.9625478656249999 0.53763789375 0.9980234093749999 0.544423009375 1 0.521830475 1 0.372667353125
1 0.569694159375 0.340473559375 0.48805484374999997 0.3344916171875 0.5123256046875 0.4943330046875 0.602772353125 0.49886567656249997 0.569694159375 0.340473559375
1 0.8311015578125 0.3659071328125 0.743021728125 0.3584203640625 0.7825487890625 0.518509621875 0.866903184375 0.5191288859375 0.8311015578125 0.3659071328125
1 0.655009896875 0.35064203437499997 0.573344284375 0.34249415625 0.6024190640625 0.49748260625 0.691985315625 0.5120794281250001 0.655009896875 0.35064203437499997
1 0.6586994859375 0.353205840625 0.6941804453125 0.51294755625 0.7806360125 0.519835359375 0.7398455078125 0.35874026875 0.6586994859375 0.353205840625
1 0.42383918437499996 0.493352234375 0.5110225890625 0.496247240625 0.48436551093749997 0.3336843484375 0.4004220140625 0.32836848125 0.4024088609375 0.3513291140625 0.42383918437499996 0.493352234375
1 0.040648050000000005 0.30790397187499996 0.0151564359375 0.3049306703125 0.00182604375 0.45729775781250004 0.04759935625 0.460750071875 0.040648050000000005 0.30790397187499996
0 0.1324991203125 0.326285959375 0.0431804640625 0.3149750765625 0.051353499999999996 0.46107851718750004 0.1435255953125 0.466890278125 0.1324991203125 0.326285959375
1 0.3112020640625 0.34287334999999997 0.22316299375 0.334025096875 0.23894900937500002 0.47650036250000005 0.33109785468749997 0.48321018281250006 0.3112020640625 0.34287334999999997
0 0.222070678125 0.33299633125 0.13411537812500002 0.3247320375 0.1464585 0.4693991265625 0.23761380625 0.47962643437499997 0.222070678125 0.33299633125
1 0.39710589375 0.35174111875 0.3127718625 0.34456825156250004 0.33153219375 0.48257210468749995 0.42044112968749997 0.49170278593749994 0.39710589375 0.35174111875
1 0.84684178125 0.6445098265625 0.88026610625 0.8442437281249999 0.9691785765625 0.850403240625 0.9234355125 0.6547819375 0.84684178125 0.6445098265625
1 0.15422153593750001 0.5865129921875 0.0588467390625 0.57470585 0.070236903125 0.7761823203125 0.1715110546875 0.7861222046874999 0.15422153593750001 0.5865129921875
1 0.76363411875 0.6367984296875 0.7935760468749999 0.8404377375 0.8781305375 0.8445966609375001 0.84235935625 0.645529603125 0.76363411875 0.6367984296875
1 0.25882554375 0.59608676875 0.2782843234375 0.7965432015625 0.37750600625 0.8057637453125001 0.352634571875 0.5995537046875 0.25882554375 0.59608676875
0 0 0.7712885 0.0693516703125 0.7737886390625001 0.0560425609375 0.575893528125 0 0.57239133125 0 0.7712885
1 0.64869978125 0.6297646734375 0.6811261875 0.8312475234375001 0.7734031890625 0.8404002609375001 0.7380537953124999 0.6365121499999999 0.64869978125 0.6297646734375
1 0.3554180078125 0.605734721875 0.3779933703125 0.8036472921875 0.4750501390625 0.80997956875 0.44836039687499996 0.617644534375 0.3554180078125 0.605734721875
0 0.1584200734375 0.5860074140625 0.17437690625 0.7885320250000001 0.277291178125 0.7969960828125 0.2557279734375 0.60133115625 0.1584200734375 0.5860074140625
0 0.5444484843749999 0.6249605781249999 0.5809173015625 0.8251792468750001 0.6798203640625 0.831133278125 0.646036071875 0.6300809625 0.5444484843749999 0.6249605781249999
1 0.474004890625 0.78721766875 0.47727552968750003 0.8085549484375001 0.5775280828125 0.8232634093750001 0.5416409890625 0.624725984375 0.45105260312500006 0.6176528390625 0.474004890625 0.78721766875
1 0.0418344125 0 0.036581371875000004 0.060042540624999995 0.1039481359375 0.06525580156250001 0.0980126859375 0 0.0418344125 0
1 0.09844811718749999 0 0.10454168593749999 0.06657386093749999 0.1880945484375 0.0730397015625 0.18006695781249998 0 0.09844811718749999 0
1 0.9581655874999999 1 0.971457434375 0.84807349375 0.8782487812499999 0.8459681359375001 0.9084193328125 1 0.9581655874999999 1
0 0.180932959375 0 0.1886342953125 0.0743952375 0.272107775 0.08434119375 0.26004227343749997 0 0.180932959375 0
1 0.2612102953125 0 0.2723525203125 0.08436260625 0.3529272984375 0.09361446875 0.33821381562499997 0 0.2612102953125 0
1 0.33866906874999997 0 0.3531959328125 0.0931974734375 0.43567515781250005 0.1004134703125 0.420781865625 0 0.33866906874999997 0
1 0.8088377390625 1 0.7750897484375 0.8426182328125 0.6823734390625 0.8339555484375 0.712310475 1 0.8088377390625 1
1 0.710109559375 1 0.67896663125 0.8342085499999999 0.582555809375 0.8309874609375001 0.6123448359375 1 0.710109559375 1
1 0.907460209375 1 0.8746931609375 0.8449248624999999 0.7811454328125 0.8406753703125001 0.81221036875 1 0.907460209375 1
1 0.60930169375 1 0.5776214984375 0.8293467124999999 0.48398397812500005 0.817879790625 0.508365434375 1 0.60930169375 1
1 0.072943753125 0.7806373609375 0.084372925 0.9655472609375 0.18851243906249998 0.9746582890625 0.16796293281250002 0.7895015187500001 0.072943753125 0.7806373609375
1 0.17132645156249998 0.7918068765624999 0.1920260046875 0.9749656859375 0.29598229374999996 0.9840606828125 0.272402240625 0.8002406593750001 0.17132645156249998 0.7918068765624999
1 0.2742033078125 0.800807434375 0.297033678125 0.9841526671875 0.4029696921875 0.9934208671875 0.377020453125 0.8117963953125 0.2742033078125 0.800807434375
1 0.506308253125 1 0.47955147499999995 0.8175629265625 0.37987235468749997 0.8106928140624999 0.40308895 0.9934312999999999 0.478169528125 1 0.506308253125 1
1 0 0.9581655874999999 0.0804989875 0.9652083359375 0.0709497875 0.7810139687500001 0 0.7766154765625 0 0.9581655874999999
1 0.7543468375 0.13478754375 0.7308547296875 0.018287253125 0.656188015625 0.0117547625 0.67690179375 0.12935022499999999 0.7543468375 0.13478754375
1 0.421898715625 0 0.4356540640625 0.09997113125 0.5137682671875 0.10560797656250001 0.49405740624999994 0.0046476859375 0.45008574531249995 0 0.421898715625 0
1 0.73286019375 0.0184627078125 0.7548787921875 0.1361103390625 0.8336739453125 0.1444042546875 0.79768274375 0.0248281671875 0.7807714453125 0.022654399999999998 0.73286019375 0.0184627078125
1 0.5740282640625 0.0111244125 0.5955183328125 0.1175462375 0.675275309375 0.1265314375 0.6521450843750001 0.014102637500000001 0.5740282640625 0.0111244125
1 0.5711139843749999 0.0118297578125 0.49507660781249996 0.0035738015625000003 0.5149133531250001 0.1073459140625 0.5944709046875001 0.116949275 0.5711139843749999 0.0118297578125
1 0.8753408437499999 0.032535803125 0.91391094375 0.1527623265625 0.989009153125 0.15933256875 0.95086860625 0.042914046875 0.8753408437499999 0.032535803125
1 0.8331059328125001 0.149038415625 0.9118405828125 0.15258119375 0.88033365625 0.0588240734375 0.8710163281250001 0.0325822671875 0.8032373921874999 0.0279906234375 0.8331059328125001 0.149038415625
1 1 0.04639869375 0.954276440625 0.04225135625 0.9894971203124999 0.158037015625 1 0.1595840421875 1 0.04639869375