1 1 0.3788108265625 0.9699775015625001 0.3672969484375 0.9642803828125001 0.4868822671875 1 0.500893440625 1 0.3788108265625
1 0.8958055578125 0.34317474375 0.8939385546875 0.46579815 0.9605239921875001 0.48858287968749997 0.96181641875 0.36577010468750004 0.8958055578125 0.34317474375
1 0.7263660875 0.287580490625 0.65665943125 0.260084959375 0.6520798609375 0.25841813125 0.6449453921875 0.380137265625 0.720410503125 0.40490395625 0.7263660875 0.287580490625
1 0.731610240625 0.2877981421875 0.7253196625 0.40455319999999995 0.800594253125 0.437752471875 0.8054671375 0.31479248593750003 0.731610240625 0.2877981421875
1 0.8097147874999999 0.31504600625 0.8035892796875 0.4419190265625 0.8820816515625 0.47000444999999996 0.886436475 0.3425047375 0.8097147874999999 0.31504600625
1 0.578378240625 0.23326510156250002 0.567576825 0.355575740625 0.6450490359375001 0.38107295625000004 0.6519719234375 0.2600510109375 0.578378240625 0.23326510156250002
1 0.49595977500000005 0.205789778125 0.48419209218750003 0.3291228203125 0.5644579843749999 0.3563119453125 0.576579346875 0.2324564515625 0.49595977500000005 0.205789778125
0 0.25908348124999997 0.11725167656249999 0.18052293125000002 0.08780719375 0.15387313125 0.23117466250000002 0.23482017812499997 0.26003339062499997 0.25908348124999997 0.11725167656249999
1 0.2592316203125 0.11815636874999999 0.2355323125 0.26372074218749997 0.31804444374999996 0.29452594374999996 0.3434207453125 0.15050026249999998 0.2592316203125 0.11815636874999999
0 0.41831244375 0.176907834375 0.399584040625 0.326502575 0.4774088953125 0.3541534140625 0.49459415624999997 0.202119771875 0.41831244375 0.176907834375
0 0.3441157515625 0.149902446875 0.31873041562500004 0.29572408125 0.399330825 0.32303495625 0.4156577125 0.177643146875 0.3441157515625 0.149902446875
1 0.9623130906249999 0.5001577390625 0.8857446953125001 0.4740389578125 0.8768224234374999 0.6358174156249999 0.9588967374999999 0.6663820406250001 0.9623130906249999 0.5001577390625
0 1 0.514412384375 0.966179428125 0.5005476859375 0.959403153125 0.673486515625 0.9675164984375 0.6774111765625 1 0.5881634890624999 1 0.514412384375
1 0.6414368625 0.39112476093750004 0.56662230625 0.36508241875 0.54939388125 0.5202475 0.6328026515625 0.5471457328125 0.6414368625 0.39112476093750004
1 0.87942345 0.48036860781249996 0.7989647140625 0.451308409375 0.7959344671874999 0.6105287015624999 0.8746259343749999 0.6322498984375 0.87942345 0.48036860781249996
1 0.7186423453125 0.4219933203125 0.6443440703125 0.3939242515625 0.6328178 0.5457672140625001 0.7128904281249999 0.581831421875 0.7186423453125 0.4219933203125
0 0.7214507921875 0.42530934687500005 0.7147254359375 0.583191325 0.7938155390625 0.6112857546875 0.795916015625 0.4508106515625 0.7214507921875 0.42530934687500005
1 0.46693048125000003 0.4971534328125 0.5476979453124999 0.521706275 0.5633754703125 0.363404753125 0.48624086718750004 0.33740610000000004 0.4823644296875 0.35931913125000003 0.46693048125000003 0.4971534328125
1 0.068216425 0.22441342187500002 0.0379261203125 0.342483259375 0.1234000359375 0.3724405484375 0.155070159375 0.22814102187500002 0.07799452968750001 0.1975482984375 0.068216425 0.22441342187500002
0 0.23633320625 0.268308290625 0.1556714671875 0.23537088437499998 0.12682702031249998 0.37368786875 0.2115290671875 0.40221155 0.23633320625 0.268308290625
0 0.3992248875 0.3285713859375 0.3191442296875 0.298251565625 0.2983216375 0.43509281718750004 0.3827776953125 0.464448278125 0.3992248875 0.3285713859375
0 0.3183801359375 0.2970182609375 0.2382319578125 0.267264090625 0.2136439640625 0.40528665156250004 0.296293003125 0.437673784375 0.3183801359375 0.2970182609375
0 0.47730485937499995 0.3583742 0.400268940625 0.330545665625 0.3833430078125 0.4639620203125 0.46416620468750003 0.4947632875 0.47730485937499995 0.3583742
1 0.8898931984375 0.8906794421875001 0.8935925328125001 0.772941334375 0.824565396875 0.7441623046875 0.805931171875 0.938828871875 0.8649822296874999 0.9591217671875001 0.8898931984375 0.8906794421875001
1 0.1916553375 0.5164627453125 0.105456840625 0.48154450156250006 0.0657921328125 0.6723134234375 0.15797103437499999 0.7069687921875001 0.1916553375 0.5164627453125
1 0.7487167718750001 0.7161138171875 0.7258523203125 0.9135500265625 0.8038469218750001 0.9386227609375 0.8201210187499999 0.743989903125 0.7487167718750001 0.7161138171875
1 0.28703807812500004 0.5516112859375 0.25516982499999996 0.7434512515625 0.3456099125 0.7769212453125001 0.3738557 0.5783582859374999 0.28703807812500004 0.5516112859375
0 0 0.649725209375 0.065562434375 0.6698589859374999 0.10253919687499999 0.48194935625 0.01296165625 0.4518394921875 0 0.5091978265625 0 0.649725209375
0 0.6430439890625 0.6807449937500001 0.6230402749999999 0.876792646875 0.707006096875 0.9084586984374999 0.724878315625 0.70943504375 0.6430439890625 0.6807449937500001
1 0.374913903125 0.5848208984375 0.34659395625 0.7750694234375 0.43573173125000003 0.805302934375 0.4588131890625 0.6192252140625001 0.374913903125 0.5848208984375
0 0.19570596093749998 0.5170435734375001 0.1600479859375 0.709934725 0.25412844218749997 0.7436247125000001 0.282833190625 0.55572623125 0.19570596093749998 0.5170435734375001
1 0.5467998781250001 0.6501334671875 0.5308902890625 0.8460152781250001 0.62184825 0.8763587859375 0.6404752359375 0.6803723265625 0.5467998781250001 0.6501334671875
0 0.4404386578125 0.7838112734375 0.43816755 0.8045320125 0.5282007953125001 0.8433788906249999 0.5442342921875001 0.6492109609375001 0.46132752187500004 0.619907765625 0.4404386578125 0.7838112734375
1 0.278330690625 0 0.275054615625 0.019071284375 0.3515369296875 0.0460445859375 0.3585849203125 0 0.278330690625 0
1 0.85010376875 1 0.8653908953125 0.957998965625 0.8036149703125 0.9399315515625 0.7995383203124999 1 0.85010376875 1
0 0.35927279687499997 0 0.3517029375 0.0474441625 0.42724202499999997 0.077643415625 0.43654100937500007 0 0.35927279687499997 0
1 0.4376266734375 0 0.42746544062499997 0.0777247328125 0.5004684359375 0.1065500484375 0.51173684375 0 0.4376266734375 0
1 0.512194565625 0 0.5008236562499999 0.10622845781250001 0.5761151171875001 0.1336323078125 0.5876159328125 0.0332142546875 0.5134671671875 0 0.512194565625 0
1 0.7035798859375 1 0.7080286703125 0.91095010625 0.62352985625 0.87963100625 0.613536003125 1 0.7035798859375 1
1 0.6111278546875 1 0.6202823328125 0.8790130515625 0.5309714234375 0.8518432046875001 0.51808468125 1 0.6111278546875 1
1 0.7972713421875001 1 0.80055205 0.938067284375 0.7141740796875 0.9106559015625001 0.7080332015625 1 0.7972713421875001 1
1 0.515025521875 1 0.5267690375 0.8490761078125001 0.44210941718749996 0.8149106343750001 0.41824564999999997 1 0.515025521875 1
1 0.06720974843750001 0.6771470468749999 0.0299887359375 0.8610187765624999 0.1254613515625 0.8957679671875001 0.1538107484375 0.70923128125 0.06720974843750001 0.6771470468749999
1 0.15637895468750002 0.7122245234375 0.1286856625 0.8969415203125 0.2237101 0.9315275859375 0.248748540625 0.7454254546875 0.15637895468750002 0.7122245234375
1 0.25029046875 0.7464055187499999 0.2246384328125 0.931865471875 0.3214962328125 0.967118828125 0.343649640625 0.7824260984375 0.25029046875 0.7464055187499999
1 0.4163791921875 1 0.43804547656250004 0.813504084375 0.34659089062500004 0.7821116406249999 0.32147251093749996 0.96711019375 0.4118365078125 1 0.4163791921875 1
1 0 0.85010376875 0.0263700390625 0.859701678125 0.0652519453125 0.6769985125 0 0.65510114375 0 0.85010376875
1 0.8044022249999999 0.10581809843750001 0.7943639453125 0.2210851640625 0.8653941109375 0.24556823906249997 0.8726928125000001 0.1283681515625 0.8044022249999999 0.10581809843750001
1 0.5762058578125 0.13321445781250002 0.6478116625 0.1580513546875 0.654598909375 0.0589467015625 0.58867885 0.033601124999999996 0.5762058578125 0.13321445781250002
1 0.8745089390624999 0.1297140640625 0.8655610109375 0.2469353265625 0.9371397968749999 0.2744211140625 0.933358390625 0.15387309062500001 0.8745089390624999 0.1297140640625
1 0.727730403125 0.0850323171875 0.7212423718750001 0.1896768234375 0.7935475546874999 0.21804844375000001 0.80000254375 0.10739021875000002 0.727730403125 0.0850323171875
1 0.7248302921875001 0.08495971249999999 0.6558197203125 0.0582005703125 0.6484479921874999 0.1599593203125 0.7204124078125 0.1888575046875 0.7248302921875001 0.08495971249999999
0 1 0.17989625 0.9999670453125 0.1794864484375 0.9377606203125 0.15821495000000002 0.9354516703125 0.2786009515625 1 0.2990544859375 1 0.17989625