1 0.5671875 0.18203125 0.1296875 0.18125
1 0.3953125 0.2359375 0.115625 0.1515625
1 0.47578125 0.21328125 0.1203125 0.159375
1 0.30625 0.2671875 0.1359375 0.1640625
1 0.06015625 0.34765625 0.1203125 0.1734375
1 0.8234375 0.11328125 0.125 0.178125
1 0.66015625 0.1640625 0.13125 0.1828125
0 0.23359375 0.29609375 0.128125 0.1703125
1 0.74296875 0.14140625 0.1265625 0.1765625
0 0.14609375 0.3296875 0.128125 0.1765625
0 0.0140625 0.38515625 0.028125 0.1484375
1 0.484375 0.36875 0.128125 0.18125
1 0.3890625 0.40078125 0.1328125 0.16875
0 0.2109375 0.4578125 0.1234375 0.153125
1 0.57578125 0.346875 0.1375 0.1828125
1 0.753125 0.29375 0.134375 0.184375
0 0.12109375 0.48828125 0.1328125 0.16875
0 0.3 0.434375 0.1265625 0.1609375
1 0.84765625 0.26796875 0.140625 0.1953125
0 0.6625 0.328125 0.140625 0.171875
0 0.0515625 0.525 0.103125 0.165625
1 0.27265625 0.07265625 0.0890625 0.0703125
1 0.190625 0.09765625 0.090625 0.0703125
1 0.86171875 0.58515625 0.140625 0.2015625
1 0.94453125 0.5625 0.1109375 0.1875
0 0.7625 0.6265625 0.1421875 0.19375
0 0.0390625 0.15 0.078125 0.078125
1 0.35234375 0.0515625 0.0890625 0.075
1 0.5875 0.00859375 0.0875 0.0171875
1 0.1109375 0.12734375 0.096875 0.0796875
1 0.66640625 0.6609375 0.153125 0.2015625
0 0.10625 0.83984375 0.1015625 0.196875
0 0.57734375 0.7 0.153125 0.1890625
0 0.28359375 0.79140625 0.15 0.1984375
1 0.18359375 0.82734375 0.15625 0.1984375
1 0.38046875 0.76875 0.1609375 0.20625
1 0.48671875 0.74296875 0.14375 0.203125
1 0.42890625 0.0328125 0.0953125 0.065625
1 0.509375 0.02109375 0.090625 0.0421875
1 0.8890625 0.8015625 0.1484375 0.2140625
1 0.95390625 0.7703125 0.0921875 0.21875
1 0.58125 0.8953125 0.153125 0.209375
1 0.78828125 0.834375 0.1546875 0.2140625
1 0.36796875 0.92890625 0.1609375 0.1421875
1 0.4796875 0.91171875 0.159375 0.1765625
1 0.690625 0.8671875 0.159375 0.209375
1 0.26640625 0.94765625 0.1515625 0.1046875
1 0.178125 0.96328125 0.125 0.0734375