1 0.8251085437500001 0.176395803125 0.8855665374999999 0.2889650375 0.9627154375 0.27594498125 0.89851515625 0.1634314375 0.8251085437500001 0.176395803125
1 0.74414575 0.19507044375 0.8097686921875 0.3083157296875 0.8830707265625 0.29258513124999996 0.816819225 0.17948221875 0.74414575 0.19507044375
1 0.5589245968750001 0.23728343125 0.4801864109375 0.2504177125 0.475090121875 0.25140833125 0.53540741875 0.3667200234375 0.6179047234375 0.34792471875 0.5589245968750001 0.23728343125
1 0.5638319625 0.234601465625 0.6221941531249999 0.3449066203125 0.7091475 0.33393311406250004 0.6460840953125 0.21872836874999999 0.5638319625 0.234601465625
1 0.6501013578125 0.216626709375 0.714169615625 0.3361006875 0.8012529609374999 0.3186793578125 0.7352239921875 0.199604675 0.6501013578125 0.216626709375
1 0.3939907453125 0.26888120937500004 0.45128492500000006 0.38674885 0.5360157953125 0.367519384375 0.4758881234375 0.25296197187499997 0.3939907453125 0.26888120937500004
1 0.30365789374999996 0.28901788125 0.3606312421875 0.40835204843749995 0.448841675 0.3891360890625 0.391904375 0.2691294875 0.30365789374999996 0.28901788125
0 0 0.4860494796875 0.005273853125 0.5001921375 0.0950228828125 0.4821298984375 0.038779443749999996 0.3381320390625 0 0.34528640625 0 0.4860494796875
1 0.039411425 0.3388785875 0.0976976296875 0.48511315312500003 0.1899442953125 0.467972378125 0.1340340015625 0.3222246125 0.039411425 0.3388785875
0 0.216908725 0.30524600468749996 0.28194623124999996 0.452437959375 0.368181525 0.4349856515625 0.30039604531249997 0.2864095265625 0.216908725 0.30524600468749996
0 0.1343403 0.3212956796875 0.1912284265625 0.4686919859375 0.27981111875 0.4494036640625 0.2148887109375 0.3073774453125 0.1343403 0.3212956796875
1 0.8910594375 0.3021949984375 0.8068124671874999 0.3203590765625 0.8874924562500001 0.473313525 0.979207309375 0.456193125 0.8910594375 0.3021949984375
1 1 0.45185547656249997 0.9683759843749999 0.28916402343750003 0.8948034703125 0.3004276890625 0.9835704375000001 0.4624166015625 1 0.46092899843749996 1 0.45185547656249997
1 0.5382369515625001 0.378702890625 0.45563318906249994 0.3959733578125 0.5250986046875 0.5474389515625 0.6160187374999999 0.526230078125 0.5382369515625001 0.378702890625
1 0.8045165828125 0.3296246 0.7151027578125 0.34723418281249996 0.7997575234375 0.49461042187500004 0.8835283046875 0.47125544531249997 0.8045165828125 0.3296246
1 0.625673484375 0.3645355828125 0.5424282890625001 0.379667634375 0.615275678125 0.5249601953125 0.7081826062500001 0.5139725015625001 0.625673484375 0.3645355828125
0 0.630058265625 0.36602729843750004 0.7106046187499999 0.51420886875 0.79823863125 0.496467384375 0.7120460265624999 0.34845361874999997 0.630058265625 0.36602729843750004
1 0.4371302984375 0.57160984375 0.5243511843750001 0.5497057109375 0.4517477203125 0.3962218515625 0.36704976718750004 0.414806940625 0.375542165625 0.43699050625 0.4371302984375 0.57160984375
1 0 0.5481445234375 0.020452534375 0.65336369375 0.055015531250000006 0.6462144484375 0.0047010796875 0.49675823125 0 0.497532071875 0 0.5481445234375
0 0.100947671875 0.48887146093749995 0.0092196921875 0.5030443250000001 0.058829187500000005 0.6454731484375 0.15182253750000002 0.6250412843750001 0.100947671875 0.48887146093749995
0 0.282754225 0.4545285609375 0.1929939765625 0.470777678125 0.24911708593749998 0.6074487515625 0.3423425453125 0.5879132421875 0.282754225 0.4545285609375
0 0.19161920937500002 0.47006880781250004 0.1021078875 0.48687267656250005 0.15544183125 0.626693553125 0.248682065625 0.6109252749999999 0.19161920937500002 0.47006880781250004
0 0.370404003125 0.4389054859375 0.284791434375 0.45576173124999997 0.3425916859375 0.5871576562499999 0.43329420937499996 0.5709411875 0.370404003125 0.4389054859375
1 1 0.6288441421875001 0.9780925437500001 0.589589771875 0.8992700375 0.6011761234375 0.9891406234375 0.789564090625 1 0.7872485593749999 1 0.6288441421875001
1 0.1964086703125 0.7405176234375 0.09853808750000001 0.75591961875 0.16706800156249998 0.952294821875 0.27025430625 0.933366609375 0.1964086703125 0.7405176234375
1 0.8146206906250001 0.617178778125 0.9021498156250001 0.8104254937500001 0.9871245562500001 0.790520559375 0.89511770625 0.6034601015625001 0.8146206906250001 0.617178778125
1 0.30279083125 0.7202805437500001 0.379026903125 0.9133525296875 0.4799748453125 0.8942948234375001 0.39674017500000003 0.6970604375 0.30279083125 0.7202805437500001
0 0.09609659375 0.7578930828125 0.0430428515625 0.7695807968749999 0.0821663890625 0.9708539500000001 0.165510659375 0.950174828125 0.09609659375 0.7578930828125
1 0.698722871875 0.642867634375 0.788101425 0.8332719109375001 0.8821479546875001 0.816120290625 0.789189365625 0.62416355625 0.698722871875 0.642867634375
1 0.40125466249999997 0.70239335625 0.4798565078125 0.8920594812499999 0.57783843125 0.870755378125 0.49674391250000005 0.6877842281250001 0.40125466249999997 0.70239335625
0 0.20042576093750003 0.7388237515625 0.2737790171875 0.9349398203125 0.3781713703125 0.9140834140624999 0.30121115625 0.726356534375 0.20042576093750003 0.7388237515625
1 0.5940453796875 0.6677300296875 0.687070771875 0.8557332125 0.7867748999999999 0.8335297609375001 0.6961730109375 0.6439378640625 0.5940453796875 0.6677300296875
0 0.5703356187499999 0.848501159375 0.5796390296875 0.8687116218750001 0.68316775625 0.8547981234375 0.5911965125 0.6682953296874999 0.4994142359375 0.687027490625 0.5703356187499999 0.848501159375
1 0 0.239395278125 0.084091659375 0.22217232031249998 0.04221989375 0.1199500703125 0 0.1281433171875 0 0.239395278125
0 0.12363501406249999 0.10481463124999998 0.043063146875 0.1190789125 0.0850116734375 0.22336194687500002 0.17055931562499999 0.20949764218750003 0.12363501406249999 0.10481463124999998
1 0.204956025 0.09177189999999999 0.12500986249999999 0.1042554984375 0.1708079390625 0.2094493140625 0.2532857796875 0.1957209765625 0.204956025 0.09177189999999999
1 0.2925849265625 0.08072826250000001 0.20524384062499998 0.091238890625 0.2534335203125 0.19523151249999998 0.3372202390625 0.17894502343750002 0.2925849265625 0.08072826250000001
1 0.790106834375 0.835600475 0.8428676234375001 0.9427116328125 0.9409607046874999 0.92364426875 0.884449484375 0.8178385125000001 0.790106834375 0.835600475
1 0.6903447218750001 0.8610220999999999 0.7399438546875 0.9627179874999999 0.8401887515625001 0.9432323531250001 0.7868025828125 0.836819146875 0.6903447218750001 0.8610220999999999
1 1 0.822352421875 0.983811378125 0.7918224203124999 0.889898646875 0.8141929687499999 0.9453226859375 0.9227963859375 1 0.9121681921875 1 0.822352421875
1 0.5889363921874999 0.876044009375 0.635717153125 0.9829776046875001 0.736211078125 0.963443565625 0.6849886828125 0.8607985749999999 0.5889363921874999 0.876044009375
1 0.293285359375 1 0.26769824531249997 0.9377228093750001 0.17101621875 0.9559395 0.1866526046875 1 0.293285359375 1
1 0.4092886765625 1 0.374248284375 0.918687103125 0.2716864609375 0.939051115625 0.2968707921875 1 0.4092886765625 1
1 0.5258277296875 1 0.48120762499999997 0.9004096 0.3761941640625 0.9187368749999999 0.410857309375 1 0.5258277296875 1
1 0.5481445218750001 1 0.632680671875 0.9835678375000001 0.584453775 0.8769895343749999 0.483720303125 0.8985058921875 0.5273118671875 1 0.5481445218750001 1
1 0.18396935781249998 1 0.16914720625 0.956879190625 0.0831415765625 0.9758708578125 0.08783180625 1 0.18396935781249998 1
1 0.530372546875 0.0280692609375 0.584496125 0.1390716640625 0.6627886468749999 0.1224533765625 0.6051025140624999 0.011187084375 0.530372546875 0.0280692609375
1 0.3370736609375 0.178512771875 0.4160860046875 0.1619020265625 0.3678683796875 0.067476878125 0.2937677734375 0.080498340625 0.3370736609375 0.178512771875
1 0.6074996046875001 0.0114210203125 0.6636916375 0.123612778125 0.7441337078125 0.109441025 0.6744933265624999 0.0011982875 0.6074996046875001 0.0114210203125
1 0.44895928281249997 0.0511706890625 0.5004917921875001 0.150501278125 0.58208343125 0.13674111718749998 0.52721886875 0.0319251890625 0.44895928281249997 0.0511706890625
1 0.44627164218750004 0.052697571875 0.3685733 0.0661233359375 0.4177145515625 0.1632985140625 0.4992841875 0.1502074578125 0.44627164218750004 0.052697571875
1 0.7624968390625 0 0.826022871875 0.094923146875 0.9023115687500001 0.0800941265625 0.8479926000000001 0 0.7624968390625 0
1 0.693712471875 0 0.680896459375 0.002753171875 0.7448874421875 0.1141936890625 0.8239196906249999 0.0953319640625 0.766058740625 0.011395053125 0.757914796875 0 0.693712471875 0
1 0.8514850875000001 0 0.9024270578125 0.078671915625 0.926825834375 0.0754070296875 0.9121681921875 0 0.8514850875000001 0