1 0.9007742406249999 0.25215021718749997 0.925773734375 0.36651720625 0.9973726671875 0.37456447656249997 0.9690460203125 0.2593002671875 0.9007742406249999 0.25215021718749997
1 0.8243660640625 0.24811560156249998 0.8537667734375001 0.3643835890625 0.922646903125 0.3690724390625 0.89265365625 0.25277083125 0.8243660640625 0.24811560156249998
1 0.649693771875 0.23843696093750003 0.5766589046874999 0.2300883765625 0.57189615625 0.22967169062499998 0.5960761812500001 0.3464169328125 0.6738734359375 0.35073334843750004 0.649693771875 0.23843696093750003
1 0.6547178359375 0.2373172046875 0.6784356125000001 0.3491614875 0.7581958281250001 0.361489134375 0.7315575828124999 0.2441436671875 0.6547178359375 0.2373172046875
1 0.7356465953125 0.2433096171875 0.7620926609375 0.36466681562500003 0.843601775 0.37135214375 0.8153187203125001 0.2498506296875 0.7356465953125 0.2433096171875
1 0.495671575 0.22454478125000002 0.516527590625 0.3427753 0.5964122265625 0.3472743359375 0.57220895 0.231240934375 0.495671575 0.22454478125000002
1 0.410597640625 0.21942777812499997 0.43079802031250003 0.338867965625 0.5137596828125 0.3442586984375 0.4937616046875 0.2242357671875 0.410597640625 0.21942777812499997
0 0.1636562 0.19568195156249998 0.081737028125 0.1877304609375 0.0929294296875 0.3298506015625 0.176960871875 0.3366458421875 0.1636562 0.19568195156249998
1 0.1640265234375 0.1964988390625 0.17857289375000002 0.3399479265625 0.2645819984375 0.3481857421875 0.2520156671875 0.2057658703125 0.1640265234375 0.1964988390625
0 0.32968671562499996 0.21177671718750002 0.349967409375 0.3577755421875 0.430733596875 0.36421917656249997 0.40837086093749997 0.21630721875 0.32968671562499996 0.21177671718750002
0 0.2525222140625 0.2050256984375 0.26553649687499997 0.3491438140625 0.3488460578125 0.35456498281250004 0.32735831718749997 0.2131419890625 0.2525222140625 0.2050256984375
1 0.9272842562499999 0.379550715625 0.8480979734374999 0.37423630937499996 0.880766775 0.5292623234375 0.9662999015624999 0.5373836015625 0.9272842562499999 0.379550715625
1 1 0.387754171875 0.931046659375 0.37894186093750004 0.9685856093749999 0.5439645421875 0.997579903125 0.5494923046875 1 0.5218304703125 1 0.387754171875
1 0.5955448296875 0.35767935156249997 0.5180397078125 0.3519939015625 0.5411575265625 0.502873859375 0.6270230671875 0.5071956375 0.5955448296875 0.35767935156249997
1 0.8437176453124999 0.3818110359375 0.7600976578124999 0.37470213750000003 0.7976987828125 0.5258233999999999 0.8777788140625 0.5264485234375 0.8437176453124999 0.3818110359375
1 0.6765420843750001 0.367318078125 0.59901095625 0.359588271875 0.6266870124999999 0.505890040625 0.7117215203125 0.519710565625 0.6765420843750001 0.367318078125
1 0.6800459390625 0.3697397375 0.71380583125 0.520531015625 0.7958835750000001 0.527073790625 0.757082546875 0.37500255312499997 0.6800459390625 0.3697397375
1 0.4571546875 0.5019055328124999 0.5399214640625 0.5046800078125 0.51453694375 0.3512301765625 0.43484472656250006 0.3461723 0.43674194843749997 0.367844934375 0.4571546875 0.5019055328124999
1 0.0102302765625 0.36123693125 0.0113653203125 0.4642637640625 0.099965128125 0.47095238124999994 0.093292471875 0.326683353125 0.0140606640625 0.317455409375 0.0102302765625 0.36123693125
0 0.180497834375 0.34407765625 0.095699959375 0.333358721875 0.1035291890625 0.471264196875 0.1910332609375 0.4767940890625 0.180497834375 0.34407765625
1 0.35015298906250003 0.3598199328125 0.26657104062500003 0.3514259984375 0.28162571718749996 0.48591064062499995 0.36910814531249997 0.49228817031250005 0.35015298906250003 0.3598199328125
0 0.2655335828125 0.35045445937499997 0.182031440625 0.3426117453125 0.193818746875 0.479163509375 0.2803596796875 0.48886057968749996 0.2655335828125 0.35045445937499997
1 0.4317079078125 0.3682312578125 0.35164405468750004 0.36142044218749997 0.3695201671875 0.49168612031250003 0.4539280359375 0.5003470437499999 0.4317079078125 0.3682312578125
1 0.972992625 0.8305261734375 0.9315116921875 0.6545135609375 0.85879440625 0.6447812140625 0.8906211453124999 0.8333186234375001 0.9722528 0.8389824203125 0.972992625 0.8305261734375
1 0.20124479375 0.5897066171875001 0.1106974328125 0.57851636875 0.1216074296875 0.768687909375 0.2177542953125 0.7781185671874999 0.20124479375 0.5897066171875001
1 0.77979958125 0.6374626421875 0.8083222734375 0.8296845421875 0.888593965625 0.8336507140625 0.85453961875 0.6457415828124999 0.77979958125 0.6374626421875
1 0.30055259843750004 0.598793321875 0.31912184374999997 0.788005975 0.41331990156250004 0.796756684375 0.38960951875 0.6021108109375 0.30055259843750004 0.598793321875
0 0.0155092265625 0.5738403812499999 0.023075221875 0.76287718125 0.12076590312499999 0.766428178125 0.108035928125 0.5796360203125 0.0155092265625 0.5738403812499999
1 0.670686159375 0.6307683921875 0.701566390625 0.8209560874999999 0.789171659375 0.829639453125 0.7555154046875 0.637180115625 0.670686159375 0.6307683921875
1 0.3922548796875 0.6079461828125 0.4137815515625 0.7947592796875 0.5059230125 0.8007828187499999 0.48049314687500005 0.6192321671875 0.3922548796875 0.6079461828125
0 0.205230325 0.5892314437499999 0.22047608125 0.7803944859375 0.31817924375 0.78843295625 0.29761452187500004 0.6037418109375 0.205230325 0.5892314437499999
1 0.5717154890625 0.62618378125 0.606432671875 0.815180209375 0.7003266859374999 0.820847628125 0.6681575875 0.63106564375 0.5717154890625 0.62618378125
0 0.504919771875 0.779298215625 0.5080349453124999 0.7994392453125 0.6032142796875 0.8133702906250001 0.56905015 0.6259610046875 0.483048928125 0.6192413015625 0.504919771875 0.779298215625
1 0.068387690625 0 0.07394603125 0.091544259375 0.1532679609375 0.0976873625 0.14428179531250002 0 0.068387690625 0
1 0.1446742953125 0 0.1538320671875 0.0989317140625 0.2331539984375 0.10507481874999999 0.2219870421875 0.00451448125 0.17056731875 0 0.1446742953125 0
1 0.9581655859374999 1 0.972437778125 0.8368681062500001 0.888706878125 0.834945253125 0.9213045734374999 1 0.9581655859374999 1
0 0.29789886875 0.011778571875000001 0.2229543171875 0.00396093125 0.233667046875 0.10635451874999999 0.31291529375 0.115782334375 0.29789886875 0.011778571875000001
1 0.373197109375 0.0208608078125 0.29925769999999996 0.011634071875 0.31314764687499996 0.1158026625 0.38964375 0.1245739515625 0.373197109375 0.0208608078125
1 0.45357316406250003 0.0332975390625 0.3735869703125 0.0204644421875 0.389898571875 0.1241804953125 0.4682016328125 0.131031125 0.45357316406250003 0.0332975390625
1 0.82714651875 1 0.7907738203125 0.831733725 0.7027517421875 0.8235126906250001 0.734842834375 1 0.82714651875 1
1 0.7329035703125 1 0.699517696875 0.8237498499999999 0.6079909453125001 0.820663153125 0.6398712421874999 1 0.7329035703125 1
1 0.920699040625 1 0.8853309375 0.833958834375 0.796521696875 0.829902846875 0.8299624546875 1 0.920699040625 1
1 0.637169475 1 0.6033058921875 0.8191121359375 0.514407934375 0.80824384375 0.5397475546875 0.9957344171875 0.57835915 1 0.637169475 1
1 0.1480628125 0.9711194046875 0.23638793906250002 0.977509290625 0.214387603125 0.781306465625 0.12417925468749999 0.77289415625 0.1365399171875 0.97011128125 0.1480628125 0.9711194046875
1 0.3135396171875 0.791493034375 0.2175817859375 0.783484025 0.23976779375 0.9778049890625 0.3386942296875 0.9857039875 0.3135396171875 0.791493034375
1 0.339709421875 0.9865487484375001 0.4406826328125 0.9953827593750001 0.4128618609375 0.8024504421875 0.31524968750000004 0.792028859375 0.339709421875 0.9865487484375001
1 0.53862650625 1 0.5101998953125 0.807942634375 0.415568709375 0.8014101859375 0.4406234875 0.996715146875 0.4781695328125 1 0.53862650625 1
1 0.13263372499999998 0.969769534375 0.122286515625 0.7732486640625 0.0235452953125 0.7671125812499999 0.0288836140625 0.9601109609374999 0.042214431250000004 0.9618588718750001 0.13263372499999998 0.969769534375
1 0.6774293671875 0.0470733640625 0.6972180328124999 0.1584596125 0.770741165625 0.1636289921875 0.7478654437500001 0.051109684375 0.6774293671875 0.0470733640625
1 0.4681813953125 0.13061360625000001 0.542339871875 0.1359716328125 0.5235792375 0.0406695234375 0.4546785984375 0.0333942515625 0.4681813953125 0.13061360625000001
1 0.74992830625 0.0519216921875 0.7712468 0.164877784375 0.8460529984375 0.172744046875 0.8118280656250001 0.05986334375 0.74992830625 0.0519216921875
1 0.5995006875 0.046821175 0.6199529984375001 0.1472790796875 0.695672615625 0.15579828125 0.67366036875 0.049669831250000004 0.5995006875 0.046821175
1 0.5967344296875 0.0474855203125 0.5245462734374999 0.0396564140625 0.5434277671875 0.137612559375 0.6189583609375 0.146715125 0.5967344296875 0.0474855203125
1 0.8855545484375 0.0671756921875 0.9222280093749999 0.18067155937499998 0.9935237796875 0.18690913125 0.9572599390625 0.0770077015625 0.8855545484375 0.0671756921875
1 0.845516003125 0.17711778281249999 0.920262478125 0.180499596875 0.8903070124999999 0.09199060625 0.881449203125 0.067217465625 0.8171027546875 0.06285094375 0.845516003125 0.17711778281249999
1 1 0.0799664171875 0.9604947625 0.076383853125 0.99398639375 0.1856865421875 1 0.1865702078125 1 0.0799664171875