1 0.9768827671875 0.2811439390625 0.9225175171875 0.17179717187500002 0.8481664515625 0.1823811109375 0.9062655968750001 0.3006316203125 0.9780205046875 0.2904100703125 0.9768827671875 0.2811439390625
1 0.65849334375 0.211849278125 0.578204128125 0.21954731249999998 0.572997471875 0.220186609375 0.6256025937499999 0.3401417265625 0.7100823453125 0.327022975 0.65849334375 0.211849278125
1 0.6636296609375 0.20949901093749998 0.71461973125 0.32429222812499997 0.8030352593750001 0.319335653125 0.7476548640625 0.19929654375 0.6636296609375 0.20949901093749998
1 0.7518528875 0.1974667765625 0.8079429546875 0.32186144687499996 0.8969472375 0.31044147187500004 0.838852709375 0.18631100312499999 0.7518528875 0.1974667765625
1 0.4900205125 0.232075290625 0.5393973171875001 0.354385471875 0.626159003125 0.3409865328125 0.57369145 0.221801790625 0.4900205125 0.232075290625
1 0.3975484296875 0.24599455781250001 0.44649777031250004 0.3697545140625 0.536765396875 0.3566115859375 0.487900125 0.23217913750000002 0.3975484296875 0.24599455781250001
0 0.1271022671875 0.2768397921875 0.0373688203125 0.2869925328125 0.081828659375 0.43718439687500005 0.17356507031249999 0.42530680781249997 0.1271022671875 0.2768397921875
1 0.127686215625 0.277633228125 0.176049046875 0.428487834375 0.2702373 0.41770926406250003 0.22423448750000002 0.2675088671875 0.127686215625 0.277633228125
0 0.308965653125 0.256240053125 0.3640648640625 0.4085261328125 0.45221663437500004 0.39701596875 0.394446121875 0.243148953125 0.308965653125 0.256240053125
0 0.22460913749999997 0.2665977296875 0.2714804359375 0.4185211 0.362128384375 0.405331471875 0.3067784578125 0.2582388828125 0.22460913749999997 0.2665977296875
1 0.9728866859374999 0.471675540625 0.9998948484374999 0.4685622953125 0.9793795375000001 0.3014784953125 0.9024311781250001 0.3125149921875 0.9728866859374999 0.471675540625
1 0.627603684375 0.3523675328125 0.5431248875 0.36394820625 0.60238340625 0.5208327875000001 0.6955235015625 0.5058781421874999 0.627603684375 0.3523675328125
1 0.8994594906250001 0.3216559390625 0.8080930531250001 0.33310249999999997 0.8829505671875 0.486940484375 0.9690374937499999 0.46933337656249996 0.8994594906250001 0.3216559390625
1 0.7167329234375 0.3442386234375 0.6317594640624999 0.3536280140625 0.69486475625 0.50455163125 0.7892816484375 0.49999565625000003 0.7167329234375 0.3442386234375
1 0.7210462546875 0.346041565625 0.791705909375 0.5004016890625 0.8812879125 0.4886987078125 0.8049257359374999 0.334113603125 0.7210462546875 0.346041565625
1 0.512008053125 0.5389664468750001 0.6014691953125 0.523056125 0.5391912515625 0.36392691250000003 0.45250848593750004 0.3766813046875 0.459492775 0.39954136875 0.512008053125 0.5389664468750001
1 0 0.4887252015625 0.0249799296875 0.6002655171875 0.12159489999999999 0.5872305609375 0.0814951609375 0.4336974640625 0 0.441335753125 0 0.4887252015625
0 0.17905781875 0.4324869640625 0.08560301875000001 0.4403224265625 0.1254911453125 0.5867521625000001 0.22066558593750002 0.5727219546875 0.17905781875 0.4324869640625
0 0.3647307921875 0.41068102343749996 0.2731117890625 0.42073778281249996 0.319973453125 0.561841634375 0.41531819375 0.54872738125 0.3647307921875 0.41068102343749996
0 0.2717765453125 0.41993040937500004 0.18036904375 0.4305613859375 0.22419601875 0.574632728125 0.3192882125 0.5653011296875 0.2717765453125 0.41993040937500004
1 0.45417829843749996 0.4011056421875 0.3666964625 0.41206085468750003 0.41562293125 0.54798626875 0.5081892921875 0.5380279406249999 0.45417829843749996 0.4011056421875
1 0.257404259375 0.6917462125 0.1576713421875 0.7003874890625 0.212798840625 0.9022880734375001 0.318139571875 0.8904775015625 0.257404259375 0.6917462125
1 1 0.6729172984375 0.9713326359375 0.60285066875 0.8892292812499999 0.6110127750000001 0.9637273562500001 0.8110967734375001 1 0.8052385140625 1 0.6729172984375
1 0.366058875 0.678844459375 0.429187575 0.877966165625 0.5322815515625 0.8658696375 0.4623947609375 0.662081971875 0.366058875 0.678844459375
0 0.054445021875 0.717089421875 0.1057245625 0.918533715625 0.2113797625 0.9000514640624999 0.15507056875 0.702198371875 0.054445021875 0.717089421875
1 0.7705972234375 0.6287240890625 0.8471610406250001 0.8260836546875 0.94316406875 0.815419609375 0.8631022968750001 0.6162522 0.7705972234375 0.6287240890625
1 0.4665661296875 0.66774983125 0.5323209734375001 0.8636175093749999 0.632585103125 0.8490593359374999 0.5638427187499999 0.6597385203125 0.4665661296875 0.66774983125
0 0.2615731609375 0.690325775 0.3215802921875 0.8923023234375 0.428273434375 0.8786402296875 0.36403545 0.684833590625 0.2615731609375 0.690325775
1 0.6633323140625 0.646387609375 0.7437420796875001 0.8415910171875 0.8458057906249999 0.8262500578124999 0.7679513499999999 0.6296207359375 0.6633323140625 0.646387609375
0 0.6266031875 0.8261973015624999 0.634544934375 0.8471332328125 0.73987478125 0.84038039375 0.6604209328125 0.6467565640624999 0.56658774375 0.6591649578125 0.6266031875 0.8261973015624999
1 0 0.1599188125 0.0070467671875 0.185392740625 0.093579903125 0.173889240625 0.0608794609375 0.06852266875 0 0.0762353890625 0 0.1599188125
1 0.14605865625 0.058063978125000006 0.061302693750000005 0.0684443671875 0.0944694203125 0.1750978734375 0.18100255625 0.163594371875 0.14605865625 0.058063978125000006
0 0.22918790625000002 0.048543668750000005 0.14697038125 0.0572482484375 0.181845346875 0.1648526484375 0.2690493453125 0.15689628125 0.22918790625000002 0.048543668750000005
1 0.312073740625 0.041117506250000005 0.2306132484375 0.048078198437500004 0.2693033546875 0.15686509375 0.3534037796875 0.1488313109375 0.312073740625 0.041117506250000005
1 0.4011751109375 0.036137601562499996 0.31240165625 0.0406025140625 0.353587428125 0.1483502703125 0.4391886203125 0.1378397640625 0.4011751109375 0.036137601562499996
1 1 0.9390239578124999 0.9453617046874999 0.8173047656250001 0.8490169 0.8285608515625 0.9006550125 0.9545606624999999 1 0.94236263125 1 0.9390239578124999
1 0.7466662890625 0.8471282375 0.795437675 0.9674797281249999 0.8980390171874999 0.9548818671875001 0.8456001734375 0.8295539406250001 0.7466662890625 0.8471282375
1 1 0.8059418562499999 0.951112478125 0.8140249859375001 1 0.92863509375 1 0.8059418562499999
1 0.6433948125 0.8551414703125 0.6882786640624999 0.9806372 0.7917743140625 0.96792953125 0.7412840375 0.8465306531250001 0.6433948125 0.8551414703125
1 0.3502559125 1 0.3152541796875 0.8946722406250001 0.2165193375 0.9062217859375 0.2426576390625 1 0.3502559125 1
1 0.46511447187500005 1 0.42399270624999996 0.8829881484375001 0.31917943125 0.89628351875 0.35387770937499996 1 0.46511447187500005 1
1 0.5305813109375 1 0.5779789890625 0.994180296875 0.533089925 0.8720936765625 0.42595034062500003 0.8831736984375 0.4665202234375 1 0.5305813109375 1
1 0.535757490625 0.870357778125 0.5790574484375 0.9940478781250001 0.6853796296875 0.9809931562499999 0.6388098531249999 0.8557782609375 0.535757490625 0.870357778125
1 0.2394838171875 1 0.2145689328125 0.907034834375 0.1071960578125 0.92297850625 0.12579426875 1 0.2394838171875 1
1 0.644631515625 0 0.6912379125 0.1150440984375 0.771325296875 0.10381769375000001 0.726248740625 0 0.644631515625 0
1 0.4390715765625 0.13739564843750002 0.5198839046875 0.1262269734375 0.4779907671875 0.028081295312499997 0.4023835734375 0.035989221875 0.4390715765625 0.13739564843750002
1 0.7282832921875 0 0.7721530734375001 0.10504444531249998 0.8542332140625 0.09642370156249999 0.8011377812499999 0 0.7282832921875 0
1 0.5608763625 0.017363171875 0.6057621875 0.12066400937499999 0.688971709375 0.1125365328125 0.641117059375 0.0034972234375 0.5608763625 0.017363171875
1 0.5580592125 0.0187086140625 0.47879731249999996 0.0267717 0.5214261078125 0.12774227031250002 0.6045659546875 0.12028492187499999 0.5580592125 0.0187086140625
1 0.8874937109375001 0 0.9377963875 0.08755634375 0.9528857125 0.0857036078125 0.9423626328125 0 0.8874937109375001 0
1 0.8054072218749999 0 0.854655475 0.10124704375 0.9356476625000001 0.087820175 0.8835690703125 0 0.8054072218749999 0