1 0.9958272046875001 0.25657727812500003 0.979376721875 0.21060111093749997 0.9035308609375001 0.2106203296875 0.94422478125 0.3342540953125 0.9971898765624999 0.3346446625 0.9958272046875001 0.25657727812500003
1 0.8191046984374999 0.21503160625 0.8648546125 0.3402574453125 0.9410843718749999 0.3374444484375 0.8946794703125001 0.21225023906249998 0.8191046984374999 0.21503160625
0 0.6260503078124999 0.2246121734375 0.5448320390625 0.223858571875 0.5395504046874999 0.22395076249999998 0.5796188546875001 0.3503110578125 0.665603959375 0.34605021874999997 0.6260503078124999 0.2246121734375
1 0.6314414312500001 0.2227896828125 0.670435275 0.34378116406250003 0.75950364375 0.3481560796875 0.7166646234375 0.22141722343749998 0.6314414312500001 0.2227896828125
1 0.7210613203125 0.22001945312500001 0.764153021875 0.35121928125 0.854490740625 0.34914829531249997 0.8093638109375 0.2180021703125 0.7210613203125 0.22001945312500001
1 0.45519968750000006 0.2271321828125 0.4917873484375 0.3555219140625 0.5800872484374999 0.35122066875 0.5400755578124999 0.22565066875 0.45519968750000006 0.2271321828125
1 0.36112617187499996 0.2313524625 0.39713326875 0.36115675 0.488917403125 0.35748468125 0.4530652234375 0.2270121375 0.36112617187499996 0.2313524625
0 0 0.2556544921875 0.0248302171875 0.3904251453125 0.11795225625000001 0.388182784375 0.08703369375 0.233763328125 0 0.23445025312499998 0 0.2556544921875
0 0.08753507031249999 0.23462413125 0.1201054 0.391649021875 0.2155673515625 0.3907730359375 0.18529175312499999 0.23465689374999998 0.08753507031249999 0.23462413125
0 0.27133410156250004 0.2322854640625 0.3105002953125 0.3914653546875 0.3999937171875 0.3892132484375 0.358318503125 0.2281584765625 0.27133410156250004 0.2322854640625
0 0.18576278125 0.23377911718750002 0.21672696249999998 0.3917221921875 0.308896896875 0.3880433859375 0.26893344531249996 0.2340664796875 0.18576278125 0.23377911718750002
1 1 0.49563660625 0.9999865953124999 0.49486865468749996 0.9473915906249999 0.3484991375 0.859764784375 0.35181712656249997 0.913587184375 0.5195459046875001 1 0.5186814265625 1 0.49563660625
1 0.9514554359374999 0.3473884671875 0.999910928125 0.4905336375 0.9974305125 0.348430728125 0.9514554359374999 0.3473884671875
1 0.5803372062500001 0.362833709375 0.49451481093750005 0.3655458921875 0.537362909375 0.529796803125 0.632214315625 0.5246047203125 0.5803372062500001 0.362833709375
1 0.8558273734374999 0.360706734375 0.7631211875 0.362554265625 0.8219118890624999 0.5253898390625 0.909978575 0.5167797359375 0.8558273734374999 0.360706734375
1 0.6704539671874999 0.36408987187499997 0.5843666140625 0.3645431625 0.631694090625 0.5231992203125 0.7267306265625 0.52861324375 0.6704539671874999 0.36408987187499997
1 0.6745841140625 0.3663622421875 0.729115796875 0.5292789 0.8200618609375001 0.526984140625 0.759842828125 0.363236871875 0.6745841140625 0.3663622421875
1 0.4449460390625 0.5384828390624999 0.5362135218749999 0.5319387328125 0.49057755937499997 0.365107759375 0.4024244796875 0.36876834375 0.4070151078125 0.3925269453125 0.4449460390625 0.5384828390624999
1 0 0.504363434375 0.000746725 0.5471432734375 0.0488761828125 0.5457253421875 0.024862925 0.386878678125 0 0.3865946609375 0 0.504363434375
0 0.122698084375 0.3959946328125 0.028280187499999998 0.393984778125 0.0528285359375 0.5456563531249999 0.14962009999999998 0.541610625 0.122698084375 0.3959946328125
1 0.3109405984375 0.393705746875 0.21812762968750002 0.39412707343750003 0.25021998437500004 0.5411745046875 0.347085775 0.538069128125 0.3109405984375 0.393705746875
0 0.2168753046875 0.393172653125 0.1242137625 0.3941945875 0.1529548421875 0.5439086421875 0.2491699109375 0.5445854265625 0.2168753046875 0.393172653125
1 0.4015282171875 0.3935391109375 0.3127640859375 0.39530338125000003 0.34746890625 0.5373551515625 0.44122029218750003 0.53713329375 0.4015282171875 0.3935391109375
1 1 0.6988128890625 0.983829465625 0.6522317125 0.902800165625 0.6499102031249999 0.9595720406250001 0.8548143734375 1 0.8533756531250001 1 0.6988128890625
1 0.17389638125 0.6653528578125 0.07310627812500001 0.6634893671875 0.1070831421875 0.8726311671874999 0.2138227015625 0.871897403125 0.17389638125 0.6653528578125
1 0.8151520078125 0.6509885109375 0.8687193171875001 0.860353046875 0.9573829125 0.855417275 0.898235915625 0.651466990625 0.8151520078125 0.6509885109375
1 0.2840695078125 0.663871378125 0.32635172031250004 0.8710625828125 0.43087125156250006 0.8698028765625001 0.38231158125000003 0.657197434375 0.2840695078125 0.663871378125
0 0.07031119375 0.6650373171874999 0.00285445 0.6678947421875 0.006505640625000001 0.8770712968750001 0.10589716406250001 0.870228709375 0.07031119375 0.6650373171874999
1 0.69448079375 0.656256021875 0.750403434375 0.8630960406250001 0.8476708171875 0.8625276124999999 0.7884351374999999 0.6534966625 0.69448079375 0.656256021875
1 0.385893103125 0.663346515625 0.43114757499999995 0.867539290625 0.533091925 0.8635010828125 0.48415697187499995 0.665584146875 0.385893103125 0.663346515625
0 0.178220865625 0.664364175 0.2170766375 0.8740993671874999 0.32536533125 0.8716444890625 0.2814132296875 0.6696877437500001 0.178220865625 0.664364175
0 0.5851986734375 0.6626795359375001 0.6451997359375 0.8677558328125 0.7490286671875 0.8631200359375001 0.6917366890625 0.6568786140625 0.5851986734375 0.6626795359375001
0 0.5295053703125 0.8398466796875 0.5352572296875 0.861769215625 0.6414539953125 0.866127140625 0.582244159375 0.6627426468750001 0.4869664 0.665297384375 0.5295053703125 0.8398466796875
1 0 0.12831529375 0.064288134375 0.1265470859375 0.0426197984375 0.016985117187500003 0 0.017893837500000002 0 0.12831529375
1 0.12902564375 0.015476896875000002 0.04305189375 0.0169511046875 0.06505186874999999 0.127858334375 0.1529235484375 0.125441475 0.12902564375 0.015476896875000002
1 1 0.85334795625 0.957656665625 0.856836459375 0.99895906875 0.9913668015624999 1 0.99134863125 1 0.85334795625
0 0.2132798078125 0.014696421874999999 0.1300245109375 0.014752084374999998 0.1536352671875 0.1267977640625 0.2418057765625 0.128023725 0.2132798078125 0.014696421874999999
1 0.29706997031250004 0.0159988421875 0.2147562234375 0.014378706250000001 0.2420634421875 0.128019228125 0.32713390000000003 0.128838475 0.29706997031250004 0.0159988421875
1 0.3868276546875 0.020422918749999998 0.29745253125 0.0155150109375 0.3273684109375 0.12837354843749998 0.4142023328125 0.12685785624999998 0.3868276546875 0.020422918749999998
1 0.7520015421874999 0.865787025 0.7895620640625001 0.9950218390625001 0.8916673765625 0.9932395843749999 0.849673471875 0.8646586515625 0.7520015421874999 0.865787025
1 0.64754598125 0.873641253125 0.6828426265624999 0.996884634375 0.7868838703125001 0.9950685874999999 0.7484752953125 0.8664250734375001 0.64754598125 0.873641253125
1 0.8557777203124999 0.8619652890625 0.895934221875 0.99316510625 0.9975580890625 0.9913912546875 0.9538330234375 0.8561372031250001 0.8557777203124999 0.8619652890625
1 0.5432781015625 0.8707705156250001 0.5742774203125001 0.998779646875 0.679096028125 0.9969500312499999 0.6422185625 0.8724693765625 0.5432781015625 0.8707705156250001
1 0.237618384375 1 0.2104918796875 0.8758156078124999 0.1103954921875 0.8769863000000001 0.13104386875000001 1 0.237618384375 1
1 0.350030478125 1 0.3206209875 0.87556913125 0.214253525 0.8778538749999999 0.241191228125 1 0.350030478125 1
1 0.462175934375 1 0.431026284375 0.8761557515625 0.3225620234375 0.87596334375 0.35139493437499997 1 0.462175934375 1
1 0.5043634406249999 1 0.5712954109374999 0.9988316984375001 0.53861935 0.8709260406249999 0.43388037187500006 0.8746903796875 0.46333765 1 0.5043634406249999 1
1 0.12765532968749999 1 0.10835668125 0.8775983843749999 0.0065909671875 0.8819596687500001 0.0077281515625000005 0.947108903125 0.014728753124999999 1 0.12765532968749999 1
1 0.6344005796875 0.009662556249999999 0.6690240328125 0.13060364687499998 0.7504112265625 0.12778300625 0.712264609375 0.00594685625 0.6344005796875 0.009662556249999999
1 0.41413181874999994 0.1263982578125 0.4962389625 0.12371254062499999 0.46460487031250003 0.0204478046875 0.388053521875 0.020401521875000002 0.41413181874999994 0.1263982578125
1 0.7146252375000001 0.0066056640625 0.751111225 0.129105959375 0.83422011875 0.1291201609375 0.783560853125 0.008202434375000001 0.7146252375000001 0.0066056640625
1 0.5487409875 0.018435389062499998 0.5828300828125 0.1272080875 0.6670181640624999 0.1278386140625 0.6305593046875 0.012973121874999998 0.5487409875 0.018435389062499998
1 0.5457781515625 0.01949175 0.465550340625 0.01921455625 0.49762410625 0.125401725 0.5816719359375 0.12669965156250002 0.5457781515625 0.01949175
1 0.9934014843750001 0.11760784531249999 0.9453481953124999 0.01027850625 0.8654192765625 0.0077291921875 0.9188401875000001 0.1290431359375 0.9935783171875 0.1277385765625 0.9934014843750001 0.11760784531249999
1 0.834135765625 0.13402171406250002 0.9166605171875 0.12908118125 0.873510659375 0.0346328125 0.860913025 0.00825226875 0.7897022875 0.010895279687499999 0.834135765625 0.13402171406250002
1 0.9488305859375 0.0092125265625 0.9933490859375 0.1146059703125 0.9914988156250001 0.0086040578125 0.9488305859375 0.0092125265625