1 1 0.3546772109375 0.9966545531250001 0.3216773359375 0.928971628125 0.3048274640625 0.9379263421875 0.4235534796875 1 0.4395077484375 1 0.3546772109375
1 0.8526604828125001 0.2899656921875 0.8657744671875 0.41122841875000005 0.9344181484374999 0.425685284375 0.9207127078124999 0.3043049578125 0.8526604828125001 0.2899656921875
0 0.6782745078125 0.25553243281250004 0.6059686890625 0.23680225 0.6012353890625 0.23570948125000002 0.6090286671875 0.3567151234375 0.6866976 0.37205703125 0.6782745078125 0.25553243281250004
1 0.68348838125 0.25511459062499997 0.6915107593750001 0.371118546875 0.77002005625 0.3948069609375 0.7598383125 0.2728493640625 0.68348838125 0.25511459062499997
1 0.7640708609375 0.2725871484375 0.7734909703125 0.39855829531250003 0.85455925625 0.4168107890625 0.8433111921875 0.29043467968750003 0.7640708609375 0.2725871484375
1 0.525263703125 0.219773475 0.5295019421875 0.34180536875 0.60924535 0.3576262078125 0.6013278421875 0.237334265625 0.525263703125 0.219773475
1 0.44038630625 0.20259685156249999 0.44379349062499995 0.3257545 0.5265067234374999 0.3429083234375 0.52338564375 0.21919231093749997 0.44038630625 0.20259685156249999
0 0.195275025 0.1437817125 0.11397348437499999 0.1241959609375 0.1051041515625 0.268924375 0.188694859375 0.28764403125000004 0.195275025 0.1437817125
0 0.1955319359375 0.14465683437500002 0.189849153125 0.29119777812500003 0.2752254640625 0.31164991406250003 0.28275479375 0.1664254390625 0.1955319359375 0.14465683437500002
0 0.36005672187500004 0.1834561859375 0.35978270156250003 0.333375659375 0.4401376828125 0.35127972343749997 0.438587725 0.19913906406249998 0.36005672187500004 0.1834561859375
0 0.2833693296875 0.1657515078125 0.2760501796875 0.31274979531249997 0.359109159375 0.32998343750000003 0.35752047343750004 0.18450226875 0.2833693296875 0.1657515078125
1 0.9376000546875 0.4368945984375 0.8586748343749999 0.42035119062500004 0.8695871515625001 0.5811137484375 0.9545010375 0.601381240625 0.9376000546875 0.4368945984375
1 1 0.4528084234375 0.9414720640625 0.4368130484375 0.955868753125 0.60833273125 0.9857898609375001 0.618518675 1 0.5569678015624999 1 0.4528084234375
1 0.6068987015625 0.3679838015625 0.5297176390625 0.3513042515625 0.5316069515625 0.5065410578125 0.6173935109375 0.52302858125 0.6068987015625 0.3679838015625
1 0.8531943484375001 0.42736160312499993 0.7700620812500001 0.40838417031249996 0.7864904562499999 0.56591080625 0.8669792109375001 0.5778573640625 0.8531943484375001 0.42736160312499993
1 0.6870336015625 0.3891386921875 0.6101159546875 0.37039634375 0.617240309375 0.5216660625 0.7008451828125 0.5476035031250001 0.6870336015625 0.3891386921875
0 0.6902161875 0.3920730078125 0.7028262187500001 0.548724434375 0.7844868593750001 0.5669137046875 0.7669856937499999 0.4082606609375 0.6902161875 0.3920730078125
1 0.447219646875 0.493694446875 0.5301073734374999 0.5081855734375 0.5263013046875 0.3500399984375 0.44683067187500003 0.33368347656249997 0.44566975781249996 0.3557807703125 0.447219646875 0.493694446875
1 0.1059180859375 0.265785553125 0.044618790625 0.24976697812499998 0.0112361671875 0.3943630109375 0.0921965546875 0.412039646875 0.1059180859375 0.265785553125
0 0.19120107343749998 0.29562937031250003 0.1073949609375 0.27284936718749997 0.095738578125 0.4128573875 0.1830027140625 0.4307933078125 0.19120107343749998 0.29562937031250003
1 0.359679846875 0.3354610421875 0.276767878125 0.3151946671875 0.272866365625 0.4527782484375 0.3599886578125 0.47156486875 0.359679846875 0.3354610421875
0 0.2758615953125 0.314069496875 0.19295184999999998 0.2943696015625 0.1854698703125 0.4335734890625 0.271174609375 0.455570578125 0.2758615953125 0.314069496875
1 0.44054973437499995 0.355458471875 0.360953459375 0.3372838296875 0.36048851875 0.47101669687500003 0.444193715625 0.49166871093750003 0.44054973437499995 0.355458471875
1 0.920181146875 0.902701240625 0.9029054140625 0.7144409781250001 0.8311151578124999 0.6943619156249999 0.8364333140625 0.8887589265625 0.919342628125 0.9063332671875 0.920181146875 0.902701240625
1 0.1772836609375 0.545964521875 0.08775912500000001 0.52189728125 0.07179918125 0.7149842703125 0.1672072375 0.7380705328125 0.1772836609375 0.545964521875
1 0.7526664734375 0.675826925 0.7541381609375 0.8734681109375 0.8343465046875 0.8888069359375 0.8266979140625 0.6947279359375 0.7526664734375 0.675826925
1 0.2759210078125 0.5691510515625 0.2678037 0.7623546328125 0.361347165625 0.7844806296875 0.3650610234375 0.5850780375 0.2759210078125 0.5691510515625
0 0 0.6999210625 0.0712725171875 0.712589290625 0.08492249375000001 0.5226488953125 0 0.5052435375 0 0.6999210625
1 0.643823728125 0.6536644 0.6479557375 0.84958985625 0.7348750140625 0.8707163281250001 0.72827151875 0.6721105140625 0.643823728125 0.6536644
1 0.45652430781250003 0.7775215156249999 0.456805859375 0.7982482640625 0.5506029031249999 0.8257306906249999 0.5427730421875 0.6321396312500001 0.4571896234375 0.6132176890625 0.45652430781250003 0.7775215156249999
1 0.3668962359375 0.5913294 0.3620946125 0.7825340390625 0.4539550109375 0.801622528125 0.4540837796875 0.6151667484375001 0.3668962359375 0.5913294
0 0.1813612515625 0.5460491515625 0.16962354375 0.740747534375 0.2667947671875 0.7626514890625 0.2722637390625 0.5737200734375001 0.1813612515625 0.5460491515625
0 0.544887890625 0.6350601265625 0.5530494203125 0.8303279484375 0.646723696875 0.8493054171875001 0.6412373484375 0.653606459375 0.544887890625 0.6350601265625
1 0.1218376390625 0 0.1197588296875 0.0262139625 0.19870315624999998 0.043611221875 0.20080155781250003 0 0.1218376390625 0
1 0.2012312734375 0 0.19909450312500002 0.0449442828125 0.27803883125 0.06234154374999999 0.2798618484375 0 0.2012312734375 0
1 0.8977179578125 1 0.91984504375 0.9041570625 0.8342767484375001 0.8901267828125 0.8403347312499999 1 0.8977179578125 1
0 0.280641196875 0 0.2783737953125 0.063702990625 0.356778703125 0.0843982765625 0.35648052343750003 0 0.280641196875 0
1 0.3576253 0 0.35700961875 0.08445158750000001 0.432738290625 0.104096671875 0.43092722656250004 0 0.3576253 0
1 0.4313777765625 0 0.4330504265625 0.10373638437499999 0.5108693359375 0.12170229531250001 0.5099939375 0.0211954625 0.44117922343749993 0 0.4313777765625 0
1 0.74546954375 1 0.7361904703125 0.8730521453125 0.6487863093749999 0.8523324406249999 0.654692325 1 0.74546954375 1
1 0.6524996203125 1 0.6454985875 0.8521142749999999 0.5538407140625 0.8360707125 0.55975133125 1 0.6524996203125 1
1 0.8388209968749999 1 0.8310195703125001 0.8886561499999999 0.7422333828125 0.8720203359375001 0.7491787859375 1 0.8388209968749999 1
1 0.556856146875 1 0.54934626875 0.8338463984375 0.461435771875 0.8103365359374999 0.4603900421875 1 0.556856146875 1
1 0.0737911640625 0.7195843515625 0.058961315624999996 0.91133025 0.15792030625 0.934176734375 0.163368078125 0.7408056765625 0.0737911640625 0.7195843515625
1 0.16627364375 0.7434503671875 0.161264525 0.9349488078125001 0.2595667203125 0.9576436578124999 0.26169286875000003 0.7650779984375 0.16627364375 0.7434503671875
1 0.2633376609375 0.7658593609375 0.26050456093749996 0.9578601750000001 0.3607196890625 0.9809966609374999 0.3600797609375 0.7901507828125001 0.2633376609375 0.7658593609375
1 0.45859371875 1 0.45724426874999996 0.80943846875 0.3629507703125 0.789485546875 0.3606038125 0.9809699078125 0.44303219687500006 1 0.45859371875 1
1 0 0.8977179578125 0.055164396875 0.9104536624999999 0.07183645625 0.7196739359375 0 0.7049875375 0 0.8977179578125
1 0.7332888750000001 0.066706178125 0.7374226234375 0.18169352656249999 0.8106700703125 0.1972905421875 0.8035905937500001 0.080725684375 0.7332888750000001 0.066706178125
1 0.5109081140625 0.12127890156250001 0.5847681296875 0.1371557125 0.5793904859375 0.0385139609375 0.511092534375 0.021449093750000002 0.5109081140625 0.12127890156250001
1 0.8055512453125001 0.081835084375 0.8110019562499999 0.1986198109375 0.8851584234375001 0.2171145140625 0.8667104515625 0.09858177968750001 0.8055512453125001 0.081835084375
1 0.65491200625 0.055439276562499994 0.6612615140625 0.15951313125 0.7362445859375 0.1787945734375 0.729128684375 0.0687887640625 0.65491200625 0.055439276562499994
1 0.652034465625 0.055717492187499995 0.580507034375 0.037630196875 0.5856303453125 0.138962234375 0.660340584375 0.158804540625 0.652034465625 0.055717492187499995
1 1 0.1333960453125 0.9398589625 0.11636598125 0.9606835296874999 0.23586434843749998 1 0.24494127031250001 1 0.1333960453125
1 0.8839985562500001 0.2214439546875 0.9587301500000001 0.23541337499999998 0.9411259187500001 0.1420317578125 0.93572220625 0.1158278890625 0.871594703125 0.1023363796875 0.8839985562500001 0.2214439546875