1 0.7716116000000001 0.126723934375 0.8407462828125001 0.2244659484375 0.9111362390625001 0.20350561093750003 0.8385215859375 0.1062448125 0.7716116000000001 0.126723934375
1 0.698312196875 0.1533801875 0.7723354859375 0.2511581921875 0.83883320625 0.2281187140625 0.7642405578125 0.1305452296875 0.698312196875 0.1533801875
1 0.53056483125 0.213888671875 0.458707296875 0.2351375984375 0.45407234531249996 0.2366435859375 0.5233880890625 0.336951990625 0.59810330625 0.3100074484375 0.53056483125 0.213888671875
1 0.53483128125 0.210831559375 0.6017558281250001 0.3067086671875 0.6815125265625 0.286526384375 0.6096506875000001 0.186632546875 0.53483128125 0.210831559375
1 0.6131539640625 0.1842172078125 0.6864378296875 0.2879657515625 0.765581775 0.26177263906250003 0.6905167609375 0.158620396875 0.6131539640625 0.1842172078125
1 0.380508925 0.26219797499999997 0.44729924218750006 0.3652300921875 0.52404583125 0.337625515625 0.454992590625 0.237996765625 0.380508925 0.26219797499999997
1 0.29864678906250003 0.291289 0.36530513125 0.39572167343750003 0.4452948140625 0.3677303765625 0.378593521875 0.26266826249999997 0.29864678906250003 0.291289
0 0 0.43590945625 0.044707329687500005 0.5219021296874999 0.12626168124999998 0.49480714062500003 0.057476225000000006 0.36735563125000004 0 0.38542710625 0 0.43590945625
1 0.05814994531249999 0.3679773375 0.1290930109375 0.4972743796875 0.21307903437500003 0.47074966875 0.14440476875 0.3416326703125 0.05814994531249999 0.3679773375
0 0.21967835624999998 0.3163341890625 0.29701989375000004 0.4457468109375 0.375370271875 0.419622203125 0.295311184375 0.2892377546875 0.21967835624999998 0.3163341890625
0 0.14458438906249999 0.340733696875 0.21435723437499998 0.4712714875 0.2946854765625 0.443170184375 0.2180391046875 0.3185480390625 0.14458438906249999 0.340733696875
1 0.8473692296875001 0.23613834687500002 0.7709521828125 0.262696678125 0.8635221015625 0.3956729421875 0.94701500625 0.3692282046875 0.8473692296875001 0.23613834687500002
0 0.95178801875 0.37451482343750003 0.982783709375 0.367821484375 0.9318992546875 0.2112152359375 0.8506560203125 0.23406527812500003 0.95178801875 0.37451482343750003
1 0.5273879078125 0.347770321875 0.452399965625 0.373309115625 0.5343529453125 0.506187746875 0.6166401593749999 0.47603227812500004 0.5273879078125 0.347770321875
1 0.769867896875 0.271576259375 0.688574303125 0.298211853125 0.784212234375 0.4255447640625 0.8595948609375 0.3942139953125 0.769867896875 0.271576259375
1 0.607231240625 0.3245626359375 0.53140235625 0.34818649375 0.61580339375 0.47493666093750003 0.7011048296875 0.4540580125 0.607231240625 0.3245626359375
0 0.6114858765625 0.3254466484375 0.7033880765625 0.4539998890625 0.7830085859375 0.42744587031250003 0.6858654453125 0.29969658125 0.6114858765625 0.3254466484375
1 0.45515277187500003 0.5387589109375 0.533914640625 0.5083813984375001 0.44880855000000003 0.3739860484375 0.372019284375 0.400987634375 0.38245561875 0.42064191093750003 0.45515277187500003 0.5387589109375
1 0 0.57919221875 0.031968975 0.67758260625 0.1076661671875 0.651982278125 0.043782906249999996 0.5187746234375 0 0.5316199328125 0 0.57919221875
0 0.1325485015625 0.5003963375 0.048707892187500004 0.52410163125 0.1111345953125 0.6508553171875 0.19544165156249999 0.621184496875 0.1325485015625 0.5003963375
0 0.29801056406250004 0.4475981703125 0.2162393984375 0.473008403125 0.284078859375 0.5936604484375 0.3687041671875 0.564796525 0.29801056406250004 0.4475981703125
0 0.21487798749999998 0.47250696875 0.13340186406250001 0.49840450937499997 0.1990014359375 0.62230565 0.284069275 0.5969432296875 0.21487798749999998 0.47250696875
0 0.37788686562499996 0.42301227968750005 0.3000487765625 0.44851114062499997 0.3688502703125 0.5640653078125 0.451502971875 0.538577309375 0.37788686562499996 0.42301227968750005
1 1 0.5464721 0.9611590421875 0.49340335468749996 0.8890467765625001 0.5132225187499999 0.9942115125000001 0.6780942421875 1 0.6760971828125 1 0.5464721
1 0.250120996875 0.7234511578125 0.1606978390625 0.7490043 0.24689069687499998 0.92375229375 0.3408646375 0.8943100984375001 0.250120996875 0.7234511578125
1 0.812008871875 0.5378170859375 0.91554530625 0.707475703125 0.9924422078124999 0.6792150171875 0.88543841875 0.5158228968749999 0.812008871875 0.5378170859375
1 0.346923225 0.6924251078125 0.4399191765625 0.8632171171874999 0.531793121875 0.8339113578124999 0.4318035421875 0.6600517671875 0.346923225 0.6924251078125
0 0.06952240781249999 0.78254215625 0.1521246140625 0.9575543937500001 0.2451985921875 0.9219595890625 0.15864795625 0.7511196109375 0.06952240781249999 0.78254215625
0 0.7069623593750001 0.5750047328125001 0.8118982062500001 0.7418079078125001 0.8975597453124999 0.715066578125 0.7891120484374999 0.5472305609375 0.7069623593750001 0.5750047328125001
1 0.4366162 0.664492878125 0.5314284640625 0.8318462625 0.6202835984374999 0.8007919015624999 0.5239111515625 0.6399502921875 0.4366162 0.664492878125
0 0.2536705265625 0.72141504375 0.344327309375 0.8953685890624999 0.43920535000000005 0.8639949484375 0.3461431421875 0.698256515625 0.2536705265625 0.72141504375
1 0.6122746296875 0.6101363125 0.7203345875 0.7742882078125 0.8106917656249999 0.7421999046875001 0.7047087203125 0.57629255 0.6122746296875 0.6101363125
0 0.6107611187499999 0.7809583671875 0.621728421875 0.798684765625 0.7165921140625 0.7738665250000001 0.6096849671875 0.6109889 0.52631269375 0.6389401734375 0.6107611187499999 0.7809583671875
1 0 0.2622619296875 0.009615765625 0.280155615625 0.0864910734375 0.254323653125 0.035848945312500005 0.16407066406249998 0 0.175706534375 0 0.2622619296875
0 0.10997254999999999 0.1406536578125 0.036535370312499996 0.1631638 0.08748355468749999 0.25532432968749996 0.165601684375 0.2326151609375 0.10997254999999999 0.1406536578125
1 0.1842466609375 0.11919348593750001 0.11118971875000001 0.1399759484375 0.165827803125 0.23254169062500002 0.241101584375 0.21031121874999997 0.1842466609375 0.11919348593750001
1 0.264624725 0.0988684671875 0.184454125 0.11866480625 0.2411835109375 0.20983910468750003 0.3173854859375 0.1850795828125 0.264624725 0.0988684671875
1 1 0.8586179796875 0.8998994093749999 0.7164002734375 0.8140314703125 0.74374315 0.9113058296875 0.8920897468750001 1 0.8632712640625 1 0.8586179796875
1 0.72398655 0.778830725 0.8174458906250001 0.9225866890625 0.9093429765625001 0.8927275171875 0.8110919359375 0.7452555703125 0.72398655 0.778830725
1 1 0.6958138796875 0.9895038265625 0.6808058203125 0.904560925 0.7123849453125 1 0.8535171671875 1 0.6958138796875
1 0.6312243734375 0.8044363765625 0.7200096234375 0.9542456515625 0.81463954375 0.9234985265625 0.7189714296874999 0.7792374703125 0.6312243734375 0.8044363765625
1 0.39598780312500004 1 0.338979215625 0.8986542921874999 0.2509836703125 0.9266884703124999 0.2876254359375 1 0.39598780312500004 1
1 0.5128996906250001 1 0.436074575 0.86872615 0.34284581406250003 0.8994318546875 0.3996832859375 1 0.5128996906250001 1
1 0.5791922203125 1 0.6222537171875 0.9860084718750001 0.533637534375 0.8394561046875 0.43789301875 0.868549146875 0.5141692328125 1 0.5791922203125 1
1 0.5357616703125 0.8373974937499999 0.62245335625 0.9859436046875001 0.7180439375 0.9548843421875001 0.6271559859375 0.8058300109375001 0.5357616703125 0.8373974937499999
1 0.28455300625 1 0.24934945156250002 0.9277767671875001 0.1542573203125 0.9613557703125 0.1719183921875 1 0.28455300625 1
1 0.543221225 0 0.4801540453125 0.02261410625 0.5432092640625 0.119625978125 0.6142550859375 0.09518836875 0.548989203125 0 0.543221225 0
1 0.3171997375 0.1846944453125 0.388917003125 0.160181253125 0.3332505078125 0.0779070734375 0.26570049687499997 0.0985189265625 0.3171997375 0.1846944453125
1 0.5512534046875001 0 0.6152282671875 0.0961628921875 0.6885550609375 0.0737536875 0.62711301875 0 0.5512534046875001 0
1 0.406938821875 0.05343857656249999 0.4662517734375 0.139894003125 0.5406963484375 0.1177356296875 0.47765494375 0.02656166875 0.406938821875 0.05343857656249999
1 0.4046088015625 0.055166848437500006 0.33375315625 0.076567509375 0.3905930984375 0.1612929875 0.46509332968750006 0.1397593484375 0.4046088015625 0.055166848437500006
1 0.719239696875 0 0.76319056875 0.0508565625 0.832573278125 0.028312754687500004 0.807798415625 0 0.719239696875 0
0 0.6311663515625 0 0.6897981640624999 0.07808675781249999 0.7612777796875 0.051478065625 0.7155361015625 0 0.6311663515625 0