1 0.7744448703125 0.11744065781249999 0.8421437671875 0.21294794375 0.9111952515624999 0.192379565625 0.8400831234374999 0.09734640312500001 0.7744448703125 0.11744065781249999
1 0.702534321875 0.14358182656250001 0.7750273390625 0.239119303125 0.8402639140625 0.2165218 0.7672123265625 0.1211849 0.702534321875 0.14358182656250001
1 0.5379658843749999 0.20292249375 0.4674748828125 0.22377457656250002 0.46292793593750003 0.22525196875 0.53080176875 0.3232686421875 0.604101075 0.2968441140625 0.5379658843749999 0.20292249375
1 0.542153034375 0.19992869375 0.6076864078125 0.293614625 0.6859228703125 0.273797484375 0.61555170625 0.1761888046875 0.542153034375 0.19992869375
1 0.6189897734375001 0.173823353125 0.6907515390625 0.2751999421875 0.768393240625 0.249505671875 0.6948841265625 0.14871400625 0.6189897734375001 0.173823353125
1 0.39075959843749997 0.250315940625 0.4561540046875 0.35099861250000003 0.5314461140625 0.32392658281250003 0.4638290171875 0.226574246875 0.39075959843749997 0.250315940625
1 0.310449253125 0.278846746875 0.37571280156250003 0.3808991046875 0.4541857421875 0.353445596875 0.38888071874999997 0.2507777765625 0.310449253125 0.278846746875
0 0 0.38710378125 0.061179759375 0.504614353125 0.1411862203125 0.4780357046875 0.073860225 0.3534763078125 0 0.3767019328125 0 0.38710378125
1 0.07452029375 0.35408355937499997 0.1439603234375 0.480445421875 0.22635089062499997 0.4544219375 0.1591356453125 0.328233809375 0.07452029375 0.35408355937499997
0 0.2329808484375 0.30341832812499997 0.3086956109375 0.42988665625 0.3855590078125 0.4042601890625 0.30718019375 0.27684433125 0.2329808484375 0.30341832812499997
0 0.1593127171875 0.32735455468749997 0.2276038609375 0.45493089375 0.306408934375 0.427369465625 0.231371 0.30558484375 0.1593127171875 0.32735455468749997
1 0.8486268078125001 0.22435514374999999 0.773658946875 0.2504037546875 0.8643042265625 0.3803412359375 0.9462111234374999 0.35439645625 0.8486268078125001 0.22435514374999999
1 0.9508865046875 0.359561146875 0.9781813125 0.3536567640625 0.92850056875 0.20075515781250003 0.8518522187500001 0.222324603125 0.9508865046875 0.359561146875
1 0.5347132328125 0.33384336875 0.461147909375 0.35889355 0.5413814703125001 0.48874643124999995 0.6221097703125 0.459174309375 0.5347132328125 0.33384336875
1 0.7725865140625 0.2590878578125 0.6928362421875 0.285217015625 0.786496040625 0.4096329390625 0.8604543546875 0.378918609375 0.7725865140625 0.2590878578125
1 0.6130377515625 0.311067715625 0.5386496937499999 0.33424621718749997 0.62129029375 0.45810380781250004 0.7049650796875 0.4376000390625 0.6130377515625 0.311067715625
1 0.6172092828125 0.3119278 0.7072042734374999 0.4375408625 0.7853137015625 0.4114931890625 0.6901782 0.286671646875 0.6172092828125 0.3119278
1 0.46367809531250004 0.52067760625 0.5409493875 0.4908919671875 0.45762518593749996 0.359559175 0.3822918453125 0.38604160468750004 0.3925064203125 0.4052500671875 0.46367809531250004 0.52067760625
1 0 0.5719475859375 0.0386190078125 0.6602119578125001 0.1227890125 0.631750159375 0.0602763984375 0.5015570328125001 0 0.5192479953125 0 0.5719475859375
0 0.14734585312499998 0.483494721875 0.06510077656249999 0.5067610625000001 0.1261915828125 0.6306445968750001 0.20890020625 0.601544325 0.14734585312499998 0.483494721875
0 0.3096652453125 0.43169601562500004 0.229447884375 0.456627428125 0.295853121875 0.5745388640625 0.378873021875 0.5462273 0.3096652453125 0.43169601562500004
0 0.2281132890625 0.45613848749999997 0.14818476875 0.48154611718749996 0.212390065625 0.6026370125 0.2958403625 0.5777489765625 0.2281132890625 0.45613848749999997
1 0.388023509375 0.40757263593750004 0.3116631453125 0.4325866875 0.37901704999999997 0.545512121875 0.4600989953125 0.5205037625 0.388023509375 0.40757263593750004
1 1 0.5304009921875 0.9599547265625 0.4758079875 0.88921538125 0.495262221875 0.99217948125 0.656376125 1 0.6536785640625 1 0.5304009921875
1 0.26241841093749996 0.7014908921874999 0.1746967484375 0.7265698875 0.25904539375 0.8973608375 0.3512339015625 0.8684742296874999 0.26241841093749996 0.7014908921874999
1 0.81364066875 0.5193911796874999 0.9150030250000001 0.685187665625 0.9904432125 0.6574739 0.8856740750000001 0.49780872499999995 0.81364066875 0.5193911796874999
1 0.35738218593750004 0.671052596875 0.4484065390625 0.8379681812499999 0.5385354859375 0.8092171359375 0.44065575937499996 0.6393090499999999 0.35738218593750004 0.671052596875
0 0.0852484890625 0.7594586125 0.1660755859375 0.9305116343750001 0.257387815625 0.895609553125 0.172684303125 0.7286404640625 0.0852484890625 0.7594586125
1 0.7105855812499999 0.5558631 0.8133232375 0.7188659296875 0.897357171875 0.6926289031249999 0.7911765734375 0.5286196953125 0.7105855812499999 0.5558631
1 0.4453708890625 0.6436469125000001 0.5381799875 0.807198134375 0.625350234375 0.7767402953125 0.5310044265625 0.6195582796875 0.4453708890625 0.6436469125000001
0 0.2659014484375 0.6994962203124999 0.3546285921875 0.8695057390625 0.4477057078125 0.8387295203124999 0.3566112015625 0.676755703125 0.2659014484375 0.6994962203124999
1 0.6176912484375 0.590313865625 0.723495371875 0.750720909375 0.812139703125 0.7192504828125 0.7083741640625 0.5571247140625 0.6176912484375 0.590313865625
0 0.6160320421875001 0.7573556124999999 0.6267693015625 0.77467833125 0.7198256359374999 0.7503123953124999 0.6151507453125 0.591150228125 0.53336060625 0.6185680640625 0.6160320421875001 0.7573556124999999
1 0 0.218061975 0.0270137359375 0.2682558390625 0.10243026250000001 0.2429170484375 0.052858970312499996 0.1547140484375 0 0.17187110625 0 0.218061975
0 0.1255744796875 0.131739565625 0.0535330609375 0.15382655781250001 0.10340254374999999 0.2438945546875 0.1800346796875 0.2216081484375 0.1255744796875 0.131739565625
1 0.1984355875 0.11067844062500001 0.126768828125 0.13107561406249998 0.1802565046875 0.22153607343749998 0.2540987546875 0.199720678125 0.1984355875 0.11067844062500001
1 0.2772815546875 0.0907210859375 0.198639584375 0.1101612515625 0.2541795828125 0.1992589328125 0.328934684375 0.174969528125 0.2772815546875 0.0907210859375
1 1 0.8361987937500001 0.8996502671875 0.6939306765625 0.8154133031249999 0.720756140625 0.9190297921875 0.878463403125 1 0.8528623984375001 1 0.8361987937500001
1 0.8125290125 0.7222380875 0.7270721265625 0.7551591203125 0.8281699421875001 0.9103610296875001 0.9176491468749999 0.8797038234375 0.8125290125 0.7222380875
1 1 0.676782371875 0.9875599718749999 0.6590324921875 0.9042258343749999 0.689999471875 1 0.8313383375000001 1 0.676782371875
1 0.72215348125 0.7555619984375 0.6360759 0.7802928812500001 0.732659546875 0.9429778843750001 0.8277390375 0.9144601578125 0.72215348125 0.7555619984375
1 0.42109050468750003 1 0.3493804578125 0.8727241749999999 0.263056284375 0.900227815625 0.312988734375 1 0.42109050468750003 1
1 0.53645765625 1 0.444630575 0.8433591828125 0.35317155625 0.8734805640625 0.424791784375 1 0.53645765625 1
1 0.5791922203125 1 0.6405466296875 0.9800647437500001 0.5403385843749999 0.8146372390625001 0.44641406874999995 0.8431842359375 0.5375621203125001 1 0.5791922203125 1
1 0.542423790625 0.8126220296875 0.6403475546874999 0.9801294281249999 0.7346127953125 0.9495007937500001 0.6320846875 0.781659828125 0.542423790625 0.8126220296875
1 0.3096245640625 1 0.261452525 0.9012936921874999 0.16816319375 0.93422666875 0.1982549078125 1 0.3096245640625 1
1 0.533177890625 0 0.48872492031250003 0.0159342125 0.5504625578125 0.110733746875 0.62016079375 0.08676440937499999 0.560547353125 0 0.533177890625 0
1 0.32875291875 0.17459310625 0.3991097046875 0.150549171875 0.3446029484375 0.07015348125000001 0.2783369 0.090378184375 0.32875291875 0.17459310625
1 0.5626414765625001 0 0.6211141765625 0.0877163625 0.6930472390625 0.065728184375 0.6381540953125 0 0.5626414765625001 0
1 0.41689265468750003 0.0461512328125 0.47497113593750007 0.1306318671875 0.548000128125 0.10888782187499998 0.48627005937499995 0.0197969375 0.41689265468750003 0.0461512328125
1 0.41460587968749996 0.0478436296875 0.3450972546875 0.0688430578125 0.40075227812499997 0.151634578125 0.4738352109375 0.130501378125 0.41460587968749996 0.0478436296875
1 0.7287806609375 0 0.76626423125 0.043261548437500005 0.8343295453125 0.0211457875 0.815777884375 0 0.7287806609375 0
1 0.64160946875 0 0.6942618875 0.06996405156249999 0.764387759375 0.043871251562500005 0.7253024328125 0 0.64160946875 0