1 0.8981692718750001 0.23761067656249998 0.925586578125 0.3534741515625 0.9984681078125 0.36038178125 0.9676548078125 0.24366515625 0.8981692718750001 0.23761067656249998
1 0.8204727484375001 0.2348695734375 0.8523949468750001 0.352587875 0.9224550624999999 0.356128515625 0.88993029375 0.2383865859375 0.8204727484375001 0.2348695734375
0 0.64284720625 0.228140221875 0.568501546875 0.22095175781249998 0.5636555734375001 0.2206128953125 0.5902823578125 0.33890961875 0.6693950578125001 0.341912546875 0.64284720625 0.228140221875
1 0.6479315234375 0.22691189375 0.67400215 0.3402326703125 0.7552505515625 0.3513478796875 0.726115790625 0.2324845609375 0.6479315234375 0.22691189375
1 0.7302552078125 0.23156345625000002 0.7592655703125 0.354510059375 0.8421910890625 0.3598559625 0.8113119281250001 0.23679533749999998 0.7302552078125 0.23156345625000002
1 0.48612628593749996 0.21675767812500002 0.5094023375 0.33662415 0.5906388953125 0.3397755921875 0.5640010625 0.22220321250000002 0.48612628593749996 0.21675767812500002
1 0.3996068546875 0.21307027500000003 0.422238190625 0.33417865 0.5066165359375 0.3381820796875 0.48418043437499997 0.21647746093750003 0.3996068546875 0.21307027500000003
0 0.14831258281249998 0.19332310156250002 0.064948115625 0.18669684687500002 0.078828490625 0.331030884375 0.16431845625 0.3364436 0.14831258281249998 0.19332310156250002
0 0.14870323125 0.194147259375 0.1660144671875 0.339773025 0.253539071875 0.3466175640625 0.2382575921875 0.20200319531250002 0.14870323125 0.194147259375
0 0.3172719984375 0.2067315796875 0.340453925 0.3548481625 0.4226204171875 0.35996150937500004 0.3972894984375 0.20993642031249998 0.3172719984375 0.2067315796875
0 0.2387591359375 0.201241425 0.25452569375 0.3475748890625 0.33925801718750004 0.35160307031250004 0.3149306203125 0.208161540625 0.2387591359375 0.201241425
1 0.9273513187500001 0.36670206250000004 0.8468098390625001 0.36270895625 0.8827366124999999 0.519785196875 0.9697756015625 0.5265197046875 0.9273513187500001 0.36670206250000004
1 1 0.373597703125 0.9311629 0.3660158015625 0.9722139296875 0.5331716546874999 0.9985828671875 0.5377263343750001 1 0.5174603890625 1 0.373597703125
1 0.5899414234375 0.35037276093749997 0.5111013328125 0.34597234375 0.5372517718750001 0.4990023734375 0.6245613734375 0.5018669328125 0.5899414234375 0.35037276093749997
1 0.842493496875 0.370490396875 0.7574160015625 0.364751359375 0.7982847109375 0.517768615625 0.8796513671874999 0.516976878125 0.842493496875 0.370490396875
1 0.6723990859375 0.358731340625 0.5934964734375 0.3522523125 0.6241969109375 0.5005451562500001 0.7108299812500001 0.513084578125 0.6723990859375 0.358731340625
1 0.6760015171875 0.3611316625 0.7129619796875 0.51388180625 0.7964626703125 0.5190725984375 0.75435816875 0.365110621875 0.6760015171875 0.3611316625
1 0.45189376093750006 0.49951500781249997 0.5360279140624999 0.5008612265625 0.5075292859375 0.34525808750000003 0.4264783421875 0.3415348859375 0.42878850156250004 0.363541734375 0.45189376093750006 0.49951500781249997
1 0.07914138281250001 0.3278033796875 0.0112891859375 0.3210967265625 0.0009236843749999999 0.469330303125 0.088467965625 0.47440336250000004 0.07914138281250001 0.3278033796875
0 0.168042996875 0.34393856875 0.0817051 0.3345491890625 0.09209430625000001 0.47465694062499997 0.181089871875 0.47872092187500004 0.168042996875 0.34393856875
1 0.3406785625 0.3569239609375 0.25561701718749996 0.3498773890625 0.273286353125 0.4863774171875 0.36227490156250003 0.4913038140625 0.3406785625 0.3569239609375
0 0.25454587812499996 0.34890784375 0.1695751453125 0.3424204296875 0.18396156875 0.481080925 0.27205224375000003 0.48940001874999994 0.25454587812499996 0.34890784375
1 0.4236810953125 0.364024353125 0.342221640625 0.35852507031249997 0.3626828546875 0.4906841953125 0.44858819062500005 0.49798757031249996 0.4236810953125 0.364024353125
1 0.9792243968750001 0.8145653515625 0.9365016453124999 0.6462588234375 0.8624541906250001 0.6376574390624999 0.8981172624999999 0.82882915625 0.9779375937499999 0.8329674875 0.9792243968750001 0.8145653515625
1 0.193457978125 0.59336884375 0.1012706890625 0.5836026328125 0.1157127 0.7768090859375001 0.2135576125 0.7846860109375 0.193457978125 0.59336884375
1 0.782071828125 0.631622721875 0.8144432890625 0.8266003953125001 0.8960636546874999 0.8292030234375 0.8581485859375 0.6387099625 0.782071828125 0.631622721875
1 0.2945081078125 0.6008396265625 0.3167144359375 0.792934378125 0.41256749375 0.8001545468750001 0.385042190625 0.6026259546875 0.2945081078125 0.6008396265625
0 0.0044836671875 0.5805440328125 0.0155083703125 0.7726560828125 0.11481786249999999 0.7745259812499999 0.0985865625 0.584788740625 0.0044836671875 0.5805440328125
1 0.671102134375 0.6267598109375 0.7058327656250001 0.8196267109375001 0.7949868296875 0.8268959125 0.7573958390625 0.631768278125 0.671102134375 0.6267598109375
1 0.3878327375 0.6085132640625 0.413001225 0.79811499375 0.5067167671874999 0.8025983406250001 0.4776758390625 0.6184179984375 0.3878327375 0.6085132640625
0 0.1974986046875 0.5928145546875 0.21636294375 0.786952059375 0.3157643609375 0.7933854124999999 0.29161061718750003 0.605924521875 0.1974986046875 0.5928145546875
0 0.5704740109374999 0.6238615625 0.6090816765625 0.8154485703125 0.7045713984375 0.8195385078124999 0.668538534375 0.627107184375 0.5704740109374999 0.6238615625
0 0.50531815 0.78076678125 0.5088386140625001 0.8011943046875001 0.6057800578125 0.8136652859375 0.5677622828125 0.6236825140625 0.48027249375 0.6183817265625 0.50531815 0.78076678125
1 0.04838214375 0 0.055334470312499995 0.08901614062499999 0.1360283921875 0.0938496 0.12575802187500001 0 0.04838214375 0
1 0.1261606328125 0 0.13662345625 0.0951050265625 0.21731738125 0.0999384859375 0.20447062031250002 0 0.1261606328125 0
1 0.96625754375 1 0.978077765625 0.8309629515625 0.896201228125 0.8305175328125 0.932708021875 1 0.96625754375 1
0 0.20550064375 0 0.2178611984375 0.10123077031250001 0.29853826875 0.10940603281250001 0.2814460515625 0.0039038125 0.23642820625 0 0.20550064375 0
1 0.3581040921875 0.0117980375 0.282823975 0.0037326359375 0.29877468125 0.10942256406249999 0.37664417499999997 0.11697920937499999 0.3581040921875 0.0117980375
1 0.43998006875 0.0230132078125 0.3584931640625 0.011387990625 0.37689610625 0.1165745296875 0.4565674234375 0.122145690625 0.43998006875 0.0230132078125
1 0.8366985046875 1 0.7966514921875001 0.8289971890625001 0.7070821453125 0.8222056 0.7425778140625 1 0.8366985046875 1
1 0.740591959375 1 0.7038007734375 0.822504434375 0.61076159375 0.8209968453125001 0.6457669328125 1 0.740591959375 1
1 0.9321247890625 1 0.89275409375 0.8295745421875 0.802458596875 0.8270327609375 0.8395596765625 1 0.9321247890625 1
1 0.64298556875 1 0.6059745234375 0.8195030031250001 0.515468596875 0.810034815625 0.5444833953125 1 0.64298556875 1
1 0.11839976875 0.78104091875 0.13397876875 0.9756262515625 0.2354374671875 0.9827209343750001 0.2101935875 0.7879880578125 0.11839976875 0.78104091875
1 0.213477103125 0.79014565625 0.2388672671875 0.9829607703125 0.3395544484375 0.990001503125 0.31110486718749997 0.7965801578125 0.213477103125 0.79014565625
1 0.3128516390625 0.7970946015625 0.3405035296875 0.99006786875 0.4431584078125 0.9972461984375001 0.4122027015625 0.80595315625 0.3128516390625 0.7970946015625
1 0.5426945796875 1 0.5111882109375 0.8098035015624999 0.414934296875 0.804846984375 0.442993009375 0.9972346312499999 0.48253962499999997 1 0.5426945796875 1
1 0.016060725 0.776955028125 0.024660218749999997 0.967981953125 0.1300624171875 0.97535239375 0.11648314062500001 0.781435184375 0.016060725 0.776955028125
1 0.6676453203125 0.0330325859375 0.6897161609375 0.145957590625 0.7645017203125 0.1499041546875 0.73927464375 0.0358818796875 0.6676453203125 0.0330325859375
1 0.4565394921875 0.12172144375 0.5319738484375 0.12584853437500002 0.5112314421875 0.0292624765625 0.44110481718749994 0.023091859375000003 0.4565394921875 0.12172144375
1 0.7413847046875001 0.03667090625 0.7650374625 0.151165140625 0.8411741515625 0.1578315140625 0.8044107 0.0436440140625 0.7413847046875001 0.03667090625
1 0.5884708703125 0.0341652421875 0.61102294375 0.13596449375 0.6880991296875 0.1432786140625 0.6638621375 0.035740328125 0.5884708703125 0.0341652421875
1 0.5856722796875 0.03489018125 0.5121959921875 0.028214925000000002 0.5331080484374999 0.1274979328125 0.610002503125 0.1354086921875 0.5856722796875 0.03489018125
1 0.8794406921875 0.049766315625 0.9187025359375 0.1645357796875 0.9912441171875 0.16960838125 0.9524618921875 0.058487090625 0.8794406921875 0.049766315625
1 0.8407058375 0.16228909687499998 0.9167026609375 0.164395934375 0.8847070625000001 0.07491790625 0.8752706890624999 0.049881978125 0.8098221671875001 0.046588321875 0.8407058375 0.16228909687499998
1 1 0.06103140781250001 0.9557372265625 0.05779498749999999 0.9916925125 0.16835678437499998 1 0.1694302796875 1 0.06103140781250001