1 0.8333929578125 0.175769965625 0.883174615625 0.2809943546875 0.9542987343749999 0.2727823390625 0.9010949703125 0.167432540625 0.8333929578125 0.175769965625
1 0.75850973125 0.18894531718750002 0.81297791875 0.295027553125 0.8807185499999999 0.284169359375 0.8256691265624999 0.1781870390625 0.75850973125 0.18894531718750002
0 0.587221709375 0.21862352812500002 0.514639884375 0.22686466093750002 0.509935246875 0.2275258546875 0.5594553265625 0.33523785 0.635746521875 0.32202495 0.587221709375 0.21862352812500002
1 0.5918357609375 0.21641519062499998 0.63981225625 0.31948183124999996 0.7197956390625 0.31359238125 0.667761196875 0.205848459375 0.5918357609375 0.21641519062499998
1 0.6715337953125 0.204126028125 0.7242793171875 0.315800028125 0.8046942312500001 0.30405249218749997 0.7501378015625 0.192649403125 0.6715337953125 0.204126028125
0 0.43498551093750004 0.23960179531249998 0.481619328125 0.34949616093749997 0.5599724390625 0.33599347812499997 0.510589040625 0.2289764125 0.43498551093750004 0.23960179531249998
1 0.351469746875 0.25366601875 0.39773928125 0.36487907656249996 0.4792710859375 0.3515523765625 0.4330671078125 0.23972944375 0.351469746875 0.25366601875
0 0.10706242343750001 0.285873196875 0.025967321874999998 0.29648559375 0.06858703125 0.43168821093750004 0.1514687265625 0.4194831859375 0.10706242343750001 0.285873196875
0 0.10760366562499998 0.2865819046875 0.1537679984375 0.42232224843750005 0.238887140625 0.4110727890625 0.1948701171875 0.27588695625000004 0.10760366562499998 0.2865819046875
0 0.27141804999999997 0.264344071875 0.3237047515625 0.40127277031249997 0.4033462890625 0.3894571625 0.34861584375 0.2511403015625 0.27141804999999997 0.264344071875
0 0.1951950453125 0.275056515625 0.24002557656249998 0.41178767499999996 0.3219010328125 0.398412675 0.2694689375 0.26618755312500003 0.1951950453125 0.275056515625
0 0.8875518843749999 0.29328523125 0.8096925984375 0.305841725 0.8759926640625 0.4487472421875 0.960624890625 0.437491290625 0.8875518843749999 0.29328523125
1 0.9643097078125 0.44335671718749997 0.9967776359375 0.4421082765625 0.9744872703125 0.2835040875 0.891058609375 0.29185402968749996 0.9643097078125 0.44335671718749997
1 0.5614595078125 0.34626921093749996 0.485145 0.35809028593750003 0.5412702890625 0.4991141109375 0.6253746687499999 0.4841023640625 0.5614595078125 0.34626921093749996
1 0.80714538125 0.31416057343750003 0.7245919265625 0.3259696828125 0.7947943984375 0.46398889375 0.8724703609375 0.44668895 0.80714538125 0.31416057343750003
1 0.642039303125 0.3374977765625 0.565242428125 0.347343815625 0.6247573156249999 0.482912465625 0.7101813031249999 0.4772902046875 0.642039303125 0.3374977765625
1 0.645973415625 0.33906075625 0.7123828828125001 0.477619121875 0.7933164828125 0.4656063171875 0.721739778125 0.326934934375 0.645973415625 0.33906075625
1 0.45971938124999995 0.5169586421875 0.54047740625 0.50114053125 0.4815827125 0.3581334921875 0.4032909328125 0.371051671875 0.4099746171875 0.39162683593750003 0.45971938124999995 0.5169586421875
1 0 0.49901275156249997 0.019673246875 0.5801633359375 0.1069543421875 0.566833528125 0.0682302359375 0.4285381765625 0 0.43613796406249994 0 0.49901275156249997
0 0.1565553375 0.42589327812500005 0.07205408437500001 0.4344678703125 0.11047491875 0.56633874375 0.1964359546875 0.5521312125 0.1565553375 0.42589327812500005
1 0.3243416328125 0.40321215468749994 0.24153762968749998 0.41376764218749995 0.2861893671875 0.540708365625 0.372319009375 0.5273269734375 0.3243416328125 0.40321215468749994
0 0.24031585937500002 0.4130582578125 0.1577123984375 0.42412999687499997 0.1996628359375 0.5538042 0.285623253125 0.543849746875 0.24031585937500002 0.4130582578125
1 0.4051868859375 0.393126753125 0.3261432578125 0.404429546875 0.372583303125 0.5266515 0.45624669687499997 0.5161700359375 0.4051868859375 0.393126753125
1 1 0.6537966265625 0.9531359890625 0.5587611640625 0.8805521984375 0.5655905109375 0.953531228125 0.741154678125 1 0.7337683312500001 1 0.6537966265625
1 0.23157414687500003 0.659252865625 0.1414006484375 0.66865635 0.1944928375 0.8504808046875001 0.2896944609375 0.8381203562499999 0.23157414687500003 0.659252865625
1 0.8024300890625 0.576162290625 0.8730340078125 0.7560352640625 0.9516427109375 0.741929725 0.8766473421875001 0.5674724046875 0.8024300890625 0.576162290625
1 0.329759378125 0.6458523734375 0.3900530671875 0.8250351437500001 0.4832157296875 0.8124516171874999 0.41672916718749997 0.629153953125 0.329759378125 0.6458523734375
0 0.048190537500000005 0.6854094109375 0.09779118437499999 0.8668820828125 0.193172690625 0.8484794328125 0.1390740828125 0.670336325 0.048190537500000005 0.6854094109375
1 0.6952857671875 0.5940734203125 0.7677174171875001 0.7714482453125 0.854481659375 0.76027359375 0.77885415625 0.5813184078125 0.6952857671875 0.5940734203125
1 0.42059548125 0.634216553125 0.4832160265625 0.8104130390625001 0.5737775359375 0.7956469125 0.5085546453124999 0.6254221375 0.42059548125 0.634216553125
0 0.235326809375 0.6579013 0.29283875625 0.8397169921875 0.389235896875 0.825659621875 0.3280212828125 0.6513040828125 0.235326809375 0.6579013
0 0.5984337828124999 0.6117607671874999 0.6743140890625 0.7871234 0.7664928359375 0.7716203484374999 0.69290399375 0.5949268187500001 0.5984337828124999 0.6117607671874999
1 0.5680014828125 0.7750540453125 0.5755219109375 0.793872853125 0.670793175 0.7860893265625 0.5958032921874999 0.612140871875 0.51103128125 0.6248595234375001 0.5680014828125 0.7750540453125
1 0 0.20456417187499998 0.0750892921875 0.193245571875 0.0438224453125 0.09841863125 0 0.10474922812500001 0 0.20456417187499998
1 0.12078880781250001 0.0876017140625 0.0442044546875 0.0983410546875 0.07591375781250001 0.1943251359375 0.1540897078125 0.182541265625 0.12078880781250001 0.0876017140625
1 1 0.7332383874999999 0.952041540625 0.7431588031249999 1 0.8500652843750001 1 0.7332383874999999
0 0.1959136703125 0.077666496875 0.12160156250000001 0.08684908125 0.15487264218750002 0.1836664953125 0.233711821875 0.175081775 0.1959136703125 0.077666496875
1 0.2708510375 0.069630140625 0.19719701875 0.077222653125 0.23394133906249998 0.1750495171875 0.309968978125 0.166444034375 0.2708510375 0.069630140625
1 0.35145509375 0.0637086890625 0.2711398734375 0.0691589140625 0.3101277140625 0.1660058234375 0.3874753875 0.1551353171875 0.35145509375 0.0637086890625
1 0.856501275 0.7619445703125 0.76943685625 0.7736603875 0.8436418609375 0.946001228125 0.93722739375 0.9336048578125 0.856501275 0.7619445703125
1 0.7663585796875 0.7746133000000001 0.6770490328125 0.7920875921875 0.7492212328125001 0.9615398468749999 0.8420767734375 0.94697740625 0.7663585796875 0.7746133000000001
1 1 0.8532205515625 0.9485522453125 0.742957878125 0.8616571140625 0.7588853609374999 0.9432025156250001 0.9410835484375 1 0.9340304875 1 0.8532205515625
1 0.6721659468750001 0.79163231875 0.58366145625 0.800978959375 0.650125334375 0.976979309375 0.7480925828125 0.9654795765624999 0.6721659468750001 0.79163231875
1 0.34277072343750004 1 0.28714763906249996 0.8419620046875 0.197923625 0.853981334375 0.24139920468749998 1 0.34277072343750004 1
1 0.44867969687500003 1 0.3854279921875 0.8296620453125 0.2907273265625 0.8433577109374999 0.346214040625 1 0.44867969687500003 1
1 0.5349634046875 1 0.5535834484375 0.9973831234375 0.4840455546875 0.818070915625 0.38720356875 0.8297988593750001 0.449685971875 1 0.5349634046875 1
1 0.48643377968749996 0.816457734375 0.55337746875 0.9974120718749999 0.650911909375 0.9837045 0.57951973125 0.8016280109375 0.48643377968749996 0.816457734375
1 0.23784356406249998 1 0.196170290625 0.8547480375 0.09919350625 0.8708808046875 0.132777884375 1 0.23784356406249998 1
1 0.5712808921875 0.027003014062500004 0.6153506578125 0.1305043828125 0.6876942578125 0.11907362968749999 0.6403821109375001 0.015164654687500001 0.5712808921875 0.027003014062500004
1 0.3873624234375 0.15473529375 0.4603633734375 0.14334526718750001 0.4208859359375 0.0551985203125 0.35254703906249996 0.0635552265625 0.3873624234375 0.15473529375
1 0.6425610374999999 0.015490189062500001 0.6884631031249999 0.1201705703125 0.7626521265624999 0.111066034375 0.7042704734375 0.009344540625 0.6425610374999999 0.015490189062500001
1 0.495771340625 0.0441832703125 0.538039725 0.1369473953125 0.6132591671875 0.12827127656249998 0.5682122781250001 0.030361557812500002 0.495771340625 0.0441832703125
1 0.4932415265625 0.0454455046875 0.4215956875 0.0540006578125 0.46178367812500004 0.1446919671875 0.5369505625000001 0.13662335625 0.4932415265625 0.0454455046875
1 0.777323284375 0 0.8381801765624999 0.10171478125 0.9086060546875 0.0918170703125 0.8528977843750001 0 0.777323284375 0
1 0.7631103031250001 0.1154239734375 0.8362386265625 0.1019876484375 0.7874411515624999 0.0229261234375 0.7733246140625 0.000903134375 0.7100457328124999 0.011059925 0.7631103031250001 0.1154239734375
1 0.8564680953125 0 0.9087805624999999 0.090529021875 0.9469314015625001 0.0874339 0.93464336875 0 0.8564680953125 0