1 0.7559500203125 0.0752954515625 0.8269199921875 0.17966396093749998 0.9012642078124999 0.1589385625 0.8266283796874999 0.0550096546875 0.7559500203125 0.0752954515625
1 0.6784493109375 0.10196809375 0.7545566906250001 0.2064695375 0.824846075 0.18347698437499999 0.7481367453125001 0.07918005156249999 0.6784493109375 0.10196809375
0 0.501095725 0.1624873328125 0.42520405781250004 0.1834884015625 0.420306553125 0.18498571875 0.4914223984375 0.29206285468750004 0.57041615 0.2651138515625 0.501095725 0.1624873328125
1 0.5056327765625 0.15934789062500002 0.5743121359375001 0.261707746875 0.6584875296875 0.2419844796875 0.5846885046875 0.13529484218750001 0.5056327765625 0.15934789062500002
1 0.5884123390625 0.1328170296875 0.6636392109375 0.2435973578125 0.7472746421875 0.21752646250000002 0.6701654234375 0.1073400546875 0.5884123390625 0.1328170296875
1 0.3425474296875 0.21049181250000001 0.41096184375 0.32039080000000003 0.49210203906250005 0.2927855640625 0.4212503265625 0.18642992187500002 0.3425474296875 0.21049181250000001
1 0.256004953125 0.2395644296875 0.3242564125 0.3509371125 0.4088118625 0.322987278125 0.340526159375 0.21095029531249998 0.256004953125 0.2395644296875
0 0 0.4730494140625 0.0713012828125 0.45073297968750003 0.0012126703125000002 0.3150559421875 0 0.3154140484375 0 0.4730494140625
0 0.001910003125 0.3157243421875 0.074234359375 0.453388596875 0.162964659375 0.42706227500000005 0.09302174375 0.2896318859375 0.001910003125 0.3157243421875
0 0.172573859375 0.26442876718749997 0.251621146875 0.402339184375 0.33442133749999997 0.3763250765625 0.252534671875 0.23733749375 0.172573859375 0.26442876718749997
0 0.0932260921875 0.2886878140625 0.1642990421875 0.4276371359375 0.24921223124999997 0.399577925 0.170812646875 0.266730421875 0.0932260921875 0.2886878140625
1 0.8336787875 0.1920959640625 0.7529030609375 0.21860480781249997 0.8478940125 0.360567415625 0.9361046500000001 0.33431580312500003 0.8336787875 0.1920959640625
1 0.94102966875 0.339980921875 0.9720511843749999 0.333858040625 0.9213123671875 0.167898846875 0.8371691625000001 0.1899747140625 0.94102966875 0.339980921875
1 0.4954390109375 0.30354365 0.41618295468750005 0.32900562031249997 0.500016965625 0.47065900312500003 0.5870246359375 0.4404726640625 0.4954390109375 0.30354365
1 0.7516097328125 0.2279432671875 0.6657073125 0.2544387859375 0.7640205078125 0.3905126296875 0.8437916546875 0.35895329375 0.7516097328125 0.2279432671875
1 0.5797578328124999 0.2806331390625 0.499651078125 0.304060328125 0.58616414375 0.4393015703125 0.6761792296875 0.418952046875 0.5797578328124999 0.2806331390625
0 0.58421424375 0.281647609375 0.6785799781249999 0.4189351484375 0.7627225359375001 0.3924931015625 0.6628345437500001 0.2559511234375 0.58421424375 0.281647609375
1 0.41621202031250004 0.5034515953125 0.49951832031250004 0.47296270625 0.41239658125 0.3296493546875 0.331221971875 0.3566181765625 0.3418505375 0.3775375875 0.41621202031250004 0.5034515953125
1 0 0.5747254984375 0.015865825 0.6266202734374999 0.049036053125 0.6160421890625 0 0.5089128125 0 0.5747254984375
0 0 0.502885875 0.0527009546875 0.6149217171875 0.1418231328125 0.5852854765625 0.07781210625 0.45674644531249997 0 0.4772763390625 0 0.502885875
1 0.2526303125 0.40430986406249997 0.16624716875 0.42950450937499995 0.2354592296875 0.557996184375 0.32490192812499996 0.5292166375 0.2526303125 0.40430986406249997
0 0.1648249765625 0.428949515625 0.0787434921875 0.45466354062500003 0.14554513125 0.586536403125 0.23539232656250003 0.561456215625 0.1648249765625 0.428949515625
1 0.337007646875 0.37994729375 0.254756715625 0.4053117890625 0.3250681421875 0.5284487359375001 0.41237914687500005 0.503189253125 0.337007646875 0.37994729375
1 1 0.538188484375 0.948820671875 0.46547756875 0.8726860296875 0.48496664218749996 0.980362246875 0.66079343125 1 0.6543981999999999 1 0.538188484375
1 0.19752190625 0.6941422890625 0.10309387968749999 0.71933886875 0.19065926875 0.9052070734375001 0.28993759375 0.8759996687499999 0.19752190625 0.6941422890625
1 0.7912917640625 0.509393515625 0.89717373125 0.6902342921875 0.978483265625 0.661940403125 0.8688485515625001 0.48763745468749997 0.7912917640625 0.509393515625
1 0.299800240625 0.663320378125 0.39458431250000003 0.845150978125 0.491653134375 0.8160465703125 0.3895717125 0.63084668125 0.299800240625 0.663320378125
0 0.10090278906250001 0.721528678125 0.0500608140625 0.7384670437499999 0.10928215937500001 0.932171340625 0.188911865625 0.903284590625 0.10090278906250001 0.721528678125
1 0.680241846875 0.5465498515625 0.7876440578125 0.7244080421875 0.8781391109375001 0.6978859500000001 0.7670637499999999 0.51887085 0.680241846875 0.5465498515625
1 0.39455303750000004 0.6356213625 0.49130562187500004 0.8138627703125 0.5852318765625 0.7828565859375 0.486726778125 0.6114486015625 0.39455303750000004 0.6356213625
0 0.20128778593750002 0.6920650984375001 0.2935586125 0.8771826578124999 0.3938205984375 0.845956978125 0.29887940468749996 0.66945181875 0.20128778593750002 0.6920650984375001
0 0.580114821875 0.5817402875 0.6908464390625 0.7568646015625 0.786369275 0.72479778125 0.6778509265625 0.5478634828125 0.580114821875 0.5817402875
0 0.5755668968750001 0.7617659875 0.5867868953125 0.7806636359375 0.68692031875 0.7563474015625 0.5773782703125 0.5825886359375 0.4892683375 0.61043055 0.5755668968750001 0.7617659875
0 0 0.132025971875 0.0346904546875 0.1975523859375 0.117187421875 0.1751338109375 0.0772952921875 0.1063879203125 0 0.13001946250000002 0 0.132025971875
1 0.1969255546875 0.1530914859375 0.1547711890625 0.08270116093749999 0.0783723078125 0.10605864375 0.1174263484375 0.1750607625 0.1969255546875 0.1530914859375
1 0.277538375 0.1279784578125 0.2363135546875 0.057771157812499994 0.1552037578125 0.08256891093749999 0.19701983437499998 0.15259544687499998 0.277538375 0.1279784578125
1 0.8805750578125 0.6993372 0.7898526593749999 0.7264893390625 0.8982845328125 0.8986576453125 0.9958356343749999 0.8696828 0.8805750578125 0.6993372
1 0.8076506296874999 0.9287876421875 0.8967843140625 0.8999658281249999 0.7867369656250001 0.728026384375 0.6946060921874999 0.7617236140625 0.8003130421875 0.9310309671875 0.8076506296874999 0.9287876421875
1 1 0.7002011265625 0.9753674234374999 0.6635600890625 0.8855439234375 0.6951954265625 0.9992609671875 0.8702064828125 1 0.8699805375 1 0.7002011265625
1 0.596667775 0.7869106578125 0.69659524375 0.96274068125 0.7975173234375 0.9318857046875 0.6893280500000001 0.7620548874999999 0.596667775 0.7869106578125
1 0.3522551203125 1 0.28788076875 0.880542028125 0.1949102421875 0.9083814890624999 0.2386625203125 1 0.3522551203125 1
1 0.47411301406249995 1 0.390448184375 0.8508830656249999 0.2919311859375 0.8814367578125 0.35613008281249997 1 0.47411301406249995 1
1 0.5747254984375 1 0.59346315 0.994271325 0.49349566093749997 0.8219268578125 0.392362471875 0.8507318328125001 0.475388759375 1 0.5747254984375 1
1 0.4957638140625 0.8197982546875 0.5933905187499999 0.99429353125 0.694747575 0.9633055687500001 0.5923676875 0.788300559375 0.4957638140625 0.8197982546875
1 0.23529577656249998 1 0.1931738046875 0.9094968531250001 0.11075830312499998 0.9369995875000001 0.13001946250000002 1 0.23529577656249998 1
1 0.47645804218750004 0 0.516017128125 0.0633753875 0.59111086875 0.0389975140625 0.5654143859375 0 0.47645804218750004 0
1 0.35315056718750004 0.1031244 0.309182078125 0.035493015625 0.2371912578125 0.0575028171875 0.277349815625 0.12756889375 0.35315056718750004 0.1031244
1 0.5665248890625 0 0.5921168328124999 0.040043623437499995 0.669572809375 0.017848115625 0.655259759375 0 0.5665248890625 0
1 0.425274496875 0 0.38751061249999996 0.011545578125 0.434782278125 0.0832434265625 0.5134087234375 0.0613340296875 0.472648675 0 0.425274496875 0
1 0.43356706093749997 0.08307898124999999 0.3849319953125 0.012333940625000001 0.31030389999999997 0.0351500390625 0.3548929328125 0.104328796875 0.43356706093749997 0.08307898124999999