1 0.8076586703125 0.09130611250000001 0.86772094375 0.2031942140625 0.9443434984374999 0.1902644171875 0.8805643921874999 0.0784311578125 0.8076586703125 0.09130611250000001
1 0.7272489234374999 0.10985534374999999 0.79244111875 0.22241605937500003 0.86524259375 0.206791796875 0.799426134375 0.094372496875 0.7272489234374999 0.10985534374999999
1 0.543292925 0.15178454531250002 0.46509190624999996 0.1648276515625 0.46003040312500004 0.1658115078125 0.5199533109375001 0.28042525 0.6018871171875 0.2617563046875 0.543292925 0.15178454531250002
1 0.5481665578125 0.1491196765625 0.60614696875 0.2587572734375 0.6925075859375001 0.24786283281250002 0.629857259375 0.13335500625000002 0.5481665578125 0.1491196765625
1 0.63384691875 0.13126676718750002 0.6974958515624999 0.2500178171875 0.783984703125 0.2327150578125 0.7183884468749999 0.114360590625 0.63384691875 0.13126676718750002
1 0.37948483906249997 0.1831663171875 0.43640553437499996 0.3003199421875 0.520557659375 0.2812197984375 0.4608231921875 0.1673557421875 0.37948483906249997 0.1831663171875
1 0.2897689484375 0.20316734531249997 0.346371190625 0.321778475 0.43397921874999995 0.302692228125 0.3774126890625 0.1834127875 0.2897689484375 0.20316734531249997
0 0 0.4116879078125 0.0825788796875 0.3950682640625 0.026698218750000002 0.25194458750000004 0 0.2568699109375 0 0.4116879078125
1 0.027326003124999998 0.25268665 0.0852358453125 0.3980336140625 0.1768529484375 0.3810103984375 0.12130292812500001 0.23614757343749998 0.027326003124999998 0.25268665
0 0.2036118359375 0.21928425156250003 0.2682272046875 0.3655836640625 0.35387376875 0.34825 0.2865289203125 0.20057451875 0.2036118359375 0.21928425156250003
0 0.12160701874999999 0.2352243734375 0.1781284484375 0.3817257734375 0.2661061984375 0.362567659375 0.20160584843749998 0.22140236406249997 0.12160701874999999 0.2352243734375
1 0.8731782984375001 0.216343903125 0.7895066359375 0.23438525000000002 0.8696589156250001 0.386414 0.960747825 0.3694109578125 0.8731782984375001 0.216343903125
1 0.9650821359374999 0.37559691562499997 0.98482956875 0.37381037500000003 0.9516555562500001 0.2031448703125 0.8768966328125 0.214587928125 0.9650821359374999 0.37559691562499997
1 0.5227652375 0.29233511874999996 0.44072549062500005 0.3094885515625 0.5097392453125 0.46003603593750003 0.60003828125 0.4389694515625 0.5227652375 0.29233511874999996
1 0.7872276265625 0.2435937171875 0.698424165625 0.261083259375 0.782523434375 0.4075685015625 0.8657214375000001 0.38436798125 0.7872276265625 0.2435937171875
1 0.6096053203125 0.2782665015625 0.5269282078125 0.2932945265625 0.5993001015625 0.43770724375 0.691573815625 0.42679951406249994 0.6096053203125 0.2782665015625
0 0.613960490625 0.2797496796875 0.6939793937500001 0.42703476250000005 0.7810151234375 0.409413884375 0.6953883859375 0.262294809375 0.613960490625 0.2797496796875
1 0.42237237031249997 0.48404690156249996 0.508997215625 0.46228880937500005 0.43686647343749996 0.30973499375 0.352746953125 0.32819471093749997 0.3611846328125 0.35024358125 0.42237237031249997 0.48404690156249996
1 0 0.5481445234375 0.003525246875 0.566280346875 0.042865939062500004 0.558142490625 0 0.43077115624999995 0 0.5481445234375
0 0 0.4234192640625 0.0466535640625 0.55740625 0.139011825 0.5371121984375 0.088464303125 0.40176935 0 0.4154353765625 0 0.4234192640625
0 0.2690299921875 0.367661571875 0.179882275 0.3837989328125 0.23564242656249998 0.5196406796875 0.3282313421875 0.500237525 0.2690299921875 0.367661571875
0 0.178516759375 0.3830942171875 0.0896163546875 0.399782965625 0.142606734375 0.5387548437499999 0.2352108390625 0.5230958515624999 0.178516759375 0.3830942171875
0 0.3560816703125 0.352146134375 0.271053515625 0.36888746875 0.3284786859375 0.4994865984375 0.41856227187500006 0.48338181718750006 0.3560816703125 0.352146134375
1 1 0.57431179375 0.9596588390624999 0.5019905203125 0.8813738609374999 0.5134951640625001 0.9706590796875 0.7007416890625 1 0.6944849515625 1 0.57431179375
1 0.183310553125 0.6518874359375 0.086107534375 0.6671817546875001 0.154198275 0.8623636906250001 0.25668039062500003 0.8435654734375 0.183310553125 0.6518874359375
1 0.7973022640625 0.5293882671875 0.8842626046875001 0.7214634656250001 0.96865685 0.701692025 0.8772500750000001 0.5157645890625 0.7973022640625 0.5293882671875
1 0.28896661562500003 0.631788803125 0.3647106671875 0.8236888015625 0.464969621875 0.8047615765625 0.382273990625 0.6087237140624999 0.28896661562500003 0.631788803125
0 0.083682909375 0.6691428 0.025990400000000004 0.6818535375 0.0649011953125 0.882032228125 0.152651234375 0.8602564671874999 0.083682909375 0.6691428
1 0.6821959875 0.5549039921875 0.7709927953125 0.744154409375 0.8643975218750001 0.7271206593749999 0.7720448078125 0.5363268015625 0.6821959875 0.5549039921875
1 0.386758509375 0.6140245921874999 0.46485178437499997 0.8025399078125 0.5621645796875 0.7813796421875 0.48159649531250004 0.5995179578125 0.386758509375 0.6140245921874999
0 0.1873000984375 0.6502044828125 0.26018135 0.8451295296874999 0.3638610515625 0.8244150921875001 0.2873985109375 0.6378273671875 0.1873000984375 0.6502044828125
1 0.5782336328125 0.579599846875 0.67065215625 0.766464375 0.769675325 0.7444105000000001 0.679663609375 0.5559673203125 0.5782336328125 0.579599846875
0 0.554709746875 0.7592606859375 0.56395265625 0.779348646875 0.6667755484375 0.765534478125 0.5754042140625 0.580161296875 0.484248559375 0.59876621875 0.554709746875 0.7592606859375
1 0 0.15138398749999998 0.071686515625 0.1367011984375 0.047867189062499996 0.07852736875 0 0.0878318078125 0 0.15138398749999998
0 0.15756451093749999 0.1241159359375 0.1299862359375 0.0625650421875 0.048670584375 0.078371203125 0.0726004359375 0.13788366406250002 0.15756451093749999 0.1241159359375
1 0.2397266046875 0.11043492656250001 0.210231246875 0.0469669921875 0.13096368281249998 0.0623750453125 0.15781144062500002 0.1240679390625 0.2397266046875 0.11043492656250001
1 0.3230880703125 0.0937731609375 0.2943945203125 0.030607309375000002 0.21066219687499999 0.046883223437499996 0.23987327343749998 0.10994847968749999 0.3230880703125 0.0937731609375
1 0.8666836359375001 0.728828671875 0.7729848859375 0.7464689890625 0.8634122328125 0.9301341078125 0.9641404250000001 0.9113871828125 0.8666836359375001 0.728828671875
1 0.7697032687500001 0.747679746875 0.673904565625 0.7717213203125 0.761960925 0.9523522046874999 0.8617722578125001 0.9312855390625 0.7697032687500001 0.747679746875
1 1 0.768332990625 0.9653663796874999 0.7029854609374999 0.8720952515624999 0.7252061984375 0.9703976140625 0.9179223140625 1 0.91216819375 1 0.768332990625
1 0.6685849140625 0.7714984328125001 0.5731878046875 0.7866374 0.6554358812500001 0.9747238828125001 0.760965821875 0.9567089031249999 0.6685849140625 0.7714984328125001
1 0.3166109765625 1 0.2541423046875 0.8478946453124999 0.15812014375 0.8659865874999999 0.205663184375 1 0.3166109765625 1
1 0.43362809843749994 1 0.35996526875 0.828990053125 0.2581035828125 0.8492153640625 0.32038325 1 0.43362809843749994 1
1 0.548144525 1 0.5506875828125 0.9995056796874999 0.46619485312500003 0.810839075 0.3618979234375 0.8290397875 0.43479140781250003 1 0.548144525 1
1 0.4686901875 0.80894736875 0.5505148281250001 0.9995392593749999 0.6553870703125 0.9791541609375001 0.5687357953125 0.7875765218749999 0.4686901875 0.80894736875
1 0.20199321874999998 1 0.1562639703125 0.8669202671875 0.0658451046875 0.8868882250000001 0.0878318078125 1 0.20199321874999998 1
1 0.5422729890625 0 0.5686771859374999 0.054177724999999996 0.6464350953125 0.037671889062500005 0.6269135515625 0 0.5422729890625 0
1 0.40141526875 0.076845296875 0.370286159375 0.01585546875 0.295168990625 0.0304567671875 0.3229424296875 0.0933435359375 0.40141526875 0.076845296875
1 0.6278958921875 0 0.647332103125 0.0388243140625 0.72722528125 0.024750325 0.7113104359375 0 0.6278958921875 0
1 0.45185547968749995 0 0.451321265625 0.000103840625 0.48524559062500006 0.0655258828125 0.5662805765625001 0.051861121875000006 0.539147809375 0 0.45185547968749995 0
1 0.4840461578125 0.065233696875 0.4489099046875 0.0005725609375 0.3713946859375 0.01563999375 0.403032934375 0.07823345312499999 0.4840461578125 0.065233696875
1 0.711058878125 0 0.7279745390625 0.029473985937500002 0.806466840625 0.0107385546875 0.799068596875 0 0.711058878125 0