1 0.774288275 0.105196271875 0.842697478125 0.20180803906250003 0.9124117734375 0.18104552499999998 0.8405562921874999 0.0849114046875 0.774288275 0.105196271875
1 0.7016899390625 0.1315924625 0.7749400421875 0.22823726249999998 0.8408011546875 0.20542091718750002 0.7669871374999999 0.108978646875 0.7016899390625 0.1315924625
1 0.535547234375 0.1915113328125 0.4643795296875 0.212559975 0.45978900312500004 0.214051528125 0.5283761578124999 0.31320086406250003 0.60237665 0.28651886875 0.535547234375 0.1915113328125
1 0.5397736671875 0.1884862109375 0.60599526875 0.2832551046875 0.6849845296875 0.26325703749999996 0.613875896875 0.1645189578125 0.5397736671875 0.1884862109375
1 0.6173462625 0.162128825 0.689861034375 0.26467771875 0.7682466609375 0.238736425 0.693967803125 0.136778090625 0.6173462625 0.162128825
1 0.3869298 0.23935832812500002 0.45301473750000004 0.3412022078125 0.52902713125 0.3138665046875 0.46069956406249996 0.21538907968749998 0.3869298 0.23935832812500002
1 0.30585098125 0.26816651406249997 0.3718045 0.3713953421875 0.4510285546875 0.34367555312500003 0.385032834375 0.23982435 0.30585098125 0.26816651406249997
0 0 0.392023165625 0.0542680140625 0.49633098281250004 0.13504100624999998 0.469496646875 0.0669931546875 0.3435077640625 0 0.36457278125000003 0 0.392023165625
1 0.0676599765625 0.3441221578125 0.137843428125 0.47193479062500004 0.221024071875 0.4456630796875 0.1530872 0.3180272921875 0.0676599765625 0.3441221578125
0 0.22763975468750003 0.292972640625 0.3041592 0.4208962109375 0.3817589640625 0.3950230734375 0.3025489859375 0.26613997500000003 0.22763975468750003 0.292972640625
0 0.1532655375 0.3171382875 0.2222895296875 0.4461783890625 0.3018489015625 0.41834964843750005 0.226015334375 0.295162565625 0.1532655375 0.3171382875
1 0.8492497203125 0.21334631874999999 0.7735642015625 0.2396473140625 0.8651616171875001 0.3710866765625 0.9478539156249999 0.3448943 0.8492497203125 0.21334631874999999
1 0.9525776031250001 0.35011924843750003 0.9754272609375001 0.345180665625 0.9252733531249999 0.190822809375 0.8525055328125 0.21129473437500002 0.9525776031250001 0.35011924843750003
1 0.5323313046875 0.3238960046875 0.45806148281250003 0.3491881296875 0.5391455765625001 0.4805365015625 0.6206458828125 0.45067556406250003 0.5323313046875 0.3238960046875
1 0.7724858484375 0.24842806718750002 0.6919713093750001 0.274808009375 0.7866097640625 0.400665584375 0.8612734484375 0.3696461125 0.7724858484375 0.24842806718750002
1 0.6114079359375 0.3009063578125 0.5363063765625 0.3243054203125 0.619817853125 0.44959265000000004 0.704298128125 0.42890311406250003 0.6114079359375 0.3009063578125
1 0.615620609375 0.3017782484375 0.7065591343750001 0.428844446875 0.7854168640625 0.40254603906249997 0.6892881 0.276277534375 0.615620609375 0.3017782484375
1 0.460700934375 0.51278448125 0.5387104015624999 0.482705828125 0.4545047453125 0.34985936406249996 0.3784504078125 0.376598846875 0.3887746640625 0.3960276625 0.460700934375 0.51278448125
1 0 0.579192221875 0.0028847421875 0.5880705453124999 0.03156854375 0.6536585140625 0.11654470624999999 0.6249221281249999 0.0533542421875 0.4932389671875 0 0.50889536875 0 0.579192221875
0 0.141263578125 0.47501999375 0.0582284 0.498503771875 0.1199798921875 0.6238059687499999 0.2034800828125 0.5944231984375 0.141263578125 0.47501999375
0 0.3051392375 0.4227263296875 0.22415242812499997 0.44789487812499995 0.2912670671875 0.5671609046875 0.375081984375 0.5385758328125 0.3051392375 0.4227263296875
0 0.22280455937500002 0.44739976718749996 0.1421096578125 0.473050015625 0.2070045578125 0.595529940625 0.291255859375 0.5704069453125 0.22280455937500002 0.44739976718749996
1 0.38424923906249997 0.398373884375 0.3071570921875 0.423628015625 0.37522704375 0.537852725 0.45708683125 0.5126068203124999 0.38424923906249997 0.398373884375
1 1 0.5198133953124999 0.9617950593750001 0.4676720703125 0.8903758546875 0.487307084375 0.9944285562499999 0.6502782921875 1 0.648356315625 1 0.5198133953124999
1 0.25757258906249997 0.6955165234375 0.169008353125 0.7208303828125 0.254269075 0.8935772249999999 0.34734173749999997 0.8644154671875001 0.25757258906249997 0.6955165234375
1 0.814076559375 0.5116666249999999 0.9165143421874999 0.6793719921875 0.9926759234375 0.6513874453125 0.8868013343750001 0.48988024374999994 0.814076559375 0.5116666249999999
1 0.353446778125 0.664787159375 0.4454463015625 0.8336187453124999 0.53643938125 0.8045929921875 0.43751605156249995 0.6327318203125001 0.353446778125 0.664787159375
0 0.07870476093749999 0.7540404921875 0.1604097203125 0.9270504984375 0.2525944140625 0.8918054718749999 0.16697736093749999 0.7229230859375 0.07870476093749999 0.7540404921875
1 0.7100352859375 0.548492921875 0.8138603234374999 0.7133740796875 0.8987002546875 0.6868872984375 0.7913981625 0.5209866984375 0.7100352859375 0.548492921875
1 0.44227944218750004 0.6371207046875 0.5360793609375001 0.8025512046875001 0.6240839874999999 0.771798 0.5287357015625 0.6128072015625 0.44227944218750004 0.6371207046875
0 0.2610885578125 0.6935013453125001 0.35077008125 0.865460296875 0.44473902968749995 0.8343882421875 0.3526712546875 0.6705536999999999 0.2610885578125 0.6935013453125001
1 0.6162528234375 0.583280753125 0.7231728828125 0.7455386734375 0.8126654437499999 0.7137623203125 0.70780295625 0.5497675015625 0.6162528234375 0.583280753125
0 0.6146647656249999 0.7521914578125 0.6255158203125 0.7697136984374999 0.7194671359375 0.74512366875 0.6136879765625001 0.58412515 0.531114346875 0.6118071328125 0.6146647656249999 0.7521914578125
1 0 0.22077943125 0.0196451421875 0.257308865625 0.09578407343749999 0.23172586874999998 0.045683121874999996 0.142509628125 0 0.157337509375 0 0.22077943125
0 0.11909592656250001 0.1193159921875 0.046363325 0.14161255625 0.09676635 0.23271482500000001 0.1741343453125 0.21021901562499998 0.11909592656250001 0.1193159921875
1 0.19265675 0.09805720625 0.120301578125 0.11864523281249999 0.17435829687499999 0.2101462484375 0.24890943906250002 0.18812526406250002 0.19265675 0.09805720625
1 0.27226138906249997 0.077917678125 0.192862465625 0.09753433593750001 0.24899081406249998 0.18765839374999999 0.32446241875 0.16313618125 0.27226138906249997 0.077917678125
1 1 0.8286843156250001 0.901016396875 0.6882048421875 0.8159717640625 0.71528654375 0.9206814390625 0.8748133171875001 1 0.8497357453125 1 0.8286843156250001
1 0.8130601140625 0.7167835703125001 0.726786846875 0.7500284359375 0.82895196875 0.9070204937499999 0.9192879749999999 0.8760669 0.8130601140625 0.7167835703125001
1 1 0.6675804249999999 0.9897653734375 0.652961978125 0.9056345421875 0.684232025 1 0.823632821875 1 0.6675804249999999
1 0.721820434375 0.75043325 0.6349161359375 0.7753959625 0.7325269671875 0.93995251875 0.8285190046875 0.91116528125 0.721820434375 0.75043325
1 0.4193840921875 1 0.3454724359375 0.8687120171875 0.2583205890625 0.8964783953125 0.3100958796875 1 0.4193840921875 1
1 0.5358993 1 0.4416363203125 0.8390681203125 0.3493009109375 0.8694788546875 0.4231271484375 1 0.5358993 1
1 0.5748312484375 1 0.6403290375 0.978718478125 0.5382629015625 0.8100747078125 0.4434371203125 0.838892146875 0.5370018187500001 1 0.5748312484375 1
1 0.540367396875 0.8080380296874999 0.6408003984375 0.9799822890625001 0.736024071875 0.9490422421875 0.6308867046875 0.7767761234375 0.540367396875 0.8080380296874999
1 0.306667415625 1 0.25670174375 0.8975553640625 0.1625196375 0.9308082093750001 0.1941585515625 1 0.306667415625 1
1 0.49243428125 0 0.4857281875 0.0024042062499999997 0.548117609375 0.09829718125 0.6184831890625 0.07409597812499999 0.5676260953125001 0 0.49243428125 0
1 0.32427868437499996 0.162755453125 0.395309196875 0.138479159375 0.3402287171875 0.057155042187500005 0.27332685 0.0775714890625 0.32427868437499996 0.162755453125
1 0.5694607859375 0 0.61944636875 0.075059084375 0.6920696093750001 0.0528623859375 0.64797593125 0 0.5694607859375 0
1 0.413211028125 0.0329219125 0.4719002078125 0.11837856718749999 0.5456301953125 0.0964293078125 0.4832513984375 0.0063088859375 0.413211028125 0.0329219125
1 0.41090283281250006 0.0346320578125 0.3407271640625 0.055830209374999995 0.396968359375 0.1395775734375 0.4707531359375 0.118246025 0.41090283281250006 0.0346320578125
1 0.7398709828125 0 0.7659890546875 0.030182543750000002 0.834706753125 0.007854809375 0.8278244265625 0 0.7398709828125 0
1 0.65034045625 0 0.6932983203124999 0.0571463015625 0.7640945968749999 0.0307980890625 0.7366920296874999 0 0.65034045625 0