1 0.9574650124999999 0.21502776406250002 0.9186538093750001 0.1443793109375 0.8442661671874999 0.1561876109375 0.9032696265625001 0.2704682125 0.9655818765624999 0.26106078906249996 0.9574650124999999 0.21502776406250002
1 0.7621410328125 0.17361414375 0.8263493093750001 0.2886619203125 0.9006820953125001 0.27406858437500004 0.8358362828124999 0.1591534765625 0.7621410328125 0.17361414375
0 0.5742701125 0.21296865 0.4944938125 0.2248581484375 0.489327753125 0.2257690640625 0.5481387468750001 0.3428066453125 0.6318161390625 0.32528454375 0.5742701125 0.21296865
1 0.5792763859375001 0.21035278750000003 0.636204390625 0.322320071875 0.724239340625 0.312742978125 0.6626524796875 0.195766765625 0.5792763859375001 0.21035278750000003
1 0.6667489859375 0.1937197984375 0.7292725 0.3150084625 0.8175571296875 0.29894601249999997 0.7530457312500001 0.17802609375 0.6667489859375 0.1937197984375
1 0.40708671562500004 0.241984128125 0.46279707031250006 0.36154250625 0.5487386078125 0.343621175 0.49010530937499996 0.22734571093749997 0.40708671562500004 0.241984128125
1 0.315469840625 0.26072393437499997 0.37082919375 0.381752471875 0.4602852640625 0.3639033140625 0.40497466875 0.2421988078125 0.315469840625 0.26072393437499997
0 0 0.4393865609375 0.01018885625 0.46817525312499997 0.10117791875 0.4515128265625 0.0470086296875 0.3056809546875 0 0.31350970624999996 0 0.4393865609375
0 0.047633303125 0.30644274375 0.1038249734375 0.45455949375 0.1973200375 0.43886626250000005 0.14351939062500002 0.2912793125 0.047633303125 0.30644274375
0 0.227544671875 0.275591453125 0.29053840625 0.4247851609375 0.377966971875 0.4086772640625 0.31222285781250003 0.25804459375 0.227544671875 0.275591453125
0 0.14384584218750002 0.2903498140625 0.198603959375 0.4396119234375 0.28843738750000003 0.421696225 0.22546508437499999 0.2777020125 0.14384584218750002 0.2903498140625
1 0.90857525625 0.28387215625 0.823142075 0.3007296828125 0.90183084375 0.4559847515625 0.9947883390625 0.44030306562500005 0.90857525625 0.28387215625
1 0.9123896296874999 0.2821569953125 0.9979134890625 0.444422478125 0.967974146875 0.27462803281250003 0.9123896296874999 0.2821569953125
1 0.5507769421875001 0.3549109703125 0.4670200078125 0.3708970484375 0.5344080203125 0.5244652734375 0.6266378046875001 0.504656546875 0.5507769421875001 0.3549109703125
1 0.8206528578125001 0.3100136296875 0.7300107015624999 0.32622625312500003 0.812816884375 0.47593566875000004 0.8978643484375001 0.45384725000000004 0.8206528578125001 0.3100136296875
1 0.6393585984375 0.342128534375 0.55499299375 0.355952225 0.6259105359375 0.50336633125 0.719959590625 0.4938752015625 0.6393585984375 0.342128534375
1 0.6437603796875 0.3437032640625 0.7224017796875 0.494153803125 0.811248528125 0.4777784984375 0.7269006453125 0.3274017359375 0.6437603796875 0.3437032640625
1 0.44510556250000005 0.5473039625 0.5336114203125 0.5267334109374999 0.463090646875 0.3710816546875 0.3771941890625 0.38835519375 0.3853653125 0.4108184 0.44510556250000005 0.5473039625
1 0 0.5437443328125 0.0141786265625 0.6241553203125 0.057753407812500004 0.615934578125 0.0096733234375 0.46471055000000006 0 0.4661311375 0 0.5437443328125
0 0.1070389203125 0.45839567499999995 0.014122275 0.471111446875 0.061619274999999994 0.615252921875 0.15592899843750002 0.5962608984375 0.1070389203125 0.45839567499999995
1 0.291316203125 0.42690224531250004 0.200349090625 0.44174019062500003 0.25453133437500003 0.5801981171875 0.34905906249999996 0.5621118765625 0.291316203125 0.42690224531250004
0 0.1989734203125 0.44100380625 0.10824757031250001 0.4564041125 0.1595545953125 0.59798428125 0.254028090625 0.58368873125 0.1989734203125 0.44100380625
1 0.3801399875 0.412658665625 0.29335139374999997 0.4281773125 0.34932459374999997 0.5613558296875001 0.44124291875 0.5465666 0.3801399875 0.412658665625
1 1 0.5908641703125 0.99121345 0.5745026953125 0.9113803921875 0.58483330625 0.998702309375 0.775894909375 1 0.7756419 1 0.5908641703125
1 0.1988465734375 0.7131992828125 0.0997025828125 0.7270483359375 0.16532119218750002 0.9257870718750001 0.26989944062500004 0.9084795781249999 0.1988465734375 0.7131992828125
1 0.8255804390625 0.5995093203125 0.9104480031250001 0.79542018125 0.9966482765625001 0.7768233265625 0.9071441 0.5870614421875 0.8255804390625 0.5995093203125
1 0.3066770546875 0.694628665625 0.3801404625 0.8901735828125 0.48246006875 0.8726981109375 0.40200363437500003 0.6728473203124999 0.3066770546875 0.694628665625
0 0.0972001484375 0.7289928484375 0.034883459374999995 0.74157825625 0.0707477609375 0.9449748234375001 0.16378700468750002 0.9236277968750001 0.0972001484375 0.7289928484375
1 0.7080378984375 0.6234050843750001 0.794825790625 0.8164871328125001 0.8901391359374999 0.8008132921875 0.7997634703125 0.6061089468749999 0.7080378984375 0.6234050843750001
1 0.4064659171875 0.6782891 0.48238157031249995 0.8704470078125001 0.581746375 0.8506613640625 0.5031899140625 0.6651977062500001 0.4064659171875 0.6782891
0 0.20293541875 0.711562609375 0.27343095 0.9101218234375 0.3792628546875 0.8908945640624999 0.30496985 0.700715490625 0.20293541875 0.711562609375
1 0.6018444296875 0.646658209375 0.692360153125 0.8373857750000001 0.7934811046875 0.8167242375000001 0.7054425796875 0.624438975 0.6018444296875 0.646658209375
0 0.5745761515625001 0.82814373125 0.5836027171875 0.8486353328125 0.6884347953125001 0.836379209375 0.5989563484375 0.6471790265624999 0.505901159375 0.664481265625 0.5745761515625001 0.82814373125
1 0 0.18116363124999998 0.0090957421875 0.205786340625 0.09490824375 0.1897698109375 0.0544891984375 0.086212865625 0 0.095803584375 0 0.18116363124999998
0 0.137006265625 0.07235495625 0.055356981250000006 0.0853505390625 0.09581572968749999 0.19098225468750002 0.182483815625 0.1784728875 0.137006265625 0.07235495625
1 0.21938985625 0.060601059375 0.138405296875 0.071815525 0.18273584375000002 0.1784284484375 0.26630055625 0.1660042 0.21938985625 0.060601059375
1 0.3081084859375 0.0509647765625 0.21969036874999998 0.0600696109375 0.26645877812499996 0.16551420781249998 0.35139258125 0.1505380859375 0.3081084859375 0.0509647765625
1 0.7968087515625 0.8188638078125001 0.85633704375 0.9448814703125 0.9564255656249999 0.9272331640625 0.8924324203125 0.80258085 0.7968087515625 0.8188638078125001
1 0.6955701515625 0.8427623656250001 0.7519272015625 0.9632917437499999 0.8537654343750001 0.945334915625 0.7934486828125 0.8200343546875001 0.6955701515625 0.8427623656250001
1 1 0.7912694859375 0.9932776656250001 0.7780774234375001 0.8980036640625 0.7990045953125 0.9604749312499999 0.9265191515625 1 0.919549815625 1 0.7912694859375
1 0.5928595859375 0.8561694281250001 0.6454696703125 0.9820630781249999 0.74832221875 0.9639273984375001 0.6901640015625 0.8424472843749999 0.5928595859375 0.8561694281250001
1 0.3013720984375 1 0.26723753906250003 0.9128195765625 0.169242465625 0.9295206765625 0.192926415625 1 0.3013720984375 1
1 0.41822491875 1 0.3752155453125 0.8954605625 0.27124173906250004 0.9142232140625 0.30502601406249996 1 0.41822491875 1
1 0.5354777984375 1 0.48359307500000004 0.8788713125 0.37718020625 0.8955434046875 0.41970272968750005 1 0.5354777984375 1
1 0.5437443296875 1 0.6426335625 0.9825631609375 0.5883142359375 0.857045303125 0.486166134375 0.8769981843749999 0.5365966125 1 0.5437443296875 1
1 0.18994424062499998 1 0.1673372859375 0.9304346859375 0.071601825 0.9498184578125001 0.080450184375 1 0.18994424062499998 1
1 0.5588356234375 0 0.5492697234375 0.001984953125 0.6019034125 0.11458241875 0.6812934953124999 0.09917994999999999 0.6319090625 0 0.5588356234375 0
1 0.3512524546875 0.15010070312499998 0.43136950625 0.13471794374999999 0.384397234375 0.038899287500000004 0.3093075265625 0.050753353125 0.3512524546875 0.15010070312499998
1 0.6339548828125 0 0.6821843421875 0.100361696875 0.7637008203125 0.0874570265625 0.7093921828124999 0 0.6339548828125 0
1 0.46660829374999996 0.02385795625 0.516838953125 0.1246680828125 0.5995090796875 0.11219689375 0.5460133375 0.0058115375 0.46660829374999996 0.02385795625
1 0.463865421875 0.0253489953125 0.38513413750000003 0.0375492765625 0.43298890312499994 0.13615045312500001 0.5156245203125 0.12435212031250001 0.463865421875 0.0253489953125
1 0.7987050203125 0 0.846685390625 0.0742284640625 0.924018521875 0.060592546875 0.8843195500000001 0 0.7987050203125 0
1 0.71336719375 0 0.7643749359374999 0.0922516578125 0.8445534171875 0.07460438750000001 0.7948576515625 0 0.71336719375 0
1 0.887180775 0 0.9241612874999999 0.0591635171875 0.9298649375 0.0584999671875 0.919549815625 0 0.887180775 0