1 1 0.2822728484375 0.92785865625 0.2722722875 0.9511682890625 0.40354005312499996 1 0.410304421875 1 0.2822728484375
1 0.7360735484375 0.2481837609375 0.6562200296875 0.23333820312500003 0.6510026265625 0.2325118484375 0.6685201109375 0.363910259375 0.7539387953125 0.3746453078125 0.7360735484375 0.2481837609375
1 0.7416992437500001 0.2473251171875 0.7590907312499999 0.373249675 0.8460462546875 0.3930246859375 0.825866028125 0.2607723609375 0.7416992437500001 0.2473251171875
1 0.830438646875 0.260159303125 0.8500930796875 0.39684870625 0.9394179875 0.41049616406249995 0.9177499234375001 0.273506234375 0.830438646875 0.260159303125
1 0.5673809390625 0.2209975875 0.58111810625 0.35379016874999997 0.6688234375000001 0.3648873875 0.6512246140625 0.23427712031249998 0.5673809390625 0.2209975875
1 0.474003765625 0.20881805625 0.48692355625 0.34290289218750003 0.5779509328125 0.35522475781249996 0.5652997484375 0.22050872031250002 0.474003765625 0.20881805625
0 0.2036567265625 0.1635966375 0.1139788984375 0.1485128015625 0.1151942234375 0.3070768890625 0.207290909375 0.32103906718749997 0.2036567265625 0.1635966375
1 0.2040010078125 0.164531425 0.20880943593749998 0.324826534375 0.3029732203125 0.34054065 0.30026685937500003 0.181538959375 0.2040010078125 0.164531425
0 0.385413825 0.1941446546875 0.39634369999999997 0.35770738281250003 0.4848685875 0.3710298609375 0.47179338125000003 0.20518504843750002 0.385413825 0.1941446546875
0 0.30088315468750004 0.1807563125 0.3039503953125 0.34167675000000003 0.3953588796875 0.354058975 0.38274037031249997 0.19548174375 0.30088315468750004 0.1807563125
1 1 0.4217223 0.9441484687499999 0.414040278125 0.9680273890625 0.588567040625 0.991585425 0.592478384375 1 0.53935085 1 0.4217223
1 0.6670530140625 0.37636740468749996 0.5820634874999999 0.36413548125 0.5957387546875 0.5333315453125 0.6900507515625 0.544689115625 0.6670530140625 0.37636740468749996
1 0.9387272125000001 0.422111109375 0.8471086218749999 0.4078323109375 0.876730059375 0.5784029453125 0.96495394375 0.58521626875 0.9387272125000001 0.422111109375
1 0.75558256875 0.39325309375 0.6707243640625 0.3787505875 0.68978249375 0.5432146328125 0.7824350765625 0.5650493265625001 0.75558256875 0.39325309375
0 0.7592553765625001 0.3962081359375 0.78466841875 0.56611905 0.8746312875 0.5796517718749999 0.8437615328125 0.40793526562500004 0.7592553765625001 0.3962081359375
1 0.5032175921875 0.5258375984375 0.5942348875000001 0.5352413453125 0.5782621328124999 0.36302030625000004 0.4908126421875 0.3513176578125 0.49120789218749994 0.375512465625 0.5032175921875 0.5258375984375
1 0.022644131249999998 0.31767973125000004 0.014766504687500001 0.45000029374999995 0.1119072796875 0.4641932640625 0.11584226875 0.3035899796875 0.0275078078125 0.2869716828125 0.022644131249999998 0.31767973125000004
0 0.21060812499999998 0.3295563390625 0.11797365625 0.3111815234375 0.11581156875000001 0.4648116421875 0.21183518281249997 0.47763505625 0.21060812499999998 0.3295563390625
0 0.3963882734375 0.3599901953125 0.30491217812500004 0.34428831875 0.3109824609375 0.4946745484375 0.40691588593750005 0.50843691875 0.3963882734375 0.3599901953125
0 0.3038446125 0.34313093437500003 0.21241335156250002 0.3280468359375 0.2147202171875 0.4804772328125 0.309356040625 0.49785130781250003 0.3038446125 0.34313093437500003
0 0.4856285984375 0.3755564671875 0.39790663125000003 0.3618802046875 0.40741717499999996 0.50780031875 0.49978279531250003 0.5238615875 0.4856285984375 0.3755564671875
1 0.21425503906249999 0.6037128984375 0.1153197546875 0.5843757 0.11246334218750001 0.7962401875 0.21770870625 0.8140527000000001 0.21425503906249999 0.6037128984375
1 0.9470633359375 0.8735797953125 0.9300014843750001 0.7158182296875 0.84826289375 0.7009196484375 0.864660625 0.916405334375 0.9388759375 0.9252729953125 0.9470633359375 0.8735797953125
1 0.323011646875 0.6213852890625 0.3286731203125 0.832771021875 0.4318235125 0.8496800796875 0.4209201203125 0.6318722953125 0.323011646875 0.6213852890625
0 0.0107590359375 0.571912640625 0.0043053078125 0.782262375 0.11171256562500001 0.793668284375 0.11229833593750001 0.5854147734375 0.0107590359375 0.571912640625
0 0.728510253125 0.6851527984375 0.7476659109375 0.8985613171875 0.8435542921874999 0.9148918296874999 0.821516378125 0.6987503609375 0.728510253125 0.6851527984375
1 0.4233794515625 0.63854988125 0.4324887046875 0.847498865625 0.53358551875 0.8612244578125001 0.5197619125 0.657816859375 0.4233794515625 0.63854988125
0 0.21868550781249999 0.603490175 0.22053083906249998 0.816786253125 0.3276006703125 0.833172803125 0.319385721875 0.6266520328125 0.21868550781249999 0.603490175
1 0.6197729453124999 0.672502084375 0.6432513296875 0.8848818859375 0.7463078624999999 0.8983462234375 0.7256997265625 0.6852894234375 0.6197729453124999 0.672502084375
0 0.5341609953125 0.8373066203124999 0.5360186625 0.8598949046875 0.639845315625 0.8826274968750001 0.61685235625 0.672051190625 0.52257845625 0.65802230625 0.5341609953125 0.8373066203124999
1 0.1133369203125 0 0.112918234375 0.041180909375000005 0.199874628125 0.054059525 0.1987543640625 0 0.1133369203125 0
1 0.19921770781249998 0 0.20039906406250002 0.0554834734375 0.28735546093750003 0.06836208906249999 0.2846562734375 0 0.19921770781249998 0
0 0.28550521406249996 0 0.287820846875 0.0698213609375 0.3744389625 0.08633934531250001 0.36820678125 0 0.28550521406249996 0
1 0.369392584375 0 0.37469349531249996 0.086379659375 0.45832928125 0.10195879062499999 0.4495546484375 0 0.369392584375 0
1 0.45003181875 0 0.45864096249999997 0.10154165 0.544418878125 0.1151275375 0.53594231875 0.0055560234375 0.512147940625 0 0.45003181875 0
1 0.856901528125 1 0.84515646875 0.91733825 0.74877245625 0.9014889281249999 0.7594843796874999 1 0.856901528125 1
1 0.7566267734375 1 0.745188984375 0.9015049562499999 0.6445399375 0.891085315625 0.6559519734375 1 0.7566267734375 1
1 0.9270403421875001 1 0.9387881265625 0.9258274125 0.851635678125 0.915745796875 0.8620074359375 1 0.9270403421875001 1
1 0.6521469343749999 1 0.6394969500000001 0.8890061453125 0.54235461875 0.8701522640625001 0.5505534359375 1 0.6521469343749999 1
1 0.114969109375 0.8011043390625 0.1137844625 0.94506203125 0.2196069421875 0.961822665625 0.213748096875 0.8173329890625001 0.114969109375 0.8011043390625
1 0.217098653125 0.8199934921875001 0.2231581140625 0.962385115625 0.3304969765625 0.9793859218750001 0.32224689687499997 0.836213975 0.217098653125 0.8199934921875001
1 0.32408998906250003 0.8369392546875 0.33178136875 0.9795893484375 0.441020165625 0.996891075 0.430873021875 0.8559633609375 0.32408998906250003 0.8369392546875
1 0.5476228843750001 1 0.5377396390625 0.8694964421875 0.43393820937500005 0.855015859375 0.4419498 0.9970383140625 0.4606491484375 1 0.5476228843750001 1
1 0 0.9270403437500001 0.1102560078125 0.944503178125 0.1128549875 0.8013530890625 0.00449201875 0.7869982640625001 0 0.8915478140624999 0 0.9270403437500001
1 0.8753593546875 0.17442069375 0.859320475 0.050678209375000005 0.7816675234375 0.038379190625 0.794718815625 0.1630657453125 0.8753593546875 0.17442069375
1 0.5444292453124999 0.1146626765625 0.625755365625 0.12627551718750002 0.6125336015625 0.0190864015625 0.537153275 0.00574781875 0.5444292453124999 0.1146626765625
1 0.8614061453125 0.051008546875000005 0.8758189890624999 0.1758451015625 0.9576628078124999 0.19029079531249998 0.9287703125 0.062413190625000003 0.9112335703125 0.058900435937499995 0.8614061453125 0.051008546875000005
1 0.695740953125 0.031714642187499996 0.7104239765625 0.14475434843749999 0.7932235624999999 0.159994403125 0.77726478125 0.0405429609375 0.695740953125 0.031714642187499996
1 0.69263969375 0.0322404640625 0.6136788578125 0.018036068750000002 0.62682614375 0.128179565625 0.7093717140625 0.1440525265625 0.69263969375 0.0322404640625
0 1 0.07521128125 0.9343508359375001 0.066131575 0.9567285890624999 0.1951032359375 1 0.2000899703125 1 0.07521128125