1 1 0.3937633234375 0.9935519125000001 0.3387387484375 0.9219004765625 0.3222155578125 0.9333733562500001 0.44790524062500003 1 0.463805959375 1 0.3937633234375
1 0.8411856765625 0.3079708875 0.857087384375 0.43626750156250005 0.9297108765625 0.45023473125 0.913183540625 0.32182515624999997 0.8411856765625 0.3079708875
1 0.6567284234375 0.2749194828125 0.5801705562499999 0.256494421875 0.5751611890625 0.255429646875 0.5854484828125 0.3835590640625 0.6676031109375 0.3982858671875 0.6567284234375 0.2749194828125
1 0.662218653125 0.274373271875 0.6726619296874999 0.39719563281250003 0.7558454171875 0.420754315625 0.7430235 0.291662978125 0.662218653125 0.274373271875
1 0.7474817046875 0.2913011859375 0.7595692406250001 0.424662553125 0.8453578578125001 0.442407696875 0.8313360453125 0.308653203125 0.7474817046875 0.2913011859375
1 0.49478592812500005 0.24003940625000003 0.5013424359374999 0.36932719375 0.5856925328125 0.38452065625 0.57528646875 0.257150325 0.49478592812500005 0.24003940625000003
1 0.40499948750000003 0.2235102671875 0.41069901093750005 0.354007975 0.49820322343749995 0.3705557921875 0.4927958078125 0.239460475 0.40499948750000003 0.2235102671875
0 0.058324181249999996 0.1730541859375 0.052621284375 0.30046586875000003 0.1410774734375 0.31865632499999996 0.145554125 0.1660108796875 0.063694015625 0.1477911 0.058324181249999996 0.1730541859375
1 0.145839978125 0.1669335515625 0.14235533281249999 0.32240096406249996 0.23272385468749998 0.342392746875 0.2381779765625 0.18828442343750001 0.145839978125 0.1669335515625
0 0.3199745390625 0.2048089078125 0.3222505578125 0.36375096406249996 0.4072811265625 0.381140840625 0.4030439515625 0.21988011875 0.3199745390625 0.2048089078125
0 0.23881439843750002 0.18755778750000002 0.23361223281250001 0.3435424546875 0.3214823578125 0.36016804687500004 0.31731828281249996 0.20596812656250002 0.23881439843750002 0.18755778750000002
1 0.9332575765625 0.46205524374999996 0.8497577921874999 0.44607955156249995 0.8640139109374999 0.6162953718749999 0.9538917078125 0.6361005609375 0.9332575765625 0.46205524374999996
1 1 0.477863309375 0.9373387296875 0.46189212187499995 0.955452721875 0.6434430812499999 0.9790657156250001 0.6510401796874999 1 0.5525521171875 1 0.477863309375
1 0.5833954921875 0.3955476890625 0.501732375 0.37939313124999996 0.50638033125 0.5439295046875 0.5971135796875 0.5597100937499999 0.5833954921875 0.3955476890625
1 0.844099246875 0.4536201328125 0.7561220140625 0.4351473171875 0.7761387640625 0.6018233656249999 0.8612084515625 0.612894765625 0.844099246875 0.4536201328125
1 0.6682496312499999 0.416388278125 0.5868289578125 0.39804163593749997 0.5969287359375001 0.55826865625 0.6855233484375 0.5841107437499999 0.6682496312499999 0.416388278125
1 0.6716554703125001 0.4194360671875 0.6876312828125 0.5852598703125 0.7740433796875 0.60292625625 0.7528762375 0.43507729062499995 0.6716554703125001 0.4194360671875
1 0.417184709375 0.531981109375 0.5048273484375 0.5457026218750001 0.49810865 0.37812048125 0.4140369921875 0.3623537140625 0.4131910125 0.385803075 0.417184709375 0.531981109375
1 0.053425774999999995 0.2971221421875 0.03300710625 0.29216165781250003 0.00067225 0.44428519531250005 0.04146036875 0.45244462187499995 0.053425774999999995 0.2971221421875
0 0.14385658125 0.3270723328125 0.0551038078125 0.3045815765625 0.0452089796875 0.4532414125 0.137524928125 0.4705282609375 0.14385658125 0.3270723328125
0 0.3221777890625 0.36596381093749997 0.2344107828125 0.34612016562500003 0.2326510140625 0.49205619062499995 0.3248319625 0.5102477125 0.3221777890625 0.36596381093749997
0 0.233435971875 0.344945265625 0.1456810015625 0.3257021265625 0.1401738 0.473426809375 0.2309150421875 0.4950499671875 0.233435971875 0.344945265625
1 0.40778707656249996 0.38556276875 0.32355184062500003 0.3678710140625 0.325349621875 0.509656671875 0.4139595890625 0.5298934453124999 0.40778707656249996 0.38556276875
1 0.9199493046875 0.9291610328125 0.9014249046874999 0.7569820765624999 0.8253875578125 0.737116796875 0.8343207796875 0.9431008375 0.91371760625 0.9584788640624999 0.9199493046875 0.9291610328125
1 0.1334653453125 0.592739875 0.038661185937499995 0.5689976875 0.02513690625 0.774014225 0.1261277171875 0.7965999375 0.1334653453125 0.592739875
1 0.7423561453125 0.7190202984375 0.747289253125 0.9285197999999999 0.8321213234375 0.943193053125 0.8207363875 0.73759229375 0.7423561453125 0.7190202984375
1 0.23786274999999998 0.6153679453125 0.2326095421875 0.8203528015625 0.33161794375000003 0.8419574140625 0.3321222078125 0.630487884375 0.23786274999999998 0.6153679453125
0 0 0.76757195 0.024540632812499998 0.7714856250000001 0.0356831734375 0.569850675 0 0.5631894203125001 0 0.76757195
1 0.6272159484375 0.6976798921875 0.634924678125 0.9053077953124999 0.7269316015625 0.925983925 0.71657114375 0.7155633859375 0.6272159484375 0.6976798921875
1 0.3341641609375 0.637078909375 0.3323727296875 0.839878940625 0.42955457812500003 0.8582966734375 0.42650031874999994 0.66062365 0.3341641609375 0.637078909375
0 0.1377661 0.5927488578125 0.12872120781250002 0.799390109375 0.23155082500000002 0.820687490625 0.2340847875 0.6202841953125 0.1377661 0.5927488578125
1 0.5225822171875001 0.6799155984375 0.5345283203125 0.886766528125 0.6336207796875 0.90503064375 0.6244879437499999 0.6976696812500001 0.5225822171875001 0.6799155984375
0 0.43132632187500003 0.8351647453125001 0.4319777921875 0.8571325640625 0.5313452015625 0.884410753125 0.519777490625 0.679330871875 0.429216778125 0.66096541875 0.43132632187500003 0.8351647453125001
1 0.0951079828125 0 0.0850871265625 0.047144421874999995 0.14745486562500001 0.0597475921875 0.1493481203125 0 0.0951079828125 0
1 0.1497932640625 0 0.14789029843749998 0.0611530828125 0.2314248375 0.07803360625 0.23243443749999998 0 0.1497932640625 0
1 0.9048920171875 1 0.9141277796875 0.956549153125 0.832070353125 0.944593665625 0.8360068187499999 1 0.9048920171875 1
0 0.233331003125 0 0.231801309375 0.07947030625 0.3148235234375 0.09985790312500001 0.3128609953125 0 0.233331003125 0
1 0.31418008125 0 0.31506790625000003 0.0999098484375 0.39525039687499997 0.11923706406250001 0.391464528125 0.006064471875 0.3673707390625 0 0.31418008125 0
1 0.47528844843750007 0.029819939062500002 0.39193145 0.0056907609375 0.3955733390625 0.11884892656249998 0.4779309953125 0.1363545875 0.47528844843750007 0.029819939062500002
1 0.7347246984375 1 0.7283585484375 0.9284341875000001 0.6358473328125 0.9081988921875 0.64098429375 1 0.7347246984375 1
1 0.6381965375 1 0.6323771093749999 0.9080327031250001 0.5354608921875 0.89283903125 0.541036771875 1 0.6381965375 1
1 0.833500696875 1 0.82861090625 0.943099071875 0.7347123890625 0.927220665625 0.7398202875 1 0.833500696875 1
1 0.5373747875 1 0.5306840078125 0.890569925 0.4375911890625 0.867386678125 0.4389848109375 0.99820111875 0.44744788125 1 0.5373747875 1
1 0.027315904687499996 0.7788515453125 0.019415493750000002 0.9090189078125 0.120571646875 0.9305203109375 0.1221265984375 0.7995756093749999 0.027315904687499996 0.7788515453125
1 0.1252354015625 0.8023218375000001 0.1239626921875 0.9312411 0.22688205312499998 0.9531172859374999 0.22621303125 0.8233609656249999 0.1252354015625 0.8023218375000001
1 0.227960625 0.8241567578125 0.2281496078125 0.9533867125000001 0.33286453125 0.97564455625 0.33037863437500004 0.847993703125 0.227960625 0.8241567578125
1 0.333394371875 0.8472316078125001 0.333902125 0.9758651046875 0.43619562500000003 0.997608259375 0.433156409375 0.8665175890624999 0.333394371875 0.8472316078125001
1 0 0.904892015625 0.0161178171875 0.9083179640625 0.025256443750000003 0.778985221875 0 0.7742833671875 0 0.904892015625
1 0.711503590625 0.07364665468750001 0.717829403125 0.195468259375 0.7953264953125 0.21055305937500002 0.78586779375 0.08711739375000001 0.711503590625 0.07364665468750001
1 0.47796463906250003 0.135904959375 0.5561123953125 0.1512742546875 0.5487547046875 0.0468060125 0.476451121875 0.0300670734375 0.47796463906250003 0.135904959375
1 0.787954034375 0.08825469687500001 0.7956991671875 0.21195570937500002 0.8742042859374999 0.230094484375 0.8527252624999999 0.104797678125 0.787954034375 0.08825469687500001
1 0.6286722484375 0.06325397656250001 0.6371475859375 0.1734618046875 0.7165377109375 0.192418271875 0.7071528218750001 0.075936875 0.6286722484375 0.06325397656250001
1 0.625643003125 0.063605903125 0.5499168437499999 0.045846984375 0.5570524 0.1531723609375 0.6361644578125001 0.17272882812499998 0.625643003125 0.063605903125
1 1 0.14069265625 0.930155459375 0.122203175 0.9541568234375 0.2484766359375 1 0.25822090468750003 1 0.14069265625
1 0.873055421875 0.23470729218750003 0.9520895140625001 0.2480372171875 0.931930415625 0.14938757656249999 0.9257845625 0.12171462656250001 0.8579393296875001 0.10868139375000001 0.873055421875 0.23470729218750003