1 0.8459027593749999 0.1927563109375 0.889839609375 0.299845709375 0.96084954375 0.29539650625 0.9135231203125 0.1880042609375 0.8459027593749999 0.1927563109375
1 0.770904459375 0.2019386 0.8194476421875001 0.31012409375 0.8872372796875 0.302870746875 0.8381120921875 0.194754190625 0.770904459375 0.2019386
1 0.5993770703125 0.22248624687500002 0.526919003125 0.2268884109375 0.5222157875 0.22729988906249998 0.5657638203124999 0.3368460296875 0.642161334375 0.327699815625 0.5993770703125 0.22248624687500002
1 0.604070759375 0.2205336234375 0.6463282671874999 0.325386159375 0.7260094500000001 0.3237050515625 0.67996783125 0.2139961921875 0.604070759375 0.2205336234375
1 0.683801221875 0.21248226250000002 0.7303443515625 0.3261310296875 0.8107581046875 0.3186548953125 0.7624037609375 0.2051808078125 0.683801221875 0.21248226250000002
1 0.4472085984375 0.23538691250000002 0.48777894374999997 0.34694992187499996 0.5662377484375 0.33762336875 0.5227892546875 0.22877446250000003 0.4472085984375 0.23538691250000002
1 0.3635972234375 0.24500211562500002 0.40373754999999995 0.3578557015625 0.48534173750000004 0.3488695375 0.44529815156249997 0.23541371875 0.3635972234375 0.24500211562500002
0 0.1193751171875 0.264251325 0.03834531875 0.2705647390625 0.0736173390625 0.40705153593750004 0.15650288437499998 0.3992496171875 0.1193751171875 0.264251325
1 0.119875428125 0.2649833234375 0.1586371859375 0.4021888171875 0.243693525 0.395452425 0.2070339421875 0.2589094875 0.119875428125 0.2649833234375
0 0.2835994859375 0.2514351 0.3283753296875 0.3901397203125 0.408025121875 0.3825556921875 0.360896228125 0.24234519062499998 0.2835994859375 0.2514351
0 0.207399540625 0.25810173125 0.24478616718750001 0.3962216765625 0.326733903125 0.3872054546875 0.2815694265625 0.2531642515625 0.207399540625 0.25810173125
1 0.8935450984375001 0.3122795265625 0.8156255171875 0.32069217499999997 0.873997684375 0.4660623828125 0.9585711453125001 0.45929417499999997 0.8935450984375001 0.3122795265625
0 0.9969088718749999 0.442837775 0.9832001187499999 0.3069597546875 0.8970995078125 0.3110409578125 0.9619232437499999 0.46531097031249996 0.9989203328125 0.465828875 0.9969088718749999 0.442837775
1 0.567179696875 0.34790540625 0.49083135312500004 0.35566822187499997 0.5392038578125 0.49863961406249996 0.623448596875 0.4881141234375 0.567179696875 0.34790540625
1 0.8126655125 0.3288206765625 0.7301262796875 0.336246528125 0.7926250203125 0.4769676109375 0.8706090890624999 0.4638348203125 0.8126655125 0.3288206765625
1 0.647602471875 0.343393353125 0.5708780296875 0.349169678125 0.6228977515625 0.48690029843750005 0.707964290625 0.4857680109375 0.647602471875 0.343393353125
0 0.6514254765625 0.34515049375 0.71013204375 0.4862093640625 0.79107431875 0.478496825 0.727245675 0.33705648125 0.6514254765625 0.34515049375
1 0.4573460171875 0.5121113187499999 0.538311734375 0.5006106859375 0.48729390625 0.355525515625 0.40892633125 0.364274809375 0.4144903390625 0.3850557078125 0.4573460171875 0.5121113187499999
1 0 0.45938324062499997 0.017362346875 0.551949540625 0.10467227187499999 0.543259859375 0.0734268984375 0.40390473125000004 0 0.40820859687500005 0 0.45938324062499997
0 0.1612178203125 0.4058803453125 0.0769136296875 0.40999259375 0.1081917828125 0.5429519421875 0.1942372828125 0.5333218343749999 0.1612178203125 0.4058803453125
0 0.3289066171875 0.3920988578125 0.246183865625 0.398266715625 0.28390166250000004 0.5266547265625 0.37007156874999997 0.5178538234375 0.3289066171875 0.3920988578125
0 0.2450082375 0.3974985828125 0.1624576859375 0.40418956718750004 0.1973527203125 0.5351513703124999 0.2831766609375 0.5297448515625 0.2450082375 0.3974985828125
0 0.40966109062499995 0.3862957703125 0.330631303125 0.393401690625 0.3703689421875 0.5171967984375 0.4539407046875 0.5111472312500001 0.40966109062499995 0.3862957703125
1 1 0.7078041546875 0.944839346875 0.5793338218749999 0.8724526687499999 0.5823338734375 0.9357564343749999 0.760484521875 1 0.7536954140625001 1 0.7078041546875
1 0.2235434484375 0.64153235625 0.13356708281250002 0.6461722015625 0.17681000156249999 0.8295035640625 0.271929871875 0.8221892296875 0.2235434484375 0.64153235625
1 0.79437536875 0.5887618625 0.85509824375 0.7710677125000001 0.9338420140625001 0.761155796875 0.868479740625 0.5839992703125 0.79437536875 0.5887618625
1 0.32167827031249996 0.6333406421875 0.3722051671875 0.814423853125 0.4653131703125 0.8067817453125 0.408854253125 0.6212894609374999 0.32167827031249996 0.6333406421875
0 0.040195389062499996 0.6579524906249999 0.07999158906250001 0.8407525796875 0.1756038609375 0.82744726875 0.131170934375 0.6477193125 0.040195389062499996 0.6579524906249999
0 0.6871152515625 0.6009661546875 0.7497817375 0.7808863953125 0.8364667796875 0.7743100125 0.7707108375 0.5926538359375 0.6871152515625 0.6009661546875
1 0.41242817187499997 0.626518446875 0.46541936718750004 0.8047573015625 0.556059378125 0.794812178125 0.500175403125 0.6223680734375 0.41242817187499997 0.626518446875
0 0.2273377890625 0.640385684375 0.2749673171875 0.8239386390625001 0.3713617703125 0.815001428125 0.31967018125 0.6386640234375001 0.2273377890625 0.640385684375
1 0.5900808390625001 0.6134844968750001 0.6562742921875 0.791586178125 0.7485575265625 0.7809934984375 0.684707253125 0.6016895390625 0.5900808390625001 0.6134844968750001
0 0.5513970203125 0.7740609921875 0.5578826515624999 0.7931413 0.6528338687499999 0.7903758109375 0.587450603125 0.6137249078125 0.5026624359375 0.6219384015625 0.5513970203125 0.7740609921875
1 0 0.11864720625 0.014263298437499999 0.17822822656249998 0.09245699843750001 0.17059934999999998 0.0663540453125 0.074800096875 0 0.0808624265625 0 0.11864720625
1 0.143297125 0.0680684484375 0.06673718125 0.0747429609375 0.0932191125 0.1717143953125 0.1714128140625 0.16408551875 0.143297125 0.0680684484375
1 1 0.7523365484375 0.9341739625000001 0.76239714375 1 0.9325435109375 1 0.7523365484375
0 0.2183669 0.06211644375000001 0.144142796875 0.067363378125 0.172131340625 0.1652437484375 0.25081703437499997 0.16082641875 0.2183669 0.06211644375000001
1 0.2931519625 0.0580403734375 0.21966354843749997 0.061742543750000003 0.25104648281249997 0.16080634375 0.3269430953125 0.1562219015625 0.2931519625 0.0580403734375
1 0.3734507609375 0.056359824999999995 0.2934630828125 0.0575874625 0.32712338750000003 0.155794996875 0.40444766093749995 0.14903 0.3734507609375 0.056359824999999995
1 0.8383842343750001 0.7760746468749999 0.751373184375 0.78317280625 0.8160610515625001 0.9581863328125 0.9095789875 0.95075211875 0.8383842343750001 0.7760746468749999
1 0.7482688125 0.7839587234375001 0.6587305546875 0.7966584875 0.7215511343750001 0.9686975171875 0.814457153125 0.9590742000000001 0.7482688125 0.7839587234375001
1 1 0.9334666734375 0.9307216359374999 0.7620157984375 0.8436597953125 0.7733052734375 0.91512016875 0.9584903375 1 0.9524387484375 1 0.9334666734375
1 0.65390825 0.795951934375 0.565591153125 0.80062229375 0.6224066453125 0.9788666296875 0.7202264015625001 0.9725511484375 0.65390825 0.795951934375
1 0.3203931640625 1 0.2692028453125 0.8258715656250001 0.180032853125 0.8331586078125 0.22031733281250002 1 0.3203931640625 1
1 0.4240384796875 1 0.3673748953125 0.818777715625 0.2726828109375 0.827444121875 0.323788425 1 0.4240384796875 1
1 0.47484052656250003 1 0.52600694375 0.99552351875 0.46584476874999997 0.8124053578125 0.3691298640625 0.8190060984375 0.424985225 1 0.47484052656250003 1
1 0.4682986390625 0.8109277875 0.5270231812499999 0.9995456968750001 0.6246406703125 0.9910052734375 0.561447203125 0.8010510453125 0.4682986390625 0.8109277875
1 0.21662538437499998 1 0.178253021875 0.8338286437500001 0.0811755171875 0.844796671875 0.1129642546875 1 0.21662538437499998 1
1 0.5935119375 0.0313624578125 0.6318698359375 0.13644315 0.7042571890625 0.12886105 0.6627027390625 0.0232066296875 0.5935119375 0.0313624578125
1 0.40435633437499996 0.1486268609375 0.477393925 0.14111945625 0.44279578124999996 0.051526309375 0.374542375 0.056264321875 0.40435633437499996 0.1486268609375
1 0.6648481859375 0.0236434421875 0.7049632046875 0.129990453125 0.779061103125 0.12481461093749999 0.7264076765625 0.020755740624999998 0.6648481859375 0.0236434421875
1 0.5176840265625 0.0444892734375 0.5548120265625001 0.1388132359375 0.6299102578125 0.1341165359375 0.590292184375 0.034537846875 0.5176840265625 0.0444892734375
1 0.5151078765625 0.04561095 0.44356236562499995 0.050373725 0.4787334703125 0.1425308328125 0.55374798125 0.13843469218749999 0.5151078765625 0.04561095
1 0.799360515625 0.0152257328125 0.854500665625 0.1194635328125 0.9249052375 0.11330393125 0.8707802375 0.012496378125 0.799360515625 0.0152257328125
0 0.7792894078125 0.1291662375 0.852559703125 0.1196333453125 0.80824041875 0.0385768671875 0.7953752875 0.015970884375 0.7320499109374999 0.022760165625000002 0.7792894078125 0.1291662375
1 0.95853245625 0.004193340625 0.8738190109374999 0.0113337359375 0.9251453312500001 0.11203389687500001 0.9675352578125 0.110823315625 0.9635288937500001 0.0613028765625 0.95853245625 0.004193340625