1 0.8931577359375 0.256518271875 0.9186057 0.37350334375 0.9915898546875 0.3817127984375 0.9627505359375 0.2638109546875 0.8931577359375 0.256518271875
1 0.8152698546874999 0.252415125 0.8452037406249999 0.37134345468749996 0.9154174578125 0.3761182328125 0.884879559375 0.25715569843749997 0.8152698546874999 0.252415125
1 0.6372150421875 0.2425693609375 0.562767215625 0.23405212656250002 0.557912284375 0.23362737500000003 0.5825241453125 0.353045565625 0.6618279375 0.3574365453125 0.6372150421875 0.2425693609375
1 0.6423368375 0.24142230781250001 0.6664790375 0.3558271546875 0.7477813125 0.368412690625 0.720663771875 0.24838127031249999 0.6423368375 0.24142230781250001
1 0.724832303125 0.24752677812499999 0.7517526718750001 0.3716621046875 0.834839521875 0.3784752203125 0.8060466046875 0.2541928421875 0.724832303125 0.24752677812499999
1 0.480211903125 0.228406796875 0.5014348578125001 0.34934541406249997 0.5828664328125 0.35392255 0.5582306453125 0.235232553125 0.480211903125 0.228406796875
1 0.393490640625 0.22319914062500001 0.414044871875 0.3453754109375 0.4986128328125 0.350863746875 0.478265009375 0.22809128906249998 0.393490640625 0.22319914062500001
0 0.14177036406250001 0.19898599687500002 0.0582659078125 0.190877778125 0.06963040781249999 0.3362575953125 0.155288440625 0.34318234687500004 0.14177036406250001 0.19898599687500002
1 0.1421476078125 0.19982152343749998 0.156930665625 0.34655974375 0.24460423750000002 0.354959571875 0.23183927343750002 0.20927357500000002 0.1421476078125 0.19982152343749998
0 0.311013878125 0.21539793281250003 0.3316416015625 0.364742625 0.4139712015625 0.3713087296875 0.3912216859375 0.22000763281250002 0.311013878125 0.21539793281250003
0 0.2323558703125 0.2085162484375 0.24557693593750002 0.355939340625 0.330499528125 0.3614586984375 0.3086399203125 0.21679528593750003 0.2323558703125 0.2085162484375
1 0.9201413875 0.3868356359375 0.8394219578125 0.3814241890625 0.8726750515624999 0.5399994359375 0.9598634578125 0.5482802015625 0.9201413875 0.3868356359375
1 1 0.39593841093750004 0.9239769078125001 0.386211615625 0.9621913921875 0.5550115234375 0.9965232734375 0.5615696359375 1 0.5218304687499999 1 0.39593841093750004
1 0.581978940625 0.3645667453125 0.5029733734375 0.35877520625 0.526491671875 0.5131122109375 0.6140201328125 0.51750613125 0.581978940625 0.3645667453125
1 0.8349543374999999 0.389174221875 0.749715834375 0.38192847812499997 0.7879980828125001 0.53650775625 0.8696300640624999 0.537121971875 0.8349543374999999 0.389174221875
1 0.6645430796875 0.374401234375 0.5855116484375 0.36651840468749997 0.6136779765625 0.5161706625 0.7003562999999999 0.5302816921875 0.6645430796875 0.374401234375
0 0.6681140828125 0.376877390625 0.7024807515625 0.5311203234375 0.7861472968750001 0.5377874328125001 0.7466421890625 0.382236740625 0.6681140828125 0.376877390625
1 0.44086095937499997 0.512148153125 0.5252310812500001 0.514960221875 0.49940295937499996 0.35799504843749996 0.4181677078125 0.3528461828125 0.420094865625 0.37501584062500004 0.44086095937499997 0.512148153125
1 0.0700014859375 0.3330175078125 0.0132776640625 0.3264051421875 0.000292375 0.47482767031249995 0.07675795937499999 0.480596978125 0.0700014859375 0.3330175078125
0 0.15889161406250002 0.3507836875 0.07245352968749999 0.3398453890625 0.080391003125 0.48091482812499997 0.16958937031250002 0.4865440859375 0.15889161406250002 0.3507836875
0 0.3318301328125 0.366833896875 0.2466308109375 0.3582735984375 0.261934853125 0.4958413828125 0.35111089375 0.5023377421874999 0.3318301328125 0.366833896875
0 0.24557354999999997 0.35728008125 0.1604554078125 0.349283634375 0.1724280984375 0.48896703124999996 0.260643346875 0.498859453125 0.24557354999999997 0.35728008125
0 0.41496312968750004 0.37541262343750004 0.3333495921875 0.36847068437499997 0.351531090625 0.5017217406250001 0.4375722578125 0.5105548984375 0.41496312968750004 0.37541262343750004
1 0.8502403609375 0.6581776734375 0.882624496875 0.85103403125 0.968668509375 0.8569984265624999 0.924364015625 0.66811054375 0.8502403609375 0.6581776734375
1 0.17996320625 0.6020459671875 0.087664346875 0.5906273453125 0.098725809375 0.7851619546874999 0.19673326093750002 0.794778815625 0.17996320625 0.6020459671875
1 0.7697167328125001 0.650715984375 0.7987316203125 0.8473424734374999 0.8805579203124999 0.8513743874999999 0.8459028 0.6591614390625 0.7697167328125001 0.650715984375
1 0.2811929703125 0.61130998125 0.3000624390625 0.8048612671875001 0.396083525 0.8137831828125 0.3719749859375 0.61467554375 0.2811929703125 0.61130998125
0 0 0.7793108984375 0.0978686828125 0.782850603125 0.084950903125 0.5917735468750001 0 0.586459946875 0 0.7793108984375
0 0.6584905375 0.643902453125 0.6899093 0.8384472859375001 0.7792098328125 0.8473023921875 0.7449619578125 0.6504346328125 0.6584905375 0.643902453125
1 0.3746697796875 0.620644065625 0.396554753125 0.8117397703125 0.490480240625 0.8178725468750001 0.464614759375 0.63216135 0.3746697796875 0.620644065625
0 0.18402613750000002 0.601558625 0.19950708281250001 0.797106134375 0.299101434375 0.8052983499999999 0.27819638750000003 0.6163730171874999 0.18402613750000002 0.601558625
1 0.55760301875 0.6392437984375 0.5929334796875 0.8325688031249999 0.6886456 0.8383367265624999 0.655912859375 0.6442073265625 0.55760301875 0.6392437984375
0 0.48946433125000005 0.7958949515625 0.49263353125 0.8164974562499999 0.589653278125 0.8307183421875 0.5548860906249999 0.6390167484375 0.4672200765625 0.6321698875 0.48946433125000005 0.7958949515625
1 0.044786820312499996 0 0.050354248437500006 0.0924855125 0.13121169375 0.098744640625 0.12219024062499999 0 0.044786820312499996 0
1 0.12259104218750001 0 0.13178633906249998 0.1000173875 0.21264378750000001 0.106276515625 0.2012921140625 0.003410746875 0.162444375 0 0.12259104218750001 0
1 0.9581655874999999 1 0.970873365625 0.8547494171875 0.8806726125000001 0.8526986171875001 0.9096186546875 1 0.9581655874999999 1
0 0.278673003125 0.010817678125 0.2022783109375 0.00284418125 0.213166375 0.1075854375 0.293947671875 0.117204721875 0.278673003125 0.010817678125
1 0.3554278421875 0.0200846921875 0.2800582171875 0.010669429687499999 0.294184521875 0.11722544374999999 0.3721605390625 0.1261739953125 0.3554278421875 0.0200846921875
1 0.4373578578125 0.032781624999999995 0.3558253859375 0.019679103125 0.37242042343750004 0.125771425 0.452239028125 0.1327546484375 0.4373578578125 0.032781624999999995
1 0.8132286343749999 1 0.7808423859375 0.84944424375 0.6911168203125 0.84106221875 0.7198683390625 1 0.8132286343749999 1
1 0.7177280265625 1 0.6878200156250001 0.841305840625 0.5945202265625 0.8381771484374999 0.62313813125 1 0.7177280265625 1
1 0.90866845625 1 0.87723155 0.8516906125 0.78670225 0.8475695156249999 0.81651974375 1 0.90866845625 1
1 0.6201804234375 1 0.5897448546875 0.836591996875 0.499127265625 0.8255022046875 0.52257555625 1 0.6201804234375 1
1 0.10134615625000001 0.789463971875 0.11244216874999999 0.9680030015625001 0.21322234375 0.976820125 0.193300309375 0.7980409734375 0.10134615625000001 0.789463971875
1 0.1965557140625 0.800267525 0.21662256875 0.97711760625 0.3172254296875 0.985919215625 0.29437091406250004 0.808430153125 0.1965557140625 0.800267525
1 0.2961139625 0.8089777421875001 0.3182428984375 0.9860082328124999 0.420761621875 0.994977459375 0.3956148109375 0.81960781875 0.2961139625 0.8089777421875001
1 0.5205675265624999 1 0.4948377609375 0.8251954078124999 0.398374453125 0.8185428234375 0.42087703125000003 0.9949875562500001 0.47816952968750004 1 0.5205675265624999 1
1 0 0.828949653125 0.0035301953125 0.9584744390625 0.10869319687500001 0.967675009375 0.09941661874999999 0.7898272140625 0 0.7836581234375 0 0.828949653125
1 0.66554859375 0.046803131250000005 0.685685671875 0.1607406671875 0.7606322296875 0.16600554218750002 0.7373486203125 0.050909906250000005 0.66554859375 0.046803131250000005
1 0.4522185296875 0.1323275484375 0.5278126890625 0.1377852046875 0.50871849375 0.040300790625 0.4384846859375 0.032880209375000004 0.4522185296875 0.1323275484375
1 0.7394512109375 0.051739909375000004 0.761147271875 0.16728285 0.8374009156250001 0.175306128125 0.8025482328125 0.059844379687500004 0.7394512109375 0.051739909375000004
1 0.5861095453125 0.0465697390625 0.6069265796875001 0.14932779375 0.6841111390625 0.1580187171875 0.6617057234375 0.0494604046875 0.5861095453125 0.0465697390625
1 0.5832894625 0.047250209375000005 0.50970459375 0.039264115625 0.5289211515625001 0.13946346406250001 0.6059128406250001 0.1487512046875 0.5832894625 0.047250209375000005
1 0.8777014078125 0.0673013671875 0.9150498828125 0.1833916296875 0.9877255703125 0.189749928125 0.9507935203125 0.0773365046875 0.8777014078125 0.0673013671875
0 0.83685213125 0.179780459375 0.9130463093750001 0.1832163390625 0.8825381562500001 0.0926845546875 0.8735164765625001 0.0673453953125 0.807924215625 0.0628989125 0.83685213125 0.179780459375
1 1 0.08086110937499999 0.954091240625 0.0766973140625 0.9881975375 0.1884991234375 1 0.1902359421875 1 0.08086110937499999