1 0.7653735390625 0.1165893734375 0.8375464156250001 0.21128430156250003 0.90693659375 0.18795114531249998 0.8313143140625 0.09385810156249999 0.7653735390625 0.1165893734375
1 0.693279325 0.14568727343750001 0.7703220515625 0.240244365625 0.8357652609375 0.214982884375 0.75816245 0.12064929531249999 0.693279325 0.14568727343750001
1 0.5282732453125 0.211786521875 0.45743129531250004 0.23545863749999998 0.45286645 0.23712010625 0.525306840625 0.3343594515625 0.5988012890625 0.304924728125 0.5282732453125 0.211786521875
1 0.53241839375 0.20859640937499999 0.6023268093749999 0.3015162125 0.6810718812500001 0.278623759375 0.606109884375 0.1818868890625 0.53241839375 0.20859640937499999
1 0.6095167828125 0.179361765625 0.68602595625 0.27987949843750004 0.7639565625 0.251034378125 0.6856937796875 0.1511725890625 0.6095167828125 0.179361765625
1 0.3804718625 0.2651321921875 0.45048968125 0.365168440625 0.5259847765625 0.335005540625 0.453828909375 0.2384324109375 0.3804718625 0.2651321921875
1 0.299932628125 0.2969542046875 0.3698665953125 0.3983872171875 0.448578390625 0.3677247671875 0.378580265625 0.26566765000000003 0.299932628125 0.2969542046875
0 0 0.438186675 0.0548659109375 0.5351888984375 0.13516643281250001 0.505361759375 0.0623319875 0.381124853125 0 0.4031431515625 0 0.438186675
1 0.06302407812500001 0.3817188671875 0.1380700140625 0.507713509375 0.22081164375 0.47836684375000005 0.148031353125 0.3524705828125 0.06302407812500001 0.3817188671875
0 0.22213781406250002 0.324652121875 0.30356 0.45053441406249994 0.3807026109375 0.421785565625 0.296540965625 0.29503383906249997 0.22213781406250002 0.324652121875
0 0.1481796984375 0.351570675 0.222102346875 0.4788401078125 0.3011475859375 0.44805629375 0.2205804765625 0.32691077968750004 0.1481796984375 0.351570675
1 0.8445388625 0.222650815625 0.7693364171875 0.251762103125 0.866045821875 0.380645653125 0.9482990656249999 0.35139598437499997 0.8445388625 0.222650815625
1 0.95323218125 0.3564810875 0.9776073453125 0.350313196875 0.921745865625 0.1968350421875 0.8477417890625001 0.2204735734375 0.95323218125 0.3564810875
1 0.529657859375 0.3449702234375 0.45584404218749996 0.373017396875 0.541976578125 0.50218094375 0.6229029890625 0.46928583437500004 0.529657859375 0.3449702234375
1 0.768558240625 0.260626415625 0.6885018046875 0.2899876796875 0.7880749515625001 0.413153096875 0.8620850640625 0.3793350078125 0.768558240625 0.260626415625
1 0.6083864234374999 0.3190676125 0.533670040625 0.3452413109375 0.622032421875 0.46822657031250003 0.7062759093750001 0.444445059375 0.6083864234374999 0.3190676125
1 0.6126537078125 0.3197951765625 0.7085478515625 0.4443062015625 0.7869408124999999 0.41508543593749997 0.685854459375 0.29155961406249997 0.6126537078125 0.3197951765625
1 0.4642066625 0.5373674890625 0.5416145921875 0.504376878125 0.45229030000000003 0.3738177734375 0.37673221875 0.40338284843750005 0.3877936453125 0.422547478125 0.4642066625 0.5373674890625
1 0 0.5881634906250001 0.0384435734375 0.6937863390625 0.1219868515625 0.662245446875 0.053839009375 0.5321131609374999 0 0.54997616875 0 0.5881634906250001
0 0.1416174484375 0.5106938453125001 0.058924849999999994 0.5372330078124999 0.12540281874999998 0.6610021359375 0.2083572828125 0.6285170109375 0.1416174484375 0.5106938453125001
0 0.30460951875000003 0.4523393828125 0.2240358328125 0.480499665625 0.29569713750000004 0.5980118796875 0.3789959671875 0.5663174625 0.30460951875000003 0.4523393828125
0 0.2226629484375 0.4800496140625 0.1423996515625 0.5086837765625 0.2119406078125 0.62950495625 0.295799125 0.601275121875 0.2226629484375 0.4800496140625
1 0.383324096875 0.425065740625 0.306670421875 0.45317444062499995 0.37911662968750004 0.565585484375 0.460565609375 0.5373166015625 0.383324096875 0.425065740625
1 1 0.5166899093749999 0.9666040796875001 0.47431685 0.8954598656250001 0.49657690781249997 1 0.648303003125 1 0.5166899093749999
1 0.26628762031250003 0.7282225375 0.178098065625 0.7567966078125 0.26987564218750004 0.927425390625 0.362465253125 0.8948242078125 0.26628762031250003 0.7282225375
1 1 0.652131665625 0.8919546015625001 0.49928968281249997 0.8195723828125001 0.5237583734375 0.9284497484375 0.6887126796875 1 0.659551971875 1 0.652131665625
1 0.36164015 0.693946646875 0.46005861406250004 0.86040180625 0.5505614453125001 0.8280108078125 0.44507371406249996 0.658755009375 0.36164015 0.693946646875
0 0.08843467656250001 0.793369265625 0.1766452546875 0.96438820625 0.268129546875 0.9257036328125 0.17612842812500001 0.7589719046875001 0.08843467656250001 0.793369265625
1 0.7162186015625001 0.564451321875 0.826392646875 0.7265177828125 0.9107955859375 0.6968963031250001 0.79708895 0.5339279734375 0.7162186015625001 0.564451321875
1 0.4500175890625 0.662998315625 0.55012811875 0.82597116875 0.6375650687500001 0.7919493656250001 0.536121965625 0.635504259375 0.4500175890625 0.662998315625
0 0.26975346718750004 0.7260726984375 0.3659497359375 0.8957533156249999 0.45937412968749997 0.8612002765625 0.3610613734375 0.6997704437500001 0.26975346718750004 0.7260726984375
1 0.6231114125 0.6027327859375 0.736306725 0.7620530734375001 0.825204453125 0.72695025 0.714017921875 0.5658113734375 0.6231114125 0.6027327859375
0 0.627407671875 0.7725741125 0.6389323984375 0.78980368125 0.73256521875 0.7617668515625 0.6205612984375 0.6036721765624999 0.538479375 0.6344149703124999 0.627407671875 0.7725741125
1 0 0.2761050109375 0.01170455 0.296152571875 0.0873880625 0.26774698125 0.0338866 0.1798390015625 0 0.1921609734375 0 0.2761050109375
0 0.1069116984375 0.1539314625 0.034539409375 0.178913253125 0.088410484375 0.26870635 0.1654378328125 0.24336050468749998 0.1069116984375 0.1539314625
1 0.18015317343749998 0.1299635609375 0.10810086875 0.15321463125 0.16566053125 0.2432794484375 0.23987141875 0.2185104125 0.18015317343749998 0.1299635609375
1 0.2595122203125 0.10690716874999999 0.1803418265625 0.1294307140625 0.2399369703125 0.2180382484375 0.3149863359375 0.1907225125 0.2595122203125 0.10690716874999999
1 1 0.81261261875 0.9131709984375 0.6981388359375 0.8285829390625 0.728365546875 0.9322109609375 0.8747769625 1 0.85010376875 1 0.81261261875
1 0.74009809375 0.7664383921875 0.8397593828125001 0.908426584375 0.9302989921875 0.8754728609375 0.8257068046875 0.7299732 0.74009809375 0.7664383921875
1 1 0.66007209375 0.9176770453125 0.6939822796875 1 0.8068488640625 1 0.66007209375
1 0.6485849499999999 0.7951832328124999 0.7436785171875 0.943397159375 0.837021828125 0.909422971875 0.7351172859374999 0.767020775 0.6485849499999999 0.7951832328124999
1 0.42222499999999996 1 0.360735128125 0.89920905 0.27405164375 0.9301984328125 0.312073115625 1 0.42222499999999996 1
1 0.5413401296875 1 0.456416890625 0.866014009375 0.3646123421875 0.8998445890625 0.42599157187500003 1 0.5413401296875 1
1 0.5881634890624999 1 0.6474263 0.9784301015624999 0.5525866984375 0.833456475 0.45822188906249994 0.8657735000000001 0.5426004437499999 1 0.5881634890624999 1
1 0.554632215625 0.8313348968750001 0.6475788671875 0.978374571875 0.7417781953125 0.9440888203125001 0.6445805375 0.7967129078124999 0.554632215625 0.8313348968750001
1 0.3089779265625 1 0.2724610796875 0.9313381749999999 0.1788983953125 0.968090825 0.1948616875 1 0.3089779265625 1
1 0.5304576796875 0 0.4715700265625 0.023460525 0.537663478125 0.11764563125000001 0.6075887 0.09083296874999999 0.5404358140625 0 0.5304576796875 0
1 0.31478826249999997 0.1903463046875 0.3853796140625 0.1634346734375 0.3271453953125 0.0836356140625 0.26057172031250003 0.10652154375 0.31478826249999997 0.1903463046875
1 0.542717121875 0 0.6085910125 0.09176703124999999 0.6808567984375 0.0668894859375 0.62095331875 0 0.542717121875 0
1 0.399701259375 0.056698409375 0.46170908906249997 0.1405238984375 0.535096609375 0.11585597031249999 0.46921525312499995 0.02747293125 0.399701259375 0.056698409375
1 0.397439478125 0.058498962499999994 0.32760047812500004 0.0822863109375 0.3870866296875 0.164480153125 0.46055080625 0.14043119843750002 0.397439478125 0.058498962499999994
1 0.7158829171875001 0 0.754409371875 0.0414805015625 0.8227426171875001 0.016609234375 0.8071240015625 0 0.7158829171875001 0
1 0.624736434375 0 0.682242034375 0.0711521703125 0.7525255140625 0.0421661703125 0.7122643421875 0 0.624736434375 0