1 0.8844189078125 0.21957278906250002 0.9215924078125 0.331963996875 0.9943308906249999 0.3324911921875 0.95372205 0.2195491671875 0.8844189078125 0.21957278906250002
1 0.807275275 0.2235898921875 0.8490684906249999 0.3374280328125 0.918722640625 0.3348645765625 0.8763309359375 0.2210552453125 0.807275275 0.2235898921875
0 0.630873634375 0.23231516718749998 0.5566615921875 0.23163665937500003 0.5518355609375 0.23172089843750002 0.5884373234375 0.34659082343750003 0.6670054078125001 0.34271035625 0.630873634375 0.23231516718749998
1 0.6357998515625 0.23065791875000002 0.6714201421875 0.34064718437499997 0.752804815625 0.3446171640625 0.7136715109375 0.229403315625 0.6357998515625 0.23065791875000002
1 0.7176890484375 0.22813225625000003 0.7570528734375 0.34740151875 0.8395979234375 0.3455114765625 0.7983744296874999 0.2262912 0.7176890484375 0.22813225625000003
1 0.4747609671875 0.23461994375 0.5081820390625 0.35133509531249996 0.5888652390625 0.34741770625 0.5523152734375001 0.23326622968750002 0.4747609671875 0.23461994375
1 0.3888022078125 0.238464196875 0.42169268437499996 0.356465359375 0.50555950625 0.353119665625 0.47281063906250004 0.234510984375 0.3888022078125 0.238464196875
0 0.1383536828125 0.2406781234375 0.055263259375 0.24133796406250002 0.0815033875 0.383103221875 0.1665925828125 0.3810571578125 0.1383536828125 0.2406781234375
0 0.1388117375 0.24146063125 0.16855970781250001 0.3842081140625 0.255786859375 0.38340401874999996 0.22813559687499999 0.24148248749999998 0.1388117375 0.24146063125
0 0.30675583125 0.23931966249999997 0.3425305078125 0.384025703125 0.42430410625 0.38197107343750003 0.3862369984375 0.2355607953125 0.30675583125 0.23931966249999997
0 0.22856606249999997 0.24068446875 0.2568463609375 0.38426679531249996 0.341065703125 0.380914946875 0.30456211875 0.2409389640625 0.22856606249999997 0.24068446875
1 0.9244848812500001 0.34491379843750003 0.8444167921875 0.3479372609375 0.8935826875 0.5004138421875 0.9803196328125001 0.49954283593750004 0.9244848812500001 0.34491379843750003
1 1 0.4956365734375 0.9973786234375 0.3454579859375 0.92819825625 0.3439037671875 0.9833092921875 0.5059205515625 1 0.5073232984375 1 0.4956365734375
1 0.58909269375 0.35797501249999997 0.5106734078125 0.360447596875 0.549811965625 0.5097633640625 0.6364815890625 0.505035590625 0.58909269375 0.35797501249999997
1 0.8408183140625001 0.3560190578125 0.7561091296875 0.35770615 0.809815140625 0.505733953125 0.89028559375 0.497899434375 0.8408183140625001 0.3560190578125
1 0.6714355750000001 0.359109671875 0.592774371875 0.3595287359375 0.636006353125 0.503757903125 0.722844278125 0.5086720437500001 0.6714355750000001 0.359109671875
1 0.6752092578125 0.3611751328125 0.7250236390625 0.50927699375 0.8081245734375001 0.5071834703125 0.7531135171875001 0.35832696875000003 0.6752092578125 0.3611751328125
1 0.4653665828125 0.517667265625 0.5487615531250001 0.5117106687499999 0.5070758328125 0.3600496125 0.42652684062499996 0.3633845703125 0.4307195390625 0.3849829609375 0.4653665828125 0.517667265625
1 0 0.4080580484375 0.013797656250000002 0.52691960625 0.10346247187499999 0.5242834890625 0.081533559375 0.379879153125 0 0.3789597359375 0 0.4080580484375
0 0.1709283875 0.3881584640625 0.08465546093750001 0.38633897500000003 0.10707388749999999 0.5242204515625 0.195516209375 0.5205346625 0.1709283875 0.3881584640625
1 0.34293264843750004 0.3860623890625 0.25812600625000004 0.386452940625 0.2874380421875 0.5201300296875 0.37594811250000004 0.5172991015624999 0.34293264843750004 0.3860623890625
0 0.2569817890625 0.38558538593749997 0.1723134640625 0.38652193437500004 0.1985631 0.5226235015625 0.286478275 0.5232309578125001 0.2569817890625 0.38558538593749997
1 0.42570588281250005 0.38590355781249996 0.3445987046875 0.3875146390625 0.37629825 0.51665 0.4619623421875 0.5164407078125001 0.42570588281250005 0.38590355781249996
1 1 0.742132665625 0.9577548703125001 0.621031796875 0.883715621875 0.6189279 0.9355735468749999 0.80520010625 1 0.8029132921875 1 0.742132665625
1 0.217688303125 0.6330258078125001 0.12559284531249998 0.6313398953125 0.15662179062499998 0.8214663453125001 0.25415369375 0.8207906296875 0.217688303125 0.6330258078125001
1 0.8036282046875 0.6199152890625 0.8525576375 0.8102426390625 0.9335732109375 0.805748375 0.8795449734374999 0.6203435359375 0.8036282046875 0.6199152890625
1 0.31835764218749996 0.6316700703125 0.35697564531250003 0.8200225765625 0.45247906875000005 0.8188689124999999 0.4081255625 0.625594875 0.31835764218749996 0.6316700703125
0 0.0295253953125 0.6366966640625 0.05707700624999999 0.8260351734375 0.15553831406250002 0.819282384375 0.12303875156249999 0.6327473515625 0.0295253953125 0.6366966640625
1 0.693366071875 0.6247137281249999 0.7444478640625001 0.8127458671875001 0.8333246781250001 0.8122212265625001 0.7792158203125 0.6221975984375 0.693366071875 0.6247137281249999
1 0.5425657937499999 0.7892613953125001 0.5478197 0.8091905390624999 0.6448552203125 0.8131436843750001 0.5907695171875 0.628253203125 0.503710534375 0.6305834203125 0.5425657937499999 0.7892613953125001
1 0.41139762968750004 0.631184665625 0.452731740625 0.8168110796875 0.5458823500000001 0.8131317093750001 0.5011847421875 0.6332109109374999 0.41139762968750004 0.631184665625
0 0.22163982187500003 0.632126653125 0.2571267546875 0.82279215625 0.35607429687500003 0.8205516640624999 0.31593003125 0.6369579 0.22163982187500003 0.632126653125
0 0.5935104796874999 0.6305621593749999 0.6483190140625 0.8169905796875 0.7431916859375 0.81276779375 0.6908586328124999 0.6252799453125 0.5935104796874999 0.6305621593749999
1 0.097788659375 0.043610315625 0.020598150000000003 0.045254618749999996 0.0372871609375 0.1454147765625 0.11757892656249999 0.143210503125 0.097788659375 0.043610315625
1 0.176740965625 0.0422321984375 0.0981834828125 0.0435793609375 0.1182766734375 0.1444024875 0.198568440625 0.1421982140625 0.176740965625 0.0422321984375
1 1 0.801608353125 0.933823234375 0.807038525 0.9907327125000001 0.9915103921874999 1 0.99134863125 1 0.801608353125
0 0.2537271421875 0.0415158421875 0.1776537265625 0.0415731953125 0.19921865156250002 0.1434311484375 0.2797831734375 0.1445385109375 0.2537271421875 0.0415158421875
1 0.330289175 0.0426930671875 0.2550762234375 0.0412268890625 0.2800186140625 0.1445344015625 0.3577505390625 0.1452722734375 0.330289175 0.0426930671875
1 0.41230369843750003 0.046707684375 0.330638775 0.0422531890625 0.35796485625 0.14484959375 0.4373083125 0.1434646484375 0.41230369843750003 0.046707684375
1 0.7459078953125 0.815192090625 0.7983805921875 0.9948679109375 0.8939131187499999 0.9932003843749999 0.8351544046875 0.8141583750000001 0.7459078953125 0.815192090625
1 0.6504623890625 0.82234078125 0.7006032609374999 0.9965746203125001 0.796426459375 0.9949020203125001 0.7426857828125 0.8157724203125 0.6504623890625 0.82234078125
1 0.8407322984375 0.8117093656250001 0.8965365296875 0.9931545937499999 0.9904636078125 0.991515090625 0.930329490625 0.8064031453125 0.8407322984375 0.8117093656250001
1 0.5551892421875 0.8197394703124999 0.5986494484375 0.9983542312499999 0.697792634375 0.99662368125 0.645594628125 0.8212758671874999 0.5551892421875 0.8197394703124999
1 0.289658853125 1 0.25110988125 0.824352909375 0.159648053125 0.8254252953125001 0.1890857359375 1 0.289658853125 1
1 0.3935060734375 1 0.3517389 0.824119909375 0.2545468703125 0.8262055796875 0.2930559765625 1 0.3935060734375 1
1 0.49693685624999995 1 0.45262021093750004 0.8246442484375001 0.3535124625 0.8244781281250001 0.394506990625 1 0.49693685624999995 1
1 0.50436345625 1 0.5967534078125001 0.9983873265625001 0.550932359375 0.8198812328124999 0.45522821718750006 0.823311859375 0.4969606515625 1 0.50436345625 1
1 0.185346946875 1 0.15778506718750002 0.8259819015625001 0.0579960796875 0.830245571875 0.0805644796875 1 0.185346946875 1
1 0.6385210140625001 0.03690544375 0.670147925 0.1468492546875 0.7445146109375 0.1442784296875 0.70966853125 0.033521215625 0.6385210140625001 0.03690544375
1 0.43724391875 0.1430468375 0.5122684390625001 0.1405986125 0.4833715859375 0.046724 0.41342381875 0.0466881328125 0.43724391875 0.1430468375
1 0.7118254687500001 0.034119940625 0.74515411875 0.1454810609375 0.8210937546875 0.1454872328125 0.7748143359374999 0.0355659609375 0.7118254687500001 0.034119940625
1 0.5602499984375 0.0448877046875 0.59138963125 0.143769365625 0.6683153109375 0.144335746875 0.6350108328124999 0.0399153640625 0.5602499984375 0.0448877046875
1 0.5575426609374999 0.045848273437499996 0.48423559374999997 0.045602787500000005 0.513533959375 0.142134125 0.59033143125 0.14330724374999998 0.5575426609374999 0.045848273437499996
1 0.8496114109375 0.035129103125 0.898414215625 0.145410346875 0.970657275 0.1441493390625 0.9226451828125001 0.037440184375000005 0.8496114109375 0.035129103125
1 0.82101628125 0.149943203125 0.8964225671875001 0.1454451109375 0.857002621875 0.0595863234375 0.8454938406249999 0.0356049953125 0.7804257703124999 0.038013509375 0.82101628125 0.149943203125
1 0.9709927046875 0.14287073749999998 0.9938589359375 0.14381527031250002 0.9919687500000001 0.03552654375 0.9258272578125 0.036470828125 0.9709927046875 0.14287073749999998