1 0.7963074906250001 0.13595117968749998 0.8591854874999999 0.235451871875 0.9294422703125 0.21847606874999997 0.8631196203125 0.119269709375 0.7963074906250001 0.13595117968749998
1 0.72289674375 0.15837025625 0.790576871875 0.2581565015625 0.8571164203125001 0.2389401984375 0.788866196875 0.139325609375 0.72289674375 0.15837025625
1 0.5549201828125 0.2091908765625 0.483206284375 0.2263749 0.4785735890625 0.2276162265625 0.54149665 0.329645840625 0.616313634375 0.3070161921875 0.5549201828125 0.2091908765625
1 0.55927105625 0.2064078109375 0.6200737171874999 0.303964434375 0.6994948421875 0.2882319453125 0.6340482890625 0.18647902656249998 0.55927105625 0.2064078109375
1 0.637615975 0.184286984375 0.7042603828125 0.2898971984375 0.783390540625 0.2682319734375 0.7149649421875 0.1631160375 0.637615975 0.184286984375
1 0.40496043437499996 0.24893999218750001 0.465260771875 0.3535144546875 0.542108140625 0.33034076562500003 0.479407853125 0.22899186562499999 0.40496043437499996 0.24893999218750001
1 0.32300910625 0.2733112265625 0.3831072453125 0.3792539875 0.463161596875 0.355866615625 0.4030538375 0.2493036765625 0.32300910625 0.2733112265625
0 0.08207469375000001 0.3356485828125 0.002122771875 0.35625799062499997 0.0615259109375 0.48672717656250003 0.143071446875 0.4642998734375 0.08207469375000001 0.3356485828125
1 0.0827045671875 0.3362934515625 0.14572604375 0.4668671015625 0.2296316390625 0.44512415625 0.1688303765625 0.3148433953125 0.0827045671875 0.3362934515625
0 0.24411085 0.2938584125 0.31341406875 0.4248730375 0.39176085 0.40323445468749997 0.3198374265625 0.2711266046875 0.24411085 0.2938584125
0 0.16905342968749998 0.3139699875 0.2308607015625 0.445701896875 0.31125345000000004 0.42222384843749994 0.2423853578125 0.29594804375 0.16905342968749998 0.3139699875
1 0.8650895265624999 0.24725070312500003 0.7886201625 0.26941406562500003 0.8727037015624999 0.404706890625 0.9561205765624999 0.3830172203125 0.8650895265624999 0.24725070312500003
0 0.9605372875 0.3884518703125 0.9866180140624999 0.3842315015625 0.9447978921875 0.2281566796875 0.8684267531250001 0.24538361250000001 0.9605372875 0.3884518703125
1 0.5448671765624999 0.34047189218749996 0.4698549640625 0.3617074328125 0.5435103734375 0.496360984375 0.62593453125 0.47096644374999996 0.5448671765624999 0.34047189218749996
1 0.7870949453125 0.278076446875 0.7058294359375 0.300066065625 0.7932200453125 0.4299753375 0.8689199625 0.403073496875 0.7870949453125 0.278076446875
1 0.624530059375 0.3217735296875 0.5487905984375 0.3410859625 0.6251689687499999 0.46984795312500005 0.710074915625 0.45371558125 0.624530059375 0.3217735296875
0 0.62866529375 0.3228592125 0.712321653125 0.45377537968750004 0.7919388109375001 0.4317802171875 0.7030906 0.3013851078125 0.62866529375 0.3228592125
1 0.46399476718750005 0.524285234375 0.542966090625 0.49849225625000004 0.4662906609375 0.3621882171875 0.389432575 0.3847677109375 0.3986707734375 0.4045982515625 0.46399476718750005 0.524285234375
1 0 0.559769584375 0.0308456859375 0.6417574625 0.1166608046875 0.6176610078125 0.060779396875 0.4836093078125 0 0.49803606875 0 0.559769584375
0 0.14896009999999998 0.470109075 0.0653433625 0.4890913890625 0.12012754375000001 0.6167320984375 0.20451149218750003 0.5919167671875 0.14896009999999998 0.470109075
0 0.314291746875 0.42674139218749996 0.2326203703125 0.44750351874999994 0.293039509375 0.5694307484375 0.377694428125 0.545423909375 0.314291746875 0.42674139218749996
0 0.2313084828125 0.4469415328125 0.1499018109375 0.468197196875 0.207951621875 0.5931997078125 0.2928601421875 0.572653259375 0.2313084828125 0.4469415328125
0 0.39405838125 0.40669160625 0.31624742031249997 0.427742059375 0.37787585625000003 0.5447134859375 0.46041753906249994 0.523920128125 0.39405838125 0.40669160625
1 1 0.56125328125 0.963591246875 0.5056550484375 0.891701046875 0.5214223046875001 0.9865101828125 0.6886744140625 1 0.6847977125 1 0.56125328125
1 0.25295010156250003 0.695119828125 0.163751771875 0.7156306031249999 0.23940609687499997 0.8916080765625001 0.3332777828125 0.867511996875 0.25295010156250003 0.695119828125
1 0.8147232328125 0.5416258890625001 0.9076844328125 0.7134943765624999 0.984713478125 0.68968421875 0.8880205203125 0.5237906390625 0.8147232328125 0.5416258890625001
1 0.34968311875 0.669613496875 0.43222759374999997 0.8420552375 0.524028565625 0.8179856203125 0.4347703171875 0.6421742015625 0.34968311875 0.669613496875
0 0.07241812812500001 0.7438909984375 0.14453026875 0.9199441203125 0.2378360859375 0.8897614078125 0.1616278578125 0.717602471875 0.07241812812500001 0.7438909984375
0 0.7095696359375 0.5727596328125 0.8040538546875 0.7418963078125 0.889617184375 0.7200264453125 0.7917353671875 0.5496959875 0.7095696359375 0.5727596328125
1 0.43926976093750003 0.6467807718749999 0.5237771296875 0.8159394671875001 0.6127020640625 0.789998578125 0.5263244 0.6271532171875001 0.43926976093750003 0.6467807718749999
0 0.25654360625 0.6933024718749999 0.336625725 0.8687284421875001 0.43148585156249997 0.842782365625 0.34861464531249997 0.6752987874999999 0.25654360625 0.6933024718749999
1 0.614701975 0.6024049578125 0.712393490625 0.7690985359375 0.8028480015625 0.7422194140625 0.70728833125 0.5739086484375 0.614701975 0.6024049578125
0 0.6043711828125 0.7700388203124999 0.61423096875 0.7880037671875 0.708737621875 0.7684929781250001 0.612112996875 0.6031094703125001 0.5287366718750001 0.6262844140625 0.6043711828125 0.7700388203124999
1 0 0.257361475 0.0385974734375 0.246604496875 0 0.164696065625 0 0.257361475
1 0 0.1637664953125 0.0395569484375 0.24758681562499998 0.11643904062499999 0.2261600484375 0.071345821875 0.134958528125 0 0.154052153125 0 0.1637664953125
0 0.1453988109375 0.115761896875 0.0720673140625 0.13410331250000002 0.1173625375 0.2271933015625 0.195304271875 0.208896071875 0.1453988109375 0.115761896875
1 0.2194983984375 0.09849416875 0.1466299984375 0.115158828125 0.19553027812499998 0.2088355140625 0.2706521109375 0.19086268125 0.2194983984375 0.09849416875
1 0.2995375234375 0.0826533453125 0.219729640625 0.097985734375 0.27075706093749996 0.1904033578125 0.34692195 0.1699950375 0.2995375234375 0.0826533453125
1 0.8918473062500001 0.721455609375 0.8060500078124999 0.743905496875 0.9016896187500001 0.907771821875 0.9939374437499999 0.8838381296875 0.8918473062500001 0.721455609375
1 0.8158746171875 0.9329997421874999 0.9002418453125 0.9089437890625 0.8030830531250001 0.7452399187500001 0.7157470796875 0.77374525625 0.808933771875 0.9348595359375 0.8158746171875 0.9329997421874999
1 1 0.7203287390625001 0.9817435968750001 0.69109565625 0.896636015625 0.7177519953125 0.9971245515625 0.88443396875 1 0.8836634953125 1 0.7203287390625001
1 0.623264803125 0.7941366796875 0.7108240125 0.9611479656249999 0.8062892187499999 0.9355681421875 0.7107977015625 0.7738879 0.623264803125 0.7941366796875
1 0.39481625625 1 0.33120009375000004 0.8716805765625001 0.24327622343750002 0.894700278125 0.2892051109375 1 0.39481625625 1
1 0.5071660140625001 1 0.4281643296875 0.847267165625 0.3349595140625 0.8726418875 0.39841848281250003 1 0.5071660140625001 1
1 0.5658262484375001 1 0.6132682890625001 0.98728794375 0.5255540015625 0.8235238 0.4299604625 0.847186459375 0.5082868203124999 1 0.5658262484375001 1
1 0.52774795 0.8216113999999999 0.6131995828125001 0.987306353125 0.7090762484375001 0.9616162781250001 0.6191946828125 0.7952967 0.52774795 0.8216113999999999
1 0.2858811390625 1 0.24161395 0.8956851109375 0.146429265625 0.9237854328124999 0.176556025 1 0.2858811390625 1
1 0.577914703125 0 0.5152842015625 0.018819259375 0.5722257578125001 0.11729193125 0.643307071875 0.0969357484375 0.584012940625 0 0.577914703125 0
1 0.34675935625 0.16960740624999998 0.41850440468750005 0.14921138437499998 0.36806071875 0.06558620937500001 0.300612771875 0.082365234375 0.34675935625 0.16960740624999998
1 0.58617195 0 0.644212959375 0.0979423390625 0.7174307546875001 0.0796943703125 0.6577720109375 0 0.58617195 0
1 0.4417403875 0.0453349546875 0.4955509546875 0.133251875 0.5698542 0.1153073859375 0.5126239906250001 0.02256701875 0.4417403875 0.0453349546875
1 0.43936122187500004 0.046912496875 0.36862401562499997 0.0642967671875 0.420093934375 0.1503886625 0.49441953125 0.1330603796875 0.43936122187500004 0.046912496875
1 0.74452045 0 0.7919598734375 0.0610343546875 0.8613088156250001 0.0424523609375 0.8278901031249999 0 0.74452045 0
0 0.66193065625 0 0.7184280171874999 0.0840121625 0.7900480125 0.061546635937500004 0.74083460625 0 0.66193065625 0
1 0.8303398859375 0 0.861324628125 0.0411381234375 0.8929424046875001 0.034629367187499996 0.88366349375 0 0.8303398859375 0