1 1 0.331425453125 0.979961309375 0.26015860156250004 0.907829715625 0.25513428125000004 0.9383144906249999 0.3752993109375 1 0.380068575 1 0.331425453125
1 0.827246290625 0.253712221875 0.86243358125 0.3757259625 0.93511591875 0.37812155000000003 0.8993036265625 0.2560943140625 0.827246290625 0.253712221875
0 0.643012621875 0.2499791984375 0.56582315625 0.2438634703125 0.5607941328125 0.243599909375 0.590502896875 0.366313721875 0.672558896875 0.36798235 0.643012621875 0.2499791984375
1 0.6482607515625001 0.2486061484375 0.6773043171875 0.36614782031250004 0.7617186796875 0.376225925 0.7294002265625 0.25296825625 0.6482607515625001 0.2486061484375
1 0.7336744203125 0.251932603125 0.7659367390625 0.3794452625 0.85198660625 0.383483765625 0.81778519375 0.2558868171875 0.7336744203125 0.251932603125
1 0.4803641859375 0.241014428125 0.50662781875 0.36542490625 0.5908879 0.3672090484375 0.561180596875 0.2452498359375 0.4803641859375 0.241014428125
1 0.3906187046875 0.2387695109375 0.416236215625 0.36448530468749996 0.5037680390625 0.367098846875 0.4783422625 0.2407584703125 0.3906187046875 0.2387695109375
0 0.12979328437499998 0.22283705625 0.0432656046875 0.21747317187499998 0.060226648437499995 0.36753963125 0.148935825 0.37160043125 0.12979328437499998 0.22283705625
0 0.1302128953125 0.2236882046875 0.15075315625000002 0.3750367171875 0.24159682187499998 0.380551225 0.22317849218750002 0.23021864218750002 0.1302128953125 0.2236882046875
0 0.305163375 0.23368613124999998 0.331833178125 0.3875205453125 0.41709214687499996 0.391330840625 0.38816082500000004 0.235548365625 0.305163375 0.23368613124999998
0 0.22368477343749998 0.22941601875 0.24263655312500002 0.3815300765625 0.330535721875 0.38416286875 0.302761971875 0.23521859531249997 0.22368477343749998 0.22941601875
1 0.9403795609375001 0.3890435015625 0.8568249375000001 0.38636995937499996 0.89686488125 0.54930074375 0.9872032328125 0.5547096093749999 0.9403795609375001 0.3890435015625
1 1 0.3934203890625 0.94431813125 0.3882584796875 0.9898492375 0.5615925828125 0.9973968125000001 0.5627647484375 1 0.5130929671875 1 0.3934203890625
1 0.5903539125 0.3782587515625 0.5085555609375 0.3751296234375 0.5383899203125 0.5340266031249999 0.6289397609375 0.5353999671875 0.5903539125 0.3782587515625
1 0.8524896859375 0.39455384531250004 0.7642022265625 0.3901455796875 0.8092922437500001 0.548757840625 0.8936168656250001 0.5464328015625 0.8524896859375 0.39455384531250004
1 0.675972553125 0.38544355625 0.5940723296875 0.380150728125 0.6285384171875 0.534030071875 0.7185595296875 0.5454921828125 0.675972553125 0.38544355625
0 0.6797493703125 0.3878770375 0.7207836203125 0.5462831734375 0.8074269015625 0.5501495249999999 0.7610391062499999 0.3905761359375 0.6797493703125 0.3878770375
1 0.44992317656249997 0.5361345625 0.5371545046875 0.5359851484375 0.5048403015625 0.3744516046875 0.42076242031250005 0.372068559375 0.42354937187499997 0.394945865625 0.44992317656249997 0.5361345625
1 0 0.513743115625 0.07277474375000001 0.5166828406249999 0.060493420312500004 0.3641724484375 0.0066618531250000005 0.3597913046875 0 0.4869070328125 0 0.513743115625
0 0.15293005937499998 0.3793376828125 0.06327106875 0.371150865625 0.0765380640625 0.51688006875 0.16885683906249999 0.5194715296875 0.15293005937499998 0.3793376828125
1 0.3321030359375 0.389678325 0.24380879531250002 0.3839079796875 0.2645575109375 0.5257455296875 0.35688438906250003 0.529235315625 0.3321030359375 0.389678325
0 0.24268124375000003 0.3829179640625 0.1544911015625 0.3777283 0.1718755125 0.5218764921875 0.26333221875 0.5289162953125001 0.24268124375000003 0.3829179640625
1 0.4182640125 0.3955426921875 0.333731028125 0.391317409375 0.3572961953125 0.5285824671875 0.44646962500000004 0.534604709375 0.4182640125 0.3955426921875
1 0.9853516796875 0.7925995718750001 0.954848978125 0.6800302671875 0.877943415625 0.6724374953125001 0.9183179906250001 0.8708832328125 0.9811361765625 0.8730361656250001 0.9853516796875 0.7925995718750001
1 0.1837210359375 0.6386480890625 0.0879922765625 0.6301766734375 0.10640692812500001 0.831132896875 0.20796628125 0.8375323109374999 0.1837210359375 0.6386480890625
1 0.7945173171875 0.6676347015624999 0.8315479140625 0.8701050015625 0.9161960406249999 0.8713104812499999 0.8734993093750001 0.673613084375 0.7945173171875 0.6676347015624999
1 0.28859543906249996 0.6445654078125 0.3150381953125 0.844220625 0.4145212265625 0.849972765625 0.38246831718749996 0.6447563421875 0.28859543906249996 0.6445654078125
0 0 0.79543803125 0.002468378125 0.8286554171875 0.10543869531250001 0.8287715671875 0.08523125468750001 0.6314614890625 0 0.6291166984375 0 0.79543803125
1 0.6794075187499999 0.66461638125 0.718845821875 0.864844828125 0.8113860374999999 0.8707715687500001 0.768942584375 0.6682413375 0.6794075187499999 0.66461638125
1 0.3854657703125 0.6508364546875 0.41493443125 0.84784059375 0.5121530703125 0.8507817796875001 0.4787671890625 0.6594953703125 0.3854657703125 0.6508364546875
0 0.18789937031249998 0.63799629375 0.21091448906250002 0.839840646875 0.3140614609375 0.8447078921875001 0.28568278281250004 0.649914703125 0.18789937031249998 0.63799629375
0 0.57505206875 0.66345353125 0.6184862 0.8622774874999999 0.7175368078125001 0.864776225 0.676756471875 0.665025440625 0.57505206875 0.66345353125
0 0.5103140796875001 0.8280702249999999 0.5143273859375 0.8492803625 0.6150321859375001 0.8604811 0.5722380968749999 0.663317059375 0.481458046875 0.6594097125 0.5103140796875001 0.8280702249999999
1 0.0237509765625 0.0337114046875 0.031559028125 0.115917 0.1152866484375 0.11946294843750001 0.10196034062499999 0.01393188125 0.024983384375 0.010195665625 0.0237509765625 0.0337114046875
1 0.1842335546875 0.0182436375 0.102373528125 0.0139282953125 0.115925834375 0.120759490625 0.199653453125 0.124305440625 0.1842335546875 0.0182436375
1 0.9744822828125 1 0.9811968734375001 0.8718780015625001 0.9163620765625 0.8726769937500001 0.9459497046875001 1 0.9744822828125 1
0 0.2644121328125 0.023103740625 0.185231653125 0.01762143125 0.20024017968750002 0.125641315625 0.2840099171875 0.13266803124999998 0.2644121328125 0.023103740625
1 0.34401102968749997 0.029911871875000003 0.26583733593750003 0.022900049999999998 0.28425526093750003 0.1326808890625 0.365103840625 0.1391150953125 0.34401102968749997 0.029911871875000003
1 0.42907767343750003 0.0400825125 0.3444070015625 0.029477637499999997 0.36535775937500004 0.138688978125 0.4480385734375 0.143022096875 0.42907767343750003 0.0400825125
1 0.8450737015625001 1 0.813148975 0.8729293296874999 0.7201868218749999 0.8675076734375 0.7488819671875 1 0.8450737015625001 1
1 0.74641706875 1 0.71679091875 0.86787941875 0.6203264140625 0.8680249812499999 0.6483687203125 1 0.74641706875 1
1 0.9445823921875001 1 0.9127722125 0.8717584453124999 0.8191331671875 0.8707763109375 0.8490453109375 1 0.9445823921875001 1
1 0.64496218125 1 0.61533785 0.8665574359375 0.5213571796875 0.8583654015625 0.5453768828125 1 0.64496218125 1
1 0.1092676078125 0.8354907546874999 0.12336812187499999 0.9809477328125 0.22581834375 0.9863169218750001 0.2045382609375 0.8410333937500001 0.1092676078125 0.8354907546874999
1 0.2079801828125 0.8432199609375 0.2292598984375 0.9864972859375 0.332863259375 0.9919269078124999 0.3092887359375 0.8481211109375 0.2079801828125 0.8432199609375
1 0.3111084859375 0.8486246859375 0.3340667625 0.99198998125 0.4395301921875 0.997517084375 0.41424650625000004 0.8560186859375 0.3111084859375 0.8486246859375
1 0.5427968328125 1 0.5169163171875 0.8582034249999999 0.41705815468749996 0.854816246875 0.44028066250000003 0.997556415625 0.4869070328125 1 0.5427968328125 1
1 0.0031175640625 0.833122540625 0.011916757812500001 0.9751068140625 0.119876625 0.9807647515625 0.1072880015625 0.8359367234375 0.0031175640625 0.833122540625
1 0.6652375187499999 0.0463193 0.6901281390625 0.1635225359375 0.7677157671875 0.16625375 0.7395340546875 0.047965918749999996 0.6652375187499999 0.0463193
1 0.44800205625 0.1425807625 0.526265396875 0.145488028125 0.5030430796875 0.045277140625000004 0.4302449078125 0.040143684375 0.44800205625 0.1425807625
1 0.741735259375 0.048748771875 0.7682935609375 0.1675571734375 0.8473301671875 0.173096125 0.8071877453124999 0.054848953125 0.741735259375 0.048748771875
1 0.58319125625 0.048958978125000004 0.6083823015625 0.15456598125 0.6884042734375 0.1607622296875 0.6613644296875 0.0492091515625 0.58319125625 0.048958978125000004
1 0.58030336875 0.0497656015625 0.5040241828124999 0.0441683390625 0.5274704390625 0.14718494375 0.6073146781250001 0.1540059375 0.58030336875 0.0497656015625
1 1 0.1741637125 0.9609114796875 0.06757770937499999 0.8850675296875 0.05984166875 0.92780998125 0.17864887499999998 1 0.18243219375 1 0.1741637125
1 0.84692423125 0.1777472875 0.9257345609375 0.17854010625 0.8909747515625 0.085939678125 0.8807472734375 0.0600390265625 0.8128493796875 0.05781563125 0.84692423125 0.1777472875
1 1 0.0687820125 0.9642941125 0.06679649062500001 1 0.17097114687499998 1 0.0687820125