1 1 0.31714787968749997 0.9709302015624999 0.30991067656250004 0.9805901828125 0.4381610125 1 0.44314993593749996 1 0.31714787968749997
1 0.888524528125 0.2938630375 0.9026758125000001 0.424853246875 0.976801571875 0.44046414375 0.9620115968749999 0.30934695 0.888524528125 0.2938630375
1 0.700211403125 0.2566820328125 0.622131334375 0.236455290625 0.617020028125 0.2352752515625 0.62542560625 0.365988203125 0.7092974843750001 0.3825543828125 0.700211403125 0.2566820328125
1 0.7058418015625 0.2562302265625 0.7144952015625 0.3815402 0.7992738687500001 0.407122434375 0.7882891125 0.2753813578125 0.7058418015625 0.2562302265625
1 0.7928597828124999 0.275097746875 0.803021721875 0.411174434375 0.8905642515625001 0.430884425 0.878428371875 0.294370440625 0.7928597828124999 0.275097746875
1 0.5349810234375 0.218067165625 0.5395474953125 0.34988900156249997 0.6256595203125 0.3669723625 0.6171197296875001 0.23703037968750001 0.5349810234375 0.218067165625
1 0.44332501874999997 0.19951968281250002 0.44699395624999994 0.3325576609375 0.5363129234375 0.351080696875 0.53295299375 0.2174395359375 0.44332501874999997 0.19951968281250002
0 0.17863906406250002 0.1360066875 0.090844765625 0.11485649687499999 0.0812547046875 0.27119684374999997 0.17152110781250002 0.2914112609375 0.17863906406250002 0.1360066875
1 0.178916425 0.1369519953125 0.17276730625 0.2952500171875 0.26496179999999997 0.3173357546875 0.2731048578125 0.16045966250000002 0.178916425 0.1369519953125
0 0.3565802734375 0.17885020625 0.3562716859375 0.3407973515625 0.4430439609375 0.360131015625 0.44138305781250003 0.19578463906250002 0.3565802734375 0.17885020625
0 0.2737685421875 0.1597316125 0.265852303125 0.318523809375 0.35554463125 0.3371330359375 0.353841340625 0.17998042812499998 0.2737685421875 0.1597316125
1 0.9937364375 0.584098275 0.980236703125 0.4525724828125 0.895008284375 0.434708515625 0.9067786906249999 0.6083677093750001 0.9838844874999999 0.626771759375 0.9937364375 0.584098275
1 0.6231245421875 0.378161115625 0.5397796203125 0.3601499359375 0.541806725 0.527840828125 0.6344445750000001 0.5456438484375 0.6231245421875 0.378161115625
1 0.8890894218750001 0.44228181875 0.7993181 0.4217889046875 0.8170454640625 0.5919521015625 0.9039626999999999 0.604850296875 0.8890894218750001 0.44228181875
1 0.7096588828125 0.4010064328125 0.6265985875 0.38076693906250003 0.6342792484374999 0.5441720296875 0.724560340625 0.57218329375 0.7096588828125 0.4010064328125
0 0.7130954468749999 0.4041758921875 0.7266995296875 0.5733939859375 0.814881734375 0.5930356296875 0.79599598125 0.42165574531249994 0.7130954468749999 0.4041758921875
1 0.45067959375 0.513970703125 0.5401872203125 0.5296174046875 0.53609049375 0.3587845453125 0.45027307812500006 0.3411225015625 0.4490175625 0.364992703125 0.45067959375 0.513970703125
1 0.0821339203125 0.2678061359375 0.042825684375 0.257533775 0.007018284375 0.4126326640625 0.0673039359375 0.425794971875 0.0821339203125 0.2678061359375
0 0.1742268453125 0.3000370296875 0.0837281734375 0.275436534375 0.0711288328125 0.42667801875 0.165362165625 0.4460455125 0.1742268453125 0.3000370296875
0 0.35616044062499996 0.343050046875 0.2666271234375 0.32116476562499996 0.262402321875 0.469786646875 0.3564824109375 0.49007310000000004 0.35616044062499996 0.343050046875
0 0.26564854375 0.3199494015625 0.176117578125 0.2986760453125 0.16802616406249998 0.44904853125 0.260575190625 0.4728031421875 0.26564854375 0.3199494015625
0 0.44348857500000005 0.36464498125 0.35753563593750004 0.3450189640625 0.3570222453125 0.489480909375 0.4474121234375 0.511782703125 0.44348857500000005 0.36464498125
1 0.946196178125 0.7900177640625 0.9427471625000001 0.7523886171874999 0.865223953125 0.7307047359375 0.8709504875 0.9406972609375 0.9095215703124999 0.948872940625 0.946196178125 0.7900177640625
1 0.1591765328125 0.5704570953125 0.062502753125 0.5444665718749999 0.045251590625 0.7530457765625 0.148278953125 0.777976121875 0.1591765328125 0.5704570953125
1 0.7805103046874999 0.7106893640624999 0.7820828390625 0.9241866625 0.8686969796874999 0.9407492984375001 0.8604538249999999 0.7311004953125 0.7805103046874999 0.7106893640624999
1 0.2656911328125 0.5954954781249999 0.2569090703125 0.8041999656250001 0.35792297500000003 0.8280931640625001 0.3619503609375 0.6126927078125 0.2656911328125 0.5954954781249999
0 0 0.7425174125 0.044683059375 0.7504586984375 0.0594394671875 0.545278728125 0 0.5330968109375 0 0.7425174125
1 0.6629750078125001 0.6867580015625 0.6674205171875001 0.8984016968749999 0.761281171875 0.9212157421875 0.75416698125 0.706676859375 0.6629750078125001 0.6867580015625
1 0.36393164218749996 0.6194454453125 0.35873029375 0.8259903390625001 0.4579269453125 0.84660248125 0.45808176562499997 0.645187828125 0.36393164218749996 0.6194454453125
0 0.163579834375 0.57054816875 0.150888046875 0.7808676890624999 0.2558195171875 0.8045207234375 0.26174133125 0.600431371875 0.163579834375 0.57054816875
1 0.556137684375 0.6666695234375 0.56493465 0.8776024828125 0.6660900843750001 0.8980945421875 0.6601820296875001 0.6866956328125 0.556137684375 0.6666695234375
0 0.460125059375 0.8230732609375 0.46042734999999996 0.845462840625 0.5617146359375 0.8751421765625 0.5532756921875001 0.6660204734375 0.46085741562500004 0.645587709375 0.460125059375 0.8230732609375
1 0.1841639640625 0 0.182772003125 0.029239465625 0.268020984375 0.0480257875 0.2694286796875 0 0.1841639640625 0
1 0.8977179578125 1 0.9095199359375 0.9488800171875 0.8686215390625 0.9421750390625 0.8718042468749999 1 0.8977179578125 1
0 0.2701476390625 0 0.26838259062500003 0.04949643125 0.3530487828125 0.0718454140625 0.35280065625 0 0.2701476390625 0
1 0.353827796875 0 0.35329813906249996 0.0719029828125 0.43507440312499995 0.09311773906250001 0.43346215624999995 0 0.353827796875 0
1 0.43392408125 0 0.435411503125 0.09272851875 0.5194451171875001 0.11212920781249999 0.518508290625 0.00355905 0.506954275 0 0.43392408125 0
1 0.768267984375 1 0.7627015109374999 0.92373884375 0.6683172015625 0.9013642421875 0.6722531968750001 1 0.768267984375 1
1 0.6694382890624999 1 0.6647668734375001 0.9011288515625001 0.5657886671875 0.8838059062499999 0.5699677203125 1 0.6694382890624999 1
1 0.8692611921875001 1 0.8651042999999999 0.9405866984375001 0.7692272234375 0.9226237421875 0.7734190140625 1 0.8692611921875001 1
1 0.5662847796875 1 0.5609353921875 0.881403521875 0.4660045359375 0.8560149578124999 0.46519964218750004 1 0.5662847796875 1
1 0.04740230625 0.7580147421875 0.0359477875 0.906017159375 0.13992229843749998 0.9300215656249999 0.1441328859375 0.7809310234375 0.04740230625 0.7580147421875
1 0.1472703265625 0.7837876453125 0.1434138609375 0.9308276578125 0.24866489218750001 0.955126771875 0.250309871875 0.8071423359375001 0.1472703265625 0.7837876453125
1 0.2520859828125 0.8079862468749999 0.2498997796875 0.9554118687500001 0.3570315796875 0.98014519375 0.3565538515625 0.8342183249999999 0.2520859828125 0.8079862468749999
1 0.462493103125 1 0.46147828906250005 0.855045196875 0.3596542546875 0.8334994765625 0.3578436546875 0.980332675 0.44303219531250004 1 0.462493103125 1
1 0 0.897717959375 0.032429803125000004 0.90520496875 0.045291446875 0.7581116796875 0 0.7488526249999999 0 0.897717959375
1 0.759636321875 0.0527020859375 0.764090553125 0.176914221875 0.8431877328124999 0.19375635156249998 0.8355526015624999 0.0678403984375 0.759636321875 0.0527020859375
1 0.5194870296875 0.11167184375000001 0.5992456875000001 0.128816165625 0.5934468140625 0.022261098437499998 0.5196946234375 0.0038329359374999995 0.5194870296875 0.11167184375000001
1 0.8376697765625 0.06903863593750001 0.8435460156250001 0.1951922375 0.9236245875 0.21516445 0.9037130031249999 0.0871237046875 0.8376697765625 0.06903863593750001
1 0.6749996125 0.0405379015625 0.6818475234375 0.1529607921875 0.7628186578125 0.17378279375 0.7551436359375 0.0549521046875 0.6749996125 0.0405379015625
1 0.6718921875 0.040838681249999995 0.594652628125 0.0213063359375 0.6001766234375 0.13076754375 0.6808530875 0.15219543124999999 0.6718921875 0.040838681249999995
1 1 0.2186194515625 0.9840691500000001 0.1340532671875 0.9782360000000001 0.10574758749999999 0.9089870953125001 0.0911791109375 0.922371703125 0.219841328125 1 0.2343510171875 1 0.2186194515625