1 0.67890625 0.24453125 0.09375 0.1609375
1 0.509375 0.26171875 0.0859375 0.1328125
1 0.58828125 0.25546875 0.0890625 0.140625
1 0.42109375 0.27265625 0.1046875 0.140625
1 0.1703125 0.29765625 0.10625 0.15
1 0.9296875 0.23125 0.090625 0.1578125
1 0.76875 0.246875 0.0953125 0.1609375
0 0.3484375 0.28515625 0.09375 0.1484375
1 0.85 0.24140625 0.090625 0.15625
0 0.2609375 0.2984375 0.09375 0.15625
0 0.08125 0.31953125 0.1 0.1359375
1 0.56640625 0.4 0.0921875 0.1609375
1 0.47109375 0.41171875 0.1015625 0.146875
0 0.29609375 0.42890625 0.09375 0.13125
1 0.6546875 0.39765625 0.1015625 0.1609375
1 0.82890625 0.384375 0.0984375 0.1625
0 0.2078125 0.4390625 0.1 0.146875
0 0.3828125 0.425 0.0953125 0.1390625
1 0.92109375 0.378125 0.1015625 0.171875
0 0.73828125 0.39765625 0.1078125 0.1484375
1 0.0390625 0.4625 0.078125 0.140625
0 0.12109375 0.45625 0.103125 0.1421875
1 0.1015625 0.08046875 0.08125 0.1015625
1 0.02890625 0.08984375 0.0578125 0.1046875
1 0.8734375 0.03359375 0.084375 0.0671875
1 0.42578125 0.05703125 0.0828125 0.1109375
1 0.34609375 0.0640625 0.084375 0.1109375
1 0.871875 0.6734375 0.1015625 0.178125
1 0.9578125 0.671875 0.084375 0.165625
0 0.77265625 0.6921875 0.1046875 0.1703125
0 0.18671875 0.08125 0.090625 0.1171875
1 0.503125 0.05546875 0.08125 0.1109375
1 0.73515625 0.0453125 0.0796875 0.090625
1 0.26640625 0.07578125 0.0875 0.1203125
1 0.67734375 0.7046875 0.1140625 0.1765625
0 0.096875 0.7640625 0.1203125 0.1890625
0 0.58671875 0.7234375 0.1171875 0.1640625
0 0.296875 0.7515625 0.1109375 0.1734375
1 0.19765625 0.7640625 0.1171875 0.171875
1 0.39140625 0.7484375 0.121875 0.1796875
1 0.49453125 0.7453125 0.103125 0.18125
1 0.5796875 0.05234375 0.0875 0.1046875
1 0.65859375 0.0484375 0.0828125 0.096875
0 0.8046875 0.04296875 0.0875 0.0859375
1 0.85546875 0.87890625 0.1046875 0.190625
1 0.946875 0.8703125 0.10625 0.190625
1 0.55234375 0.90546875 0.1109375 0.1890625
1 0.75546875 0.88828125 0.1125 0.1890625
1 0.34140625 0.91640625 0.1203125 0.1671875
1 0.4515625 0.91171875 0.11875 0.1765625
1 0.65859375 0.9 0.1171875 0.1828125
1 0.23984375 0.92421875 0.1109375 0.1515625
1 0.13359375 0.928125 0.1234375 0.14375