1 1 0.3331461203125 0.9585092765625 0.323579240625 0.97017685 0.4508225875 1 0.45793886562499997 1 0.3331461203125
1 0.8766858687499999 0.3091346546875 0.8928436484375 0.4390184171875 0.9664649609374999 0.4531797109375 0.9496729609375001 0.32318140624999997 0.8766858687499999 0.3091346546875
0 0.68969496875 0.27562024375 0.612084115625 0.25694495625 0.607005890625 0.2558655453125 0.6174723890625 0.3855783640625 0.7007554687499999 0.400511459375 0.68969496875 0.27562024375
1 0.69526015 0.27506894375 0.7058831750000001 0.399409296875 0.7902118406249999 0.42328351093750005 0.7771757515625 0.29259614843750004 0.69526015 0.27506894375
1 0.7816948453125 0.29223123125 0.7939877859375 0.427241071875 0.8809554828125 0.445230825 0.86670168125 0.30982242968749996 0.7816948453125 0.29223123125
1 0.5255263234374999 0.2402613625 0.5322113390625 0.37114571875 0.6177200671875 0.38655188906250004 0.6071333984375 0.2576074828125 0.5255263234374999 0.2402613625
1 0.43450647187499997 0.22350141093749998 0.44032314218749996 0.3556103515625 0.52902954375 0.37238852968749997 0.5235088 0.23967469375 0.43450647187499997 0.22350141093749998
0 0.17149414375 0.1652149765625 0.0842536015625 0.1457989375 0.0773301578125 0.30130040468749997 0.16700205625 0.319741765625 0.17149414375 0.1652149765625
0 0.171784184375 0.1661491109375 0.1682985203125 0.323532971875 0.25990945781249997 0.34379845000000003 0.2653919515625 0.1877910328125 0.171784184375 0.1661491109375
0 0.34831260625 0.204543875 0.35066746718749997 0.36544696249999997 0.4368666359375 0.38307684218750004 0.4325230890625 0.219825903125 0.34831260625 0.204543875
0 0.26603686249999997 0.18705562656250002 0.26081033593749997 0.3449626046875 0.34988768124999997 0.361819625 0.34562035625 0.20571659531250003 0.26603686249999997 0.18705562656250002
1 0.9874769109375 0.6114686171875 0.9700637328124999 0.4651470796875 0.8854167171875 0.44894928749999996 0.8999189734374999 0.6212687828125001 0.981569640625 0.6392601390625 0.9874769109375 0.6114686171875
1 1 0.471557334375 0.974200675 0.464983171875 0.9884294734375001 0.606987165625 1 0.5525521171875 1 0.471557334375
1 0.6153949078125 0.3977142359375 0.5326096328125 0.381335925 0.5373705640625001 0.5479030390624999 0.6293499546875 0.56390549375 0.6153949078125 0.3977142359375
1 0.8796830140624999 0.456581175 0.7904965421875 0.437854115625 0.8108371828125 0.606591909375 0.897074109375 0.61782539375 0.8796830140624999 0.456581175
1 0.7014162671874999 0.41883733593750005 0.618876096875 0.40023997343750006 0.6291621484375 0.5624462234375 0.7189766609375 0.588633628125 0.7014162671874999 0.41883733593750005
1 0.7048696203125 0.42192373749999995 0.7211137796875 0.589797559375 0.8087134624999999 0.6077077734375 0.7872063375 0.43778225156249995 0.7048696203125 0.42192373749999995
1 0.4469509921875 0.53578050625 0.5357968671875 0.5496975609375 0.528935946875 0.380046490625 0.443709296875 0.364060028125 0.4428587796875 0.3877983515625 0.4469509921875 0.53578050625
1 0.0781446515625 0.2979156796875 0.034060082812499996 0.2872077921875 0.0011242625 0.442158646875 0.0660621515625 0.455150271875 0.0781446515625 0.2979156796875
0 0.1698217140625 0.32826240625 0.0798478828125 0.3054676203125 0.0698622890625 0.4559580171875 0.1634464859375 0.4734857828125 0.1698217140625 0.32826240625
1 0.35059436875 0.36768708125 0.2616205859375 0.3475723484375 0.25988053906249997 0.4953077796875 0.353328159375 0.5137513375 0.35059436875 0.36768708125
0 0.26063208437499996 0.34638266406249996 0.1716706828125 0.32687585 0.16613246875 0.47642087499999997 0.2581217140625 0.49833796250000006 0.26063208437499996 0.34638266406249996
1 0.437380834375 0.3875534625 0.351987790625 0.36961822031249997 0.3538527234375 0.5131531640625 0.443681115625 0.533666125 0.437380834375 0.3875534625
1 0.9436915203125 0.8174626890625 0.9378840453124999 0.76370190625 0.8608003984374999 0.74356879375 0.869917665625 0.952096065625 0.91328851875 0.9604975640625 0.9436915203125 0.8174626890625
1 0.1593680375 0.5972035046874999 0.06325965 0.5731400328125 0.0496118640625 0.7806811312499999 0.1519912 0.80357571875 0.1593680375 0.5972035046874999
1 0.776627528125 0.7252241781250001 0.78169100625 0.9373090718749999 0.86768814375 0.9521887609374999 0.8560857359374999 0.7440487609375 0.776627528125 0.7252241781250001
1 0.2652005890625 0.6201419953125 0.2599370296875 0.8276535031250001 0.36030653749999997 0.8495542953124999 0.360754234375 0.635476709375 0.2652005890625 0.6201419953125
0 0 0.7703019624999999 0.049006671875000005 0.7781211640625 0.06024115 0.5740026484375 0 0.56275470625 0 0.7703019624999999
1 0.6599055875000001 0.7035860109375001 0.6677821015625 0.913777053125 0.7610540593749999 0.934735809375 0.7504886984375 0.721716890625 0.6599055875000001 0.7035860109375001
1 0.3628261046875 0.6421496375 0.3610710265625 0.8474504125 0.4595880375 0.8661244703125 0.45643266406249994 0.6660124875 0.3628261046875 0.6421496375
0 0.1637276359375 0.5972138890625 0.1546210125 0.80640108125 0.258863928125 0.8279920015625001 0.2613724125 0.625117746875 0.1637276359375 0.5972138890625
1 0.5538349359375 0.6855712125 0.566006565625 0.8949769703125 0.6664602796875 0.9134960921875 0.6571402546875 0.703574853125 0.5538349359375 0.6855712125
0 0.46137707812500006 0.842707771875 0.46204405625 0.8649467312500001 0.5627791875 0.8925911843750001 0.5509916593749999 0.6849784328124999 0.45918639062500005 0.666359284375 0.46137707812500006 0.842707771875
1 0.0951079828125 0 0.089626675 0.025787525 0.08870648125 0.040527840625 0.1733889984375 0.057641634374999993 0.1752008796875 0 0.0951079828125 0
1 0.175653740625 0 0.173830809375 0.059064590625 0.258513328125 0.07617838437499999 0.25947765624999997 0 0.175653740625 0
1 0.904892015625 1 0.9133370218750001 0.960269371875 0.8676368984374999 0.9536066328125001 0.870951090625 1 0.904892015625 1
0 0.260368690625 0 0.2588953796875 0.07763292031249999 0.343059615625 0.0982968859375 0.3410960640625 0 0.260368690625 0
1 0.3424030796875 0 0.343307359375 0.0983495453125 0.4245927 0.11793920312499999 0.420721065625 0.0033696343750000005 0.40733065 0 0.3424030796875 0
1 0.5056989890625 0.027443253125 0.4211942640625 0.0029914546875 0.4249199453125 0.1175463765625 0.508409665625 0.1352926640625 0.5056989890625 0.027443253125
1 0.7681120671875 1 0.762501265625 0.937216721875 0.6687182468749999 0.916704084375 0.6734101031249999 1 0.7681120671875 1
1 0.6705136140625 1 0.665200496875 0.9165348046874999 0.56695371875 0.9011246500000001 0.5721345609374999 1 0.6705136140625 1
1 0.8682661843749999 1 0.8641296703125001 0.95209256875 0.768941675 0.9359901374999999 0.77345896875 1 0.8682661843749999 1
1 0.5683348953125 1 0.562110796875 0.8988261234375001 0.46773733125000005 0.8753290015624999 0.46910423124999995 1 0.5683348953125 1
1 0.0518221265625 0.7855787671875001 0.044039946875 0.9142529968750001 0.14643557499999998 0.9360178593749999 0.14793623125 0.806586890625 0.0518221265625 0.7855787671875001
1 0.1510883921875 0.8093679234375 0.1498669734375 0.9367472250000001 0.2541538828125 0.9589140921875 0.2534539046875 0.8306968484375 0.1510883921875 0.8093679234375
1 0.255225646875 0.8315029796875001 0.255450478125 0.9591896921874999 0.36154796093749997 0.9817414078125 0.35905208593750004 0.8556646609375 0.255225646875 0.8315029796875001
1 0.46619350312499996 1 0.463241615625 0.8744478625 0.36210885625 0.854894071875 0.362648825 0.981975403125 0.44744788281250003 1 0.46619350312499996 1
1 0 0.9048920171875 0.040727382812500004 0.9135488890625 0.049734528125 0.7857134734375 0 0.7764527671875 0 0.9048920171875
1 0.7451591578125 0.07188141249999999 0.7516080796875 0.1952074296875 0.8301700109375 0.21050153906250002 0.8205448484375 0.0855406109375 0.7451591578125 0.07188141249999999
1 0.5084436328125 0.1348375 0.5876652124999999 0.1504198125 0.5801755015625 0.044660878125 0.5068776421875001 0.027693784375000002 0.5084436328125 0.1348375
1 0.8226599765625 0.0866925671875 0.830548203125 0.21192160000000002 0.9101328640625 0.23030765468749997 0.8883223625 0.103459025 0.8226599765625 0.0866925671875
1 0.6611914078125001 0.0613356921875 0.6698157765625 0.17290533749999998 0.7502978015624999 0.192119434375 0.74074955 0.0741985703125 0.6611914078125001 0.0613356921875
1 0.658120821875 0.061691050000000004 0.581353253125 0.0436903703125 0.5886186484375 0.15234160937500002 0.668818978125 0.172163025 0.658120821875 0.061691050000000004
1 1 0.1298841578125 0.9668171750000001 0.12110243750000001 0.991184821875 0.2489405234375 1 0.250814246875 1 0.1298841578125
1 0.908969665625 0.2349770109375 0.9890890984375 0.24849506250000003 0.9686245765624999 0.1486226546875 0.9623863296874999 0.1206065515625 0.893608934375 0.10739220625000001 0.908969665625 0.2349770109375