1 0.8726230984375001 0.061871348437499994 0.8364145640625 0.016649440625 0.766894740625 0.04060645625 0.843229678125 0.141117653125 0.895118875 0.1236779875 0.8726230984375001 0.061871348437499994
1 0.6908961828125 0.07129861875 0.7723684421875 0.1716736953125 0.8413581625000001 0.1450339890625 0.759295478125 0.044894648437500004 0.6908961828125 0.07129861875
0 0.5169529859375 0.14101688750000002 0.4422644375 0.1659610375 0.437452009375 0.16771261875000001 0.5140743734375001 0.27092109375 0.5915494671875 0.2398748078125 0.5169529859375 0.14101688750000002
1 0.521319515625 0.13764429843749998 0.595261853125 0.23626947343750002 0.6782896484375 0.21216783593750002 0.5990080609375 0.1094867546875 0.521319515625 0.13764429843749998
1 0.6025971109375 0.1068174484375 0.68351868125 0.2135088859375 0.76567505 0.18309657968749998 0.6829047953125 0.0770967625 0.6025971109375 0.1068174484375
1 0.3611343375 0.1972533546875 0.435206659375 0.303421196875 0.514790909375 0.2716072421875 0.43847007031249996 0.16910545 0.3611343375 0.1972533546875
1 0.27623200625 0.2308154140625 0.35021872656249997 0.3384634578125 0.433195515625 0.3061266359375 0.35913983125 0.19781699531250002 0.27623200625 0.2308154140625
0 0 0.4505965328125 0.0181786 0.4828094625 0.102833175 0.45136120625 0.025739826562500002 0.3195382640625 0 0.32862899843750004 0 0.4505965328125
0 0.026471184375 0.320169253125 0.10590121562499999 0.453859678125 0.1931321015625 0.4229256515625 0.1160924890625 0.289344134375 0.026471184375 0.320169253125
0 0.1942165515625 0.2600121203125 0.28037318125 0.3935965203125 0.36169842343749997 0.3632846375 0.27264993125000003 0.22877315 0.1942165515625 0.2600121203125
0 0.11624714843749999 0.2883906625 0.1944947390625 0.4234298890625 0.277823053125 0.39096511875 0.192578209375 0.2624027953125 0.11624714843749999 0.2883906625
1 0.9516506671875 0.2789978078125 0.85062985 0.1531788890625 0.7713521906249999 0.18387887812499998 0.8736427093750001 0.3206754875 0.9561435578124999 0.2913419265625 0.9516506671875 0.2789978078125
1 0.854004425 0.1508778734375 0.9504327953124999 0.2756517328125 0.899709553125 0.1362907734375 0.854004425 0.1508778734375
1 0.51868634375 0.2821759421875 0.44087148125000003 0.31175095937499997 0.532004165625 0.44882267656249997 0.6173127625 0.41412407812499996 0.51868634375 0.2821759421875
1 0.7705493718749999 0.1932722265625 0.6861513484375 0.22422722031250003 0.7914513609375 0.354969265625 0.8694614984375001 0.319278278125 0.7705493718749999 0.1932722265625
1 0.6016905625 0.254883921875 0.522919678125 0.28247146875 0.6163921609375 0.41299962343749996 0.7052188734375 0.3879669625 0.6016905625 0.254883921875
1 0.6061939625 0.2556637734375 0.7076154453125 0.38782444374999997 0.7902588203125 0.357014953125 0.6833616640625 0.225887834375 0.6061939625 0.2556637734375
1 0.450030303125 0.4859563390625 0.5316267703124999 0.451149321875 0.43712398593749996 0.3125919734375 0.35747206249999997 0.3437721875 0.36918090000000003 0.364106671875 0.450030303125 0.4859563390625
1 0 0.5881634890624999 0.02020685625 0.6436813703125 0.0892500734375 0.6176091375 0.0170889390625 0.47954750625000003 0 0.48521408125 0 0.5881634890624999
0 0.10964979687500001 0.4570256828125 0.022464890625 0.48498424375000004 0.0928513109375 0.6162983953125 0.180300309375 0.5820384749999999 0.10964979687500001 0.4570256828125
1 0.2814841015625 0.3955116828125 0.19653792812499998 0.4251927453125 0.2723798703125 0.549886046875 0.3601937859375 0.5164648734374999 0.2814841015625 0.3955116828125
0 0.1950886390625 0.42471294375 0.11047089218749999 0.4548968859375 0.1840826765625 0.5830928937500001 0.27249414375000003 0.553344840625 0.1950886390625 0.42471294375
1 0.364470759375 0.3667665328125 0.283660025 0.3964009484375 0.3603195828125 0.5156893250000001 0.4461889515625 0.48589495468750005 0.364470759375 0.3667665328125
1 1 0.445729225 0.9799216265625 0.42015977187500003 0.904911303125 0.4436067171875 1 0.5820481765625 1 0.445729225
1 0.2416198765625 0.6878310546875 0.1486399453125 0.717935084375 0.24581292187499998 0.898965746875 0.3434265890625 0.8646025421875001 0.2416198765625 0.6878310546875
1 1 0.5866644796875 0.9012188640625001 0.44647470624999996 0.824906990625 0.4722599609375 0.940108325 0.647311465625 1 0.622886284375 1 0.5866644796875
1 0.3421449484375 0.65169855 0.4463153984375 0.8283193421874999 0.5417279828125 0.7941746328125 0.430093846875 0.61457108125 0.3421449484375 0.65169855
0 0.0785307375 0.8039249187499999 0.14753217031250002 0.9379503625 0.2439672953125 0.8971373484375 0.146566465625 0.7202365656249999 0.060380440625 0.7540573859374999 0.0785307375 0.8039249187499999
1 0.715953871875 0.5151772796875 0.832517271875 0.6871707218750001 0.9215002453125001 0.6559488328125 0.8012081828125 0.48299230312499997 0.715953871875 0.5151772796875
1 0.6218224109375 0.73320426875 0.6340160609375001 0.751488809375 0.7327396421875 0.7219653203124999 0.6142538859375 0.5541776703125 0.5277218375 0.5865927484375 0.6218224109375 0.73320426875
1 0.43531823281250004 0.6190785171875001 0.54126665625 0.7920120125000001 0.6334414500000001 0.7561326 0.5261005484375 0.5901148828125 0.43531823281250004 0.6190785171875001
0 0.2452718828125 0.6855596187499999 0.347104559375 0.8655944 0.4455949140625 0.8291642078124999 0.34154626875 0.65786978125 0.2452718828125 0.6855596187499999
0 0.61780579375 0.5555597328124999 0.7375509546875 0.7246487984375001 0.831264634375 0.6876266453125 0.71363498125 0.5166142390624999 0.61780579375 0.5555597328124999
1 0 0.2189230453125 0.051941471875 0.19942475937499998 0.0179177515625 0.143374703125 0 0.14989623125 0 0.2189230453125
0 0.1342326796875 0.1737382421875 0.095898625 0.1149919859375 0.018700265625 0.143089890625 0.053022071875 0.20044365156250002 0.1342326796875 0.1737382421875
1 0.2127079296875 0.147552953125 0.1721532828125 0.087237559375 0.0968602125 0.11464199687500001 0.13446745625 0.173652790625 0.2127079296875 0.147552953125
1 0.291895959375 0.1182553921875 0.25220098750000003 0.058102578125000005 0.17256685624999998 0.08708703125 0.21277612031249998 0.147052659375 0.291895959375 0.1182553921875
1 1 0.7578095921875 0.9240088078124999 0.65727060625 0.8348317749999999 0.689133578125 0.9521256375 0.8553910484375 1 0.8383977890625 1 0.7578095921875
1 0.8318007921874999 0.6908315796875 0.7415597578125 0.7293043859375 0.8560554187499999 0.89295136875 0.950695940625 0.8567759546874999 0.8318007921874999 0.6908315796875
1 1 0.6235061390625 0.9287540999999999 0.6528744578125 1 0.750883396875 1 0.6235061390625
1 0.7363062874999999 0.7299114359375001 0.64507385 0.75958260625 0.7550315624999999 0.9314501249999999 0.8557571515625 0.8973826296875 0.7363062874999999 0.7299114359375001
1 0.42117123437500004 1 0.34161031249999996 0.869246321875 0.2502242046875 0.90191333125 0.3035401984375 1 0.42117123437500004 1
1 0.5472428171875 1 0.44248493125 0.83426004375 0.34570200624999997 0.8699278421875001 0.42520558125 1 0.5472428171875 1
1 0.5881634890624999 1 0.657825709375 0.974645025 0.5438757359374999 0.7999504296875 0.44438868125 0.83400883125 0.5484493109375 1 0.5881634890624999 1
1 0.546029378125 0.7977060390624999 0.6576150125 0.9747217140625001 0.75738413125 0.9384087234375 0.640852396875 0.7611956531249999 0.546029378125 0.7977060390624999
1 0.2999709609375 1 0.24854852031250002 0.9031180453125 0.1499167734375 0.9418792359375001 0.17894337031250002 1 0.2999709609375 1
1 0.49780584843750003 0 0.5266668203125 0.0412598453125 0.6003818078125 0.0129852796875 0.590814553125 0 0.49780584843750003 0
1 0.3661037671875 0.0894781609375 0.324219453125 0.0318900015625 0.25296887031250004 0.0578230921875 0.2916862234375 0.117856259375 0.3661037671875 0.0894781609375
1 0.41183650937499994 0 0.4012469796875 0.0038542734375 0.4465831140625 0.0653521609375 0.52395515625 0.0393578 0.4947186921875 0 0.41183650937499994 0
1 0.4453609546875 0.065251540625 0.39889399999999997 0.0047106875 0.3252855171875 0.031501984375 0.367906778125 0.0905897171875 0.4453609546875 0.065251540625