1 0.9024020703125 0.1500356640625 0.9111723578125 0.14742440625 0.8734088312500001 0.0312002234375 0.828193959375 0.0450380140625 0.9024020703125 0.1500356640625
1 0.74956948125 0.0736348484375 0.8290220984375001 0.178673171875 0.9003512406249999 0.15395771875 0.8202878984374999 0.0491388015625 0.74956948125 0.0736348484375
1 0.5696353484375 0.1385477984375 0.49255546250000004 0.16133809062499999 0.4875837140625 0.162953509375 0.56198713125 0.2707073796875 0.6421303765624999 0.24180152656249998 0.5696353484375 0.1385477984375
1 0.5742111234375 0.1352664125 0.64604743125 0.23826034843750002 0.731601975 0.2166188421875 0.6544672796875 0.1093091375 0.5742111234375 0.1352664125
1 0.6582245906249999 0.10671666093750001 0.7368864312500001 0.218166678125 0.8217811218750001 0.19006965 0.741208715625 0.07925928593750001 0.6582245906249999 0.10671666093750001
1 0.4086755390625 0.19036689843750002 0.480370809375 0.3010448234375 0.5626930359375 0.2714309765625 0.488571515625 0.164407121875 0.4086755390625 0.19036689843750002
1 0.32086597656250004 0.22157498125 0.39242024375 0.333756965625 0.478221496875 0.30372915 0.40662089375 0.1908711640625 0.32086597656250004 0.22157498125
0 0 0.3757296484375 0.0485355296875 0.46913431250000004 0.136015728125 0.44006972187500004 0.062169956250000005 0.30316601875 0 0.3227124265625 0 0.3757296484375
1 0.06289298125000001 0.3038339734375 0.1390541984375 0.4427205609375 0.2291433296875 0.4142694234375 0.15541615312499998 0.27557713281249996 0.06289298125000001 0.3038339734375
0 0.2361590984375 0.2484392796875 0.3191846375 0.38745264218750003 0.40322801875 0.3594288578125 0.31728669374999996 0.21937068593750003 0.2361590984375 0.2484392796875
0 0.155608478125 0.2746117640625 0.23051479531250002 0.41483035468749996 0.3166792109375 0.3846845359375 0.23440142812500003 0.25081614218750004 0.155608478125 0.2746117640625
1 0.921149125 0.178129740625 0.909512 0.1625738578125 0.8275428734375 0.19106423749999998 0.9269068796875001 0.333911046875 0.9675799390625001 0.321029090625 0.921149125 0.178129740625
1 0.566282615625 0.2823272703125 0.485846209375 0.30972331875000003 0.573820334375 0.452460878125 0.6620854781250001 0.420109821875 0.566282615625 0.2823272703125
1 0.82638333125 0.2005999203125 0.73918268125 0.2291712546875 0.8418357109375 0.36595871406249997 0.9226931359374999 0.332342596875 0.82638333125 0.2005999203125
1 0.6519288453125001 0.2574367 0.570589484375 0.28277587656250003 0.6611873453125 0.41893285 0.7526899874999999 0.39654578749999997 0.6519288453125001 0.2574367
1 0.65649358125 0.2583878375 0.755139428125 0.3964843109375 0.8405452265625 0.3679998890625 0.7362772375 0.230764640625 0.65649358125 0.2583878375
1 0.4888679625 0.4874075234375 0.5733510296875 0.45481654687499995 0.48199362187499994 0.3104488171875 0.3996253640625 0.33941507031249996 0.4108295953125 0.36052689843749997 0.4888679625 0.4874075234375
1 0 0.5791922203125 0.00714775625 0.6011907515625 0.02409970625 0.6399848359375 0.116131596875 0.6088586 0.0475425125 0.4657751765625 0 0.47972155 0 0.5791922203125
0 0.1427625375 0.4460747859375 0.052828239062500004 0.47149810312499996 0.1198520578125 0.6076497484375001 0.2102842875 0.575820015625 0.1427625375 0.4460747859375
0 0.32024819375 0.389441303125 0.23253469999999998 0.4166964765625 0.305362790625 0.546297575 0.3961367765625 0.5153345296875 0.32024819375 0.389441303125
0 0.23107397187499998 0.4161574015625 0.1436771984375 0.4439360359375 0.214103684375 0.5770255390625 0.3053538703125 0.549823078125 0.23107397187499998 0.4161574015625
0 0.40592922343750004 0.3630706375 0.3224351671875 0.3904226234375 0.39629321093750003 0.51454930625 0.484952384375 0.48721098281249997 0.40592922343750004 0.3630706375
1 1 0.44761619374999995 0.9543384250000001 0.46016274843750005 1 0.5317989203125 1 0.44761619374999995
1 0.268986603125 0.685670871875 0.17306411875 0.7130763499999999 0.2656041265625 0.9007808265625 0.366407075 0.8692006250000001 0.268986603125 0.685670871875
1 1 0.5386422296875 0.9504684609374999 0.462953903125 0.8717024312499999 0.4865439078125 0.9828465015625 0.6687898875 1 0.6624847640625 1 0.5386422296875
1 0.37282308125 0.6523908765625 0.4726598 0.8358496828125 0.5712099359375 0.8044151328125 0.46386918593750004 0.6176590328125 0.37282308125 0.6523908765625
0 0.0752651046875 0.7490562015625 0.163953175 0.937042971875 0.26378809375 0.89885486875 0.17086588125 0.7153472140625 0.0752651046875 0.7490562015625
1 0.7590240484375 0.5264376687500001 0.8716682234375 0.7056176562500001 0.96355475625 0.6769345734375001 0.8471426421875 0.49664392343749997 0.7590240484375 0.5264376687500001
1 0.46903403906249996 0.6224305140624999 0.570817875 0.802197196875 0.6661287046875 0.76888350625 0.5626738046875001 0.596109428125 0.46903403906249996 0.6224305140624999
0 0.2727936921875 0.683485678125 0.370122265625 0.8703388109375 0.47189432968749995 0.8366847296875 0.3719886234375 0.6586531328125 0.2727936921875 0.683485678125
1 0.6574577015624999 0.564127628125 0.773452321875 0.7404615953125 0.87037411875 0.7060381375 0.756606878125 0.5278197734375001 0.6574577015624999 0.564127628125
0 0.6559047828125 0.7475795453125 0.6676778375 0.76662116875 0.7694372265625 0.7400071828125 0.65467986875 0.5650421828125001 0.565249759375 0.595025615625 0.6559047828125 0.7475795453125
1 0 0.1894103265625 0.010789176562499999 0.2094986515625 0.093250228125 0.18178853749999999 0.057503812499999994 0.11804461562499999 0 0.13672873593749998 0 0.1894103265625
0 0.178111015625 0.1585077078125 0.13786557500000002 0.0919334953125 0.0583507734375 0.1177694203125 0.094315375 0.1828636171875 0.178111015625 0.1585077078125
1 0.259097990625 0.1345859046875 0.21655886249999998 0.066364496875 0.1389256125 0.09158906875 0.178353565625 0.15842889843750002 0.259097990625 0.1345859046875
1 0.340924828125 0.1075202609375 0.29931042812499997 0.0394768828125 0.2169940359375 0.06622310000000001 0.259185684375 0.13407891875 0.340924828125 0.1075202609375
1 1 0.7266183984375 0.966065296875 0.6783678531249999 0.8739575875 0.707696871875 0.9801280671875 0.8697280468749999 1 0.8632712640625 1 0.7266183984375
1 0.7773720265625 0.745341496875 0.8794355078124999 0.9024450421875001 0.9780456703124999 0.8704046578125 0.8708046859374999 0.7093199015625 0.7773720265625 0.745341496875
1 0.6778674671875 0.7728019859375 0.7747901500000001 0.9364463796875 0.8764539328125001 0.9034138140625 0.7719919796875 0.7457762390625 0.6778674671875 0.7728019859375
1 0.43529694531249996 1 0.3643861953125 0.8738652437500001 0.2699962796875 0.9039357953125 0.31798685625 1 0.43529694531249996 1
1 0.5610832546875 1 0.4685376 0.8417644578125 0.36853460312499997 0.8747019 0.4393062515625 1 0.5610832546875 1
1 0.579192221875 1 0.6699581703125 0.9705083546875001 0.5731909140625 0.8103706203125001 0.4704883515625 0.84157511875 0.5623595531250001 1 0.579192221875 1
1 0.575468834375 0.808160678125 0.6701243359375 0.9704543640625 0.7727204375000001 0.9371188703125 0.6735034828125 0.774296978125 0.575468834375 0.808160678125
1 0.3144772671875 1 0.2682435453125 0.905103884375 0.16624271562499998 0.9411263046875 0.19313839531250002 1 0.3144772671875 1
1 0.5589212328125 0 0.583161228125 0.0373206109375 0.6593689890625 0.01110553125 0.6517602984375 0 0.5589212328125 0
1 0.41765345 0.080810596875 0.3734267578125 0.0153950265625 0.3001688703125 0.0391979578125 0.34072539687500003 0.10710656874999999 0.41765345 0.080810596875
1 0.46012559687500004 0 0.5006097078125 0.059055359375000005 0.5804645921875 0.03528945 0.5560828250000001 0 0.46012559687500004 0
1 0.42080777812500003 0 0.37455309375 0.0150290578125 0.4194520234375 0.082005228125 0.49936687500000004 0.0589102671875 0.457279028125 0 0.42080777812500003 0