1 1 0.3349611 0.9331292171875001 0.32076472968749997 0.9467939375000001 0.44623504062499997 1 0.45795534531250004 1 0.3349611
1 0.8521781046875001 0.30793089687499997 0.8703164765625001 0.43593044687500004 0.9431726703125 0.44862809531250003 0.924406796875 0.3205265203125 0.8521781046875001 0.30793089687499997
1 0.667172121875 0.27810375 0.590304353125 0.2610176125 0.585277165625 0.2600404265625 0.597799059375 0.387970790625 0.6801981921875 0.40126155468749997 0.667172121875 0.27810375
1 0.6726519796875 0.277461803125 0.6852372124999999 0.4000831984375 0.7688191875 0.422186540625 0.75374626875 0.2933386375 0.6726519796875 0.277461803125
1 0.7581974796875001 0.29289909375 0.7726106515625 0.42602919375 0.8586958984375 0.44227441562500003 0.8423418843749999 0.30878500781249996 0.7581974796875001 0.29289909375
1 0.50464555 0.24605527187499998 0.5134574421875 0.375208940625 0.5980598546875 0.388927978125 0.5854324546874999 0.26175865468750004 0.50464555 0.24605527187499998
1 0.414584309375 0.2310956390625 0.422560465625 0.3614740015625 0.51034015 0.3764921390625 0.502645628125 0.24551115937499998 0.414584309375 0.2310956390625
0 0.154174959375 0.17813295468749998 0.06779641875 0.160483809375 0.0636028375 0.3141893671875 0.15236302031249999 0.33083328125 0.154174959375 0.17813295468749998
1 0.154476871875 0.17905049687500002 0.1537060375 0.3345550453125 0.24440970156250003 0.3529666359375 0.24717343125000002 0.198786596875 0.154476871875 0.17905049687500002
0 0.32924592812500003 0.2138810171875 0.334295521875 0.37275914375 0.41961663437499996 0.388662384375 0.4125657171875 0.227500171875 0.32924592812500003 0.2138810171875
0 0.24779707499999998 0.1980489640625 0.2453180078125 0.3541006640625 0.3334649078125 0.3691901796875 0.32661030625 0.21508641874999998 0.24779707499999998 0.1980489640625
1 0.9469251265624999 0.460384909375 0.86315924375 0.445868921875 0.8803838703125001 0.6158100140625 0.970593625 0.6340436031250001 0.9469251265624999 0.460384909375
1 1 0.471732278125 0.9510028125 0.4601505859375 0.972282546875 0.6413577625 0.98134799375 0.6441007796875 1 0.5481445265625 1 0.471732278125
1 0.5959556109374999 0.39999341718750003 0.514022996875 0.385266540625 0.5215417999999999 0.549696734375 0.6125366390625 0.5638914078124999 0.5959556109374999 0.39999341718750003
1 0.8576331640625 0.453507109375 0.7693469359375 0.43657252187499995 0.792269534375 0.6028738453125 0.8775194875000001 0.6124588890625 0.8576331640625 0.453507109375
1 0.6811605453125 0.419349925 0.5994320796875 0.40242706406249995 0.6123266671875001 0.5624534156250001 0.7013587921875 0.586745378125 0.6811605453125 0.419349925
1 0.6846190578125 0.422337809375 0.703486459375 0.5878575406250001 0.79019371875 0.6040131375 0.76610043125 0.436559153125 0.6846190578125 0.422337809375
1 0.432151234375 0.5393068375000001 0.5200199984375 0.5514966859375 0.5103776109375 0.38405732656249997 0.4260435921875 0.3697602125 0.42560698906249994 0.3932207671875 0.432151234375 0.5393068375000001
1 0 0.45631483125 0.05509601562500001 0.46633975781250003 0.06434885 0.31083211093749996 0.0289568328125 0.3028854875 0 0.45185547968749995 0 0.45631483125
0 0.15528858437499998 0.339199503125 0.0661568109375 0.3182611234375 0.058857962500000006 0.46707100625000003 0.151461546875 0.48274408593749996 0.15528858437499998 0.339199503125
0 0.334261384375 0.3749729234375 0.246161425 0.35666404687500003 0.246948859375 0.50260855625 0.339433253125 0.519188528125 0.334261384375 0.3749729234375
0 0.2451662578125 0.3555063375 0.1570888140625 0.337797665625 0.154160603125 0.4855959625 0.24526540156249999 0.505632175 0.2451662578125 0.3555063375
1 0.4201996796875 0.393074809375 0.3356685109375 0.37685585625 0.3399405203125 0.5185885453125 0.4288901703125 0.5372757781249999 0.4201996796875 0.393074809375
1 0.9356807734375 0.87903825625 0.9202444875 0.7558223796875 0.843872021875 0.737287159375 0.8563988 0.943083921875 0.9210251906250001 0.95443469375 0.9356807734375 0.87903825625
1 0.1495354671875 0.6050079359375 0.0543313890625 0.5829239234375 0.044387203125000003 0.78814526875 0.1457568078125 0.808965009375 0.1495354671875 0.6050079359375
1 0.7605374296875 0.720642515625 0.76912605625 0.930024015625 0.8542012874999999 0.943214509375 0.8392298609375001 0.737843759375 0.7605374296875 0.720642515625
1 0.2543118875 0.6258105734375 0.252636959375 0.8308558906249999 0.3520073328125 0.850729278125 0.34882086874999996 0.63928315625 0.2543118875 0.6258105734375
0 0 0.7794316718750001 0.0437468890625 0.7856274578125 0.05136871875 0.58382875625 0 0.5751642359375 0 0.7794316718750001
1 0.645042328125 0.701314834375 0.656373490625 0.9087765781250001 0.7487272484374999 0.9278438171875001 0.7346960218749999 0.717636140625 0.645042328125 0.701314834375
1 0.35097754062500003 0.6458375390625 0.35272572812499997 0.848637946875 0.4502142125 0.8653568187499999 0.4437105484375 0.66776720625 0.35097754062500003 0.6458375390625
0 0.15383572343750002 0.604941859375 0.1483985984375 0.8117094921874999 0.2515842453125 0.8312090062499999 0.2506203 0.630792009375 0.15383572343750002 0.604941859375
1 0.540114503125 0.6853793546875 0.5556688328125 0.8919902921875 0.6550649515625 0.9085222249999999 0.642314559375 0.7013522328125 0.540114503125 0.6853793546875
0 0.451581978125 0.8421974921875 0.452616740625 0.8641505953124999 0.5524450859375001 0.8896904296875 0.5372999984375 0.6848436671875 0.44643255625 0.6680615125 0.451581978125 0.8421974921875
1 0.0878318078125 0 0.07663945 0.057579689062499995 0.1542208609375 0.0718526796875 0.1552429375 0 0.0878318078125 0
1 0.155681034375 0 0.15468075781249999 0.07325035625000001 0.2384971796875 0.0886704296875 0.2380967390625 0 0.155681034375 0
1 0.9121681921875 1 0.9212656171875 0.9531978078125001 0.8541747718750001 0.9446157984375001 0.8590824859374999 1 0.9121681921875 1
0 0.2390602140625 0 0.23889866718750002 0.0901003421875 0.322264046875 0.10903589531249999 0.3182165265625 0 0.2390602140625 0
1 0.31963545 0 0.3225093015625 0.10908356718750001 0.4030168859375 0.1270084625 0.397256459375 0.0139191796875 0.3375746046875 0 0.31963545 0
1 0.481482203125 0.0362081 0.3977167890625 0.0135373765625 0.40333300625 0.1266147484375 0.485983634375 0.14268040312500002 0.481482203125 0.0362081
1 0.75762839375 1 0.7501967406250001 0.9302688031249999 0.657346459375 0.9116511328125 0.66383871875 1 0.75762839375 1
1 0.6610228874999999 1 0.6538738656249999 0.9115455328125 0.55670724375 0.8980455953125001 0.563798271875 1 0.6610228874999999 1
1 0.8565730374999999 1 0.8506897671875 0.943181809375 0.7565284343750001 0.928944575 0.7627632578125 1 0.8565730374999999 1
1 0.5600853171875 1 0.551891484375 0.895860203125 0.458408240625 0.8743051796874999 0.4619419890625 1 0.5600853171875 1
1 0.0466502921875 0.7929438234374999 0.041155046875000004 0.9201679234375 0.1425215734375 0.93987158125 0.1418082296875 0.8120100562499999 0.0466502921875 0.7929438234374999
1 0.1449644875 0.8147016109375 0.1459184859375 0.9405318734374999 0.2491572890625 0.9605994640625 0.246293921875 0.83397523125 0.1449644875 0.8147016109375
1 0.24805513750000002 0.8347404031250001 0.25044085 0.9608489625000001 0.35547202968749997 0.9812649562500001 0.3508735609375 0.8567862765625 0.24805513750000002 0.8347404031250001
1 0.4591013484375 1 0.45395896875 0.873513621875 0.3538755390625 0.855971665625 0.3565618296875 0.9814767921875 0.451855478125 1 0.4591013484375 1
1 0 0.91216819375 0.037875775 0.9195304984374999 0.044593478125 0.793113421875 0 0.7856144484375001 0 0.91216819375
1 0.71842625 0.0759056171875 0.7268771796875 0.1975982671875 0.804625734375 0.21132825937500002 0.7930142234375 0.0880764703125 0.71842625 0.0759056171875
1 0.48600942500000005 0.14223025625000002 0.5644135109375 0.1562333453125 0.55523371875 0.051909423437500005 0.4826490109375 0.036434903125 0.48600942500000005 0.14223025625000002
1 0.795119996875 0.089177190625 0.80502283125 0.2127241921875 0.88383255625 0.22949009999999997 0.8601700734375 0.10458723750000001 0.795119996875 0.089177190625
1 0.635426146875 0.06696012968750001 0.6458235859375 0.17700325625 0.7255324546875 0.1945712875 0.714116115625 0.07827142031249999 0.635426146875 0.06696012968750001
1 0.6324035046875001 0.06736486875 0.55637894375 0.050930259374999995 0.5653864984375 0.15811475625 0.6448278140625 0.17628755000000002 0.6324035046875001 0.06736486875
1 1 0.1359253828125 0.937892246875 0.1206387421875 0.9640937296875001 0.24647408906249998 1 0.25345356093750004 1 0.1359253828125
1 0.882764371875 0.23412225625 0.9620190671875 0.246070815625 0.940141365625 0.147788025 0.9335134890625 0.12022655 0.865451128125 0.1083793640625 0.882764371875 0.23412225625