1 0.9106535265625 0.0802585859375 0.8992220124999999 0.0624583921875 0.8265945015625 0.07924679531249999 0.8928610609375 0.1884976328125 0.9352804734375001 0.17903187812500002 0.9106535265625 0.0802585859375
1 0.7467200203125001 0.1021331109375 0.8181798296875 0.2117887578125 0.8905581296875 0.192243384375 0.818478075 0.0827628125 0.7467200203125001 0.1021331109375
1 0.5639619640625 0.1539819703125 0.48601908125 0.1712190921875 0.480981621875 0.172475071875 0.547251203125 0.2844719703125 0.6286517796875 0.2613848484375 0.5639619640625 0.1539819703125
1 0.5687222421875 0.1510468515625 0.6327773734375 0.25814639375000004 0.7190372453125 0.2426371390625 0.6500309171875001 0.13089076093750002 0.5687222421875 0.1510468515625
1 0.6539326812499999 0.1285817359375 0.724165921875 0.24453890625 0.810218159375 0.2225838625 0.7380477937500001 0.10712805624999999 0.6539326812499999 0.1285817359375
1 0.40090785 0.19416841875 0.464292225 0.30887597968749997 0.54790058125 0.2852383953125 0.48185984218750005 0.1739848203125 0.40090785 0.19416841875
1 0.3117526671875 0.21900514843750002 0.374893403125 0.33519401875 0.46197726093749997 0.3113878171875 0.3988373328125 0.1945255453125 0.3117526671875 0.21900514843750002
0 0 0.3882674609375 0.024829559374999997 0.44550621250000005 0.11351028593750001 0.4227716234375 0.0498076609375 0.2819146640625 0 0.2938291171875 0 0.3882674609375
1 0.05047784843749999 0.28262711406249996 0.1163374984375 0.42561080625000003 0.2075606640625 0.40366570468749996 0.1440991453125 0.2610438 0.05047784843749999 0.28262711406249996
0 0.22597170000000003 0.2397511328125 0.2986235046875 0.383337565625 0.383827234375 0.36139596875 0.308358778125 0.21657108125 0.22597170000000003 0.2397511328125
0 0.14435640624999999 0.26010011093749996 0.2088806984375 0.404317121875 0.29633251718750003 0.3804191734375 0.22406600625 0.24198537187500002 0.14435640624999999 0.26010011093749996
1 0.9672762703125001 0.307360009375 0.8990388359375 0.2014219859375 0.81585795625 0.2239703171875 0.9044323921874999 0.37249268125 0.9790253484375 0.3544829875 0.9672762703125001 0.307360009375
1 0.5507039921875 0.2962903296875 0.469117303125 0.3178602734375 0.546414615625 0.46548275156249996 0.6361001578125001 0.4395445515625 0.5507039921875 0.2962903296875
1 0.8140501390624999 0.23334329999999998 0.7256804671875 0.2556083078125 0.8179322921875001 0.39835208125 0.9003659640624999 0.370644890625 0.8140501390624999 0.23334329999999998
1 0.6372792359375 0.2775663625 0.5549400765625 0.2970343921875 0.6352916578125 0.43831529687500004 0.7274962078125 0.4224802890625 0.6372792359375 0.2775663625
0 0.641736078125 0.27882655 0.7299272718750001 0.42258957343750003 0.8165126687500001 0.40028599375 0.7226917453125 0.2569860484375 0.641736078125 0.27882655
1 0.4598318734375 0.4942244234375 0.5457868515625 0.4677855203125 0.4652501640625 0.318311778125 0.38164095468750003 0.3413041453125 0.3912827125 0.3630128515625 0.4598318734375 0.4942244234375
1 0 0.5613922812500001 0.01143556875 0.6072578421875 0.082145284375 0.5887251250000001 0.0240778546875 0.44210698906249996 0 0.44737775781250005 0 0.5613922812500001
0 0.11977978125 0.4291938703125 0.028919260937500003 0.44814798125 0.08591491875 0.58778525 0.17771150156249998 0.562514490625 0.11977978125 0.4291938703125
0 0.29953980625 0.385383015625 0.21075298281250002 0.406307553125 0.273951990625 0.5398540656249999 0.3660272765625 0.5154662859375 0.29953980625 0.385383015625
0 0.20934300156250002 0.40567160312499995 0.120833796875 0.4271371046875 0.181412309375 0.5639750765625 0.2736995125 0.5433485921875 0.20934300156250002 0.40567160312499995
0 0.386251815625 0.3651941171875 0.3016387625 0.386507875 0.36623653125 0.514698696875 0.455966046875 0.4937574484375 0.386251815625 0.3651941171875
1 1 0.48406762499999995 0.9228856453125 0.49956365937499997 1 0.6415699328125 1 0.48406762499999995
1 0.22828009531250001 0.6754991171875 0.13134971875 0.6960021546874999 0.2100632 0.8885216546875 0.312117465625 0.8642190281250001 0.22828009531250001 0.6754991171875
1 1 0.6473035984375 0.9188585390625 0.502061821875 0.8391898203125001 0.5199745859375 0.9367127421875001 0.70837554375 1 0.6900085765624999 1 0.6473035984375
1 0.33345733593750004 0.649722159375 0.4196935375 0.8385396593750001 0.5195057296875001 0.8142248625 0.42606268125 0.621616946875 0.33345733593750004 0.649722159375
0 0.056467840625 0.7878724203125 0.10684521093749999 0.9174069749999999 0.20839704062500003 0.88648606875 0.1290148546875 0.6981006921875 0.040194956250000004 0.7226054468750001 0.056467840625 0.7878724203125
0 0.7247952890625 0.551693859375 0.824016340625 0.73715948125 0.9170363359374999 0.7151093515625 0.8141589046875 0.528280765625 0.7247952890625 0.551693859375
1 0.43085008281250003 0.6267062875 0.5192705656250001 0.8119987765625 0.6160032390625 0.7855958953125 0.5254438859375 0.607119659375 0.43085008281250003 0.6267062875
0 0.23220303125 0.6735973265624999 0.31571968125 0.8656056140624999 0.41887742812499995 0.839314315625 0.3321978203125 0.6558724953125 0.23220303125 0.6735973265624999
1 0.62156245 0.582000578125 0.7242996796875001 0.7648775359375 0.8227051296875001 0.7374864031249999 0.7223049328125 0.5528960734374999 0.62156245 0.582000578125
0 0.6073460109375 0.763764840625 0.6176944062499999 0.7834607015625 0.720353075 0.7641479953125 0.618747071875 0.582714203125 0.5280709453125 0.6062242046875 0.6073460109375 0.763764840625
1 0 0.1735419890625 0.005374578125 0.185483003125 0.088988915625 0.1637424078125 0.0566423890625 0.095234653125 0 0.10935718750000001 0 0.1735419890625
0 0.174674728125 0.14655973125 0.137964646875 0.0749587375 0.057520071875 0.09501582187499999 0.089969928125 0.164882253125 0.174674728125 0.14655973125
1 0.256566803125 0.128472378125 0.21765457812500003 0.05508980625 0.13907244218749998 0.07468253281250001 0.1749204828125 0.14649845781249998 0.256566803125 0.128472378125
1 0.3395082484375 0.10732662343749999 0.3015271828125 0.0341780171875 0.2180995078125 0.054978871875 0.256688725 0.12797585 0.3395082484375 0.10732662343749999
1 1 0.8502400874999999 0.9194246359375 0.7167047656250001 0.8261408687499999 0.7393799 0.9216852171875001 0.9101688812500001 1 0.8906428140625 1 0.8502400874999999
1 0.7278459421875 0.7699878296875 0.81964925 0.9356093062499999 0.9195986890625001 0.9106891109375 0.8229049265624999 0.74076983125 0.7278459421875 0.7699878296875
1 1 0.690611996875 0.9246755375 0.71277903125 1 0.8430516515625 1 0.690611996875
1 0.627362775 0.79029645625 0.7134901015625 0.9620777546875001 0.8166573390625 0.936355271875 0.7224855453125001 0.770044925 0.627362775 0.79029645625
1 0.37195688125 1 0.3097928921875 0.8687030312499999 0.21419675312500003 0.8919547046874999 0.259036728125 1 0.37195688125 1
1 0.492286140625 1 0.41520065781250004 0.844117015625 0.31384516093750003 0.869820790625 0.3757997875 1 0.492286140625 1
1 0.5613922812500001 1 0.6073001687499999 0.9885538781250001 0.52105684375 0.820266740625 0.41714647656250003 0.8440648812499999 0.4935412921875 1 0.5613922812500001 1
1 0.523466446875 0.818234140625 0.6074199171875 0.9885240218750001 0.7114323515625001 0.9625908078125001 0.6229357859375 0.7914752859374999 0.523466446875 0.818234140625
1 0.2555480609375 1 0.2123794828125 0.892990921875 0.1088314140625 0.9216142656249999 0.1382132765625 1 0.2555480609375 1
1 0.5541200015625 0 0.5843584421875 0.054566490625 0.66167393125 0.0338734625 0.6417968875 0 0.5541200015625 0
1 0.41737396875000005 0.08617947031249999 0.3764780734375 0.015490660937500001 0.30242996875 0.0339529265625 0.3393392484375 0.1069026359375 0.41737396875000005 0.08617947031249999
1 0.642759184375 0 0.6626363625 0.0349840171875 0.7422264984375 0.0166216734375 0.730257915625 0 0.642759184375 0
1 0.4597441875 0 0.5010674125000001 0.0703768875 0.5818270812499999 0.0523654078125 0.5508221890625 0 0.4597441875 0
1 0.43860772031249995 0 0.377631953125 0.015202965625 0.41907337031249997 0.0874888109375 0.4998460859375 0.070146671875 0.4568074203125 0 0.43860772031249995 0