1 1 0.3036862515625 0.9369398625 0.2903023671875 0.9503130171875 0.4121038203125 1 0.423044940625 1 0.3036862515625
1 0.8581277093749999 0.27779896718749997 0.8758573359374999 0.402058071875 0.9467891078124999 0.41442471249999996 0.9284485578125 0.2900662203125 0.8581277093749999 0.27779896718749997
1 0.678009828125 0.24874154843750002 0.6031703625 0.23211274999999998 0.5982759078125001 0.2311613640625 0.610537921875 0.3553501421875 0.6907599656250001 0.3682978984375 0.678009828125 0.24874154843750002
1 0.68334404375 0.2481215015625 0.695664725 0.3671569109375 0.777043215625 0.3886596859375 0.7622972906250001 0.26357881562499996 0.68334404375 0.2481215015625
1 0.76663024375 0.263154659375 0.780736325 0.392391878125 0.8645484203124999 0.4082096 0.8485527484375 0.27862250781250003 0.76663024375 0.263154659375
1 0.5197741296875 0.217540559375 0.5284251921875 0.34291470625 0.6107923421875 0.3562794296875 0.5984280484375 0.2328293328125 0.5197741296875 0.217540559375
1 0.43209218125 0.20296851562499998 0.439930353125 0.3295309984375 0.5253912703125 0.3441585484375 0.5178269234374999 0.21701126406250001 0.43209218125 0.20296851562499998
0 0.1785570015625 0.151410984375 0.0944586 0.1342303125 0.0904628296875 0.2834295953125 0.17687916718750002 0.29963583125 0.1785570015625 0.151410984375
1 0.178851428125 0.15230180937499999 0.178188675 0.30324929843750004 0.2664979625 0.3211725109375 0.269101521875 0.17151184375 0.178851428125 0.15230180937499999
0 0.349006603125 0.1862102234375 0.35401186875 0.340435715625 0.43707989375 0.3559210453125 0.430125078125 0.1994772671875 0.349006603125 0.1862102234375
0 0.269708215625 0.170796178125 0.2673828296875 0.3222738203125 0.3532012640625 0.33697086249999997 0.3464415390625 0.18737881875 0.269708215625 0.170796178125
1 0.9504487046874999 0.42583914062500006 0.8688954578124999 0.41170129375000003 0.8857592015625 0.5766724437499999 0.9735875765625 0.5944225921874999 0.9504487046874999 0.42583914062500006
1 1 0.4363824140625 0.9544181484375001 0.42561398281249996 0.9752358437499999 0.60152338125 0.9888258015625 0.6056307890625 1 0.5481445234375 1 0.4363824140625
1 0.608750125 0.3670194421875 0.528981421875 0.3526779140625 0.5363935609375 0.5122941796875 0.624983928125 0.526124203125 0.608750125 0.3670194421875
1 0.8635201890624999 0.4191125515625 0.7775650796875 0.40262442343749993 0.7999736796875 0.5640656703125 0.8829688734375001 0.5734179 0.8635201890624999 0.4191125515625
1 0.691706996875 0.385856784375 0.6121357953125 0.36938373593749996 0.6247787125 0.52472823125 0.7114640921875 0.5483585640624999 0.691706996875 0.385856784375
1 0.6950755015625 0.388759065625 0.7135359765625 0.5494393375 0.797953540625 0.5651704093750001 0.7744046390625 0.40260961718750005 0.6950755015625 0.388759065625
1 0.44936708124999997 0.5021583484375001 0.5349131218750001 0.51404053125 0.5254320031249999 0.3515020796875 0.44332580468750005 0.3375763703125 0.44291400000000003 0.36034923281250003 0.44936708124999997 0.5021583484375001
1 0.091187171875 0.2801711328125 0.0357888765625 0.2677376640625 0.0067042734375 0.4173649765625 0.0822672984375 0.4311168484375 0.091187171875 0.2801711328125
0 0.179731884375 0.3077585546875 0.0929513890625 0.287383478125 0.08592992031249999 0.4318287890625 0.1760872140625 0.44709480625 0.179731884375 0.3077585546875
0 0.3539798828125 0.3425846078125 0.2682053296875 0.324762565625 0.26905414375 0.4664310234375 0.35909591875 0.4825772921875 0.3539798828125 0.3425846078125
0 0.2672358921875 0.32363821875 0.18148359375 0.3063988078125 0.1787163203125 0.44986463906249996 0.267417021875 0.46936509375 0.2672358921875 0.32363821875
1 0.43764996875 0.36020450312499996 0.3553507640625 0.344413159375 0.359589396875 0.48199517500000005 0.4461913296875 0.5001849640625 0.43764996875 0.36020450312499996
1 0.9417238125 0.847949521875 0.924641940625 0.712604603125 0.85028383125 0.6945694625 0.8625944890625 0.8943429843749999 0.9303904968750001 0.906254371875 0.9417238125 0.847949521875
1 0.17428110937500002 0.5657749703125 0.081588653125 0.5442844109375 0.0720237765625 0.7434867109375001 0.1707175828125 0.763753521875 0.17428110937500002 0.5657749703125
1 0.769149240625 0.6783655734375 0.777628175 0.881616575 0.8604553109375 0.8944685078125 0.8457650578125 0.6951071375 0.769149240625 0.6783655734375
1 0.27629139999999996 0.5860271 0.2747764453125 0.7850631921875 0.37152349375 0.8044102499999999 0.368302334375 0.599158171875 0.27629139999999996 0.5860271
0 0 0.7309186859375 0.07139901875 0.7410423171875 0.078705040625 0.5451610578125 0 0.5318794140625 0 0.7309186859375
1 0.6567052734375001 0.6595391421875 0.6678529515625 0.8609281843750001 0.7577689546874999 0.8794887625 0.7439912515625 0.675432728125 0.6567052734375001 0.6595391421875
1 0.37040552187500003 0.6055217125000001 0.37222166562500003 0.8023806078125 0.4671349375 0.818664525 0.460692334375 0.626861059375 0.37040552187500003 0.6055217125000001
0 0.1784673203125 0.565713253125 0.1732908828125 0.7664190734375 0.273751840625 0.785405365625 0.27270049375 0.5908604859375 0.1784673203125 0.565713253125
1 0.554550334375 0.6440114671875 0.5698087359375 0.8445770140625 0.6665789640625001 0.8606805468750001 0.6540498453125 0.65957390625 0.554550334375 0.6440114671875
0 0.46845338593749997 0.7961845875 0.4694730890625 0.8174950015625001 0.5666691593750001 0.842342725 0.5518101468750001 0.6434898921875 0.46334234218750003 0.6271482749999999 0.46845338593749997 0.7961845875
1 0.098423684375 0 0.09693883125 0.033229507812499996 0.1785417859375 0.04824498125 0.1792020171875 0 0.098423684375 0
1 0.179640771875 0 0.178990275 0.0496019625 0.2605932328125 0.064617434375 0.26026306093749996 0 0.179640771875 0
1 0.9121681921875 1 0.930667853125 0.9048274953125001 0.8604302875000001 0.8958287203124999 0.8697476671875 1 0.9121681921875 1
0 0.2610652421875 0 0.26098488125 0.0660056734375 0.3421507359375 0.0844333578125 0.33895852031249996 0 0.2610652421875 0
1 0.3401084453125 0 0.3423895140625 0.084479771875 0.4207727671875 0.10192480468750001 0.4155070796875 0 0.3401084453125 0
1 0.41596364843750006 0 0.42108028593749997 0.10154280468750002 0.50154871875 0.1171842828125 0.49710662031249997 0.013829315625 0.44596389218750004 0 0.41596364843750006 0
1 0.7718974828125 1 0.75920085625 0.88184351875 0.668801746875 0.8637190562500001 0.67892374375 1 0.7718974828125 1
1 0.6765543796875 1 0.665421159375 0.8636145921875 0.5708230265625 0.8504554687500001 0.581340296875 1 0.6765543796875 1
1 0.8680597265625 1 0.8570368687500001 0.8944347875 0.765363934375 0.8805616625000001 0.7759430953125 1 0.8680597265625 1
1 0.578188978125 1 0.5661337140625 0.8483313984375 0.475116765625 0.827355296875 0.4800845671875 1 0.578188978125 1
1 0.0742295703125 0.7481459328125 0.0666657609375 0.9251267046875 0.1679753703125 0.944819296875 0.166875409375 0.7667071156249999 0.0742295703125 0.7481459328125
1 0.16994950312499998 0.7693215796875 0.1713912140625 0.9454832703125 0.2727222265625 0.9651800234374999 0.268603334375 0.7880875515625 0.16994950312499998 0.7693215796875
1 0.2703182875 0.7888312953125001 0.2737703703125 0.9653837624999999 0.377014203125 0.9854523296875 0.3704231953125 0.8102891281250001 0.2703182875 0.7888312953125001
1 0.4779561046875 1 0.470785009375 0.8265844250000001 0.3733451234375 0.809500078125 0.37722501875000003 0.985493309375 0.451855475 1 0.4779561046875 1
1 0 0.9121681921875 0.06294495 0.9244034515624999 0.07222738125 0.748309403125 0 0.7361576046875 0 0.9121681921875
1 0.7277911359375 0.052497156249999996 0.7360865999999999 0.17062870624999998 0.8117816093749999 0.1840002 0.800408478125 0.0643534140625 0.7277911359375 0.052497156249999996
1 0.5015735734375 0.1167473421875 0.5779068859375001 0.1303843 0.568911671875 0.029112123437499998 0.4982426234375 0.0140501328125 0.5015735734375 0.1167473421875
1 0.8024590421875001 0.06542306718749999 0.8121689625 0.1853554515625 0.8888987187499999 0.20167449999999998 0.865793184375 0.08041823125 0.8024590421875001 0.06542306718749999
1 0.6469865046875001 0.043767009375 0.6571703062500001 0.1505914890625 0.7347758203125 0.16768966406250002 0.7235966031250001 0.05479120625 0.6469865046875001 0.043767009375
1 0.6440442281250001 0.0441581859375 0.5700259828124999 0.028162296875 0.5788551375 0.132211128125 0.6562005328125 0.14989619375000002 0.6440442281250001 0.0441581859375
1 1 0.110441309375 0.9414638171874999 0.096043196875 0.967041565625 0.21820605781250002 1 0.224612528125 1 0.110441309375
1 0.8878614656250001 0.206170321875 0.9650216796875 0.21781343125000002 0.943668609375 0.1223982125 0.93720091875 0.09564061406249999 0.8709363640625 0.0841022171875 0.8878614656250001 0.206170321875