1 0.846131209375 0.18237043125000002 0.8907758359375 0.2912781328125 0.9629130765625 0.2867601921875 0.9148250203125 0.17754419375 0.846131209375 0.18237043125000002
1 0.7699427046875 0.1917012671875 0.8192669203125 0.301724065625 0.8881324609375 0.294354175 0.838217003125 0.184401428125 0.7699427046875 0.1917012671875
1 0.595693178125 0.2125809859375 0.5220848 0.21705095624999998 0.5173069328125 0.217468965625 0.5615567953125 0.3288749953125 0.6391667375 0.3195809734375 0.595693178125 0.2125809859375
1 0.6004612265625 0.210595721875 0.643399628125 0.31722851093750004 0.7243460875000001 0.3155263671875 0.677563021875 0.20395463125000002 0.6004612265625 0.210595721875
1 0.6814571515625001 0.2024154140625 0.728750059375 0.3179938484375 0.8104401796875 0.310398578125 0.7613073109374999 0.1949976078125 0.6814571515625001 0.2024154140625
1 0.44110929375 0.225685984375 0.48233436875 0.339142771875 0.562038321875 0.329665546875 0.5178896453124999 0.21896857343749998 0.44110929375 0.225685984375
1 0.3561709703125 0.2354562671875 0.3969593171875 0.35022545156249996 0.4798586375 0.34109467968749996 0.43916850937499996 0.22571306562500001 0.3561709703125 0.2354562671875
0 0.108072125 0.2550087578125 0.025756065625 0.2614215546875 0.0616010015625 0.40022386875000004 0.1458021390625 0.3922975203125 0.108072125 0.2550087578125
1 0.1085804484375 0.255753203125 0.1479706109375 0.3952867140625 0.234377115625 0.388444146875 0.1971225765625 0.2495846140625 0.1085804484375 0.255753203125
0 0.27490337343750004 0.24199075625000002 0.32040327031250004 0.383049353125 0.4013172890625 0.3753442859375 0.35342683125 0.232754078125 0.27490337343750004 0.24199075625000002
0 0.19749390625000002 0.24876320624999998 0.23548718124999998 0.3892265328125 0.318735503125 0.38006522343750004 0.2728412359375 0.2437490125 0.19749390625000002 0.24876320624999998
1 0.8945413328124999 0.3039229375 0.8153850828125 0.312470825 0.874697853125 0.46030920000000003 0.9606138078124999 0.45343423125 0.8945413328124999 0.3039229375
0 0.9640197031250001 0.4595532734375 0.99841373125 0.460038403125 0.98428834375 0.29858447187500003 0.8981520765625 0.3026637171875 0.9640197031250001 0.4595532734375
1 0.5629961906250001 0.3401218625 0.48543606875 0.348009053125 0.5345901453125 0.4934070421875 0.6201718078125 0.48271110625 0.5629961906250001 0.3401218625
1 0.81237883125 0.3207367546875 0.7285294703125 0.32828069375 0.7920339125 0.4713915703125 0.8712552328125 0.4580435828125 0.81237883125 0.3207367546875
1 0.6446957531249999 0.3355408828125 0.566753375 0.341407896875 0.6196121015625 0.48147666874999995 0.7060294921875 0.48033314687499995 0.6446957531249999 0.3355408828125
0 0.6485796359375 0.337328146875 0.7082317125 0.48078217968750003 0.7904587265624999 0.472946546875 0.72560319375 0.3291041 0.6485796359375 0.337328146875
1 0.4514335625 0.5070993203125 0.5336840375 0.4954114203125 0.4818424296875 0.347863596875 0.4022311015625 0.35675379218750003 0.407885415625 0.3778872578125 0.4514335625 0.5070993203125
1 0 0.521830471875 0.000314371875 0.525423759375 0.0044661515625 0.5475713296875 0.0931618515625 0.5387425953125 0.0614072421875 0.3970237359375 0 0.40062120468750007 0 0.521830471875
0 0.150592571875 0.3990410203125 0.064949915625 0.4032150578125 0.0967372265625 0.538429790625 0.1841483296875 0.528644578125 0.150592571875 0.3990410203125
0 0.320943178125 0.3850417296875 0.23690726875 0.3913063484375 0.2752360640625 0.5218729015625 0.36277362812499997 0.5129309531249999 0.320943178125 0.3850417296875
0 0.2357128984375 0.3905250921875 0.1518519703125 0.3973217140625 0.1873134171875 0.5305054015625 0.2744998375 0.5250153078124999 0.2357128984375 0.3905250921875
0 0.40297958749999996 0.379147878125 0.32269537656249997 0.3863667953125 0.3630756640625 0.5122628265625 0.44797408125000004 0.50611858125 0.40297958749999996 0.379147878125
1 1 0.699808740625 0.9466751468749999 0.5755061875 0.8731391640625 0.5785502984375 0.9374649140625 0.75972490625 1 0.7531151406250001 1 0.699808740625
1 0.21393002499999997 0.6386910296874999 0.122525159375 0.643401071875 0.1664719578125 0.8298422890625 0.26310176093750004 0.8224129281250001 0.21393002499999997 0.6386910296874999
1 0.793822503125 0.5850798875 0.8555267640625001 0.7704798515625 0.9355201546874999 0.760407378125 0.8691032968749999 0.5802435359375 0.793822503125 0.5850798875
1 0.313622578125 0.6303697109375 0.364968821875 0.81452536875 0.4595547765625 0.806762496875 0.40218189375 0.6181225140625 0.313622578125 0.6303697109375
0 0.0276717125 0.6553722078125 0.06811700468750001 0.841272828125 0.16524646875 0.8277510453125 0.1200911015625 0.6449741703125 0.0276717125 0.6553722078125
0 0.6848601078125001 0.5974809125 0.7485386234375 0.7804550328125 0.8365997140625 0.7737753390625 0.769782515625 0.5890355859375 0.6848601078125001 0.5974809125
1 0.4058130578125 0.6234404203125 0.4596624703125 0.8047037671874999 0.551741025 0.79459863125 0.49495343125 0.619227934375 0.4058130578125 0.6234404203125
0 0.217784515625 0.6375252875 0.2661876078125 0.824192259375 0.364112084375 0.81511265 0.3115830953125 0.6357830875 0.217784515625 0.6375252875
1 0.5862858421875 0.6102022609375 0.6535471671875 0.7913273421875 0.7472949812499999 0.7805638359375 0.6824139359375 0.5982163265625 0.5862858421875 0.6102022609375
0 0.5470026828125001 0.773495465625 0.553593096875 0.7928996171875 0.6500519953125 0.79009615 0.5836138578125001 0.6104464984375 0.497479921875 0.6187912140625 0.5470026828125001 0.773495465625
1 0 0.1621556296875 0.0012829671875 0.167518521875 0.0807177640625 0.1597677109375 0.054191314062499996 0.062343084375 0 0.06729441093750001 0 0.1621556296875
1 0.1323557109375 0.055504585937499996 0.054580529687500004 0.0622850171875 0.0814920859375 0.1609017171875 0.1609268828125 0.15315090468749998 0.1323557109375 0.055504585937499996
1 1 0.7518620265625 0.9358574890625 0.761669784375 1 0.9276040015625 1 0.7518620265625
0 0.208617128125 0.049458762499999996 0.1332147484375 0.0547876484375 0.1616569296875 0.154328825 0.24159183281250002 0.14984401249999998 0.208617128125 0.049458762499999996
1 0.2845894859375 0.0453206265625 0.20993433437500003 0.04907865 0.24182492187500002 0.14982362031250002 0.31892643593750003 0.145168603125 0.2845894859375 0.0453206265625
1 0.36616336718750003 0.0436191109375 0.28490550468750003 0.044860071875000004 0.31910954999999996 0.1447344828125 0.39766119375 0.1378621046875 0.36616336718750003 0.0436191109375
1 0.838547784375 0.7755700453125 0.7501555578125 0.7827803249999999 0.8158870984375 0.9607647968749999 0.910889515625 0.9532133765624999 0.838547784375 0.7755700453125
1 0.7470019578125 0.7835792671874999 0.6560429140624999 0.7964858109375 0.7198772328125 0.971445221875 0.8142578109375 0.9616675546875 0.7470019578125 0.7835792671874999
1 1 0.928844634375 0.9323503000000001 0.76128165625 0.8439068687500001 0.77275425 0.9165194203125001 0.9610832078125 1 0.955132809375 1 0.928844634375
1 0.6511439578125 0.7957668390625 0.56142471875 0.800508065625 0.6191591625 0.9817773437499999 0.7185318203125 0.9753640125 0.6511439578125 0.7957668390625
1 0.31139939375000003 1 0.2603317703125 0.8261573921875 0.1697463328125 0.833559553125 0.2099065234375 1 0.31139939375000003 1
1 0.41662718437499996 1 0.360062246875 0.8189525375000001 0.26386714843750003 0.827756915625 0.3148413984375 1 0.41662718437499996 1
1 0.506455696875 1 0.521230075 0.9987074093749999 0.46009534218750003 0.8124814265625 0.3618451078125 0.8191849546875 0.417602153125 1 0.506455696875 1
1 0.5218304796875 1 0.6205138328124999 0.9913663250000001 0.5572149953125 0.8009436921875001 0.46258804531250003 0.8109790562500001 0.5213924249999999 1 0.5218304796875 1
1 0.2061900203125 1 0.16793829843750002 0.8342407734374999 0.0693201125 0.8453855421875 0.100968846875 1 0.2061900203125 1
1 0.5897170421875 0.018218825 0.6286939281249999 0.1250832734375 0.7022301703125 0.1173794859375 0.6600059125 0.00993129375 0.5897170421875 0.018218825
1 0.3975683796875 0.13745212812500002 0.4717651921875 0.1298243640625 0.43660921874999997 0.038710190625 0.36727230781250003 0.043522090624999996 0.3975683796875 0.13745212812500002
1 0.6621854734375 0.0103757078125 0.702947503125 0.11852808906250001 0.77822168125 0.1132714875 0.72472233125 0.0074448375 0.6621854734375 0.0103757078125
1 0.5126861203125 0.031560937500000004 0.5504125703125 0.127486309375 0.6267030109375 0.12271705937499999 0.586446453125 0.0214477078125 0.5126861203125 0.031560937500000004
1 0.5100691625 0.032701375 0.43738786718749995 0.0375381515625 0.4731261421875 0.131259778125 0.549331590625 0.127101253125 0.5100691625 0.032701375
1 0.84673108125 0 0.7988332328125 0.0018279609375 0.8548588125000001 0.10783680468750001 0.92638091875 0.10157943124999999 0.8718916796875 0 0.84673108125 0
0 0.7784540171875001 0.11769685468749999 0.852887040625 0.10800931250000001 0.8078563421875 0.0255755171875 0.794784784375 0.0025853640625 0.730454359375 0.0094837453125 0.7784540171875001 0.11769685468749999
1 0.8755549578125 0 0.9266247062499999 0.1002879046875 0.9668393828124999 0.09914194062500001 0.9581655859374999 0 0.8755549578125 0