1 0.9084195062499999 0.16022116875 0.8580143453125 0.09735480468749999 0.787052175 0.1218118640625 0.864879446875 0.224155725 0.92440660625 0.20414536718749998 0.9084195062499999 0.16022116875
1 0.7094736078125 0.15313523125 0.7925436078125 0.25533671406249997 0.8629667421875 0.2281469640625 0.7792940453125 0.12618606875 0.7094736078125 0.15313523125
0 0.5319145140625 0.2242882484375 0.45567695312499995 0.24975470624999999 0.4507646125 0.2515426515625 0.5288832609375 0.356634240625 0.607968884375 0.32494903750000004 0.5319145140625 0.2242882484375
1 0.5363729828125 0.22084916875 0.6117599671875 0.32127331406250004 0.696507115625 0.29665918125 0.6156743546875 0.19210680625 0.5363729828125 0.22084916875
1 0.6193389015624999 0.1893847796875 0.7018423703125001 0.298021646875 0.785704775 0.26697895312500003 0.701314225 0.15904802812500002 0.6193389015624999 0.1893847796875
1 0.3728612203125 0.2816931984375 0.44837541718749996 0.389801571875 0.5296139859375 0.3573327609375 0.45180254062499997 0.2529609078125 0.3728612203125 0.2816931984375
1 0.28619429375 0.315946778125 0.36162006562500004 0.4255632171875 0.44632109687500005 0.392559271875 0.370825421875 0.2822688625 0.28619429375 0.315946778125
0 0 0.53272209375 0.022669439062499998 0.5728595000000001 0.10908200781249999 0.5407596 0.030503350000000002 0.4065164765625 0 0.417290303125 0 0.53272209375
0 0.0312492453125 0.40715878906249997 0.11221113906249999 0.5433027828125 0.20125245937499997 0.5117249109374999 0.1227299046875 0.37569014843750004 0.0312492453125 0.40715878906249997
0 0.2024765671875 0.345750940625 0.290303025 0.481782071875 0.37331719531249996 0.4508422859375 0.2825402609375 0.313868740625 0.2024765671875 0.345750940625
0 0.122888421875 0.3747186578125 0.202642665625 0.5122376375 0.2877025203125 0.4791030890625 0.20080291875 0.348187696875 0.122888421875 0.3747186578125
1 0.872422621875 0.2364381484375 0.7914977265625 0.267771853125 0.8957864843750001 0.40706389062500004 0.9843021328124999 0.375590109375 0.872422621875 0.2364381484375
1 0.875868028125 0.234091484375 0.9880874531250001 0.37910705624999996 0.9291184609375 0.21709108124999998 0.875868028125 0.234091484375
1 0.53358165625 0.368097140625 0.4541503578125 0.39828369375 0.5470523593750001 0.537864046875 0.6341346999999999 0.5024522890625 0.53358165625 0.368097140625
1 0.7906716796875 0.27734219531250004 0.7045212765625 0.308939384375 0.8118855875 0.4420609765625 0.8915205703125 0.40564345468749996 0.7906716796875 0.27734219531250004
1 0.61830704375 0.340232725 0.5379015578125 0.3683951671875 0.6331960375000001 0.5013073796875 0.7238616421875 0.47574055781249996 0.61830704375 0.340232725
1 0.62290219375 0.3410239765625 0.72630744375 0.4755936328125 0.8106671249999999 0.44414594531249996 0.7016732125 0.3106331953125 0.62290219375 0.3410239765625
1 0.46337135781249994 0.5757542 0.5466655515625 0.540234659375 0.4503254375 0.399143203125 0.36901826249999997 0.4309664203125 0.380952459375 0.451674365625 0.46337135781249994 0.5757542
1 0 0.5881634890624999 0.0505221875 0.726972059375 0.0951006375 0.7101396015625 0.021559795312499998 0.5695370671875 0 0.576687665625 0 0.5881634890624999
0 0.11603427968749999 0.54652554375 0.027042028125 0.5750720359375 0.098776640625 0.7088016453125 0.1880429421875 0.6738352609375 0.11603427968749999 0.54652554375
1 0.2914353375 0.48373240156249997 0.20472646874999997 0.514032128125 0.28203320781249996 0.6410126125 0.3716713 0.6069004640625 0.2914353375 0.48373240156249997
0 0.20324781718749999 0.5135443609375 0.11687374218749999 0.5443561781249999 0.191902084375 0.67490675625 0.2821473296875 0.6445362828125 0.20324781718749999 0.5135443609375
1 0.37614385 0.45438757656249995 0.2936552234375 0.4846367984375 0.3718002359375 0.6061102593750001 0.4594513078125 0.5756944296875 0.37614385 0.45438757656249995
1 1 0.5096446218749999 0.9276074421875 0.5322813359375 1 0.6375587421875 1 0.5096446218749999
1 0.2505432359375 0.7815705187499999 0.155635621875 0.8123069484375 0.2546700484375 0.99666748125 0.35430945937499997 0.9615885453124999 0.2505432359375 0.7815705187499999
1 1 0.6431681671875 0.9238372453125001 0.53520585 0.845942475 0.561530378125 0.9633791328125 0.7397864656250001 1 0.724855225 1 0.6431681671875
1 0.3531550046875 0.7446869546875 0.459333528125 0.9245497546875001 0.5567265765625 0.8896950046875001 0.442933521875 0.7067988093750001 0.3531550046875 0.7446869546875
0 0.24051158125 1 0.252787909375 0.9948060734374999 0.1535179765625 0.8146531484375 0.091317965625 0.8390575390624999 0.14989623125 1 0.24051158125 1
1 0.7347250046875 0.60533225625 0.853553853125 0.7804718671875001 0.9443833843749999 0.748599465625 0.8217501328125 0.5724813656250001 0.7347250046875 0.60533225625
1 0.448261753125 0.71138713125 0.5562573515625 0.8874921 0.6503474890625001 0.8508724015625001 0.5409258828125 0.6818140984375 0.448261753125 0.71138713125
0 0.2542717421875 0.779253790625 0.35806210781250003 0.96259638125 0.458597665625 0.9254110062500001 0.3525396046875 0.75097451875 0.2542717421875 0.779253790625
0 0.6345358921875001 0.646543871875 0.75661381875 0.8187222656250001 0.852275209375 0.7809372546875 0.73235754375 0.606797875 0.6345358921875001 0.646543871875
0 0.6393862968749999 0.8299382296875001 0.6518167234375001 0.84855738125 0.752585309375 0.8184082546875 0.6317916671875 0.6475548125 0.54346244375 0.6806410453125 0.6393862968749999 0.8299382296875001
1 0 0.3056473921875 0.0573286765625 0.2841282484375 0 0.189775734375 0 0.3056473921875
0 0.0781971609375 0.16126013749999998 0.000313759375 0.18813870625 0.05843069375 0.2851654984375 0.141325278125 0.2579 0.0781971609375 0.16126013749999998
1 0.157017675 0.13547748125 0.0794764796875 0.1604877046875 0.1415649296875 0.257812775 0.22142805937499999 0.2311663671875 0.157017675 0.13547748125
1 0.24242561718750003 0.11068714531249998 0.157220075 0.1349023828125 0.2214980078125 0.2306566265625 0.3022604734375 0.20126149375 0.24242561718750003 0.11068714531249998
1 1 0.8200511421875 0.9469424156249999 0.749944253125 0.8559143859375 0.78246991875 0.923383115625 0.877990034375 1 0.8501037703125001 1 0.8200511421875
1 0.760701440625 0.8234623984375 0.8241865468749999 0.9140946328125 0.9207781234375 0.8789381734375 0.852820046875 0.78420199375 0.760701440625 0.8234623984375
1 0.662215853125 0.8543788187500001 0.723849275 0.9506144125 0.82056015 0.9154145328125001 0.7553398421875 0.8240846390625001 0.662215853125 0.8543788187500001
1 0.499326821875 1 0.455420259375 0.9306047875000001 0.35662768125 0.9670122203125 0.3768100828125 1 0.499326821875 1
1 0.5881634906250001 1 0.6196226265625 0.9885498109374999 0.55891419375 0.895577728125 0.45736321406249997 0.9303474843749999 0.5010724390625 1 0.5881634906250001 1
1 0.5611135984375 0.89328963125 0.6209245625 0.9880759453125 0.7208840515625 0.9516936656249999 0.6579067015625 0.8560252015625001 0.5611135984375 0.89328963125
1 0.5229740078125 0 0.47061793124999995 0.0208653609375 0.5418993765625 0.12265067968750001 0.617145821875 0.09379195781250001 0.5479558265625 0 0.5229740078125 0
1 0.3020467265625 0.2008550140625 0.3780102015625 0.1718903109375 0.31520911875 0.08564895156249999 0.24356577031249999 0.1102721640625 0.3020467265625 0.2008550140625
1 0.550316271875 0 0.61822615625 0.094801853125 0.6959950312500001 0.068035703125 0.6352265390625 0 0.550316271875 0
1 0.393287565625 0.0566592375 0.4601566765625 0.14725319375 0.539133496875 0.12071486718749999 0.4680880828125 0.025194695312499998 0.393287565625 0.0566592375
1 0.39085490312500004 0.0586004125 0.315697278125 0.0841926234375 0.379849371875 0.17302144375 0.45890953906250004 0.147151565625 0.39085490312500004 0.0586004125
1 0.7374529890625 0 0.7751485671875 0.040697428125000004 0.8486836500000001 0.0139328453125 0.83561809375 0 0.7374529890625 0
1 0.6389244187500001 0 0.6974920328125 0.07264023593749999 0.7731213 0.0414352921875 0.7336690734375 0 0.6389244187500001 0