1 1 0.28874748281249996 0.986656684375 0.22952089999999997 0.913172325 0.220517709375 0.937897246875 0.3450773421875 1 0.3531670734375 1 0.28874748281249996
1 0.83085283125 0.21474689531250002 0.8602868671874999 0.34144959375 0.9344753593749999 0.3477931296875 0.9044029874999999 0.2210431484375 0.83085283125 0.21474689531250002
0 0.642675921875 0.20106046093750002 0.5640784812499999 0.1906698796875 0.5589504890625 0.19013090625 0.5827452359375 0.31725633593749997 0.666557196875 0.3233582609375 0.642675921875 0.20106046093750002
1 0.6481157328125 0.19993694374999998 0.67150774375 0.3217357328125 0.7572800390625 0.336566728125 0.73084608125 0.20874516562499998 0.6481157328125 0.19993694374999998
1 0.7352719546875 0.2079146359375 0.761420284375 0.34008597812499997 0.8491888218750001 0.348826159375 0.8210623078125 0.21646473125000001 0.7352719546875 0.2079146359375
1 0.476850328125 0.1831781484375 0.4970314546875 0.31185471875 0.5830908734375 0.3181928609375 0.559257146875 0.19183945468750002 0.476850328125 0.1831781484375
1 0.385206859375 0.1760748375 0.404657315625 0.30605211875 0.4940175703125 0.3134139609375 0.4747966609375 0.1828080125 0.385206859375 0.1760748375
0 0.032768887499999996 0.16202096875 0.0404771546875 0.2901086625 0.1309636125 0.2990140859375 0.11936998437499999 0.14580630781249998 0.03548505625 0.13617835312499998 0.032768887499999996 0.16202096875
0 0.1197533796875 0.14669949375 0.13263749687499998 0.3026266875 0.22522847656249997 0.3131335515625 0.21445951875000002 0.158359290625 0.1197533796875 0.14669949375
0 0.2981022765625 0.166297609375 0.317120453125 0.32509614062500003 0.40409254375000003 0.3335605078125 0.38286647500000004 0.17264801406250002 0.2981022765625 0.166297609375
0 0.2150202390625 0.1575653359375 0.2262390875 0.314190590625 0.31597391875 0.321591796875 0.295564665625 0.1677366765625 0.2150202390625 0.1575653359375
1 0.93927154375 0.35924802968749997 0.8539811578125001 0.3520378296875 0.8861822578125 0.520857903125 0.9782622218749999 0.5312296328125 0.93927154375 0.35924802968749997
1 1 0.36691907968750004 0.9433408015625 0.358655915625 0.980598546875 0.5384125234375 0.9983265234375001 0.5421259578125001 1 0.5262038921875 1 0.36691907968750004
1 0.5819521875 0.3294679265625 0.49848200781249996 0.3218857359375 0.520464365625 0.4860326796875 0.612977034375 0.4922874859375 0.5819521875 0.3294679265625
1 0.8491094328125 0.3601776125 0.7590728140625 0.3509393234375 0.7966692046875 0.51561210625 0.8830150265625001 0.51775008125 0.8491094328125 0.3601776125
1 0.6691110359375 0.341403625 0.5856527515625001 0.3316025484375 0.61264014375 0.49086460781249996 0.70407105 0.5074117203124999 0.6691110359375 0.341403625
1 0.6728422671875001 0.3440953234375 0.7063027328125 0.5083400124999999 0.7946872625 0.5169358671875 0.7558154609375001 0.3512103609375 0.6728422671875001 0.3440953234375
1 0.429894909375 0.48345078125 0.5190961125 0.48797007031249995 0.4947195578125 0.32099314218749997 0.4088785625 0.3140520890625 0.41050109062500006 0.33760446875 0.429894909375 0.48345078125
1 0.0409305375 0.286678378125 0.0199630125 0.2838607328125 0.0036074046875000003 0.439473946875 0.04530765 0.443351803125 0.0409305375 0.286678378125
0 0.13463266406250002 0.3071430984375 0.04339634375 0.29396595625 0.0491450296875 0.443755128125 0.1434010796875 0.45135077343749996 0.13463266406250002 0.3071430984375
1 0.3172806390625 0.3273179671875 0.227310146875 0.31668593125 0.24091756250000002 0.46289472812500004 0.335133715625 0.47140977968750003 0.3172806390625 0.3273179671875
0 0.22621033906250002 0.31561276875 0.13631513906249998 0.3055803375 0.146358646875 0.453972690625 0.2394946375 0.46607274375 0.22621033906250002 0.31561276875
1 0.40506485000000003 0.337931925 0.3188573296875 0.3290819171875 0.3355898 0.4707639828125 0.4264457453125 0.48170079374999997 0.40506485000000003 0.337931925
1 0.9705275703125 0.8066153265624999 0.93845830625 0.6576977125 0.860230378125 0.6458113453125 0.890868671875 0.8509805578125 0.9651863796875 0.8574333671875 0.9705275703125 0.8066153265624999
1 0.1522071328125 0.574062571875 0.054779796874999995 0.5602691921875 0.06282962187499999 0.766830409375 0.1663298234375 0.7788164546874999 0.1522071328125 0.574062571875
1 0.775185615625 0.6364298374999999 0.8021888531249999 0.8455370078125 0.8886760796875001 0.8513039750000001 0.8556232671874999 0.6467759265625 0.775185615625 0.6364298374999999
1 0.2591228 0.585732996875 0.2754510671875 0.791393296875 0.3768629671875 0.8026059828125 0.355096665625 0.5909561812499999 0.2591228 0.585732996875
0 0 0.7610468921875 0.061966271875 0.76436295 0.051887764062499994 0.56143565625 0 0.5572834984374999 0 0.7610468921875
1 0.6576488625 0.627176828125 0.6872342031249999 0.834119578125 0.781537775 0.84513901875 0.7490031625 0.6356806265625 0.6576488625 0.627176828125
1 0.35783540625 0.5973365796875 0.37739983125 0.8004469375 0.4766471859375 0.8086627828124999 0.4527707515625 0.6111917609375 0.35783540625 0.5973365796875
0 0.15651440156250002 0.5736195875 0.169220521875 0.7813357515625 0.2744262296875 0.791839446875 0.25585770937499996 0.5910492374999999 0.15651440156250002 0.5736195875
0 0.5510087984375 0.6203979421875 0.5847551703125 0.8261179390625 0.6858994265625 0.8339792875 0.6549162484375 0.6274532984375 0.5510087984375 0.6203979421875
0 0.47598504999999997 0.7853307359375 0.47895093437499997 0.8072433140624999 0.5813198296875 0.8240952640625 0.5481388593750001 0.62010761875 0.4555267203125 0.6112482578125 0.47598504999999997 0.7853307359375
1 0.049797978124999996 0 0.0463061140625 0.033222865625 0.110081915625 0.0392793109375 0.1072027546875 0 0.049797978124999996 0
1 0.10766378125 0 0.11066593281249999 0.0406398875 0.1960864140625 0.048751812500000005 0.1915924296875 0 0.10766378125 0
1 0.9502020218749999 1 0.9653605359374999 0.85577636875 0.888772553125 0.8527107859375 0.9149422062499999 1 0.9502020218749999 1
0 0.1923109421875 0 0.1966146796875 0.0501498140625 0.2818915234375 0.0618247625 0.27415240625 0 0.1923109421875 0
1 0.2750750796875 0 0.2821416953125 0.0618510578125 0.364463465625 0.07276342031250001 0.35433351874999997 0 0.2750750796875 0
1 0.354768253125 0 0.3647459484375 0.0723411109375 0.44905385937500003 0.0812022296875 0.438463903125 0 0.354768253125 0
1 0.8131417859375001 1 0.783224621875 0.8474407968750001 0.68846253125 0.83691545 0.714915275 1 0.8131417859375001 1
1 0.7126123953125 1 0.6849703140625001 0.8371138531250001 0.5863284828124999 0.8320960921875 0.6128885859375 1 0.7126123953125 1
1 0.9137949593749999 1 0.8851512218750001 0.8515788515624999 0.789458884375 0.845558809375 0.8167622625 1 0.9137949593749999 1
1 0.6097288015625 1 0.5813064406249999 0.8303276281249999 0.48565152500000003 0.8169136796875 0.5068975484375 1 0.6097288015625 1
1 0.065520890625 0.7714416453124999 0.07377130625 0.9579556984375 0.1800672796875 0.9691278562500001 0.1626369109375 0.7822144 0.065520890625 0.7714416453124999
1 0.1660389625 0.7846355734375 0.1836524265625 0.9695046703125 0.2898659671875 0.9806681625 0.269363084375 0.7950754890625 0.1660389625 0.7846355734375
1 0.27119675 0.7956881015625 0.2909523921875 0.9807823515624999 0.3991797875 0.9921575078125 0.3762577734375 0.8087761453125 0.27119675 0.7956881015625
1 0.504746871875 1 0.481119475 0.816510125 0.37919715468750004 0.8076966656250001 0.399351175 0.992175521875 0.47379610625 1 0.504746871875 1
1 0 0.9502020218749999 0.06984221874999999 0.9575427359375001 0.063472840625 0.7717918359375 0 0.7667442765625 0 0.9502020218749999
1 0.77467458125 0.12208983749999999 0.7567258109375 0.0242288296875 0.67983995625 0.0161478015625 0.6954884828125001 0.1151402328125 0.77467458125 0.12208983749999999
1 0.43937107500000006 0 0.44904019218749996 0.0807487953125 0.5289077609375 0.0879146890625 0.513343221875 0 0.43937107500000006 0
1 0.8557125203125 0.1333536484375 0.8270363203125 0.0316187625 0.758455153125 0.024410590625 0.7751954578125 0.123454165625 0.8557125203125 0.1333536484375
1 0.6938739046875 0.112224153125 0.675783009375 0.0157213984375 0.5950506515625 0.0072360859375 0.6123845718750001 0.1015994921875 0.6938739046875 0.112224153125
1 0.5145288484375 0 0.530048884375 0.0897151484375 0.6113229765625 0.10096939375 0.592157975 0.006932053125 0.5262038859375 0 0.5145288484375 0
1 1 0.10447056875 0.9825855625000001 0.047967646875 0.9065409140625 0.0399750328125 0.937704509375 0.14334454375 1 0.1498920640625 1 0.10447056875
1 0.830847465625 0.0320193296875 0.855047975 0.1380899671875 0.935588246875 0.143122115625 0.9050136203125 0.046531646875 0.9026789687500001 0.039569125 0.830847465625 0.0320193296875