1 1 0.2418464921875 0.9945836703125 0.22489739531250003 0.9195701515625 0.22229946093750003 0.9555514078125 0.3457364859375 1 0.347614721875 1 0.2418464921875
1 0.8359190265625 0.223740671875 0.87684581875 0.3489236 0.9523354140625001 0.34877717656249996 0.9107597390625 0.22360286875000002 0.8359190265625 0.223740671875
1 0.6446543734375 0.22653624687499999 0.564354115625 0.22299013437499998 0.5591273078125 0.22289889999999998 0.594395890625 0.3490055703125 0.67958364375 0.3477666390625 0.6446543734375 0.22653624687499999
1 0.6500491687500001 0.2249233640625 0.6844401859375 0.3456936578125 0.77237938125 0.35308504687500003 0.73438371875 0.22650912499999998 0.6500491687500001 0.2249233640625
1 0.738780353125 0.22528114999999999 0.77687200625 0.3562690046875 0.8662890125 0.3573417484375 0.82618263125 0.22633668281250002 0.738780353125 0.22528114999999999
1 0.47559323593749997 0.2231287828125 0.5073492359375 0.3511185125 0.5948277562500001 0.3499195640625 0.5595880390625 0.2245949171875 0.47559323593749997 0.2231287828125
1 0.3824073046875 0.22404860625 0.4135403109375 0.35341454843750003 0.5044430921874999 0.35295684375 0.47348635625 0.2229366453125 0.3824073046875 0.22404860625
0 0.11124196875 0.21697126249999998 0.021281228125000003 0.21454216874999998 0.0443163734375 0.36945843125 0.1364930328125 0.3704580875 0.11124196875 0.21697126249999998
1 0.1117081375 0.21783821875 0.13850293281249998 0.3739537359375 0.23294666249999998 0.37638280625 0.2083900421875 0.22124344843750002 0.1117081375 0.21783821875
0 0.2935692171875 0.2218714375 0.3268130828125 0.38034162656250003 0.41540131406249997 0.381206465625 0.3797406734375 0.22079910156250002 0.2935692171875 0.2218714375
0 0.20888618124999997 0.220393290625 0.23406078749999998 0.377359684375 0.3253453625 0.37690864375 0.2911334765625 0.2235465640625 0.20888618124999997 0.220393290625
1 1 0.49012620625 0.958191940625 0.35990634843749997 0.8714130484375 0.36015799375 0.918857190625 0.5275720625 0.9995598250000001 0.5295810109375 1 0.5043634 1 0.49012620625
1 1 0.3611230671875 0.9622494749999999 0.358950271875 1 0.4845063515625 1 0.3611230671875
1 0.5946742859375 0.361390865625 0.5097008875 0.36110680781250004 0.5464112515624999 0.52470939375 0.6404000609375 0.5228571890625 0.5946742859375 0.361390865625
1 0.8672121640625001 0.3687966484375 0.7754604140625 0.367421621875 0.8279871203125 0.5301772640625 0.9153836546875 0.524717203125 0.8672121640625001 0.3687966484375
1 0.6837579640625 0.3657400546875 0.5986004578124999 0.3632172109375 0.6399340421875 0.5214519375 0.73374000625 0.5300749 0.6837579640625 0.3657400546875
0 0.687764346875 0.36812550625 0.7360760125 0.53081423125 0.826102403125 0.5316870921875 0.7721945078125 0.367982278125 0.687764346875 0.36812550625
1 0.4547096921875 0.5300943109375 0.5452005859375 0.5267839328125 0.5058219953124999 0.3605385 0.4185107890625 0.3611101484375 0.42223125625 0.3847195140625 0.4547096921875 0.5300943109375
1 0 0.5232337640625 0.062739934375 0.5235774671875 0.044471084375 0.36595901249999996 0.0022976171875 0.3640061609375 0 0.4956366015625 0 0.5232337640625
0 0.14091720624999998 0.37833253437500003 0.0476056359375 0.3730910078125 0.06665125937500001 0.5236457406249999 0.16251936250000001 0.5229919890625 0.14091720624999998 0.37833253437500003
0 0.3271712515625 0.3825682015625 0.235363096875 0.379781753125 0.2620294203125 0.52603250625 0.357938490625 0.5263094921875 0.3271712515625 0.3825682015625
0 0.23415745625 0.3787964828125 0.14247834374999999 0.376608090625 0.16573819218750002 0.525375309375 0.2608731921875 0.5293630328125001 0.23415745625 0.3787964828125
0 0.41676970625000004 0.3855292625 0.3289195875 0.384208065625 0.3583420453125 0.525617978125 0.4510714296875 0.5286336890625 0.41676970625000004 0.3855292625
1 0.9965441171875 0.7023508203125 0.983749959375 0.6609634296875 0.90369069375 0.655876228125 0.9527692562500001 0.8600861109375 0.9937912890625 0.86006028125 0.9965441171875 0.7023508203125
1 0.1822595515625 0.6459696187499999 0.0826407078125 0.6406527015625 0.1090284046875 0.84825885 0.21462097500000002 0.8512174124999999 0.1822595515625 0.6459696187499999
1 0.8169679593750001 0.6539164562499999 0.86272325625 0.8624183859375 0.9505833687499999 0.8606056734375 0.8991228578125 0.6572553796875 0.8169679593750001 0.6539164562499999
1 0.29127377499999996 0.648308615625 0.3259429046875 0.8542759828125 0.429357975 0.8566388171874999 0.388667140625 0.6451107265625 0.29127377499999996 0.648308615625
0 0 0.83932938125 0.0011097421874999998 0.8494510703125 0.10793834531249999 0.845846578125 0.0798229125 0.642084171875 0 0.64267311875 0 0.83932938125
0 0.6974403171875 0.6549522546875 0.7456121812500001 0.8610436171875 0.8418309015625001 0.863838559375 0.7904579796875 0.6554703234375 0.6974403171875 0.6549522546875
1 0.3919971640625 0.6513037609375 0.42970936406250004 0.8544140734375001 0.5306734015625 0.8539455328125 0.489104609375 0.6569028109375 0.3919971640625 0.6513037609375
0 0.1865706515625 0.6451429453124999 0.217763196875 0.8535031375000001 0.32494727343749996 0.854816321875 0.2884459890625 0.6539580218750001 0.1865706515625 0.6451429453124999
1 0.5891368015625 0.6575220453124999 0.6414031453125 0.8620132390625 0.744251684375 0.86101986875 0.6947048703125 0.65547210625 0.5891368015625 0.6575220453124999
0 0.527942384375 0.8304736593750001 0.5328746796875 0.8523108 0.6377547390625 0.860276396875 0.5862125578125 0.6574823984375 0.491893075 0.6567166953125 0.527942384375 0.8304736593750001
1 0.074795346875 0.0014674703125 0.0086414546875 0.0005679890624999999 0.00673616875 0.10972171093750001 0.09244549375 0.110358459375 0.074795346875 0.0014674703125
1 0.160304246875 0.002960034375 0.0752238703125 0.0014488078124999999 0.0931556 0.11167908281250001 0.18014558593750002 0.112325346875 0.160304246875 0.002960034375
1 0.99134863125 1 0.99379256875 0.859986890625 0.9508051500000001 0.8620159296875001 0.9880294375 1 0.99134863125 1
0 0.2436599875 0.005096679687499999 0.16131715156249998 0.0022790703125 0.180802690625 0.1136886296875 0.26796253281250004 0.11794085937500001 0.2436599875 0.005096679687499999
1 0.3264849546875 0.0092732421875 0.24513115000000002 0.00483401875 0.26821752499999996 0.1179453109375 0.3523253984375 0.12168912968750001 0.3264849546875 0.0092732421875
1 0.41510420000000003 0.016736940625 0.3268800078125 0.008808874999999999 0.352573375 0.1212383140625 0.43850590624999997 0.122738271875 0.41510420000000003 0.016736940625
1 0.8824595625 1 0.8437380328125 0.8660111046875001 0.747099890625 0.8637548984375 0.7816630375 1 0.8824595625 1
1 0.779082309375 1 0.74359035625 0.8642630203125 0.6435205578125001 0.8679034078125 0.6764805859374999 1 0.779082309375 1
1 0.9867101234375 1 0.9470476281250001 0.8611938 0.8498681687499999 0.8635632281250001 0.8865490250000001 1 0.9867101234375 1
1 0.6728790671875 1 0.6382920828125 0.86656289375 0.5404968859375 0.86147229375 0.5690264109375 1 0.6728790671875 1
1 0.11215411093750001 0.8526718796875 0.13082511562500002 0.9936321921875001 0.236838340625 0.9954826609375 0.21119154375 0.8549699640625 0.11215411093750001 0.8526718796875
1 0.21484155 0.8571116265625 0.2403959125 0.9955447578125 0.3479282546875 0.9974217421875 0.320119625 0.8585264531250001 0.21484155 0.8571116265625
1 0.3220257375 0.8589825328125 0.34921496093750004 0.9974442015625 0.45865066250000003 0.999354409375 0.42929210937500006 0.8629147859374999 0.3220257375 0.8589825328125
1 0.5662323421875 1 0.5358839359374999 0.8614650640624999 0.4321654125 0.8615668624999999 0.45958197343749996 0.9993706640625 0.49563658281249995 1 0.5662323421875 1
1 0.001945140625 0.8540573390624999 0.015318179687499999 0.9916160109375 0.1272903015625 0.9935704921875 0.1101165734375 0.85320569375 0.001945140625 0.8540573390624999
1 0.660329325 0.014657892187499999 0.6903996921875 0.13522765781249999 0.7709903390624999 0.135251634375 0.7374663875 0.013676840625 0.660329325 0.014657892187499999
1 0.43845202656250004 0.12228219062500001 0.5197500609375 0.1224641859375 0.49202633906250004 0.0194450453125 0.41631734062500003 0.016758115625 0.43845202656250004 0.12228219062500001
1 0.73977835625 0.014408565625 0.77163700625 0.136581609375 0.8538326359375 0.139463128125 0.8079017687500001 0.0183631421875 0.73977835625 0.014408565625
1 0.5753078328125001 0.020361628125 0.6052695546875 0.12890212031249998 0.6885112546875 0.1324292171875 0.6564160140624999 0.0177930578125 0.5753078328125001 0.020361628125
1 0.5723410906249999 0.021302084375 0.493003975 0.018260385937500002 0.5210617125 0.1241792875 0.604141671875 0.12836030625 0.5723410906249999 0.021302084375
1 1 0.10495591562499999 0.9678405921875 0.0259944703125 0.88887748125 0.0207203828125 0.9375259890625 0.1423067390625 1 0.1433972265625 1 0.10495591562499999
1 0.853580090625 0.14429830625 0.9353689453125 0.1422690875 0.8959517421875001 0.047554834375 0.884402671875 0.0210812078125 0.8138828421875001 0.02123301875 0.853580090625 0.14429830625
1 1 0.0256544765625 0.9713215140625 0.025062445312499997 1 0.10001172656249999 1 0.0256544765625