1 0.8626828625 0.1792896953125 0.9076058234375 0.2888140328125 0.98020389375 0.2842659640625 0.9318155375 0.1744317890625 0.8626828625 0.1792896953125
1 0.786007365625 0.18867828125 0.8356397234375 0.2993237703125 0.9049453812499999 0.29190773124999997 0.8547180031250001 0.1813327296875 0.786007365625 0.18867828125
1 0.610644075 0.2096874578125 0.5365654796875 0.2141873734375 0.53175708125 0.2146080546875 0.5762826046875 0.3266449515625 0.6543886125 0.3172933046875 0.610644075 0.2096874578125
1 0.6154426890625 0.2076906109375 0.658648671875 0.3149272015625 0.7401120296875 0.313210403125 0.693037140625 0.2010070125 0.6154426890625 0.2076906109375
1 0.696956225 0.1994588 0.7445439671875 0.315691646875 0.8267560968750001 0.30804815625000004 0.7773166359375 0.1919939 0.696956225 0.1994588
1 0.4550724625 0.22287649062499998 0.4965537609375 0.33697599375 0.5767671578125 0.3274399703125 0.5323434203125 0.21611615781250001 0.4550724625 0.22287649062499998
1 0.3695912578125 0.23270755781250002 0.410632959375 0.3481269515625 0.4940621015625 0.3389391546875 0.45311928437500004 0.22290384375 0.3695912578125 0.23270755781250002
0 0.1199072484375 0.252386496875 0.03706525625 0.258840825 0.073130509375 0.3984303328125 0.15786970625000002 0.390453728125 0.1199072484375 0.252386496875
1 0.12041877187500001 0.253135146875 0.16005183750000002 0.393459790625 0.2470104171875 0.3865729953125 0.2095265671875 0.24692603281249997 0.12041877187500001 0.253135146875
0 0.28780441562500003 0.23928420468749997 0.3335861296875 0.381142234375 0.4150172078125 0.373388371875 0.3668297640625 0.22999016874999997 0.28780441562500003 0.23928420468749997
0 0.20990031718750002 0.24609993125 0.2481275234375 0.3873597640625 0.331907896875 0.3781412359375 0.285729003125 0.2410525890625 0.20990031718750002 0.24609993125
1 0.9113945828125001 0.30153051875000003 0.8317324421875 0.3101318859375 0.8914148000000001 0.4588074 0.9778797000000001 0.45188805312499997 0.9113945828125001 0.30153051875000003
1 0.9813069640625001 0.45804168437500004 0.9982598578124999 0.458279603125 0.9841487203125 0.29698857031250003 0.91502845625 0.3002639171875 0.9813069640625001 0.45804168437500004
1 0.577730496875 0.3379556921875 0.49967471718749995 0.3458925078125 0.5491336765625 0.49211438125000007 0.635262384375 0.4813523578125 0.577730496875 0.3379556921875
1 0.8287064875000001 0.31844500937500003 0.7443213359375 0.3260370078125 0.80822241875 0.46995788125000004 0.8879503421875 0.4565291109375 0.8287064875000001 0.31844500937500003
1 0.6599519453125 0.333343640625 0.581511590625 0.3392488125 0.6346991796875 0.48011093281250006 0.7216683640625 0.47895559531250004 0.6599519453125 0.333343640625
1 0.6638605156249999 0.33514083125 0.7238846156250001 0.479407046875 0.8066370828125 0.47152179531250005 0.7413763265625 0.326865278125 0.6638605156249999 0.33514083125
1 0.465445346875 0.5058896421875 0.548221659375 0.494130215625 0.49605814375 0.3457464453125 0.41593799843749996 0.35469209375 0.42162711249999996 0.3759454015625 0.465445346875 0.5058896421875
1 0 0.46331654999999994 0.0156218296875 0.5466192984375 0.104884340625 0.5377349031249999 0.072935709375 0.3952120125 0 0.399486340625 0 0.46331654999999994
0 0.1626903109375 0.3972352859375 0.07650061875 0.4014383265625 0.1084825609375 0.5374200984375 0.196452334375 0.5275738624999999 0.1626903109375 0.3972352859375
1 0.3341293625 0.3831459078125 0.24955654843750003 0.38945132031249996 0.28812202343750004 0.520758075 0.3762190140625 0.5117598906249999 0.3341293625 0.3831459078125
0 0.2483546015625 0.3886656953125 0.1639578546875 0.395506125 0.1996375125 0.5294450734375 0.2873809046875 0.5239183984375 0.2483546015625 0.3886656953125
1 0.4166898875 0.37721349375 0.335892665625 0.3844784015625 0.37652301875 0.5110879453125 0.4619638390625 0.5049035390625 0.4166898875 0.37721349375
1 1 0.6588864437499999 0.963844546875 0.5746551109375 0.8898388921875 0.5777210562499999 0.9545641874999999 0.7599220859375 1 0.75512024375 1 0.6588864437499999
1 0.226417403125 0.6382443390625 0.1344286828125 0.6429867859375 0.17864459375 0.8304856296875001 0.275891778125 0.8230080796875001 0.226417403125 0.6382443390625
1 0.8100154421875001 0.5842926562499999 0.87210225 0.7707432328125 0.9526069703125 0.76060855625 0.8857771546875 0.5794241718750001 0.8100154421875001 0.5842926562499999
1 0.3267469453125 0.6298695671875 0.378409684375 0.8150693984374999 0.473599990625 0.8072565624999999 0.4158724109375 0.617547275 0.3267469453125 0.6298695671875
0 0.0389689171875 0.6550318359375 0.07966100000000001 0.841987221875 0.17741141093749999 0.8283825671875 0.1319789890625 0.6445689812500001 0.0389689171875 0.6550318359375
1 0.7003566250000001 0.5967709046875 0.7644304421875 0.7807817203125 0.8530541609375 0.7740586234375 0.7858217296875 0.588272328125 0.7003566250000001 0.5967709046875
1 0.4195264328125 0.622895203125 0.47370849843749996 0.80518611875 0.5663755390625 0.7950178515624999 0.509236171875 0.6186532796875001 0.4195264328125 0.622895203125
0 0.23029657499999998 0.63707173125 0.278997215625 0.8247973390625001 0.3775474390625 0.8156600703124999 0.32469410781249997 0.63531385625 0.23029657499999998 0.63707173125
1 0.6011522406250001 0.6095706609375 0.6688318546875001 0.7917217015625 0.763178853125 0.7808912203125 0.697894790625 0.5975106515624999 0.6011522406250001 0.6095706609375
0 0.5616082437500001 0.7737949609375 0.5682395390625 0.7933090625 0.6653144421875 0.7904837203125 0.5984631828125 0.6098164515625 0.5117788187500001 0.618213921875 0.5616082437500001 0.7737949609375
1 0 0.1124216625 0.012441684375000001 0.16440525156250002 0.0923841 0.156605478125 0.0656942828125 0.0586284109375 0 0.0646305546875 0 0.1124216625
1 0.144358134375 0.051746215625 0.06608598593750001 0.0585699875 0.0931632953125 0.1577458859375 0.1731057140625 0.14994611093750002 0.144358134375 0.051746215625
1 1 0.75468553125 0.9529463796875 0.7618781218749999 1 0.883536053125 1 0.75468553125
0 0.2211068046875 0.04566131875 0.14522269999999998 0.051025146875 0.173840346875 0.1511306859375 0.2542858625 0.1466154515625 0.2211068046875 0.04566131875
1 0.29756445625 0.0414949796875 0.22243244375 0.045278964062499996 0.25452044375 0.14659492968750001 0.3321144875 0.1419087 0.29756445625 0.0414949796875
1 0.379659240625 0.039778771875 0.2978825203125 0.041031785937499995 0.3322988 0.1414721 0.4113523703125 0.134555809375 0.379659240625 0.039778771875
1 0.8550145578125001 0.77586341875 0.76605755625 0.7831201390625 0.8321978124999999 0.9621128015625 0.9278072281249999 0.954512596875 0.8550145578125001 0.77586341875
1 0.7628837749999999 0.7839238187500001 0.6713432187499999 0.7969093546875 0.735574325 0.97285986875 0.8305580687499999 0.9630207953125 0.7628837749999999 0.7839238187500001
1 1 0.8867075984375001 0.9494168249999999 0.761488003125 0.8604080296875001 0.77303128125 0.9334725921875 0.9624268375 1 0.9576840828125001 1 0.8867075984375001
1 0.6664130296875 0.7961865953125 0.5761206953125 0.8009603015625 0.634212596875 0.9832569437500001 0.734220084375 0.97680103125 0.6664130296875 0.7961865953125
1 0.3240159640625 1 0.27310387343750003 0.8267740078125 0.181939646875 0.8342238343749999 0.22195774375 1 0.3240159640625 1
1 0.42988765312500005 1 0.373471509375 0.8195220484375 0.27666172499999997 0.8283824093750001 0.327476503125 1 0.42988765312500005 1
1 0.521830471875 1 0.5351786484375001 0.9988321859375 0.47414365468749997 0.8130079859375 0.375265740625 0.819755675 0.430875359375 1 0.521830471875 1
1 0.476652365625 0.811496915625 0.5349681265624999 0.9988506046875001 0.63465368125 0.9901292484375 0.5718840703125 0.8013986640624999 0.476652365625 0.811496915625
1 0.21823439375000003 1 0.18012002656249998 0.8349090390624999 0.08087153750000001 0.8461232515624999 0.11238209375 1 0.21823439375000003 1
1 0.6046417328125 0.014220287500000001 0.64386089375 0.1216901 0.7178670953124999 0.1139379796875 0.675379865625 0.0058813046875 0.6046417328125 0.014220287500000001
1 0.4112589875 0.13414350625 0.485929971875 0.12646780156249998 0.4505551484375 0.034837603125 0.38077526875 0.03968113125 0.4112589875 0.13414350625
1 0.6775733140625 0.006328110937500001 0.7185889359375001 0.1150930703125 0.79434401875 0.109801946875 0.7405096140625 0.003376728125 0.6775733140625 0.006328110937500001
1 0.5271181953124999 0.027643015625 0.565079609375 0.1241116140625 0.6418574125000001 0.11931055156249999 0.6013500640625 0.0174677359375 0.5271181953124999 0.027643015625
1 0.524484459375 0.0287900984375 0.45133884062499996 0.033658851562499995 0.487299521875 0.12791129375000002 0.5639917515625 0.123724434375 0.524484459375 0.0287900984375
1 0.8162979531250001 0 0.8714707671875 0.10433164531250001 0.9434498828125 0.0980342890625 0.8908301359375 0 0.8162979531250001 0
1 0.7968927124999999 0 0.7462781109375001 0.0054268796874999995 0.794577565625 0.1142524671875 0.8694863953124999 0.10450525625 0.8241732687500001 0.0216054109375 0.8118814140625 0 0.7968927124999999 0
1 0.8944048296875 0 0.9436953046875001 0.0967354015625 0.9665717218750001 0.0960825671875 0.9581655859374999 0 0.8944048296875 0