1 1 0.43290817343750004 0.9798924859374999 0.31538677187499997 0.9064787593749999 0.3024627484375 0.9247897453125 0.42892108125000006 1 0.44275286875 1 0.43290817343750004
1 0.8240115156250001 0.292320265625 0.8469447421874999 0.42118039375 0.9212063046875001 0.4314692390625 0.89763373125 0.3025279171875 0.8240115156250001 0.292320265625
0 0.6355228734375 0.26863813125 0.5570409921875 0.254050275 0.5519132359375 0.2532381171875 0.5691540328125 0.3822253953125 0.653104515625 0.392779325 0.6355228734375 0.26863813125
1 0.641051575 0.267796328125 0.6581675109375 0.3914103109375 0.7436300890624999 0.41083838437500003 0.7237722171875001 0.28101237968750004 0.641051575 0.267796328125
1 0.7282660171875001 0.28041145312500004 0.7476079796875 0.41459290312499997 0.835398003125 0.42800646562500005 0.8140770078124999 0.29352962968749996 0.7282660171875001 0.28041145312500004
1 0.4697286734375 0.2419196328125 0.483254484375 0.3722747484375 0.569452321875 0.383184625 0.5521317359375 0.2549709953125 0.4697286734375 0.2419196328125
1 0.3779564125 0.229946259375 0.3906791578125 0.3615697296875 0.48014209531249996 0.373682378125 0.4676832125 0.2414393546875 0.3779564125 0.229946259375
0 0.025148829687500002 0.3018656859375 0.025341282812499998 0.326331796875 0.11585543281249999 0.34005481875 0.1122540578125 0.18550470624999998 0.0453605328125 0.17425401406250002 0.025148829687500002 0.3018656859375
0 0.112592590625 0.1864223828125 0.1173485390625 0.3437729796875 0.209894540625 0.3592161390625 0.207204721875 0.2031355921875 0.112592590625 0.1864223828125
0 0.2908885140625 0.21552574375 0.3016611640625 0.376085075 0.3886648765625 0.389179478125 0.3757833875 0.2263795890625 0.2908885140625 0.21552574375
0 0.20781026093750002 0.202367440625 0.21085510937500002 0.3603315484375 0.30069260625 0.37250351875 0.2882613265625 0.21683775781249998 0.20781026093750002 0.202367440625
1 0.9254264703124999 0.443231859375 0.84004773125 0.43148635 0.86354861875 0.602810696875 0.9555879125000001 0.618091109375 0.9254264703124999 0.443231859375
1 1 0.456923790625 0.9295491640625 0.442851665625 0.9575593578125 0.625431540625 0.9852070359375 0.632749953125 1 0.5393508546875 1 0.456923790625
1 0.567714540625 0.3944533640625 0.48418554843750006 0.38243014375 0.497657403125 0.5485198171875 0.5903482421875 0.5596865109375 0.567714540625 0.3944533640625
1 0.8347213109375 0.4394078546875 0.7446769671875 0.4253741203125 0.773820784375 0.5928161171874999 0.8605274421875 0.5995209140625 0.8347213109375 0.4394078546875
1 0.654723509375 0.4110455046875 0.57132315 0.39679344843750003 0.5900843203125 0.5582390703125 0.6811462890625 0.57969005625 0.654723509375 0.4110455046875
1 0.658333659375 0.413946940625 0.6833413937499999 0.5807405453125 0.7717583734375 0.5940416015625 0.7413875078125 0.4254745515625 0.658333659375 0.413946940625
1 0.406727303125 0.5411460921875 0.49617977968750004 0.550394240625 0.48044941249999995 0.38133474375 0.3945028953125 0.3698306078125 0.3948959140625 0.3935809125 0.406727303125 0.5411460921875
0 0.1191171625 0.3484162140625 0.028073651562500003 0.33036153437500004 0.025977803124999997 0.48116829375 0.12035107656249999 0.49377421874999994 0.1191171625 0.3484162140625
1 0.301705403125 0.3783259484375 0.2118008328125 0.3628953109375 0.217795046875 0.51051934375 0.312079859375 0.5240469546875001 0.301705403125 0.3783259484375
0 0.2107514234375 0.3617589921875 0.12089103125 0.34693478906249997 0.123186990625 0.49656471562500004 0.2161972203125 0.5136374203125 0.2107514234375 0.3617589921875
1 0.38941265937499997 0.39362305000000003 0.303197984375 0.3801815140625 0.3125724015625 0.523422146875 0.40335125156249996 0.539205740625 0.38941265937499997 0.39362305000000003
1 0.938598078125 0.9270273343750001 0.9089160359375 0.7430616828125001 0.8308843421875001 0.7269904078125 0.8509025875 0.934754740625 0.935499871875 0.9465886390625 0.938598078125 0.9270273343750001
1 0.12275310156250001 0.6175358421875 0.025517045312499997 0.5985352703125 0.022749825 0.8065062125000001 0.1261870640625 0.8240113046875001 0.12275310156250001 0.6175358421875
1 0.74586674375 0.7130762015625 0.7620229484375 0.9246054375 0.8486809750000001 0.9349639906249999 0.8262012593750001 0.7277164640625 0.74586674375 0.7130762015625
1 0.229641121875 0.6349040484375 0.23524508906250002 0.8424066421875 0.33662324374999997 0.8590244828125 0.325866371875 0.645216853125 0.229641121875 0.6349040484375
0 0 0.8016425406250001 0.0220114828125 0.8039814265624999 0.022547828125 0.5995546796875 0 0.596555684375 0 0.8016425406250001
1 0.6281723140625 0.697576440625 0.647038584375 0.9070672 0.7412796125 0.92311575625 0.71958018125 0.710941721875 0.6281723140625 0.697576440625
1 0.3282846359375 0.6517722046875 0.3372765765625 0.8568834765625001 0.4366358984375 0.8703759609375 0.4230117953125 0.6707033609375 0.3282846359375 0.6517722046875
0 0.12710727187499998 0.617318046875 0.1289611375 0.8266951609375001 0.2341911734375 0.8428008374999999 0.226078603125 0.6400733296875 0.12710727187499998 0.617318046875
0 0.5213042078125001 0.685137640625 0.54441860625 0.893619403125 0.6457038671875 0.9068558015624999 0.6254101875 0.697710025 0.5213042078125001 0.685137640625
0 0.43719695156249994 0.8468977203125 0.43902691406249994 0.8690712953125 0.541070790625 0.8914057937500001 0.518433803125 0.6846944796875001 0.4257798984375 0.670905565625 0.43719695156249994 0.8468977203125
1 0.07295965625 0 0.061707018749999995 0.0710463609375 0.10851636093749999 0.077979621875 0.1068834890625 0 0.07295965625 0
1 0.1073246578125 0 0.109032040625 0.0793775046875 0.1944941703125 0.0920359046875 0.190838265625 0 0.1073246578125 0
1 0.9270403421875001 1 0.9358373578125001 0.9444578343750001 0.848704003125 0.936382603125 0.8566122796875 1 0.9270403421875001 1
0 0.191830290625 0 0.194951825 0.09346845000000001 0.280082184375 0.1096992828125 0.2721334421875 0 0.191830290625 0
1 0.2735689140625 0 0.28033234375 0.10973890312500001 0.362531528125 0.12504756875 0.35266909218750003 0.0108376390625 0.2975561328125 0 0.2735689140625 0
1 0.438790471875 0.0304308640625 0.3531218515625 0.0104352125 0.3628377671875 0.1246381515625 0.4471418359375 0.1379906046875 0.438790471875 0.0304308640625
1 0.7534641578125 1 0.7428546765624999 0.9255175281250001 0.648126634375 0.9099412250000001 0.6579481984375 1 0.7534641578125 1
1 0.6550907031250001 1 0.6446048453125 0.9099562828125001 0.54568620625 0.8997090875 0.5562261875 1 0.6550907031250001 1
1 0.8541746484375 1 0.8451223421874999 0.935054165625 0.7492220640625 0.923955559375 0.758608696875 1 0.8541746484375 1
1 0.5524257703125001 1 0.5407296265625 0.8976671671875 0.4452557515625 0.8791413734375 0.45284076874999996 0.998763275 0.46064914375 1 0.5524257703125001 1
1 0.02521338125 0.8112814578125 0.024251028124999997 0.930881328125 0.12718803125 0.9471849484374999 0.12229524375 0.8272305687499999 0.02521338125 0.8112814578125
1 0.1255886328125 0.8298428187500001 0.13063393437499998 0.9477307250000001 0.2357952140625 0.9643866359375 0.22893012499999998 0.8457851156249999 0.1255886328125 0.8298428187500001
1 0.2307416296875 0.8464974171874999 0.2371396453125 0.9645995734374999 0.34409986875 0.9815404078125001 0.3356903015625 0.8651921296875 0.2307416296875 0.8464974171874999
1 0.33870255312499997 0.8642626171875 0.345359925 0.98173998125 0.449825565625 0.9982857125000001 0.44072008125 0.8784967296874999 0.33870255312499997 0.8642626171875
1 0 0.9270403421875001 0.0209983703125 0.9303661578125 0.0231356921875 0.8115252390625001 0 0.8084597140625001 0 0.9270403421875001
1 0.6802481828125 0.06227574375 0.693142653125 0.1850952375 0.772397346875 0.196256775 0.7562454265625 0.0719708421875 0.6802481828125 0.06227574375
1 0.44715193593749997 0.1375342890625 0.5270804609375 0.14894910781249998 0.51406601875 0.0437270921875 0.4399806234375 0.030619365625 0.44715193593749997 0.1375342890625
1 0.7584179437499999 0.0730105234375 0.772849340625 0.197655096875 0.8532871875 0.2118508140625 0.82486783125 0.0863175 0.7584179437499999 0.0730105234375
1 0.5958435859375 0.0561390109375 0.6102952421875 0.1671043875 0.69167255625 0.18208005 0.6759658890625 0.06482051093749999 0.5958435859375 0.0561390109375
1 0.5927958062500001 0.056654584375000004 0.5151913640625 0.0426962765625 0.5281331687499999 0.150818371875 0.609260959375 0.1664152625 0.5927958062500001 0.056654584375000004
1 1 0.190903878125 0.9811062671874999 0.11593234687500001 0.90417845625 0.0998286296875 0.9352032359375 0.226216215625 1 0.2364790140625 1 0.190903878125
1 0.8523699578124999 0.21657465 0.9330870687499999 0.22588104687500002 0.9074236750000001 0.127216540625 0.8997277296874999 0.099565315625 0.83035300625 0.0899686140625 0.8523699578124999 0.21657465