1 0.61796875 0.234375 0.115625 0.1671875
1 0.45703125 0.2796875 0.103125 0.1390625
1 0.5328125 0.2609375 0.1078125 0.146875
1 0.3734375 0.3046875 0.121875 0.15
1 0.134375 0.37265625 0.125 0.159375
1 0.85859375 0.178125 0.1125 0.1640625
1 0.70546875 0.22109375 0.1171875 0.1671875
0 0.3046875 0.3296875 0.1140625 0.1546875
1 0.78359375 0.2015625 0.1125 0.1625
0 0.22265625 0.3578125 0.115625 0.1625
0 0.05546875 0.40859375 0.1109375 0.1453125
1 0.5359375 0.4046875 0.115625 0.1671875
1 0.4453125 0.43125 0.1203125 0.1546875
0 0.27890625 0.478125 0.1109375 0.140625
1 0.62109375 0.38671875 0.1234375 0.16875
1 0.7875 0.34375 0.1203125 0.1703125
0 0.19453125 0.503125 0.11875 0.1546875
0 0.3625 0.459375 0.1140625 0.1484375
1 0.87578125 0.32265625 0.125 0.1796875
0 0.7015625 0.37265625 0.1265625 0.1578125
1 0.04140625 0.55390625 0.0828125 0.1453125
0 0.1140625 0.534375 0.1203125 0.1515625
1 0.0390625 0.16640625 0.078125 0.1265625
1 0.765625 0.0171875 0.103125 0.034375
1 0.33828125 0.0875 0.1015625 0.134375
1 0.26171875 0.10859375 0.103125 0.1359375
1 0.87890625 0.6171875 0.1265625 0.184375
1 0.953125 0.59765625 0.09375 0.1734375
1 0.78515625 0.6515625 0.128125 0.178125
0 0.11015625 0.1515625 0.109375 0.140625
1 0.4125 0.0703125 0.1015625 0.1390625
1 0.63359375 0.03984375 0.0984375 0.0796875
1 0.18671875 0.1328125 0.109375 0.14375
1 0.69453125 0.6796875 0.1375 0.184375
0 0.1421875 0.83671875 0.1453125 0.1984375
0 0.6109375 0.7140625 0.1375 0.1734375
0 0.334375 0.78984375 0.134375 0.1828125
1 0.240625 0.81953125 0.140625 0.18125
1 0.425 0.77109375 0.1453125 0.1890625
1 0.525 0.75 0.128125 0.1875
1 0.4859375 0.06015625 0.10625 0.1203125
1 0.5609375 0.05 0.103125 0.1
0 0.7 0.03203125 0.10625 0.0640625
1 0.89765625 0.81796875 0.13125 0.196875
1 0.95859375 0.7921875 0.0828125 0.2
1 0.6078125 0.896875 0.1359375 0.196875
1 0.8015625 0.84453125 0.1375 0.196875
1 0.40859375 0.9265625 0.1453125 0.146875
1 0.5125 0.9125 0.14375 0.175
1 0.7109375 0.871875 0.1421875 0.1921875
1 0.3109375 0.94296875 0.134375 0.1140625
1 0.21015625 0.95625 0.1484375 0.0875