1 0.8852965140625001 0.2438867453125 0.9139018109375 0.356048784375 0.9848398906250001 0.361525553125 0.95292015625 0.248591878125 0.8852965140625001 0.2438867453125
1 0.8097501640625 0.2425419265625 0.8427644187500001 0.356430471875 0.910903803125 0.3586822078125 0.8773036140625001 0.2447809296875 0.8097501640625 0.2425419265625
0 0.6370323890625 0.23901760625000001 0.564666815625 0.2332927140625 0.55995210625 0.2330456265625 0.5878304562500001 0.3475863890625 0.6647573812500001 0.34916166406250004 0.6370323890625 0.23901760625000001
1 0.641952153125 0.23773722187500002 0.669205759375 0.3474504484375 0.74834545625 0.356875178125 0.7180204328124999 0.2418262421875 0.641952153125 0.23773722187500002
1 0.7220272171875 0.24086055156250002 0.7523005406250001 0.359880846875 0.8329721890625 0.363668903125 0.8008809671874999 0.24456951249999997 0.7220272171875 0.24086055156250002
0 0.484549384375 0.230614965625 0.5091983328125 0.346738553125 0.5881915875 0.3484221203125 0.5603147703125 0.23458566250000001 0.484549384375 0.230614965625
1 0.4004135328125 0.22850014062500001 0.42445703281249997 0.345841896875 0.5065176859375 0.34830029375 0.4826537984375 0.230375628125 0.4004135328125 0.22850014062500001
0 0.15588920625 0.21357286874999998 0.0747693265625 0.20854767343749997 0.0907027921875 0.3486151078125 0.1738675171875 0.352424553125 0.15588920625 0.21357286874999998
0 0.156282775 0.214367375 0.1755719921875 0.35563218750000003 0.2607380921875 0.3607989078125 0.24343838125 0.2204827703125 0.156282775 0.214367375
0 0.3202990296875 0.22373698593750002 0.34533516406250003 0.3673233359375 0.42526530312500005 0.3708982234375 0.3981085953125 0.2254931671875 0.3202990296875 0.22373698593750002
0 0.24391284062500002 0.21973375625 0.26171304218749997 0.3617127390625 0.3441180828125 0.3641891828125 0.3180480734375 0.2251667796875 0.24391284062500002 0.21973375625
0 0.915840784375 0.3688773015625 0.8375086968750001 0.36636376875 0.8750811687500001 0.5184430796874999 0.9597735187499999 0.5235110890625 0.915840784375 0.3688773015625
1 1 0.3755906015625 0.9195329796875 0.36814546406250004 0.9622556187500001 0.5299358515625 0.9988205765625 0.535597715625 1 0.5130929531249999 1 0.3755906015625
1 0.587693384375 0.3587351875 0.5110076828125 0.35579681875 0.5390116578125 0.5041089765625 0.6239013984375 0.50541051875 0.587693384375 0.3587351875
1 0.83344623125 0.3740012109375 0.7506767859375 0.369867553125 0.7929827031250001 0.5179172921874999 0.8720355671875 0.5157655937500001 0.83344623125 0.3740012109375
1 0.6679614468749999 0.3654597328125 0.591179771875 0.3605018640625 0.6235248453125 0.5041318453125 0.7079211062499999 0.51484955 0.6679614468749999 0.3654597328125
1 0.6715027015625 0.36773183125000003 0.7100063390625 0.5155883015625 0.7912342671875 0.5192158078125 0.747711490625 0.370268721875 0.6715027015625 0.36773183125000003
1 0.456075553125 0.5060571656249999 0.537853896875 0.50593670625 0.5075245234375 0.355163184375 0.4287019484375 0.3529206734375 0.4313196671875 0.3742736921875 0.456075553125 0.5060571656249999
1 0.0909521546875 0.3454724234375 0.008161534375 0.33874509062499997 0.0148293640625 0.4842737921875 0.10249896562500001 0.48781987187500003 0.0909521546875 0.3454724234375
0 0.17761375 0.35964694375 0.0935576875 0.351986296875 0.1060270796875 0.488004771875 0.192575440625 0.490443603125 0.17761375 0.35964694375
1 0.345588621875 0.36933734687499997 0.2628125234375 0.36393239843749997 0.28229509531249997 0.49632024843749994 0.3688512515625 0.49959752812499997 0.345588621875 0.36933734687499997
0 0.261755240625 0.3630081265625 0.179076859375 0.3581451765625 0.1954059375 0.49268892031249995 0.2811470875 0.4992794 0.261755240625 0.3630081265625
1 0.4263648328125 0.37482958593750004 0.3471152046875 0.37086753125 0.369237171875 0.49898828437500004 0.45283755625 0.5046285328125 0.4263648328125 0.37482958593750004
1 0.857369325 0.633368 0.8952632453125 0.818595078125 0.9787690843749999 0.821463753125 0.929469065625 0.640471421875 0.857369325 0.633368
1 0.2065364078125 0.60167965625 0.11678994375 0.5937520578125 0.13409723125 0.781317503125 0.2293093609375 0.7873124796875001 0.2065364078125 0.60167965625
1 0.7791572640625 0.6288671703125 0.8139171171875 0.8178498234375 0.89327403125 0.8189933859374999 0.8532032828125 0.6344642625 0.7791572640625 0.6288671703125
1 0.3048562546875 0.6072253921875 0.3296895140625 0.7935782984374999 0.42295497343750005 0.79896869375 0.392861046875 0.60742404375 0.3048562546875 0.6072253921875
0 0.022687437499999998 0.592422875 0.0366554875 0.7789825265625 0.1331890109375 0.7791133578125 0.1142017984375 0.5949506343750001 0.022687437499999998 0.592422875
1 0.6712424859375 0.62602496875 0.7082590484375 0.8129157265625 0.795015734375 0.8184675718750001 0.7551813765625 0.6294278015625 0.6712424859375 0.62602496875
1 0.39567245 0.6130995359375 0.423341884375 0.7969787312500001 0.5144838875 0.79974504375 0.4831433515625 0.6212016078125 0.39567245 0.6130995359375
0 0.2104534078125 0.601072215625 0.232073775 0.78946759375 0.3287739421875 0.794032875 0.3021268375 0.6122174953124999 0.2104534078125 0.601072215625
0 0.5734101890625001 0.624916903125 0.6141724890625 0.810497659375 0.7070318453125 0.8128514109375 0.668757246875 0.6264061859375001 0.5734101890625001 0.624916903125
1 0.512754909375 0.7785469328125 0.5165219578125 0.7983441765625 0.6109339984375 0.80882025625 0.5707720921874999 0.624788915625 0.4856659796875 0.6211222453125 0.512754909375 0.7785469328125
1 0.129750646875 0.018586260937499998 0.0543204140625 0.014923821875000002 0.06377242968749999 0.1137582046875 0.1422668890625 0.11708603124999999 0.129750646875 0.018586260937499998
1 0.2068817859375 0.02262853125 0.13013800625 0.018583003125 0.1428664015625 0.118296290625 0.2213608625 0.12162411718749999 0.2068817859375 0.02262853125
1 0.9744822828125 1 0.9839587015625 0.8191791796875 0.8934299875 0.8202688484375 0.9354214375 1 0.9744822828125 1
0 0.282049346875 0.0271821453125 0.20781735625 0.022048017187499998 0.2219112015625 0.12287107500000001 0.3004459046875 0.1294476671875 0.282049346875 0.0271821453125
1 0.3566738859375 0.0335538109375 0.2833854125 0.0269923421875 0.3006759140625 0.1294597203125 0.3764719359375 0.1354826609375 0.3566738859375 0.0335538109375
1 0.4364251078125 0.0430650515625 0.35704501093749996 0.0331486078125 0.37670988906249997 0.1350850015625 0.45422315312499995 0.1391473 0.4364251078125 0.0430650515625
1 0.8420098156250001 1 0.7966689375 0.8204818906250001 0.7095168000000001 0.8154013734375001 0.7492179546875 0.9977144921875001 0.7870754890625 1 0.8420098156250001 1
1 0.7063332609375 0.8157475984375001 0.6158989187499999 0.8158624515625 0.6541649265625 0.99497014375 0.747506096875 0.9983704984375 0.7063332609375 0.8157475984375001
1 0.9350977078125 1 0.89006433125 0.8194107453124999 0.8022785796875 0.818473684375 0.8445241390625 1 0.9350977078125 1
1 0.6112218765625 0.8144916390624999 0.5231142875 0.8068251828124999 0.5545700390625 0.99124204375 0.6523167640625 0.9986019031250001 0.6112218765625 0.8144916390624999
1 0.22609639218750002 0.79057945 0.136780034375 0.7853855109375 0.155778165625 0.98003665625 0.25455620625000003 0.9837219453125 0.22609639218750002 0.79057945
1 0.3243003109375 0.797217546875 0.22932363281249998 0.7926210203124999 0.257901971875 0.9838972890625 0.355804596875 0.9882824265625001 0.3243003109375 0.797217546875
1 0.356835546875 0.9890821781250001 0.4567903015625 0.994320584375 0.42269874218750003 0.8046115609375001 0.326006415625 0.79768795 0.356835546875 0.9890821781250001
1 0.554437021875 1 0.5189509953125 0.806673034375 0.4253343703125 0.8034898828125 0.4572368703125 0.9984450515625 0.48690705 1 0.554437021875 1
1 0.15213911875 0.98245555625 0.1349242734375 0.785801321875 0.037265065624999996 0.7831520328125 0.04917085625 0.973703878125 0.126461246875 0.9811098359375 0.15213911875 0.98245555625
1 0.6578236265624999 0.0489375515625 0.681183821875 0.1583339953125 0.7539219312500001 0.1609000546875 0.7274761390625 0.05049059375 0.6578236265624999 0.0489375515625
1 0.454188821875 0.138735375 0.52756044375 0.1414659 0.5057679640625 0.047929535937500004 0.437519390625 0.0431224 0.454188821875 0.138735375
1 0.7295399140625001 0.0512217453125 0.7544638921875 0.16211672500000002 0.8285610140624999 0.16730368906249998 0.7909022015625 0.056929571874999994 0.7295399140625001 0.0512217453125
1 0.5809067671875 0.0513834140625 0.6045460828125 0.149956640625 0.679567115625 0.1557573015625 0.6541932781249999 0.0516339359375 0.5809067671875 0.0513834140625
1 0.57819958125 0.0521356421875 0.5066874953125 0.04689485625 0.5286905265625 0.14304996875 0.603545075 0.1494336953125 0.57819958125 0.0521356421875
1 0.8639146984374999 0.061606453125 0.9040111296875001 0.17250384375 0.9745877796875 0.176202609375 0.9350192203125 0.0688433640625 0.8639146984374999 0.061606453125
1 0.8281814671875001 0.1716447375 0.9020654234375 0.17240187499999998 0.8694583328125001 0.0859661796875 0.8598645484375 0.0617897171875 0.7962105640625 0.0596997359375 0.8281814671875001 0.1716447375
1 1 0.0715511734375 0.938190228125 0.06811495468749999 0.9750022906250001 0.1749783515625 1 0.17776646875 1 0.0715511734375