1 0.9505721671874999 0.17593650156250001 0.9255768171875 0.1303143484375 0.8536845968750001 0.141721809375 0.9107851953124999 0.252604865625 0.9627094843749999 0.2447706421875 0.9505721671874999 0.17593650156250001
1 0.7743171609374999 0.158573890625 0.8364489624999999 0.270204290625 0.9082864390625 0.25609545 0.8455385109375 0.1445933375 0.7743171609374999 0.158573890625
1 0.5927544859375 0.196629621875 0.515653896875 0.20811250625 0.5106611937500001 0.208992853125 0.5675774703124999 0.32254992968749996 0.648445184375 0.305606109375 0.5927544859375 0.196629621875
1 0.5975916921875 0.19409546093750002 0.6526848249999999 0.3027334328125 0.737769259375 0.293498575 0.6781700015625 0.1799993078125 0.5975916921875 0.19409546093750002
1 0.6821282234375 0.1780163828125 0.742635471875 0.2956990953125 0.827957221875 0.280173915625 0.7655288078125 0.16284764062499998 0.6821282234375 0.1780163828125
1 0.4311809828125 0.2246698015625 0.48510189062500003 0.3406700046875 0.5681577703125 0.323340353125 0.5114137203125 0.2105226046875 0.4311809828125 0.2246698015625
1 0.3426400984375 0.24278982343750002 0.396222653125 0.36021579375 0.4826755578125 0.3429583203125 0.42913971249999994 0.224876721875 0.3426400984375 0.24278982343750002
0 0 0.3087859109375 0.0476984625 0.4438185734375 0.13563381875 0.42771312031250003 0.0831861828125 0.2862298703125 0 0.3000805421875 0 0.3087859109375
1 0.08379043124999999 0.2869691546875 0.13819421875 0.43066987343749996 0.22855235624999998 0.41550604062499996 0.17645994375000001 0.27232068125 0.08379043124999999 0.2869691546875
0 0.257665046875 0.2571562 0.3186440484375 0.40190572343750003 0.4031383421875 0.3863359328125 0.3395000640625 0.24018898593750002 0.257665046875 0.2571562
0 0.176774903125 0.271419315625 0.22979379375 0.41623009062499994 0.3166113921875 0.39890830781250003 0.255656321875 0.25920205625000003 0.176774903125 0.271419315625
1 0.9902188109375001 0.4007837921875 0.915921653125 0.2656093140625 0.8333564671874999 0.28190744375 0.9095092859375 0.4325458953125 0.9933265296875 0.41840853593749994 0.9902188109375001 0.4007837921875
1 0.9196073828125 0.2639480515625 0.9895526875 0.39700601406249997 0.9650078671875001 0.25780541874999996 0.9196073828125 0.2639480515625
1 0.5701349109375 0.33429216093749997 0.489189365625 0.3497460640625 0.5544183687500001 0.498741371875 0.6435510015625 0.479584928125 0.5701349109375 0.33429216093749997
1 0.8309562515625 0.290910875 0.7433559203125 0.306580259375 0.823485003125 0.4518422453125 0.9056741390624999 0.43047017031249996 0.8309562515625 0.290910875
1 0.6557457828125 0.3219486171875 0.5742105890625 0.335304734375 0.6428472609375 0.47833303281250006 0.7337446937500001 0.4691852765625 0.6557457828125 0.3219486171875
0 0.6600013062500001 0.3234787515625 0.7361053703125 0.46945701562500003 0.8219702468750001 0.45362873125 0.7403506156249999 0.30771849375000004 0.6600013062500001 0.3234787515625
1 0.4681170265625 0.520838540625 0.5536498203125 0.5009408609375 0.48539154843750004 0.3499226921875 0.4023788375 0.3666240453125 0.41029054687500005 0.3884173046875 0.4681170265625 0.520838540625
1 0 0.54374433125 0.010429465625 0.602892771875 0.0937634703125 0.5871672718750001 0.04719803125 0.4404576640625 0 0.44738380156249996 0 0.54374433125
0 0.1413030390625 0.4343927671875 0.051502132812500004 0.44666896874999995 0.09749961093750001 0.5865084890625 0.188643115625 0.5681454953125 0.1413030390625 0.4343927671875
0 0.3193971390625 0.40395967187500004 0.23148187031249998 0.418295484375 0.28393746875 0.552626375 0.375292246875 0.5351420796874999 0.3193971390625 0.40395967187500004
0 0.230151759375 0.417580375 0.14247003125 0.4324617984375 0.19214851093750002 0.569819334375 0.283453215625 0.5560117890625 0.230151759375 0.417580375
0 0.4052411375 0.3901990421875 0.3213650453125 0.40519768125000005 0.37554843125000004 0.5344089171874999 0.464383125 0.5201209453125 0.4052411375 0.3901990421875
1 1 0.5550717171875 0.995975528125 0.54755775625 0.9188191171875 0.5575285640625001 1 0.7355807421875 1 0.5550717171875
1 0.23019751406250002 0.6815965203125 0.13437825781249998 0.6949680984375 0.19792498281249998 0.8877754843749999 0.2989945953125 0.8710527515625 0.23019751406250002 0.6815965203125
1 1 0.7409250515625 0.9147258984375 0.5596871234374999 0.8358980765625 0.5717105046875 0.9180481687500001 0.761786896875 1 0.7440944328125 1 0.7409250515625
1 0.334409796875 0.6636506343749999 0.4055369546875 0.8533650265625001 0.5044233671875 0.8364779656250001 0.42653442343750003 0.6425827625 0.334409796875 0.6636506343749999
0 0.03559991875 0.7163228375 0.09540925 0.9088811953124999 0.19644077499999998 0.8856801453125 0.13196072812499998 0.6968526328125 0.03559991875 0.7163228375
1 0.7223018765625 0.5948155171875 0.8063063171874999 0.7821492890624999 0.8984219281250001 0.7670053890624999 0.8109487140624999 0.5780958484375 0.7223018765625 0.5948155171875
1 0.43085081875000003 0.64786378125 0.5043461015624999 0.8342944546875 0.6003751140625 0.815164815625 0.5243314953125 0.6352256 0.43085081875000003 0.64786378125
0 0.23414858593750001 0.6800115578125 0.302408996875 0.8726478343749999 0.40468914375000004 0.8540637999999999 0.332763459375 0.669553496875 0.23414858593750001 0.6800115578125
1 0.6196747484375 0.6173042203125 0.7072808734375 0.802356565625 0.8050067562500001 0.7823784359375 0.7197940046875 0.5958167359375001 0.6196747484375 0.6173042203125
0 0.59343079375 0.7933193843749999 0.6021681140624999 0.8132008125000001 0.703486190625 0.80137781875 0.616883590625 0.6178076 0.5269516125 0.6345323640625 0.59343079375 0.7933193843749999
1 0 0.196692603125 0.045559175 0.18818741875 0.008601775 0.08776345937499999 0 0.089314428125 0 0.196692603125
1 0.09028079375 0.0733612453125 0.0090062671875 0.0876663890625 0.0464796171875 0.1893135578125 0.12941195625 0.173831390625 0.09028079375 0.0733612453125
0 0.170029259375 0.059970795312500005 0.0911190171875 0.07252536875 0.1302898390625 0.1750079625 0.2140513125 0.1629280984375 0.170029259375 0.059970795312500005
1 0.24965001406249998 0.04862105 0.1713811609375 0.05944843749999999 0.21429488437500002 0.16288514999999998 0.295056840625 0.1508859265625 0.24965001406249998 0.04862105
1 0.33539522499999996 0.0393292046875 0.249940146875 0.04810575625 0.29520946718749996 0.15041075625 0.37729314375 0.135937190625 0.33539522499999996 0.0393292046875
1 0.8082244218750001 0.784455771875 0.8817120031250001 0.94040718125 0.9797030546875 0.9231287140625 0.9006396000000001 0.7687212515625 0.8082244218750001 0.784455771875
1 0.71038683125 0.807573578125 0.7806570296875 0.9582259000000001 0.8795049046875001 0.9407963515625 0.8049774656249999 0.785589065625 0.71038683125 0.807573578125
1 1 0.7487613984375 0.99809661875 0.745016509375 0.9060222843749999 0.7652559046875 0.9828968546875 0.9225655609375 1 0.919549815625 1 0.7487613984375
1 0.6111200171875 0.8205142406249999 0.6762180343749999 0.9766413125 0.777518809375 0.9587792515625001 0.705161309375 0.8072646234375 0.6111200171875 0.8205142406249999
1 0.3451609828125 1 0.2964244109375 0.875260690625 0.20171740625 0.8913993234375001 0.2381452671875 1 0.3451609828125 1
1 0.4588707046875 1 0.400780034375 0.8584900875000001 0.30029554687500004 0.876624628125 0.348784725 1 0.4588707046875 1
1 0.54374433125 1 0.5708071296874999 0.9952280984374999 0.50552229375 0.8424663671875001 0.402679034375 0.85857165625 0.46012566718750003 1 0.54374433125 1
1 0.5080081328125 0.840651115625 0.57121490625 0.9951561968749999 0.67394474375 0.9770421546874999 0.60672724375 0.8213609859375 0.5080081328125 0.840651115625
1 0.23482003749999997 1 0.1998765171875 0.8922846890624999 0.0970571171875 0.9131128671875001 0.122878278125 1 0.23482003749999997 1
1 0.5722041234375 0 0.619402653125 0.1012169109375 0.696127771875 0.0863263765625 0.6532526703125 0 0.5722041234375 0
1 0.37715743281249997 0.1355128625 0.45458521718749995 0.12064189843749999 0.40912480625000003 0.027673460937499998 0.3365540296875 0.039124874999999996 0.37715743281249997 0.1355128625
1 0.6550581249999999 0 0.6969895515625 0.087473165625 0.7757714859375 0.07500669062500001 0.7293279671875 0 0.6550581249999999 0
1 0.5463223046875 0 0.48857676874999995 0.0131349609375 0.5371896671874999 0.1109468921875 0.61708693125 0.09890158593750001 0.5674814968749999 0 0.5463223046875 0
1 0.485926559375 0.0145794953125 0.409836225 0.026364471875 0.4561513328125 0.1220323640625 0.5360156578125 0.1106396734375 0.485926559375 0.0145794953125
1 0.81586725625 0 0.8559722093750001 0.0622269625 0.9282741531250001 0.049478178125 0.9272697296875 0.0437818125 0.8986693453125 0 0.81586725625 0
1 0.73250076875 0 0.77642601875 0.0796576640625 0.8539117765625001 0.062590271875 0.812342740625 0 0.73250076875 0