1 0.8426337687500001 0.15121078125 0.8921578359375 0.260976284375 0.9657284453124999 0.25378440625 0.9126737984375 0.1438264609375 0.8426337687500001 0.15121078125
1 0.7650943453125 0.1634682796875 0.8194413125000001 0.2742070921875 0.8895659578125 0.26421577812499997 0.8346171828125 0.1535696734375 0.7650943453125 0.1634682796875
0 0.587738684375 0.1910311546875 0.5126626984375 0.19822644218750002 0.5077941390625 0.1988242265625 0.55700400625 0.31115833125000003 0.6359976109375001 0.2988877890625 0.587738684375 0.1910311546875
1 0.592541190625 0.18883121249999998 0.64024000625 0.296331471875 0.722915228125 0.29170460625 0.6711102312499999 0.1792913984375 0.592541190625 0.18883121249999998
1 0.6750354421875 0.177578696875 0.72750475625 0.2940705515625 0.8107294578124999 0.28339147656249997 0.756385846875 0.16714669375 0.6750354421875 0.177578696875
0 0.4302055703125 0.2099431765625 0.476397071875 0.3244820265625 0.557524434375 0.31194949375 0.50844333125 0.2003367875 0.4302055703125 0.2099431765625
1 0.3437385890625 0.22296201093749998 0.38953061093749997 0.338858353125 0.4739363671875 0.326566121875 0.4282228453125 0.2100400734375 0.3437385890625 0.22296201093749998
0 0.0908534796875 0.2518011640625 0.0069467374999999994 0.2612934859375 0.048545015625 0.40193983125 0.134324415625 0.3908326953125 0.0908534796875 0.2518011640625
0 0.09139965 0.25254423125000003 0.1366476640625 0.393811803125 0.224719925 0.3837341875 0.1816788375 0.2430796 0.09139965 0.25254423125000003
0 0.2609078375 0.232541375 0.312455171875 0.375150475 0.3948826890625 0.364386809375 0.34083720156249997 0.2202968921875 0.2609078375 0.232541375
0 0.18202901875 0.242226475 0.225882496875 0.3844945890625 0.310643878125 0.372158690625 0.25886295000000004 0.2344127140625 0.18202901875 0.242226475
0 0.8964585140624999 0.2737712484375 0.8158577484375 0.285334009375 0.88176565 0.43438284375 0.969335359375 0.42428959062500005 0.8964585140624999 0.2737712484375
1 0.9730352515625 0.4304248234375 0.9951557515625 0.42996545625 0.975045403125 0.2661798109375 0.9001040796875 0.27235494843749997 0.9730352515625 0.4304248234375
1 0.5588771921875 0.32260685625 0.47988423124999996 0.33343714375 0.535321625 0.4803529421875 0.6224130875 0.46636469375 0.5588771921875 0.32260685625
1 0.8130804609375 0.293893071875 0.727646946875 0.304596653125 0.7976702296875 0.44866218125 0.878165946875 0.4321890234375 0.8130804609375 0.293893071875
1 0.6422192796874999 0.31500954375 0.5627634046875001 0.32378784375 0.6217968875000001 0.465122446875 0.7100839624999999 0.46087168125 0.6422192796874999 0.31500954375
1 0.64625290625 0.3166985171875 0.71235091875 0.46125228749999997 0.7961157953125 0.4503083015625 0.724685403125 0.305542928125 0.64625290625 0.3166985171875
1 0.4508159515625 0.497318459375 0.5344671234375 0.48243471875 0.47620594218749995 0.3334165609375 0.395152271875 0.3453455578125 0.4016869140625 0.3667527734375 0.4508159515625 0.497318459375
1 0 0.530581309375 0.002831025 0.5536381578125 0.0857543546875 0.542448975 0.048232596875 0.398674625 0 0.40319329843749996 0 0.530581309375
0 0.1394617765625 0.3975570640625 0.052074875 0.4048788859375 0.089397596875 0.542001640625 0.178391496875 0.5288793671875001 0.1394617765625 0.3975570640625
1 0.3130782265625 0.3771684140625 0.2274083140625 0.38657054999999996 0.2712510140625 0.5187073078125 0.360404309375 0.50644275625 0.3130782265625 0.3771684140625
0 0.22615961406250001 0.385814309375 0.1406875671875 0.395754175 0.18169306406250002 0.5306691828125001 0.2706108234375 0.521946653125 0.22615961406250001 0.385814309375
1 0.39671768281249997 0.36821668281250003 0.3149165203125 0.3784608046875 0.36068914375 0.50574883125 0.44724493125000003 0.49643902031250003 0.39671768281249997 0.36821668281250003
1 1 0.6357260859375 0.9594514500000001 0.54960445625 0.8843985 0.5553392328125 0.9566216656250001 0.7382954093749999 1 0.7321727421875 1 0.6357260859375
1 0.21276473437500001 0.6403392234374999 0.1195073890625 0.6484145796874999 0.17108928750000002 0.8374825140625 0.2695898953125 0.826440359375 0.21276473437500001 0.6403392234374999
1 0.8035616421875 0.5648440171875 0.8732563765625001 0.752214071875 0.9546583015625 0.7390625765625 0.880333921875 0.5572144703124999 0.8035616421875 0.5648440171875
1 0.3143639265625 0.6282758312500001 0.3734271734375 0.8147429421875 0.46982682656249997 0.8034326500000001 0.4044434296875 0.6125952484375 0.3143639265625 0.6282758312500001
0 0.022984734375 0.6640373328125 0.07096839218749999 0.8526773703125 0.1697619640625 0.8353879296875 0.11707574218750001 0.6501098578125 0.022984734375 0.6640373328125
1 0.6926334765625 0.5814094328125 0.7642594140625001 0.7662286765624999 0.8540286609375001 0.756258596875 0.7791315453125 0.5697459234375 0.6926334765625 0.5814094328125
1 0.5577256312500001 0.7639090203125 0.5651552640624999 0.78351464375 0.66364651875 0.777208528125 0.5893187703125 0.5958869375 0.501578790625 0.6074907734375 0.5577256312500001 0.7639090203125
1 0.40834493906249997 0.6179032921875 0.46986332343750004 0.8013237734375 0.5636164265625 0.7877079421875 0.49930550937499996 0.6104174312499999 0.40834493906249997 0.6179032921875
0 0.21666277812499998 0.6390098140625 0.27280756093749997 0.8281496765625 0.372572484375 0.8153739828125 0.31247283124999997 0.6338837015625 0.21666277812499998 0.6390098140625
0 0.59233455625 0.597931953125 0.6675564265625 0.7807328078125 0.7629921671875 0.766384275 0.6901595078125 0.5822486171875 0.59233455625 0.597931953125
1 0 0.16330256875 0.0594903921875 0.155393190625 0.028895478125000002 0.0567229953125 0 0.060383879687499996 0 0.16330256875
1 0.10854355625 0.046943440625 0.029291221875000002 0.05664974375 0.060322362500000004 0.15652509375 0.141236321875 0.1457674046875 0.10854355625 0.046943440625
1 1 0.731851734375 0.9550482140625001 0.74034135 1 0.845585215625 1 0.731851734375
0 0.18627491406250002 0.03804225 0.10939596250000001 0.0461797453125 0.14202460625 0.1469457875 0.2235664578125 0.139509728125 0.18627491406250002 0.03804225
1 0.2637790015625 0.031101965625 0.18760765468750001 0.037606617187500004 0.223803971875 0.139480565625 0.30244370625 0.131971509375 0.2637790015625 0.031101965625
1 0.3470955421875 0.0264533671875 0.26408554687499997 0.03061978125 0.3026153546875 0.1315210953125 0.3826580296875 0.121693090625 0.3470955421875 0.0264533671875
1 0.8560839453125 0.758024209375 0.7659952031249999 0.7685486171875 0.839541221875 0.94819276875 0.9363741031249999 0.9370838375 0.8560839453125 0.758024209375
1 0.7628004374999999 0.769477984375 0.6702917171875 0.7859183171875 0.7417904515625 0.9625370140625 0.837908178125 0.9491739328125 0.7628004374999999 0.769477984375
1 1 0.849222675 0.9514496140625001 0.740069553125 0.8614608734375 0.754953978125 0.94240975 0.9449299375000001 1 0.9387989749999999 1 0.849222675
1 0.6652587578125 0.7853578609375 0.5737254171874999 0.7934049984375 0.6392149390624999 0.9766930078125 0.74055535625 0.9665919296875 0.6652587578125 0.7853578609375
1 0.32321080625 1 0.2668924953125 0.8303678234375 0.1745689125 0.8411666359375 0.218803271875 1 0.32321080625 1
1 0.4319621484375 1 0.3685703515625 0.8194446578125 0.2705632015625 0.8318772593749999 0.3267558609375 1 0.4319621484375 1
1 0.5193316984374999 1 0.5397258796875 0.997495909375 0.4705837421875 0.809260946875 0.370400934375 0.8196187265624999 0.43298133125 1 0.5193316984374999 1
1 0.473077859375 0.8076358953125 0.5399512125 0.9988495203125 0.6409422734375 0.9864493781249999 0.5694381953125001 0.7940005375 0.473077859375 0.8076358953125
1 0.2150753078125 1 0.17274525000000002 0.8419276515625 0.072345090625 0.8568396921874999 0.106888828125 1 0.2150753078125 1
1 0.577714946875 0 0.6183418140625 0.1003885125 0.6932284921874999 0.0898892421875 0.6542414359375 0 0.577714946875 0
1 0.38254851093750003 0.12127720156249999 0.45811307812499996 0.11083210624999999 0.41892339375 0.0189220265625 0.348225534375 0.0263146203125 0.38254851093750003 0.12127720156249999
1 0.65602254375 0 0.6940027343749999 0.0910381015625 0.7707532359375 0.0829790875 0.72511491875 0 0.65602254375 0
1 0.5479035359375 0 0.4964267203125 0.008899165625 0.538415665625 0.10563700625000001 0.6162223124999999 0.0980400671875 0.5732413828125 0 0.5479035359375 0
1 0.4937926640625 0.010158571875 0.41967736875000006 0.0176958578125 0.4595554203125 0.11225127812499999 0.5372970234375 0.10528183437500001 0.4937926640625 0.010158571875
1 0.80603141875 0 0.84889045625 0.07468938750000001 0.9217701609375 0.065740884375 0.8835049734375 0 0.80603141875 0
1 0.728637421875 0 0.7711488734375 0.0874957140625 0.8468812578125 0.0749360859375 0.8024968453125 0 0.728637421875 0
1 0.8863001531249999 0 0.9219731781249999 0.0644116125 0.9500526 0.06262976718749999 0.94236263125 0 0.8863001531249999 0