1 0.8173049421874999 0.139482525 0.87559645 0.24330041093750002 0.9475586734375 0.2298515765625 0.8857675671875 0.1261496546875 0.8173049421874999 0.139482525
1 0.7418626984375 0.1582636703125 0.804995846875 0.26262281249999997 0.8733178859375 0.24671510937500002 0.809598996875 0.14249934375 0.7418626984375 0.1582636703125
1 0.5692632078125001 0.2007552359375 0.49581616406249995 0.214337684375 0.4910645140625 0.21534767968750002 0.5492668187499999 0.321722453125 0.6261425453125 0.302802634375 0.5692632078125001 0.2007552359375
1 0.5738119953124999 0.1981730640625 0.6301081296875 0.29991795 0.7112728734375 0.2882074796875 0.6505035718750001 0.1819793515625 0.5738119953124999 0.1981730640625
1 0.6542287453125 0.1799529515625 0.7160039703125001 0.2901404734375 0.7971906265625 0.2724219125 0.7335875671875 0.162639896875 0.6542287453125 0.1799529515625
1 0.41547593593750004 0.23301177343749999 0.4708899921875 0.341819071875 0.5498482390625 0.3224566015625 0.49183496875 0.21678115937500003 0.41547593593750004 0.23301177343749999
1 0.3312917359375 0.253315203125 0.38642836406250003 0.3634940015625 0.46864153125 0.34408452343749996 0.413528225 0.2332787625 0.3312917359375 0.253315203125
0 0.0842891203125 0.3035990890625 0.00232760625 0.3202078859375 0.0554541296875 0.45512471718749997 0.13912430781250001 0.4367635265625 0.0842891203125 0.3035990890625
1 0.084891803125 0.30428364375 0.1416723328125 0.43949648906250005 0.22769299375 0.42195083125000005 0.17314236875 0.287150728125 0.084891803125 0.30428364375
0 0.25039921249999997 0.26991662031249997 0.313509571875 0.4059056109375 0.39390250312499997 0.388172721875 0.32820034374999996 0.250941496875 0.25039921249999997 0.26991662031249997
0 0.1734145125 0.28628022343750004 0.2289052703125 0.4225991234375 0.311465521875 0.40311586562499996 0.248542684375 0.27193655781250003 0.1734145125 0.28628022343750004
1 0.880938934375 0.2555294671875 0.8024168453125 0.2738912875 0.8802479562500001 0.41497989999999996 0.9657714859375 0.3974623265625 0.880938934375 0.2555294671875
0 0.9699488828125 0.40318449687499996 0.9901256203125 0.40099257968749996 0.9562296515625001 0.24152458281250003 0.884413703125 0.253819175 0.9699488828125 0.40318449687499996
1 0.552098759375 0.33283550625 0.4750998796875 0.3503368265625 0.5424180890625 0.49023069374999995 0.6271350453125 0.4689184984375 0.552098759375 0.33283550625
1 0.8004125671875 0.28256103125 0.7170489359375 0.30049485 0.7985117328125 0.4363195359375 0.8765081515625001 0.41313077812500004 0.8004125671875 0.28256103125
1 0.633666090625 0.318141875 0.5560341671875 0.333662340625 0.6264203703125 0.46774838281250003 0.7131537546875 0.455922740625 0.633666090625 0.318141875
0 0.6377905859374999 0.31945625 0.7154229109375 0.4561014265625 0.7971197015625 0.43807522812500005 0.714208584375 0.30168305 0.6377905859374999 0.31945625
1 0.46050800625 0.5142513281250001 0.5417540125 0.49235488125 0.47146933437499994 0.35063482968750004 0.3925319140625 0.3693965265625 0.400818490625 0.38991410000000004 0.46050800625 0.5142513281250001
1 0 0.55255211875 0.0042944359375 0.5727558515625 0.016161621875 0.6101086421875 0.10423900156250002 0.5902861875000001 0.054865282812500006 0.4519359953125 0 0.46196122187500005 0 0.55255211875
0 0.14477046093749998 0.4429415296875 0.0591890828125 0.45771382968749996 0.1077947578125 0.5895303890625 0.19446297031249998 0.5689064359375 0.14477046093749998 0.4429415296875
0 0.314297675 0.40783907812500003 0.230588971875 0.42451161718749997 0.2851983359375 0.5508535375 0.3720975171875 0.5310605265625 0.314297675 0.40783907812500003
0 0.229292084375 0.423874878125 0.1458248 0.44105988125 0.1978739296875 0.5703834703124999 0.28484517343750004 0.554099215625 0.229292084375 0.423874878125
0 0.39604196406250003 0.3917858140625 0.316222303125 0.40895283281249994 0.37231887656249996 0.5303524640624999 0.4569094671875 0.5136942 0.39604196406250003 0.3917858140625
1 1 0.5786946015625001 0.9667910796875001 0.5217345 0.8932412328125 0.5338765624999999 0.9802168453125001 0.7078125375 1 0.703233553125 1 0.5786946015625001
1 0.237953209375 0.6757039796875 0.1466451671875 0.69172635625 0.2137826328125 0.8734675609375 0.3100083765625 0.8540696328124999 0.237953209375 0.6757039796875
1 0.8143093531250001 0.550232003125 0.899169928125 0.7287337875000001 0.97834584375 0.7087379734375 0.8893925359375 0.5360750984375 0.8143093531250001 0.550232003125
1 0.3371480546875 0.65503216875 0.41144263593749997 0.8335646015625 0.5055726578125 0.8140843875 0.424667378125 0.631794721875 0.3371480546875 0.65503216875
0 0.0527644453125 0.7154643593750001 0.11631532656250002 0.8970954953125 0.212293153125 0.8715195515625 0.1443919546875 0.6936063609375 0.0527644453125 0.7154643593750001
0 0.7062980390625 0.576144865625 0.7928445875000001 0.7519673703125 0.8805486359374999 0.7343807828125 0.79062939375 0.5571735453125 0.7062980390625 0.576144865625
1 0.42897258593750004 0.6366847859375 0.505427409375 0.8120042921874999 0.5967483484375 0.7904824578125 0.518065434375 0.6214417125 0.42897258593750004 0.6366847859375
0 0.2416845265625 0.6740574171875 0.313329640625 0.8554746468750001 0.4106536890625 0.8342600375 0.3357643953125 0.6607187375 0.2416845265625 0.6740574171875
1 0.6087692125 0.6010957593749999 0.6986898171875 0.774619296875 0.7916077703125 0.7522302640625 0.7039294953125 0.5771854046875 0.6087692125 0.6010957593749999
0 0.58938631875 0.769882125 0.5984009953125 0.7885479515625 0.695024559375 0.7738151421875 0.606113178125 0.6016711015625 0.520551503125 0.6206911125000001 0.58938631875 0.769882125
1 0 0.2214146046875 0.045062184374999995 0.211365003125 0.0063986500000000005 0.1168364921875 0 0.1182222875 0 0.2214146046875
1 0.0841341359375 0.1003133046875 0.006782771875 0.11673010625 0.045980240625 0.2124077765625 0.1248804984375 0.194811734375 0.0841341359375 0.1003133046875
0 0.1600541921875 0.0848210265625 0.08490942968750001 0.09948741875 0.125759453125 0.1959040625 0.20556463749999998 0.1815250140625 0.1600541921875 0.0848210265625
1 0.2359185734375 0.071279621875 0.161331553125 0.084276671875 0.20579645000000002 0.1814757421875 0.2827323046875 0.167275915625 0.2359185734375 0.071279621875
1 0.3177141328125 0.05949225625 0.23617955 0.070778215625 0.28286293125 0.16681746875 0.3609835375 0.150212421875 0.3177141328125 0.05949225625
1 0.882728003125 0.7359418171875001 0.79475640625 0.75410198125 0.8827524062500001 0.9246616296875001 0.9773271296875 0.905342240625 0.882728003125 0.7359418171875001
1 0.7916845171875 0.7552937078124999 0.701833971875 0.7794895937499999 0.7875502140624999 0.94724675625 0.8812256703125 0.9257692375 0.7916845171875 0.7552937078124999
1 1 0.7546124671875 0.9752668921875 0.7100073390625 0.8877686796875001 0.732452834375 0.9819198234375 0.9087350765625001 1 0.9048920171875 1 0.7546124671875
1 0.7861570109375 0.950345746875 0.6968205859375 0.7793731140625 0.60721091875 0.7952185234375 0.687572040625 0.9700639531249999 0.73974335 0.960211275 0.7861570109375 0.950345746875
1 0.369019325 1 0.3076848359375 0.8581710156250001 0.2175320609375 0.876794803125 0.26378659843749996 1 0.369019325 1
1 0.48015196250000003 1 0.4070552875 0.83861535625 0.3114358671875 0.8593399734375 0.3726013390625 1 0.48015196250000003 1
1 0.55255211875 1 0.588055234375 0.9924535796875 0.5068203109375 0.8197589187500001 0.40887619218750004 0.83862839375 0.481245909375 1 0.55255211875 1
1 0.5091411875 0.8179426703124999 0.5879389078124999 0.99247830625 0.68633429375 0.9715637203125 0.6030325859375 0.7961760046874999 0.5091411875 0.8179426703124999
1 0.2603248453125 1 0.21579835468750003 0.8777020906249999 0.118031234375 0.9010756578124999 0.1512798171875 1 0.2603248453125 1
1 0.5654106999999999 0 0.539321734375 0.006370453125 0.5916639375 0.1088373859375 0.6646402515625 0.09201737343750001 0.6147297328125 0 0.5654106999999999 0
1 0.3608397484375 0.1498123078125 0.4344894859375 0.1329869953125 0.3879278796875 0.045859898437500005 0.318816990625 0.0592578375 0.3608397484375 0.1498123078125
1 0.6166912828125 0 0.6655028140625 0.093081840625 0.7405275984374999 0.07850385625 0.6878818890625 0 0.6166912828125 0
1 0.46352656875 0.0292826703125 0.513264690625 0.12092219687500001 0.5893711203125 0.106707903125 0.5364314593749999 0.010016090625 0.46352656875 0.0292826703125
1 0.4610362125 0.030750920312500003 0.388566321875 0.0445870609375 0.4360343875 0.134259871875 0.51213058125 0.120669196875 0.4610362125 0.030750920312500003
1 0.7725714781249999 0 0.8169006109374999 0.0635786875 0.8880302531250001 0.048459615625 0.8537958250000001 0 0.7725714781249999 0
0 0.6915916234374999 0 0.7413061015625 0.08291784375 0.814939659375 0.0639955015625 0.7689947609375001 0 0.6915916234374999 0
1 0.856307021875 0 0.888116290625 0.0471329109375 0.9140723906250001 0.0431902625 0.9048920171875 0 0.856307021875 0