1 0.8900873109375 0.109853878125 0.8672156703124999 0.08133604375 0.797931859375 0.1052152671875 0.873899815625 0.2050871734375 0.9192059609375001 0.1898567109375 0.8900873109375 0.109853878125
1 0.7221874749999999 0.13579665937500002 0.803273925 0.2355288546875 0.8720318703125001 0.208982721875 0.790356975 0.1094854171875 0.7221874749999999 0.13579665937500002
1 0.5488264734375 0.20526442500000003 0.47439215625 0.2301295375 0.46959598593749996 0.2318752 0.54584801875 0.334428725 0.6230637921875 0.30349397968749997 0.5488264734375 0.20526442500000003
1 0.55317976875 0.20190739375 0.6267655546875 0.299906090625 0.70950765 0.27587158437500003 0.6306057515625 0.17384470000000002 0.55317976875 0.20190739375
1 0.6341838359375 0.1711875953125 0.71471625625 0.277200525 0.796595503125 0.24689215312499999 0.714220628125 0.141568465625 0.6341838359375 0.1711875953125
1 0.39353464531250004 0.261312015625 0.46724352187499996 0.366810165625 0.5465613265625 0.33511034375 0.47060910937499995 0.23325920625 0.39353464531250004 0.261312015625
1 0.3089168859375 0.294754475 0.3825392171875 0.4017244421875 0.46523749375 0.36950185625 0.391547015625 0.26187413125000003 0.3089168859375 0.294754475
0 0 0.454181778125 0.051600870312500005 0.5455279046875 0.13596999062499998 0.51418738125 0.059273045312499995 0.3831833078125 0 0.40411892343750005 0 0.454181778125
1 0.0600011703125 0.3838100703125 0.13902459375 0.516668965625 0.2259600875 0.48583753906249993 0.14931817187500002 0.3530848984375 0.0600011703125 0.3838100703125
0 0.22717906718749997 0.3238540734375 0.31290437187500003 0.45660183125 0.39395547343750004 0.426394015625 0.3053497578125 0.292726928125 0.22717906718749997 0.3238540734375
0 0.149473071875 0.3521367421875 0.2273172703125 0.4863377390625 0.3103658859375 0.45398763593749997 0.22554473281249998 0.3262324796875 0.149473071875 0.3521367421875
1 0.9686690468749999 0.3257554234375 0.8812624421875 0.21707319218749999 0.8022510421875 0.2476651546875 0.90404800625 0.383593046875 0.9799030984374999 0.3566207265625 0.9686690468749999 0.3257554234375
1 0.8846265265625 0.21478245624999998 0.9670210000000001 0.321227453125 0.92373369375 0.20229655625 0.8846265265625 0.21478245624999998
1 0.5504334078124999 0.345615334375 0.4728803703125 0.375087509375 0.5635604125 0.511298425 0.648583909375 0.47672557656250003 0.5504334078124999 0.345615334375
1 0.801443196875 0.25700550624999996 0.7173301000000001 0.28785536875 0.822130609375 0.417760734375 0.899883403125 0.382207375 0.801443196875 0.25700550624999996
1 0.633154728125 0.31840869843749997 0.5546508828125 0.345905575 0.6476676593749999 0.47560833125 0.736188075 0.45064319062499997 0.633154728125 0.31840869843749997
0 0.6376408546875 0.3191802640625 0.73857593125 0.450499446875 0.8209407265625 0.4197957484375 0.7145492921875001 0.289508865625 0.6376408546875 0.3191802640625
1 0.4818572859375 0.5482895875 0.563182434375 0.5136120953125001 0.4691459796875 0.3759269046875 0.389761290625 0.40699666562500003 0.40140965624999997 0.4272049921875 0.4818572859375 0.5482895875
1 0 0.5881634906250001 0.0440024359375 0.709059190625 0.1222956203125 0.6794968203125 0.050518003125 0.5422855156249999 0 0.5590412390624999 0 0.5881634906250001
0 0.1427566578125 0.5198136890625 0.0558695046875 0.5476866140625 0.12588469062500002 0.6781905046875 0.21304032031250003 0.64405200625 0.1427566578125 0.5198136890625
0 0.31400956562500004 0.4585051046875 0.2293514265625 0.4880887828125 0.30480764374999997 0.612005021875 0.3923261328125 0.5787001671875001 0.31400956562500004 0.4585051046875
0 0.2279078890625 0.48761295625 0.1435765375 0.5176963609375 0.21680784218750002 0.645097184375 0.3049185546875 0.6154439515625 0.2279078890625 0.48761295625
0 0.39671462343749997 0.42985365625 0.316176709375 0.45938743750000005 0.39245212500000004 0.57792894375 0.4780301515625 0.5482318203125 0.39671462343749997 0.42985365625
1 1 0.48549883125 0.9350967546875 0.5057951828125 1 0.6001587015625 1 0.48549883125
1 0.274043790625 0.7491878828125 0.1813811609375 0.77919894375 0.2780418421875 0.9591124578124999 0.37532474374999997 0.9248626218749999 0.274043790625 0.7491878828125
1 1 0.60584595625 0.93141549375 0.5086499234375 0.8553631234375001 0.5343527140625 0.9699907609375 0.7083059109375001 1 0.69607100625 1 0.60584595625
1 0.3742288625 0.713176384375 0.47786496562499997 0.8886992796875001 0.5729547140625 0.8546685625 0.46188498906250003 0.6761863 0.3742288625 0.713176384375
0 0.0871785 0.8176372593749999 0.1800903890625 0.9979578625000001 0.276204578125 0.957296078125 0.1793133703125 0.7814890359375 0.0871785 0.8176372593749999
0 0.7467753171875 0.5771174218749999 0.8627625968749999 0.7480288749999999 0.9514439625 0.7169097421874999 0.8317425875 0.5450438765625 0.7467753171875 0.5771174218749999
1 0.46708627500000005 0.680663534375 0.5724969265625 0.8525186921874999 0.6643623015625 0.816765940625 0.5575584265625 0.6517882203124999 0.46708627500000005 0.680663534375
0 0.2776842625 0.746926321875 0.37898830625 0.9258456859375 0.47714641718750006 0.8895399296875001 0.37362714375 0.71931285625 0.2776842625 0.746926321875
1 0.6489548578125001 0.6173525609375 0.7681146359375 0.7853735296875 0.8615141921875 0.7484832578125 0.7444637562499999 0.5785481421875 0.6489548578125001 0.6173525609375
0 0.6536639140625 0.7963366875 0.6657970468750001 0.81450636875 0.7641816515625 0.7850676484375 0.6462755296875 0.6183395921875 0.5600350359374999 0.650643009375 0.6536639140625 0.7963366875
1 0 0.28335551406250004 0.0059623484375 0.293581675 0.08548019531249999 0.2637339234375 0.029145296874999997 0.1710353734375 0 0.1816332609375 0 0.28335551406250004
0 0.10587175625 0.1438170515625 0.0298304046875 0.170060559375 0.08655594531250001 0.264746075 0.1674897671875 0.23812422031249997 0.10587175625 0.1438170515625
1 0.1828278546875 0.11864297343750001 0.107120865625 0.1430630078125 0.1677237515625 0.2380390578125 0.24569787656250003 0.21202184375000002 0.1828278546875 0.11864297343750001
1 0.2662151078125 0.0944364046875 0.183025540625 0.118081671875 0.245766240625 0.21152435 0.3246187828125 0.182824371875 0.2662151078125 0.0944364046875
1 1 0.7790633984374999 0.9539421484374999 0.7182218296875 0.8650668953125 0.7499785453125 0.9489365921875 0.8686893296875 1 0.85010376875 1 0.7790633984374999
1 0.7721046968749999 0.789999103125 0.851966753125 0.9039834640625 0.946615925 0.8695339828125 0.862045646875 0.7516694203125 0.7721046968749999 0.789999103125
1 0.67594886875 0.8201863406250001 0.7527584078125 0.9400923499999999 0.8487029312500001 0.9051713984375 0.7668700828125 0.7906071515625 0.67594886875 0.8201863406250001
1 0.41646983750000005 1 0.3735112171875 0.9294814125 0.28243435156249996 0.9620394484375 0.3030873875 1 0.41646983750000005 1
1 0.5407387140625 1 0.47404357187499996 0.8946092890624999 0.377587240625 0.9301555562500001 0.420327659375 1 0.5407387140625 1
1 0.5881634890624999 1 0.6512598984375 0.9770347859375 0.575089634375 0.8604095265625 0.47594051562499995 0.8943578921875 0.542248240625 1 0.5881634890624999 1
1 0.5772372421874999 0.8581761296874999 0.652068190625 0.976740590625 0.7502376734375 0.941009821875 0.6717416125 0.8217937578125 0.5772372421874999 0.8581761296874999
1 0.5059285359375 0 0.48901195625 0.006741459375 0.5585893109375 0.10606919374999998 0.6320564921875 0.0778935234375 0.5745797546875 0 0.5059285359375 0
1 0.32441016093749997 0.1824276984375 0.39857739062499997 0.1541484890625 0.33727717031250004 0.06998975625000001 0.26732829687500004 0.0940312375 0.32441016093749997 0.1824276984375
1 0.57659310625 0 0.6331110765625 0.07887897968749999 0.7090406 0.052745204687500005 0.6619143703125 0 0.57659310625 0
1 0.4135092484375 0.041685834375 0.4787804578125 0.13009192812499998 0.5558892656250001 0.10418032343750001 0.4865414453125 0.0109670640625 0.4135092484375 0.041685834375
1 0.4111339625 0.0435806875 0.33775396875 0.0685683734375 0.400372809375 0.1552521609375 0.4775628921875 0.129992921875 0.4111339625 0.0435806875
0 0.6643382765625 0 0.7105014578125 0.057238809375 0.784342725 0.026773276562499997 0.7588422078125 0 0.6643382765625 0