1 0.9611045484374999 0.1526406578125 0.9521442375 0.1340369171875 0.8797535218749999 0.1416661953125 0.9309726953125 0.25538570625 0.9732133453125 0.2512588984375 0.9611045484374999 0.1526406578125
1 0.7996128875 0.1543414109375 0.8558172546874999 0.269070553125 0.9282946796875 0.25874073124999997 0.871468315625 0.1441074546875 0.7996128875 0.1543414109375
0 0.6163073531250001 0.18284273125 0.5387114609375 0.1902747453125 0.5336795265625 0.1908925890625 0.5845746828125 0.3072728078125 0.6662183421875 0.294584496875 0.6163073531250001 0.18284273125
1 0.6212705578125 0.18056520468749998 0.670602515625 0.29193764375 0.756053659375 0.287168415625 0.7024761734375 0.1707055109375 0.6212705578125 0.18056520468749998
1 0.7065327484374999 0.1689324625 0.7607980375000001 0.2896205984375 0.8468153828125 0.2785820921875 0.7906129078124999 0.1581493578125 0.7065327484374999 0.1689324625
1 0.453487771875 0.20238837968749998 0.5012638 0.3210516109375 0.5851128203125 0.30809251875 0.534350959375 0.1924596296875 0.453487771875 0.20238837968749998
1 0.3641199 0.21584969687500002 0.41148342343750005 0.3359190328125 0.4987210328125 0.32320980625 0.45143847031249995 0.202488184375 0.3641199 0.21584969687500002
0 0.10274808124999998 0.2456514421875 0.01602544375 0.25546040625 0.059061440624999996 0.40116689218749996 0.14771917968749998 0.389685690625 0.10274808124999998 0.2456514421875
0 0.1033128109375 0.2464213375 0.1501213265625 0.39277239375 0.24114924375000002 0.382358321875 0.196621965625 0.2366428859375 0.1033128109375 0.2464213375
0 0.2785094265625 0.225749134375 0.3318292546875 0.373491678125 0.41702261093750004 0.362365315625 0.3611202875 0.2130880875 0.2785094265625 0.225749134375
0 0.196983665625 0.2357592390625 0.2423510859375 0.3831463515625 0.32995625624999997 0.3703919890625 0.2763963828125 0.2276870578125 0.196983665625 0.2357592390625
1 0.9889453250000001 0.379385584375 0.9354215140625 0.2686411515625 0.8521165015625 0.28059581875 0.9202811484375 0.43501335625 0.994722215625 0.426434590625 0.9889453250000001 0.379385584375
1 0.586514078125 0.3191327921875 0.5048706703125 0.3303291546875 0.5622124687500001 0.482534090625 0.65222551875 0.46806874218749994 0.586514078125 0.3191327921875
1 0.8492483734375 0.28946129374999996 0.760948021875 0.30052455624999996 0.833364865625 0.44978109843749997 0.9165598921875 0.432739759375 0.8492483734375 0.28946129374999996
1 0.672653634375 0.3112866921875 0.5905311765625 0.3203572828125 0.6515882609375 0.46678173125000005 0.7428398796875 0.462403715625 0.672653634375 0.3112866921875
0 0.67682324375 0.3130374453125 0.7451830984375001 0.46279863125 0.8317586875 0.45148585781249995 0.757887265625 0.3015039453125 0.67682324375 0.3130374453125
1 0.474872921875 0.5000843125000001 0.561329859375 0.48469034375 0.5010688140624999 0.330306778125 0.41729578749999996 0.3426406921875 0.424056084375 0.364818153125 0.474872921875 0.5000843125000001
1 0 0.530581315625 0.0027277953125 0.552797425 0.00418868125 0.5593317109375 0.0975610265625 0.5467299921875 0.058737590625 0.3977843984375 0 0.403283325 0 0.530581315625
0 0.15303104375 0.39665288906249996 0.0627107203125 0.40421245 0.10132652499999999 0.546267646875 0.193306165625 0.5326999 0.15303104375 0.39665288906249996
1 0.3324738171875 0.375582225 0.24392875468750003 0.3852972609375 0.2892821296875 0.5221893703125 0.381426765625 0.5095101765625001 0.3324738171875 0.375582225
0 0.2426378921875 0.38451352031249997 0.1542974953125 0.3947856421875 0.1967191546875 0.5345549046875 0.2886213609375 0.5255448 0.2426378921875 0.38451352031249997
1 0.4189203453125 0.36633318125000003 0.3343742328125 0.37692153125 0.3817209703125 0.508791425 0.47118169375 0.499172284375 0.4189203453125 0.36633318125000003
1 1 0.5544394078125 0.9230371328125001 0.560311978125 0.9977389109375 0.7498557 1 0.7495364609374999 1 0.5544394078125
1 0.22886604687499998 0.648170234375 0.13247829375 0.6565086953125 0.1858471703125 0.8523776234374999 0.2876534703125 0.840967384375 0.22886604687499998 0.648170234375
1 0.8394875078125 0.5701347328125 0.9115771859375 0.7642500359375 0.9957098140625 0.7506498421875001 0.9188365546874999 0.5622533578125 0.8394875078125 0.5701347328125
1 0.3338747265625 0.6357029921875 0.394975521875 0.8288798937499999 0.494610215625 0.8171912921875 0.42697570625000003 0.6194854234375 0.3338747265625 0.6357029921875
0 0.03271770625 0.672664509375 0.08236734531249999 0.8680891515625 0.18447465937500002 0.850207478125 0.1299654484375 0.6582641234375 0.03271770625 0.672664509375
1 0.724837765625 0.5872629140625001 0.7989227875 0.778736403125 0.8917047281249999 0.7684342171874999 0.8142381546875 0.5752055765625 0.724837765625 0.5872629140625001
1 0.4310097984375 0.6249851078125 0.49464733125000004 0.8150067312499999 0.5915459078125 0.800929078125 0.52502379375 0.617256646875 0.4310097984375 0.6249851078125
0 0.2328946546875 0.6467942265625 0.2909797140625 0.8427389765625 0.394092303125 0.8295333406250001 0.3319217125 0.641511603125 0.2328946546875 0.6467942265625
0 0.621174315625 0.6043497078125 0.6989754890625 0.793733396875 0.797613015625 0.7788972234375 0.72228093125 0.5881315078125 0.621174315625 0.6043497078125
0 0.58575440625 0.778750146875 0.5934392374999999 0.7990616046875 0.695237228125 0.7925573921875 0.6183606375 0.6047063203125 0.5276766015625001 0.6167014875 0.58575440625 0.778750146875
1 0 0.15512279375 0.0703037859375 0.145774109375 0.04143823125 0.0525493921875 0 0.0576373671875 0 0.15512279375
1 0.1547929859375 0.1358262703125 0.123937984375 0.042419696875 0.041860296875 0.0524975703125 0.071164028125 0.1469468765625 0.1547929859375 0.1358262703125
0 0.23988698125000002 0.129367603125 0.20435848281250002 0.032545301562500004 0.12497074062499999 0.042292890625 0.1556080890625 0.13704717500000002 0.23988698125000002 0.129367603125
1 0.3214117328125 0.12158143749999999 0.2836135453125 0.022814003125000003 0.20573474531249997 0.032376317187499996 0.24013246718749998 0.1293374609375 0.3214117328125 0.12158143749999999
1 0.40431768906250004 0.11095710156250001 0.36761212187500003 0.012500275 0.2840900046875 0.0227555015625 0.32158901875 0.1211149046875 0.40431768906250004 0.11095710156250001
1 0.8007175515625 0.7811401124999999 0.8729864671875 0.9579579328125 0.9723830687499999 0.945753565625 0.8938295593750001 0.7702637921875 0.8007175515625 0.7811401124999999
1 0.7018041515625 0.7991058125 0.7710624312500001 0.97047263125 0.8709022281250001 0.9582138453125 0.7974157328125 0.7821019203125 0.7018041515625 0.7991058125
1 1 0.7688225109375 0.9923936281250001 0.7516920421875 0.8993862296874999 0.767084903125 0.975239296875 0.9454028640625 1 0.9423626328125 1 0.7688225109375
1 0.6019961171875 0.806833515625 0.665019740625 0.9834930359375 0.7680738046875 0.9708395875000001 0.6966019609375 0.7985237984375 0.6019961171875 0.806833515625
1 0.3362392578125 1 0.2848665828125 0.8450350437499999 0.18944473906249998 0.8561949765625 0.2294415625 1 0.3362392578125 1
1 0.44823726875 1 0.3899568953125 0.833748975 0.28866103125000003 0.8465997109375 0.3398567796875 1 0.44823726875 1
1 0.5305813109375 1 0.5589463015625 0.9965172171875001 0.495394228125 0.8232290000000001 0.391849025 0.8339298171875 0.4493769078125 1 0.5305813109375 1
1 0.4979716609375 0.8215463359375 0.5590659171875 0.9965025296875 0.6629642484375 0.9837454187500001 0.5975650484374999 0.8074492 0.4979716609375 0.8215463359375
1 0.22581019531250002 1 0.1875600375 0.856982784375 0.083791484375 0.8724012671875 0.11454519999999999 1 0.22581019531250002 1
1 0.611971925 0 0.6479125156250001 0.0889554375 0.7253117953125 0.07810079375 0.6914953328125 0 0.611971925 0
1 0.3687776140625 0.0123571703125 0.40420437187499997 0.110526253125 0.48230433125000005 0.0997279265625 0.44177181406250005 0.0045076843749999995 0.38081557187500004 0.0108790953125 0.3687776140625 0.0123571703125
1 0.6930882406250001 0 0.7261123765625 0.07929111250000001 0.8054387875 0.07096485 0.7664812453125001 0 0.6930882406250001 0
1 0.5244118078125 0 0.565302971875 0.09436939062500001 0.6457211421875 0.086522090625 0.607854596875 0 0.5244118078125 0
1 0.47440289687500004 0 0.44544837187499997 0.002943184375 0.44257528281249997 0.00329595625 0.4837955296875 0.10119845000000001 0.5641466515625 0.0940011484375 0.521230375 0 0.47440289687500004 0
1 0.8504593406250001 0 0.8861984375 0.062400018749999994 0.9490764390624999 0.0546795703125 0.94550271875 0.02557395625 0.930645496875 0 0.8504593406250001 0
1 0.769161703125 0 0.8058490109375 0.07564370468750001 0.8841218156249999 0.06265499531249999 0.847082603125 0 0.769161703125 0