1 0.8842625500000001 0.22061020468749998 0.9220416984375 0.334951075 0.9959610375000001 0.3354888171875 0.9546907640625 0.2205875140625 0.8842625500000001 0.22061020468749998
1 0.8058666359375 0.224695478125 0.848340528125 0.3405084578125 0.9191254015625001 0.337901896875 0.87604330625 0.2221182125 0.8058666359375 0.224695478125
1 0.62660144375 0.233568646875 0.55118461875 0.2328769390625 0.5462802453125 0.2329625453125 0.583478425 0.34982510312500004 0.663321915625 0.3458788625 0.62660144375 0.233568646875
1 0.6316075984375 0.23188275468750003 0.667808278125 0.34378000000000003 0.7505142375 0.3478203921875 0.7107434125000001 0.2306079015625 0.6316075984375 0.23188275468750003
1 0.7148261453125 0.229314878125 0.7548313125 0.3506531140625 0.8387163687499999 0.3487318921875 0.7968213453125 0.22744345625 0.7148261453125 0.229314878125
1 0.46795446875 0.23591037343750001 0.501920359375 0.3546500921875 0.5839133015625 0.350666334375 0.546767775 0.23453468125 0.46795446875 0.23591037343750001
1 0.380600321875 0.23981962656250003 0.41402702500000005 0.359867646875 0.4992552859375 0.3564655578125 0.46597247656249996 0.23579948750000002 0.380600321875 0.23981962656250003
0 0.1260860328125 0.24206710468749998 0.041646721875 0.242736784375 0.0683155734375 0.3869608578125 0.1547860765625 0.3848809578125 0.1260860328125 0.24206710468749998
1 0.1265515390625 0.242863190625 0.1567851984375 0.388086590625 0.24542838906250003 0.3872702375 0.217325490625 0.242887153125 0.1265515390625 0.242863190625
0 0.2972220109375 0.2406883421875 0.33358025625 0.387904378125 0.41668133437500005 0.3858157 0.3779934125 0.2368658296875 0.2972220109375 0.2406883421875
0 0.21776292968750002 0.24207530625 0.24650510625000002 0.388147996875 0.33209160937500004 0.38473965 0.29499271718750003 0.24233568125 0.21776292968750002 0.24207530625
1 0.9249813796874999 0.34812548906249996 0.8436135140625 0.35119983593750004 0.8935805218749999 0.5063214171875 0.981725546875 0.5054369828125 0.9249813796874999 0.34812548906249996
1 1 0.49563658750000006 0.9974342343749999 0.34864395937500003 0.9287550171875001 0.3470980140625 0.9847638640625 0.5119253500000001 1 0.51320753125 1 0.49563658750000006
1 0.584144653125 0.361406715625 0.5044523484375001 0.363920659375 0.54422916875 0.5158264234375001 0.6323057046875 0.5110183421875 0.584144653125 0.361406715625
1 0.8399567749999999 0.3594217046875 0.753872446875 0.3611364171875 0.8084531859374999 0.5117321625 0.8902298546875 0.50376334375 0.8399567749999999 0.3594217046875
1 0.6678243187499999 0.362562640625 0.58788613125 0.3629874515625 0.6318227296875001 0.5097184890625 0.7200704859375 0.5147195234375 0.6678243187499999 0.362562640625
1 0.671659303125 0.3646639921875 0.7222852390625001 0.5153350046875 0.8067352015625 0.513206784375 0.7508282140625 0.3617679421875 0.671659303125 0.3646639921875
1 0.45841304687499995 0.523865753125 0.54316174375 0.5178074765625 0.5007963625 0.3635157046875 0.4189397921875 0.3669069359375 0.423200975 0.3888799375 0.45841304687499995 0.523865753125
1 0 0.5043633984375 0.0005040546875 0.5332406734374999 0.0906338734375 0.5305897125000001 0.0683461734375 0.3836808828125 0 0.382908034375 0 0.5043633984375
0 0.1591924078125 0.3921054890625 0.07151888281249999 0.39025278281250003 0.094303915625 0.5305256515625 0.1841819484375 0.526777659375 0.1591924078125 0.3921054890625
0 0.3339889625 0.389976390625 0.24780556874999998 0.3903720765625 0.2775960421875 0.5263677859375 0.3675429390625 0.5234894765625 0.3339889625 0.389976390625
0 0.24664275937500002 0.38948945468749996 0.16059993749999998 0.39044060625 0.1872783421875 0.5289027765625 0.276620753125 0.5295224671875001 0.24664275937500002 0.38948945468749996
1 0.41810594375 0.389816403125 0.33568209531250004 0.3914538546875 0.3678987484375 0.522829125 0.454953515625 0.522617859375 0.41810594375 0.389816403125
1 1 0.74726918125 0.9587968124999999 0.6290322109375001 0.8835555625 0.6268904015625 0.9362589546875 0.8163937000000001 1 0.814129959375 1 0.74726918125
1 0.20671615937499999 0.6412199078125 0.1131255828125 0.6395029796875 0.144661928125 0.83292695625 0.2437771609375 0.832241409375 0.20671615937499999 0.6412199078125
1 0.8021680171875 0.6278933656250001 0.8518954546874999 0.8215220703125 0.9342261546874999 0.8169514375 0.8793172359374999 0.628330503125 0.8021680171875 0.6278933656250001
1 0.3090197484375 0.63984260625 0.34826831875 0.831462021875 0.4453221328125 0.8302901984375 0.4002448515625 0.633663796875 0.3090197484375 0.63984260625
0 0.0154986671875 0.644950784375 0.043501212500000004 0.8375730890625 0.1435608203125 0.8307051031249999 0.11053005 0.6409347953125 0.0154986671875 0.644950784375
1 0.6901159703124999 0.6327728828125 0.7420306609375 0.8240666171875001 0.8323503015625 0.823534596875 0.7773593625 0.630214778125 0.6901159703124999 0.6327728828125
1 0.40357014687500004 0.63935058125 0.44557886562500004 0.8281966875 0.540241621875 0.8244553140624999 0.49481491406250006 0.641413696875 0.40357014687500004 0.63935058125
0 0.21073181093749999 0.6403052375 0.246798525 0.8342777 0.3473523515625 0.8320002671875001 0.30655283125 0.6452220828125 0.21073181093749999 0.6403052375
1 0.588639425 0.6387207984375001 0.6443413312499999 0.828383078125 0.7407540921875 0.8240888999999999 0.6875678359374999 0.63334886875 0.588639425 0.6387207984375001
0 0.5369127890625001 0.802578615625 0.5422523734375 0.8228534468750001 0.640863253125 0.8268770156249999 0.5858959453125 0.6387793578125 0.4974236828125 0.6411483015624999 0.5369127890625001 0.802578615625
1 0.0848586640625 0.041581218749999996 0.00641506875 0.04325254375 0.0233769453125 0.14514987343750002 0.104972134375 0.1429089265625 0.0848586640625 0.041581218749999996
1 0.1650926640625 0.0401807296875 0.08525989843750001 0.0415497359375 0.1056812296875 0.1441215953125 0.18727641875 0.14188065 0.1650926640625 0.0401807296875
1 1 0.8128830890625001 0.9344802624999999 0.8182639640625 0.9878868484375 0.9915600671875 1 0.99134863125 1 0.8128830890625001
0 0.2433286296875 0.0394534375 0.166020228125 0.0395103171875 0.187937209375 0.143134975 0.26980964687500003 0.144263096875 0.2433286296875 0.0394534375
1 0.3211335984375 0.040652559375 0.2446996046875 0.039159503125 0.2700489078125 0.1442589203125 0.34904275625 0.1450110890625 0.3211335984375 0.040652559375
1 0.4044796328125 0.044738375000000004 0.32148886718749997 0.040205059375000005 0.3492605453125 0.14458108593750002 0.42989204374999995 0.1431736578125 0.4044796328125 0.044738375000000004
1 0.7435144421875 0.8265552890625001 0.792647275 0.9949679874999999 0.8892144484375001 0.9932824 0.8342097671875001 0.8255053718750001 0.7435144421875 0.8265552890625001
1 0.6465196015625 0.833826096875 0.6933435593749999 0.9967013390625 0.790547546875 0.9950046374999999 0.7402400328125001 0.8271456203125 0.6465196015625 0.833826096875
1 0.83987816875 0.8230140015625 0.8921750093749999 0.9932307234375 0.9873798656250001 0.9915689171875 0.9309297859375001 0.8176175000000001 0.83987816875 0.8230140015625
1 0.5496997312499999 0.8311778375 0.5903706453125 0.9984987390625 0.6903457765625001 0.9967536656249999 0.641572796875 0.8327426234375 0.5496997312499999 0.8311778375
1 0.27667013125 1 0.240684003125 0.8358654031249999 0.14773739531250002 0.836954615625 0.17520404843749998 1 0.27667013125 1
1 0.38194086875 1 0.3429466390625 0.8356303046875 0.244176825 0.8377502625 0.280091703125 1 0.38194086875 1
1 0.48682845312499995 1 0.445465678125 0.8361656859375 0.344749 0.83599476875 0.3830150046875 1 0.48682845312499995 1
1 0.5043633984375 1 0.588252415625 0.9985357125000001 0.54537374375 0.8313219765625 0.44811599687500003 0.8348102421875 0.487093121875 1 0.5043633984375 1
1 0.171553475 1 0.145844178125 0.8375208390625 0.0444352875 0.8418565156250001 0.065440121875 1 0.171553475 1
1 0.63436919375 0.0347705296875 0.6665116640625001 0.146621453125 0.7420855765625001 0.1440074875 0.7066716625 0.031328990625000004 0.63436919375 0.0347705296875
1 0.429826596875 0.1427486 0.5060690250000001 0.14025937187499998 0.47670124375 0.044756346875000005 0.4056179375 0.04471850625 0.429826596875 0.1427486
1 0.7088636265625 0.031938140625 0.7427354890625 0.14523098437499998 0.8199079390625 0.1452387296875 0.7728750890625 0.033410453125 0.7088636265625 0.031938140625
1 0.554827671875 0.0428896953125 0.586474740625 0.1434866359375 0.6646492515625 0.144064325 0.6308020859375 0.0378325765625 0.554827671875 0.0428896953125
1 0.552076403125 0.0438668703125 0.47757925781250005 0.0436157078125 0.5073551203125 0.141821534375 0.5853993546875 0.1430164796875 0.552076403125 0.0438668703125
1 0.8488864203125001 0.0329674640625 0.8984836250000001 0.1451620046875 0.9718994625 0.1438805265625 0.9231058750000001 0.03532003125 0.8488864203125001 0.0329674640625
1 0.8198292921875 0.14977196875 0.8964596453125001 0.145197334375 0.85639809375 0.05784893125 0.844702015625 0.033451528125000005 0.7785776671875 0.035900549999999996 0.8198292921875 0.14977196875
1 0.9722403140625 0.1425797578125 0.9938529781250001 0.14347389531250002 0.991931590625 0.033397717187499995 0.926339590625 0.034333928125 0.9722403140625 0.1425797578125