1 0.7964041296875 0.1250676046875 0.86032864375 0.2262938953125 0.9317191140625001 0.20904620937499999 0.8642942124999999 0.108118346875 0.7964041296875 0.1250676046875
1 0.7218101015625 0.1478511296875 0.7906146374999999 0.2493692125 0.8582270203125001 0.2298415328125 0.7888432 0.12849789218750002 0.7218101015625 0.1478511296875
0 0.5511258578125 0.199497471875 0.47825471875 0.21695654531250003 0.473547303125 0.21821789374999997 0.5375183140625001 0.3220165359375 0.6135413062499999 0.2990192109375 0.5511258578125 0.199497471875
1 0.5555464578125 0.19666783906250002 0.6173614656249999 0.29591611093750003 0.6980651203125 0.2799356296875 0.63152980625 0.176417734375 0.5555464578125 0.19666783906250002
1 0.6351546906250001 0.174189053125 0.7029083421875 0.2816307953125 0.7833146656250001 0.2596156515625 0.7137510984375 0.15267617656250002 0.6351546906250001 0.174189053125
0 0.398747284375 0.2398872515625 0.4600537828125 0.3462737 0.53813990625 0.322723559375 0.4743954671875 0.21961738125000002 0.398747284375 0.2398872515625
1 0.3154748328125 0.26465407343749997 0.3765762359375 0.372432253125 0.45792124687499997 0.34866565625 0.3968098953125 0.2402566484375 0.3154748328125 0.26465407343749997
0 0 0.37220114375 0.0498140296875 0.481660990625 0.13267465625 0.45887135937499995 0.0706537625 0.32799456718750003 0 0.346206378125 0 0.37220114375
0 0.071294021875 0.3286506796875 0.135372978125 0.461483396875 0.2206320984375 0.43939052656250005 0.15880940937500002 0.30685634687499996 0.071294021875 0.3286506796875
0 0.23530385781250002 0.28553205 0.3057664671875 0.41881505937499997 0.3853767265625 0.396826796875 0.3122511515625 0.2624310671875 0.23530385781250002 0.28553205
0 0.1590358328125 0.30596800625 0.22188123593750003 0.439978528125 0.30357010156249997 0.416119790625 0.2335509875 0.2876570734375 0.1590358328125 0.30596800625
0 0.8663316296874999 0.2382969171875 0.7886293531249999 0.2608194921875 0.8741129671874999 0.39845825156250003 0.958875459375 0.376419434375 0.8663316296874999 0.2382969171875
1 0.9633652500000001 0.3819486109375 0.985066040625 0.3784394546875 0.942602303125 0.21996263124999998 0.8697224109375 0.23639870312500003 0.9633652500000001 0.3819486109375
1 0.540946465625 0.333029375 0.46472469531250005 0.35460860312500003 0.5396110296875001 0.4915942140625 0.6233636875 0.4657866515625 0.540946465625 0.333029375
1 0.78708183125 0.2696301546875 0.7045056484375001 0.29197466875 0.793348421875 0.42413837499999996 0.8702674671875 0.3967957671875 0.78708183125 0.2696301546875
1 0.6218949703125001 0.314032171875 0.5449336312499999 0.33365507656250004 0.622585409375 0.464648746875 0.708862646875 0.44826304375000003 0.6218949703125001 0.314032171875
1 0.6260975125 0.31513764218749996 0.71114580625 0.44832449375000005 0.792046928125 0.42597388281250004 0.7017227984375001 0.293315590625 0.6260975125 0.31513764218749996
1 0.458814753125 0.5199757265625 0.5390585171875 0.4937619234375 0.461102771875 0.3550966484375 0.383005590625 0.3780423890625 0.3923989953125 0.3982159265625 0.458814753125 0.5199757265625
1 0 0.5658262484375001 0.01962773125 0.6390779375 0.1058787140625 0.6148578812500001 0.049054553125 0.4784893921875 0 0.49013148281249996 0 0.5658262484375001
0 0.1386603421875 0.4647819234375 0.05369399375 0.48406685312500003 0.1094013703125 0.6139139874999999 0.1951457359375 0.5886961203125 0.1386603421875 0.4647819234375
1 0.3066588875 0.4207157296875 0.22366991875000003 0.44181156718750003 0.28510196875 0.5658487046875 0.37112192187500004 0.5414532859375 0.3066588875 0.4207157296875
0 0.2223366171875 0.4412395671875 0.1396167796875 0.46283748593749996 0.198641965625 0.5900020421875001 0.28492059062499997 0.5691264859375 0.2223366171875 0.4412395671875
1 0.38771244843749997 0.4003439359375 0.30864652812500004 0.421734121875 0.3713060921875 0.5407307171875 0.45517945937500004 0.5196033578125 0.38771244843749997 0.4003439359375
1 1 0.5523553546875 0.9665012859375001 0.50116465 0.8934505921874999 0.5171825890624999 0.9898424859375 0.6873322578125001 1 0.684412975 1 0.5523553546875
1 0.244397921875 0.693684325 0.15375996875 0.7145224 0.230689096875 0.8935418953125 0.326075134375 0.8690582656249999 0.244397921875 0.693684325
1 0.8152310859374999 0.537711596875 0.90974638125 0.71255638125 0.988016946875 0.6883588984375 0.8897110874999999 0.5195905546875 0.8152310859374999 0.537711596875
1 0.34269126562499996 0.6677670296875 0.42662120468750003 0.8431920093749999 0.5199029859375 0.8187347203125 0.4291495453125 0.63988035 0.34269126562499996 0.6677670296875
0 0.060954253125 0.7432425390625 0.134283825 0.9223379953125 0.229093134375 0.8916630874999999 0.1516021875 0.7165275296875 0.060954253125 0.7432425390625
1 0.7083822875 0.5693505703125 0.8044445187499999 0.7414170640625 0.8913881937499999 0.719195559375 0.791872978125 0.5459138421875 0.7083822875 0.5693505703125
1 0.6009144578125001 0.767674609375 0.6109390015625 0.7859507015625 0.706971571875 0.766131253125 0.60873529375 0.597881759375 0.5240144234375 0.6214313578125 0.6009144578125001 0.767674609375
1 0.433723178125 0.6445672515624999 0.51964690625 0.816653371875 0.6100055265625 0.7902918875 0.522182953125 0.6246269640625 0.433723178125 0.6445672515624999
0 0.24804914843749998 0.69183676875 0.32947766562499997 0.8702965234375 0.425867646875 0.8439314140624999 0.3416070578125 0.673549621875 0.24804914843749998 0.69183676875
0 0.6119856765625 0.5994784296875 0.7113064953125 0.7690607796875 0.8032192140625 0.7417453843749999 0.7060643359375 0.570518675 0.6119856765625 0.5994784296875
1 0 0.1802724765625 0.027422590625 0.23840923125 0.10554448593750002 0.21663601406250002 0.0596952359375 0.123856309375 0 0.1398319734375 0 0.1802724765625
0 0.1349428078125 0.104350725 0.06042817968750001 0.12298661250000001 0.106483234375 0.2176872625 0.18568281250000002 0.1990976015625 0.1349428078125 0.104350725
1 0.21023826875 0.0868071703125 0.1361937765625 0.103737646875 0.185912465625 0.199036065625 0.2622465390625 0.1807755859375 0.21023826875 0.0868071703125
1 0.2915699078125 0.07071666875 0.210473115625 0.086290071875 0.2623530625 0.18030840625 0.33974641875 0.15957091875 0.2915699078125 0.07071666875
1 0.8064735734375 0.7434613015625 0.903354059375 0.9095596953125 0.9966376875 0.8845644234375 0.8936548500000001 0.7206498781249999 0.8064735734375 0.7434613015625
1 0.7147157171875 0.773788203125 0.8079682015625 0.935118259375 0.9014698171875001 0.9100645765625 0.803458915625 0.7448178046875 0.7147157171875 0.773788203125
1 1 0.7138299078125 0.9849993375 0.6897937390625 0.8985201234375 0.7168840171875 0.999140075 0.883893909375 1 0.88366349375 1 0.7138299078125
1 0.6207405703125 0.7945039656249999 0.708398115625 0.9617979828125 0.805253825 0.9358455749999999 0.70968618125 0.77393191875 0.6207405703125 0.7945039656249999
1 0.3867459671875 1 0.323964940625 0.873297828125 0.23462279531250002 0.89668825625 0.2796647765625 1 0.3867459671875 1
1 0.5008176671875 1 0.4224935515625 0.8484922796875001 0.3277855453125 0.8742766874999999 0.39039645312500004 1 0.5008176671875 1
1 0.5658262484375001 1 0.60924306875 0.9883664984375 0.521454678125 0.8243683984375 0.4243187671875 0.8484106890625001 0.50197460625 1 0.5658262484375001 1
1 0.523683646875 0.822423778125 0.6092186828124999 0.9883730328125001 0.7065854171875 0.9622836937500001 0.616604821875 0.7956827671875 0.523683646875 0.822423778125
1 0.27633226718750004 1 0.23293385937500002 0.8976895328125 0.1362146578125 0.9262457796874999 0.1653582734375 1 0.27633226718750004 1
1 0.5302503468750001 0 0.5107946953125 0.005846746875 0.5686862890625 0.10602572031249999 0.6409137125 0.0853398515625 0.5887474453125 0 0.5302503468750001 0
1 0.33958108125 0.1591765890625 0.41248298281249995 0.13845038125 0.3611986734375 0.053375596875 0.2926624953125 0.07042390937500001 0.33958108125 0.1591765890625
1 0.590688078125 0 0.6418345578125 0.08636397343749999 0.7162336671875 0.0678231078125 0.6655016078125 0 0.590688078125 0
1 0.4360665828125 0.03279718125 0.4907735203125 0.12223832500000001 0.566275753125 0.104006446875 0.5080924203125 0.0096581046875 0.4360665828125 0.03279718125
1 0.43364930468749996 0.0344011421875 0.36177074062500003 0.052064175000000004 0.414098596875 0.1396483125 0.4896237125 0.122043225 0.43364930468749996 0.0344011421875
1 0.7540163875 0 0.7919652328125 0.0488634828125 0.8624327062500001 0.02998178125 0.838850128125 0 0.7540163875 0
1 0.668719378125 0 0.7172482890625 0.07221530000000001 0.7900225359374999 0.0493840265625 0.750567015625 0 0.668719378125 0