1 0.7015625 0.3015625 0.0875 0.15625
1 0.53515625 0.29453125 0.0796875 0.128125
1 0.6125 0.3 0.0828125 0.134375
1 0.446875 0.29296875 0.0984375 0.1359375
1 0.1984375 0.2828125 0.1 0.1453125
1 0.9484375 0.32265625 0.084375 0.153125
1 0.7890625 0.315625 0.0890625 0.15625
0 0.3734375 0.2953125 0.0890625 0.14375
1 0.86875 0.32109375 0.084375 0.1515625
0 0.2875 0.29609375 0.0875 0.1515625
0 0.10859375 0.2921875 0.0953125 0.13125
1 0.5703125 0.4375 0.0875 0.15625
1 0.47578125 0.434375 0.0953125 0.1421875
0 0.303125 0.42890625 0.0890625 0.128125
1 0.65703125 0.446875 0.0953125 0.1546875
1 0.828125 0.4578125 0.0921875 0.1578125
0 0.21484375 0.4265625 0.09375 0.140625
0 0.38828125 0.4359375 0.090625 0.134375
1 0.91953125 0.46484375 0.09375 0.1671875
0 0.73828125 0.45859375 0.1015625 0.1421875
1 0.0421875 0.42421875 0.084375 0.1359375
0 0.12890625 0.43125 0.096875 0.1359375
1 0.16171875 0.05546875 0.0796875 0.1109375
1 0.08203125 0.0546875 0.0734375 0.109375
1 0.92421875 0.0875 0.0828125 0.134375
1 0.48203125 0.06875 0.0796875 0.1375
1 0.4015625 0.06640625 0.08125 0.1328125
1 0.83125 0.74609375 0.09375 0.1734375
1 0.92421875 0.75703125 0.096875 0.159375
0 0.73125 0.74921875 0.096875 0.1640625
0 0.24375 0.06484375 0.0875 0.1296875
1 0.55703125 0.0734375 0.0796875 0.1453125
1 0.7859375 0.08515625 0.0765625 0.1453125
1 0.32265625 0.06796875 0.0859375 0.1359375
1 0.6375 0.74921875 0.10625 0.1703125
0 0.0625 0.72734375 0.1109375 0.1828125
0 0.54609375 0.75546875 0.109375 0.1578125
0 0.26015625 0.74140625 0.103125 0.16875
1 0.16171875 0.74140625 0.1109375 0.165625
1 0.353125 0.75234375 0.1140625 0.171875
1 0.453125 0.7625 0.096875 0.175
1 0.634375 0.0796875 0.084375 0.146875
1 0.7109375 0.084375 0.0796875 0.1453125
0 0.85546875 0.0953125 0.084375 0.1359375
1 0.7859375 0.925 0.096875 0.15
1 0.8828125 0.92734375 0.109375 0.1453125
1 0.48671875 0.91796875 0.1015625 0.1640625
1 0.68828125 0.9234375 0.1015625 0.153125
1 0.28046875 0.91015625 0.1109375 0.1625
1 0.3890625 0.915625 0.109375 0.1625
1 0.5921875 0.92421875 0.109375 0.1515625
1 0.1796875 0.9078125 0.1015625 0.15625
1 0.07578125 0.90234375 0.115625 0.15625