1 1 0.287169534375 0.9550934578125 0.280070634375 0.9752821624999999 0.4039170890625 1 0.4080175296875 1 0.287169534375
1 0.8738580421875 0.2715125671875 0.8986316984375 0.3976386515625 0.971804015625 0.40647970781250004 0.94640051875 0.280284759375 0.8738580421875 0.2715125671875
1 0.6881762250000001 0.251460903125 0.610781159375 0.23847069843750002 0.605726853125 0.2377603625 0.6249074390625 0.36410790937500004 0.707607903125 0.3730447625 0.6881762250000001 0.251460903125
1 0.693595984375 0.25054056875 0.712560775 0.371614715625 0.7969012265625001 0.3892385671875 0.7751337078125 0.262111978125 0.693595984375 0.25054056875
1 0.7795404046875001 0.26144570312500004 0.8008762546874999 0.39285724375000003 0.88740025625 0.40453651874999996 0.8641140359374999 0.272868559375 0.7795404046875001 0.26144570312500004
1 0.5247489265625 0.2280428921875 0.5403016203125001 0.35579645000000004 0.6252172500000001 0.3650446234375 0.6059716374999999 0.239458 0.5247489265625 0.2280428921875
1 0.4343355953125 0.2178451984375 0.44912089843749997 0.3468576625 0.5372667328125 0.3572312984375 0.52273005625 0.22760607500000002 0.4343355953125 0.2178451984375
0 0.172398346875 0.1787225390625 0.08550872968749999 0.1656647640625 0.08940804531249999 0.3184624421875 0.1786150421875 0.3303993046875 0.172398346875 0.1787225390625
1 0.17274699531249998 0.17961777031249998 0.1801470640625 0.3340244625 0.271381025 0.3476156703125 0.26603382343750004 0.194420846875 0.17274699531249998 0.17961777031249998
0 0.3485039515625 0.205165034375 0.36187360625 0.36261994375 0.4476191921875 0.3739992109375 0.432137884375 0.21438031406250002 0.3485039515625 0.205165034375
0 0.266615721875 0.1936563953125 0.2723445203125 0.3486944796875 0.360859546875 0.35912 0.345944328125 0.20649777187499999 0.266615721875 0.1936563953125
1 0.9993606749999999 0.53951244375 0.9761558796875001 0.417956659375 0.8920309 0.40787415468750005 0.918098003125 0.5756821375000001 0.9927238031250001 0.586736240625 0.9993606749999999 0.53951244375
1 0.6237043015625 0.3761378109375 0.541392684375 0.3657512515625 0.557511259375 0.5285900515625 0.6488135203125001 0.5379801515625 0.6237043015625 0.3761378109375
1 0.886932584375 0.4157419328125 0.79818199375 0.40349203906250003 0.8297284765624999 0.567392528125 0.9150714093750001 0.5725035015625 0.886932584375 0.4157419328125
1 0.7095156328125001 0.39095108437500004 0.62729185 0.37837406093750003 0.648529034375 0.5365635281250001 0.738408346875 0.5560784359375 0.7095156328125001 0.39095108437500004
1 0.7131144203125 0.39373844375 0.7405841796875 0.5570725484375 0.827722490625 0.5686307203125 0.7949504187499999 0.40364647812500004 0.7131144203125 0.39373844375
1 0.46800538124999996 0.522894015625 0.5560913203125 0.53045545 0.5377013421875 0.36473920312499997 0.453022453125 0.35490331875000003 0.45382011406249995 0.37821478750000004 0.46800538124999996 0.522894015625
1 0.0899741390625 0.3150912078125 0.02268160625 0.303648584375 0.0008990453125000001 0.45863955 0.0889332078125 0.4699391484375 0.0899741390625 0.3150912078125
0 0.181965921875 0.33855318749999996 0.092163575 0.322372471875 0.0927154484375 0.4704707078125 0.1856963546875 0.4812452921875 0.181965921875 0.33855318749999996
0 0.3619559015625 0.36481929062499996 0.27331850625 0.3511955375 0.28176724062499997 0.49603163281249996 0.37467716093750003 0.5077126328125 0.3619559015625 0.36481929062499996
0 0.272267325 0.350097709375 0.18368385781250002 0.33706860625 0.18853219999999998 0.48393687500000004 0.2802506890625 0.49912009687500003 0.272267325 0.350097709375
1 0.4484311734375 0.3783492359375 0.36345514687499997 0.3666157578125 0.375150475 0.5070908328125 0.46465334374999995 0.5210462796875001 0.4484311734375 0.3783492359375
1 0.9706824718749999 0.7435684625000001 0.9651202453125001 0.7126109953124999 0.88814199375 0.698156725 0.9114170296875 0.90180074375 0.9478194328124999 0.9062474359375001 0.9706824718749999 0.7435684625000001
1 0.1902009203125 0.6027141546875 0.0942953328125 0.5857098796875 0.0951773703125 0.7899435234375 0.19715239843750001 0.805374271875 0.1902009203125 0.6027141546875
1 0.8043344265625001 0.6859388546875 0.82387854375 0.8933448281249999 0.90923695625 0.902043896875 0.8835514140624999 0.6989490625 0.8043344265625001 0.6859388546875
1 0.2955654640625 0.6179519296875 0.3046677 0.8215836515625 0.4046034203125 0.8361782468750001 0.390327021875 0.6264436843750001 0.2955654640625 0.6179519296875
0 0 0.7791032390625 0.0944079015625 0.7874772140624999 0.09139445 0.586761140625 0 0.5762221328125 0 0.7791032390625
1 0.6883802703125 0.6727189625000001 0.71055289375 0.8780775484375001 0.8034634390625 0.892234365625 0.778459534375 0.684289421875 0.6883802703125 0.6727189625000001
1 0.3928175484375 0.632838703125 0.40520851875 0.83406510625 0.50310573125 0.8456254796874999 0.48625585625 0.6498174171875 0.3928175484375 0.632838703125
0 0.194477003125 0.6024264125000001 0.19992561250000002 0.807962203125 0.3036386 0.821988565625 0.29215327812499997 0.6230876265624999 0.194477003125 0.6024264125000001
1 0.583120678125 0.662320559375 0.60945145 0.8666163953125 0.709237296875 0.8778926531250001 0.6856676 0.672897003125 0.583120678125 0.662320559375
0 0.5032505703125 0.8225649296875 0.5054333421874999 0.84430396875 0.6061224328125 0.8644998968750001 0.5802915890625 0.6619341875 0.4889802171875 0.6499689531249999 0.5032505703125 0.8225649296875
1 0.0821637578125 0 0.0826393640625 0.06224007499999999 0.1668621234375 0.07321744218750001 0.1640345671875 0 0.0821637578125 0
1 0.164470390625 0 0.1673932125 0.0745811359375 0.251615975 0.08555850468750001 0.24670076093749999 0 0.164470390625 0
0 0.24764664375 0 0.252090628125 0.0869572140625 0.33604915625 0.10144764218749999 0.326888775 0 0.24764664375 0
1 0.3282351609375 0 0.33629573281249997 0.1014822953125 0.4173571421875 0.11511709218749999 0.40568493281249995 0.0031527562500000004 0.3880254203125 0 0.3282351609375 0
1 0.4906758015625 0.020927570312499998 0.40612299375000005 0.0027499640624999997 0.41765106249999995 0.114709928125 0.5007475484375 0.12638837812499998 0.4906758015625 0.020927570312499998
1 0.8219904937500001 1 0.80505321875 0.8945656968750001 0.711672153125 0.880880809375 0.7268078078125 1 0.8219904937500001 1
1 0.72422205625 1 0.70821073125 0.880955371875 0.6108028890625 0.8725737546874999 0.6264864343750001 1 0.72422205625 1
1 0.9211514328125 1 0.905740625 0.9021928390625 0.8112848796875 0.8929240671875001 0.8264383656250001 1 0.9211514328125 1
1 0.6230118640625 1 0.6058955390625 0.870653128125 0.511730284375 0.8540850765625001 0.5235801890625 1 0.6230118640625 1
1 0.0976815875 0.7945900625 0.0991573921875 0.9485790312500001 0.2024232296875 0.9630920984375001 0.1933827578125 0.8086010187499999 0.0976815875 0.7945900625
1 0.1966651828125 0.8111098328124999 0.20589454687500003 0.9635799609375001 0.310112621875 0.97822685625 0.29851903125 0.8250078468750001 0.1966651828125 0.8111098328124999
1 0.3003119546875 0.8256764375 0.311299053125 0.9783935984375001 0.41740579687499996 0.993305928125 0.4037932234375 0.8422495 0.3003119546875 0.8256764375
1 0.52100924375 1 0.507260859375 0.8535291546874999 0.4067379640625 0.8412857703125001 0.4180624875 0.9933982203125 0.4650365890625 1 0.52100924375 1
1 0 0.93464336875 0.0955877453125 0.9480773499999999 0.09564358125 0.7948646734375 0 0.7838836203125 0 0.93464336875
1 0.7285640250000001 0.0480943140625 0.7433656390625 0.1684600859375 0.8214609828125001 0.178073196875 0.8034321171875 0.056322965625 0.7285640250000001 0.0480943140625
1 0.5007495734375 0.12594019218750002 0.5795116359375 0.1357905390625 0.5648968859375 0.032704076562500003 0.49184890625 0.021092440625 0.5007495734375 0.12594019218750002
1 0.8055855624999999 0.05730685 0.82192948125 0.17943840312499998 0.9012403359375 0.1920104015625 0.871131803125 0.0692437203125 0.8055855624999999 0.05730685
1 0.6454937015625 0.0435019921875 0.6616206109375 0.1522029140625 0.741868409375 0.1655247171875 0.72439889375 0.050665465624999996 0.6454937015625 0.0435019921875
1 0.6425068703125 0.044059918749999996 0.5659851703125 0.0316729140625 0.5805787515625 0.13760792187499998 0.6605920453125 0.151543884375 0.6425068703125 0.044059918749999996
1 1 0.0908481734375 0.94932281875 0.0811627234375 0.9820071031250001 0.2047239046875 1 0.207252640625 1 0.0908481734375
1 0.9004205781250001 0.19666385 0.9799212484375 0.20443075624999998 0.9529870046875001 0.1079971921875 0.9449434921875 0.08097974999999999 0.8765865984375001 0.0727352890625 0.9004205781250001 0.19666385