1 1 0.324849603125 0.98713640625 0.263044896875 0.9173904359374999 0.2532656546875 0.9388887484374999 0.3717516078125 1 0.380794046875 1 0.324849603125
1 0.8391889078125001 0.24640056718749997 0.8651313953124999 0.36699768593750004 0.9355901578125 0.37426784375 0.9090413078124999 0.2536150890625 0.8391889078125001 0.24640056718749997
1 0.6604334046875 0.2302384890625 0.5858467984375 0.219057521875 0.5809782390625 0.2184597375 0.601550284375 0.339361984375 0.6811659531250001 0.3465662125 0.6604334046875 0.2302384890625
1 0.6656254703125 0.2292657265625 0.6859007609375001 0.3451121578125 0.767239515625 0.3606236734375 0.7441685640625 0.23901685781249998 0.6656254703125 0.2292657265625
1 0.74839151875 0.238304625 0.771120340625 0.36402964843749996 0.8544564140625001 0.3738016671875 0.8298492 0.247862940625 0.74839151875 0.238304625
1 0.503004465625 0.21047803593749997 0.5201144249999999 0.33278932656250004 0.601863853125 0.34025555 0.5812422265625 0.22008442499999997 0.503004465625 0.21047803593749997
1 0.41595638125 0.202191896875 0.432350321875 0.325723715625 0.5172226265625001 0.3342162171875 0.50105719375 0.2100923890625 0.41595638125 0.202191896875
0 0.16360621875 0.168995959375 0.0798954640625 0.157907440625 0.08623266406249999 0.3044395234375 0.172151109375 0.31441423125 0.16360621875 0.168995959375
1 0.1639564015625 0.1698490859375 0.17368463750000002 0.31786689218749997 0.261578771875 0.3293952328125 0.2538436109375 0.18250610625000002 0.1639564015625 0.1698490859375
0 0.33326859999999997 0.19144814062499999 0.3487844953125 0.3422915703125 0.431367528125 0.35178865312499996 0.4137859296875 0.1989040359375 0.33326859999999997 0.19144814062499999
0 0.2543897796875 0.1817630390625 0.2625228515625 0.3304142984375 0.3477507828125 0.3389504625 0.33083173593750004 0.192769190625 0.2543897796875 0.1817630390625
1 0.9399662953125001 0.3852069359375 0.8589624312499999 0.37692714375 0.8868544109375 0.5374931546874999 0.9742647046874999 0.5488847453125001 0.9399662953125001 0.3852069359375
1 1 0.393899609375 0.9438462062499999 0.38471464843750003 0.976370446875 0.5557328203125 0.9963538609375 0.5602767281250001 1 0.530581309375 1 0.393899609375
1 0.6005981796875 0.350923603125 0.5213315625 0.3423220578125 0.53958008125 0.4982853484375 0.62746861875 0.50578194375 0.6005981796875 0.350923603125
1 0.8541970171875001 0.384560078125 0.7687118125 0.3742774796875 0.8018025 0.5310038109375 0.8838923671875 0.5344936546875 0.8541970171875001 0.384560078125
1 0.68330260625 0.363714240625 0.60408325 0.353009671875 0.6271712484374999 0.5044275234375 0.7138641734375 0.5216616015625 0.68330260625 0.363714240625
1 0.6868078171875001 0.366328865625 0.7159717140625 0.522579328125 0.79989600625 0.5322249828125 0.765609315625 0.374479184375 0.6868078171875001 0.366328865625
1 0.45348025625000005 0.4943031453125 0.538247334375 0.500098565625 0.5177675140625 0.3414122296875 0.43623559843750004 0.3333782265625 0.43739725937499996 0.355730428125 0.45348025625000005 0.4943031453125
1 0.08671945156250001 0.3011957265625 0.0218662734375 0.2913321828125 0.0035637890625000003 0.44039396249999996 0.0883444890625 0.44977669843749996 0.08671945156250001 0.3011957265625
0 0.175509096875 0.3221816984375 0.0889466515625 0.3081452265625 0.0919877328125 0.45022403281249995 0.181512696875 0.45902111874999996 0.175509096875 0.3221816984375
0 0.3489008578125 0.3444002984375 0.263501125 0.3327977234375 0.27407473437499996 0.47161596406250006 0.36354685937500003 0.48128385468749996 0.3489008578125 0.3444002984375
0 0.26247246875 0.33176185937499997 0.1771346359375 0.3207289078125 0.18428319843750002 0.46155649062500004 0.27266989218750004 0.4746042109375 0.26247246875 0.33176185937499997
1 0.432221484375 0.3559486890625 0.3503718890625 0.3460990234375 0.3639911078125 0.48067945156249997 0.45022806718749997 0.49258592187500005 0.432221484375 0.3559486890625
1 0.9644669468749999 0.8199748046875 0.9343579796875 0.6680860890625 0.8601470546875 0.6554935671875 0.8859637796875001 0.8504875265624999 0.9597733640625 0.8582009671874999 0.9644669468749999 0.8199748046875
1 0.18790032343750002 0.5754857796875 0.0954595140625 0.5607602703125 0.0997695375 0.75669086875 0.1980155953125 0.7698061671875001 0.18790032343750002 0.5754857796875
1 0.7794119828125 0.6451598125 0.8017075671875 0.8438248578125 0.883873140625 0.850756925 0.8557495515625 0.6563297921875 0.7794119828125 0.6451598125
1 0.2893999859375 0.588359790625 0.30159832343750004 0.783576725 0.397870703125 0.795923584375 0.3805972171875 0.59493719375 0.2893999859375 0.588359790625
0 0 0.747287946875 0.09898836718750001 0.75433739375 0.092689971875 0.5618169234375 0 0.552761025 0 0.747287946875
1 0.6677713203125 0.6343972124999999 0.6925578390625 0.8310544171875 0.7820725375 0.8430976375 0.7545216859375 0.6440059359375 0.6677713203125 0.6343972124999999
1 0.383098703125 0.6010314265625001 0.39841629843750004 0.793886178125 0.4926785015625 0.803355725 0.4731683515625 0.61577328125 0.383098703125 0.6010314265625001
0 0.19200419375 0.57513888125 0.20072416093749998 0.772243134375 0.30061635937500003 0.783982253125 0.286208396875 0.5933435859375 0.19200419375 0.57513888125
1 0.5664545484375 0.6261644375000001 0.595218478125 0.8217331437500001 0.6912905921875 0.83089881875 0.665167821875 0.6346129609375 0.5664545484375 0.6261644375000001
0 0.4924267109375 0.7812286453125 0.4948926203125 0.8020492890625001 0.591983853125 0.8197576828124999 0.5637296187499999 0.6258406078125 0.47578866875000003 0.6158735375 0.4924267109375 0.7812286453125
1 0.073897559375 0 0.0753849609375 0.058727578125 0.1564979484375 0.067864296875 0.1526713953125 0 0.073897559375 0
1 0.1530919140625 0 0.1570313734375 0.06916385 0.2381443625 0.07830056875 0.232249828125 0 0.1530919140625 0
1 0.9423626328125 1 0.9599842609374999 0.856483346875 0.8839421078124999 0.8520920421874999 0.9077080859375 1 0.9423626328125 1
0 0.23313619375 0 0.23862415625 0.0796346515625 0.3195428109375 0.092146234375 0.30956588906250004 0 0.23313619375 0
1 0.3108068 0 0.31978032500000003 0.0921753984375 0.397900728125 0.10391406562500001 0.3851922625 0 0.3108068 0
1 0.3856497171875 0 0.39817624375 0.1035185578125 0.47821891875 0.1133465625 0.4667533625 0.012332520312500001 0.4040483 0 0.3856497171875 0
1 0.8113377140625 1 0.7836396296875 0.845308021875 0.6936808234375 0.8337253718750001 0.7178313125 1 0.8113377140625 1
1 0.71573110625 1 0.6903561218750001 0.8338542484374999 0.5966180296875 0.8274263484375 0.6209917 1 0.71573110625 1
1 0.90674025625 1 0.8805161546875 0.8509577390624999 0.789599596875 0.8436297859374999 0.81458694375 1 0.90674025625 1
1 0.618115184375 1 0.5918701578125 0.82566495625 0.50110896875 0.811329140625 0.519814478125 1 0.618115184375 1
1 0.1022545328125 0.761107353125 0.1075582078125 0.9555691203125001 0.2093450640625 0.9680669734375 0.1944481796875 0.772964409375 0.1022545328125 0.761107353125
1 0.197644684375 0.7753170328125 0.212784846875 0.9684893265625 0.313896140625 0.9809042328125 0.295748321875 0.7869638078125 0.197644684375 0.7753170328125
1 0.2974824171875 0.7875755640625 0.31486078125 0.981022675 0.417939671875 0.993679171875 0.3971951421875 0.8017618703125 0.2974824171875 0.7875755640625
1 0.517960790625 1 0.49680502187500003 0.810869815625 0.400008309375 0.8007884703125001 0.41782048437499997 0.9936645375 0.46941869062499997 1 0.517960790625 1
1 0 0.9423626328125 0.1036527859375 0.95508959375 0.10030093437500001 0.76140458125 0 0.7516550921875 0 0.9423626328125
1 0.6957929109375 0.0344561234375 0.7120559296875 0.1496918890625 0.7872581578125 0.15762121875 0.7678707046875 0.041110637500000005 0.6957929109375 0.0344561234375
1 0.4782132640625 0.11291653125000001 0.5540601390625 0.1210624234375 0.538269615625 0.0224016234375 0.46788335468750003 0.012471265625 0.4782132640625 0.11291653125000001
1 0.7699565609375 0.042018921875 0.7877314671875 0.15892325937500001 0.864151803125 0.1696712578125 0.8331401609375 0.052385579687499996 0.7699565609375 0.042018921875
1 0.6158955125000001 0.031426235937500005 0.6332342046874999 0.1354485953125 0.7105675265625 0.1469004484375 0.6918343625000001 0.0369919265625 0.6158955125000001 0.031426235937500005
1 0.6130350203125 0.032010996874999996 0.5392978312500001 0.02139428125 0.555116309375 0.1227883734375 0.6322347171875 0.1348333484375 0.6130350203125 0.032010996874999996
1 1 0.138361103125 0.98164315 0.0751846578125 0.9084734078125001 0.062525634375 0.9419734734375 0.1805309015625 1 0.1876556640625 1 0.138361103125
1 0.8634430171874999 0.1741494359375 0.939964275 0.180284203125 0.912449146875 0.08821037968749999 0.90426235625 0.062422631250000006 0.8384406875 0.055645090625000004 0.8634430171874999 0.1741494359375