1 0.871531753125 0.20229821874999998 0.9133514046875 0.3222046 0.991053275 0.3214204 0.945553971875 0.20098674375 0.871531753125 0.20229821874999998
1 0.7892102453125001 0.2080402234375 0.8359914406250001 0.32941343437500004 0.910340784375 0.32537019218749996 0.8629208875 0.204038996875 0.7892102453125001 0.2080402234375
0 0.6009598781250001 0.2206761484375 0.5216812515625 0.22132533593749998 0.5165281562499999 0.2215052875 0.5577837734375 0.3440819515625 0.6416293046875 0.3384601234375 0.6009598781250001 0.2206761484375
1 0.6061903859375 0.2188064921875 0.6463058625 0.336164403125 0.733307503125 0.3389138671875 0.6893414765625 0.2160151515625 0.6061903859375 0.2188064921875
1 0.6936086890625 0.21457674375 0.737897240625 0.3418226578125 0.82602801875 0.3382627609375 0.7797540796875 0.21110391874999998 0.6936086890625 0.21457674375
1 0.43425935156250006 0.22604632656249998 0.47215239374999995 0.35066195625 0.5582563859375 0.344961259375 0.5170696125 0.2231545296875 0.43425935156250006 0.22604632656249998
1 0.3425191609375 0.23176645156250003 0.37986966718750004 0.357771821875 0.46938484375 0.352625475 0.43217415625 0.2259656078125 0.3425191609375 0.23176645156250003
0 0 0.3086159984375 0.01701478125 0.3926676078125 0.107860028125 0.3888930859375 0.0750568265625 0.2387898375 0 0.2406929828125 0 0.3086159984375
0 0.075560796875 0.2396209703125 0.1100203984375 0.39223756718749997 0.2031725609375 0.38975600625 0.1709679921875 0.2379867484375 0.075560796875 0.2396209703125
0 0.2549015453125 0.234206990625 0.295835121875 0.38881328437499996 0.38313881875 0.3850911015625 0.33972463125 0.228698696875 0.2549015453125 0.234206990625
0 0.171412759375 0.237122484375 0.2043204484375 0.390662109375 0.2942120359375 0.385502615625 0.2525889109375 0.2359852203125 0.171412759375 0.237122484375
1 0.91668450625 0.3360461140625 0.83122069375 0.3407762109375 0.8866036296875001 0.5034718109375 0.97923094375 0.500927553125 0.91668450625 0.3360461140625
1 1 0.4912724671875 0.994552528125 0.3352772640625 0.92063175625 0.33489343125 0.9825441953125 0.507715384375 1 0.508884146875 1 0.4912724671875
1 0.5586979671875001 0.3562850734375 0.4749848765625 0.3603934734375 0.5195981421875 0.5198835984375 0.6120809859375 0.5132022578125001 0.5586979671875001 0.3562850734375
1 0.8275292203125 0.349514790625 0.737083109375 0.3528970859375 0.7972316375 0.510734875 0.8830346953125 0.500835028125 0.8275292203125 0.349514790625
1 0.6466697203125 0.3559744453125 0.5626596 0.3578839 0.6115493484375001 0.5118401140625 0.7043933671875 0.5155014671875 0.6466697203125 0.3559744453125
1 0.6507392515625 0.3581206609375 0.706732525 0.5161101359375 0.795453215625 0.5123215875 0.7338951781249999 0.35361881875 0.6507392515625 0.3581206609375
1 0.42955077187499996 0.5299316593750001 0.5185128375 0.5219925578125 0.47113481874999996 0.3600331984375 0.3851632140625 0.365106453125 0.390047809375 0.3882038109375 0.42955077187499996 0.5299316593750001
1 0 0.50872754375 0.0012914749999999998 0.5457105578125 0.043125590625 0.543747121875 0.0169863484375 0.389207609375 0 0.3893102953125 0 0.50872754375
0 0.1126247109375 0.39643235312499997 0.0204423921875 0.39608109062499997 0.04698175625 0.5436124625 0.1413776234375 0.5380162796875 0.1126247109375 0.39643235312499997
1 0.29630296875 0.3909911953125 0.2057283703125 0.392984103125 0.239551690625 0.5358762203125 0.334036003125 0.5311960484375 0.29630296875 0.3909911953125
0 0.20448990937499997 0.39207444687500004 0.11407331875 0.39465064375000003 0.14467130781249998 0.5402010671874999 0.23858490781250002 0.5392213406249999 0.20448990937499997 0.39207444687500004
1 0.384710046875 0.389284659375 0.298109809375 0.392518546875 0.3343977734375 0.5304930609375 0.42589162343750003 0.5286787328125 0.384710046875 0.389284659375
1 1 0.74773985 0.9574153515624999 0.6317044859375 0.8782944687500001 0.6308210187500001 0.9371886281249999 0.8297295124999999 1 0.82639636875 1 0.74773985
1 0.1671761578125 0.658308290625 0.0687773109375 0.6582084109374999 0.10549655937499999 0.8616390703125001 0.209657640625 0.8591040265625001 0.1671761578125 0.658308290625
1 0.792771703125 0.6333667546874999 0.8486142390625 0.8366807859375 0.935062384375 0.8303549312499999 0.8738664375 0.6324173984375 0.792771703125 0.6333667546874999
1 0.27467553906250003 0.6549853546875 0.31946728125 0.856371728125 0.4214527515625 0.8533614843749999 0.37044231875 0.6468007265625 0.27467553906250003 0.6549853546875
0 0.0660757640625 0.6597660171874999 0.0054011812499999996 0.663397140625 0.0125196484375 0.8672433640625 0.10429820781250002 0.8593157781249999 0.0660757640625 0.6597660171874999
1 0.6750910390625 0.6405617515625 0.7331893203125001 0.8413730640624999 0.828108746875 0.8391607453125 0.766739784375 0.636268728125 0.6750910390625 0.6405617515625
1 0.37404238749999996 0.6527378734375 0.4216839109375 0.8511487343749999 0.5211088203124999 0.8454720609375 0.46998209687500003 0.6532457703125 0.37404238749999996 0.6527378734375
0 0.17137985625000002 0.6572701624999999 0.21287082499999999 0.861196496875 0.31851450937500003 0.8569561671875 0.2721821 0.6607042703125 0.17137985625000002 0.6572701624999999
1 0.5685453500000001 0.6486902640625 0.6305939953124999 0.8477116203125 0.7318480109375 0.841419903125 0.6724234953125 0.6412158359375 0.5685453500000001 0.6486902640625
0 0.5172059359375 0.8224592328125 0.5231925984375 0.8437457859374999 0.626910584375 0.8461867390625001 0.5656629359374999 0.6488021828125 0.47271910781250004 0.6529181609375 0.5172059359375 0.8224592328125
1 0 0.13688747968749998 0.0510334546875 0.1345922015625 0.028021492187500004 0.028088040624999998 0 0.0291749671875 0 0.13688747968749998
1 0.11232449687499999 0.025144115625 0.028442621875 0.028047498437500002 0.0518011453125 0.13585825625 0.13751928125 0.132003003125 0.11232449687499999 0.025144115625
1 1 0.8252731234375 0.9353537093750001 0.831734625 0.9848434875000001 0.9833736640625 1 0.9828443874999999 1 0.8252731234375
0 0.194539928125 0.02294675 0.11328701562500001 0.0244200640625 0.13823697031249998 0.1333138796875 0.22430874531249997 0.133006965625 0.194539928125 0.02294675
1 0.276337959375 0.022789078125 0.1959754453125 0.022611665625 0.2245601421875 0.1329981875 0.30759946875 0.132347375 0.276337959375 0.022789078125
1 0.36401318125 0.0255747484375 0.276703090625 0.022310598437500002 0.307820428125 0.1318898625 0.39254109062500003 0.1289313515625 0.36401318125 0.0255747484375
1 0.73479480625 0.843970778125 0.780196634375 0.990520090625 0.8805763703125 0.987014753125 0.8300995234374999 0.84120535625 0.73479480625 0.843970778125
1 0.63298399375 0.8534126328125 0.6759848109375 0.994159246875 0.7777511265625 0.9906054890625 0.7313641875 0.8446532703124999 0.63298399375 0.8534126328125
1 0.8360111921875 0.8384740421875 0.8843060734374999 0.9868845078125 0.9838200921875 0.9834094015625 0.9316100859375 0.8311177000000001 0.8360111921875 0.8384740421875
1 0.531173834375 0.8523894984375 0.5691261937500001 0.9978908328125 0.6725375828125 0.9942796265625 0.627764703125 0.8523603140624999 0.531173834375 0.8523894984375
1 0.23893283593749998 1 0.20647357031250002 0.8629828546875 0.1088033984375 0.8658308796874999 0.133749671875 1 0.23893283593749998 1
1 0.3494264421875 1 0.313951009375 0.8608653671875001 0.2101794734375 0.864906990625 0.242468946875 1 0.3494264421875 1
1 0.45967217812500005 1 0.42171216874999995 0.8595558265625 0.3158520890625 0.861216821875 0.3506921328125 1 0.45967217812500005 1
1 0.5087275359375 1 0.566498315625 0.9979825999999999 0.5266297265625 0.852620609375 0.424472709375 0.8580777671875 0.46047614843750007 1 0.5087275359375 1
1 0.1302834953125 1 0.10682401718750001 0.86646269375 0.0126907484375 0.8721430046875 0.016471556249999998 0.98041118125 0.0194141890625 1 0.1302834953125 1
1 0.60545139375 0.0108587546875 0.6413006859375 0.1282420015625 0.7206833500000001 0.1241033984375 0.6813803578125001 0.0059071046874999995 0.60545139375 0.0108587546875
1 0.3924644515625 0.12848423125 0.4725520515625 0.12446497031249999 0.439921075 0.024273376562499997 0.3652092140625 0.0255329828125 0.3924644515625 0.12848423125
1 0.6836954468750001 0.0065095125 0.721389034375 0.1253819578125 0.802500253125 0.1239792890625 0.7510010421875 0.0068921484375 0.6836954468750001 0.0065095125
1 0.5220003328125 0.0208763109375 0.5571210296875 0.12639886875 0.63929598125 0.1255790078125 0.6017588015625 0.0141535546875 0.5220003328125 0.0208763109375
1 0.5191266999999999 0.0219572484375 0.44082282656249994 0.023054275 0.473932646875 0.1260890953125 0.5559820734375001 0.1259226484375 0.5191266999999999 0.0219572484375
1 0.8308835546875001 0.005035310937500001 0.8850847640625 0.12246187500000001 0.9622238265625 0.11976811875 0.9089343875000001 0.006159746875 0.8308835546875001 0.005035310937500001
1 0.8025013421875 0.128762003125 0.882958140625 0.1225361375 0.83923826875 0.031140846875 0.826494534375 0.005622359375 0.7570406640625 0.009414242187500001 0.8025013421875 0.128762003125
1 0.96255804375 0.11838994843749999 0.986999228125 0.1189790828125 0.9829428609375 0.00281989375 0.912314921875 0.0050605703125 0.96255804375 0.11838994843749999