1 0.7820759828125 0.14335825156249998 0.8530459562500001 0.2477267625 0.9273901734375001 0.22700136406250002 0.8527543421875 0.12307245468750001 0.7820759828125 0.14335825156249998
1 0.7045752734375 0.17003089531249999 0.780682653125 0.274532340625 0.8509720390625001 0.25153978593750004 0.7742627078125001 0.14724285312500002 0.7045752734375 0.17003089531249999
0 0.5272216875 0.2305501359375 0.45133002031249997 0.251551203125 0.4464325171875 0.2530485203125 0.5175483609375 0.3601256546875 0.5965421125 0.333176653125 0.5272216875 0.2305501359375
1 0.5317587406250001 0.2274106921875 0.6004380984375 0.32977055 0.6846134921875 0.31004728125000003 0.6108144703125 0.20335764374999998 0.5317587406250001 0.2274106921875
1 0.6145383015625 0.20087983125000003 0.6897651734375 0.311660159375 0.77340060625 0.2855892625 0.6962913859375 0.17540285625000002 0.6145383015625 0.20087983125000003
1 0.3686733921875 0.2785546125 0.43708780625 0.38845360156250003 0.5182280015625 0.3608483640625 0.44737628906250004 0.254492721875 0.3686733921875 0.2785546125
1 0.2821309171875 0.30762723125 0.3503823765625 0.4189999140625 0.4349378265625 0.39105007812500003 0.36665212187499996 0.27901309687500003 0.2821309171875 0.30762723125
0 0 0.523158809375 0.011242812500000001 0.545770459375 0.0974272453125 0.5187957812499999 0.027338632812500003 0.3831187421875 0 0.391191953125 0 0.523158809375
0 0.028035965625 0.38378714375 0.10036032343750001 0.5214513968750001 0.1890906234375 0.49512507499999997 0.11914770625 0.3576946875 0.028035965625 0.38378714375
0 0.19869982343749998 0.3324915671875 0.2777471109375 0.47040198593750004 0.3605473015625 0.44438787656249995 0.278660634375 0.3054002953125 0.19869982343749998 0.3324915671875
0 0.11935205468750001 0.35675061406249997 0.1904250046875 0.49569993749999997 0.2753381953125 0.467640728125 0.19693860937500002 0.334793221875 0.11935205468750001 0.35675061406249997
1 0.85980475 0.260158765625 0.779029025 0.28666761093750004 0.8740199750000001 0.428630215625 0.9622306125 0.40237860468750003 0.85980475 0.260158765625
1 0.96715563125 0.4080437234375 0.9931626625 0.40291057812500003 0.942516075 0.23725305312499997 0.8632951249999999 0.25803751406250003 0.96715563125 0.4080437234375
1 0.5215649734375 0.3716064515625 0.44230891874999995 0.397068421875 0.526142928125 0.538721803125 0.6131505984375 0.508535465625 0.5215649734375 0.3716064515625
1 0.7777356953125001 0.2960060671875 0.691833275 0.3225015875 0.7901464703125 0.45857543125 0.8699176171874999 0.42701609375 0.7777356953125001 0.2960060671875
1 0.6058837953125 0.3486959390625 0.5257770421875 0.3721231296875 0.6122901078125 0.5073643703124999 0.7023051953125 0.487014846875 0.6058837953125 0.3486959390625
1 0.61034020625 0.3497104109375 0.7047059421874999 0.48699795 0.7888485015625 0.46055590312500005 0.68896050625 0.324013925 0.61034020625 0.3497104109375
1 0.44233798437500005 0.5715143968749999 0.5256442859375 0.5410255078125 0.43852254375 0.3977121546875 0.35734793593749997 0.4246809765625 0.36797650000000004 0.44560038906250005 0.44233798437500005 0.5715143968749999
1 0 0.5747255 0.0371470640625 0.696228071875 0.075162015625 0.6841049921875 0.0103253640625 0.542455946875 0 0.545289396875 0 0.5747255
0 0.103938071875 0.5248092468750001 0.015409410937500001 0.5481665890625 0.0788269171875 0.68298451875 0.1679490953125 0.6533482765625 0.103938071875 0.5248092468750001
1 0.278756275 0.4723726640625 0.1923731328125 0.49756730937500004 0.2615851921875 0.6260589859375 0.351027890625 0.5972794390625 0.278756275 0.4723726640625
0 0.190950940625 0.49701231718749994 0.1048694546875 0.52272634375 0.17167109687499998 0.6545992046875 0.261518290625 0.6295190171875 0.190950940625 0.49701231718749994
1 0.363133609375 0.44801009374999995 0.280882678125 0.4733745890625 0.35119410625 0.5965115375 0.438505109375 0.5712520546875 0.363133609375 0.44801009374999995
1 1 0.5691339015625 0.9749466359375001 0.5335403703125 0.8988119937500001 0.5530294437500001 1 0.7182614968750001 1 0.5691339015625
1 0.2236478703125 0.7622050890625001 0.12921984375 0.7874016703125 0.2167852328125 0.9732698750000001 0.31606355625 0.94406246875 0.2236478703125 0.7622050890625001
1 1 0.7226752125 0.8949745140625 0.5557002546875001 0.8174177265625 0.5774563171875 0.9232996953124999 0.758297090625 1 0.7316071125 1 0.7226752125
1 0.325926203125 0.731383178125 0.42071027499999997 0.913213778125 0.517779096875 0.8841093734375001 0.415697675 0.6989094828125 0.325926203125 0.731383178125
0 0.13605355937500002 1 0.215037828125 0.971347390625 0.1270287515625 0.7895914796875 0.071361215625 0.8081375187500001 0.1300194609375 1 0.13605355937500002 1
1 0.706367809375 0.614612653125 0.8137700203125 0.7924708421875 0.904265075 0.7659487515625 0.7931897125 0.58693365 0.706367809375 0.614612653125
1 0.42067899999999997 0.7036841640625 0.5174315843749999 0.881925571875 0.611357840625 0.8509193875 0.512852740625 0.6795114015625 0.42067899999999997 0.7036841640625
0 0.22741375000000003 0.760127896875 0.319684575 0.9452454593749999 0.41994656093750005 0.91401978125 0.3250053671875 0.73751461875 0.22741375000000003 0.760127896875
1 0.606240784375 0.6498030890625001 0.7169724015625001 0.824927403125 0.8124952390625 0.79286058125 0.7039768890625 0.6159262828125 0.606240784375 0.6498030890625001
0 0.601692859375 0.8298287890625 0.612912859375 0.8487264375000001 0.71304628125 0.824410203125 0.603504234375 0.6506514359375 0.5153943015625 0.678493353125 0.601692859375 0.8298287890625
1 0 0.2834798328125 0.059790621875000005 0.2645411375 0.008127075000000001 0.16842579687499998 0 0.1709077578125 0 0.2834798328125
0 0.0864379609375 0.145183503125 0.0088642203125 0.16748325625 0.060816417187500006 0.2656151875 0.14331338437500002 0.24319661250000002 0.0864379609375 0.145183503125
1 0.164873159375 0.1240067328125 0.0877289640625 0.144492815625 0.1435523109375 0.243123565625 0.2230515171875 0.22115428750000002 0.164873159375 0.1240067328125
1 0.2497040921875 0.1041450890625 0.1651003609375 0.12345350937499999 0.2231457984375 0.2206582484375 0.3036643375 0.196041259375 0.2497040921875 0.1041450890625
1 0.8159786234374999 0.794552140625 0.8855255625 0.904978884375 0.9802048171875001 0.8760325328125 0.9067010218749999 0.7674000015625 0.8159786234374999 0.794552140625
1 0.7207320562499999 0.829786415625 0.7865677703125 0.9352333187499999 0.883042153125 0.9057381390625 0.8128629281249999 0.7960891859375 0.7207320562499999 0.829786415625
1 1 0.732148853125 0.9116698890625001 0.7632582265625001 0.9841613375 0.874822903125 1 0.8699805375 1 0.732148853125
1 0.6227937390625 0.8549734593749999 0.685898446875 0.9660110187500001 0.7830936562499999 0.9362954609375 0.7154540140625001 0.8301176890624999 0.6227937390625 0.8549734593749999
1 0.34170292343750003 1 0.31400673281249997 0.9486048296874999 0.22103620624999998 0.9764442921875001 0.2322851984375 1 0.34170292343750003 1
1 0.46205107500000003 1 0.41657414687500005 0.9189458687500001 0.31805715156250003 0.949499559375 0.3454018203125 1 0.46205107500000003 1
1 0.5747255 1 0.58212103125 0.9977389593750001 0.519621625 0.8899896593750001 0.41848843437500005 0.918794634375 0.46365667187500004 1 0.5747255 1
1 0.521889778125 0.88786105625 0.58318271875 0.99741436875 0.6831333171875 0.9668564046875 0.61849365 0.8563633609375 0.521889778125 0.88786105625
1 0.4775501234375 0.0279574265625 0.542143090625 0.1314381875 0.61723683125 0.10706031406250001 0.5491212640625001 0.0036867171875 0.4775501234375 0.0279574265625
1 0.30347578125 0.1956316953125 0.37927653125 0.1711872 0.322194140625 0.0833842953125 0.2508408015625 0.10379756250000001 0.30347578125 0.1956316953125
1 0.5655138140625 0 0.551497309375 0.0036699953124999995 0.6182427953125 0.108106425 0.695698771875 0.08591091875 0.6268036984375 0 0.5655138140625 0
1 0.40006573124999995 0.059025215625 0.4609082421875 0.151306228125 0.5395346875 0.12939683125 0.4748551765625 0.032069790625 0.40006573124999995 0.059025215625
1 0.3975869109375 0.060801625000000005 0.3227456234375 0.0819820953125 0.381018896875 0.172391596875 0.45969302343749996 0.151141784375 0.3975869109375 0.060801625000000005
1 0.721931146875 0 0.7745386812499999 0.0632265515625 0.8478516687500001 0.040812521875 0.813466625 0 0.721931146875 0
1 0.631562728125 0 0.6969302859375001 0.09050235 0.7725175375 0.0638444765625 0.7178939203125 0 0.631562728125 0
1 0.8160286640625 0 0.84781774375 0.03940348125 0.8796685609375 0.0316880984375 0.8699805375 0 0.8160286640625 0