1 0.989689446875 0.29016997187500004 0.9502339093750001 0.19137311875000002 0.8793894046874999 0.1938707875 0.9214044875 0.30747888125 0.9904964250000001 0.3055680234375 0.989689446875 0.29016997187500004
1 0.8006725703124999 0.2007321578125 0.84746185625 0.3156550453125 0.9185744625 0.31054753281249997 0.8711743999999999 0.1956754671875 0.8006725703124999 0.2007321578125
0 0.620657103125 0.215950896875 0.54476938125 0.217905753125 0.5398389640625 0.2181641453125 0.5813581218749999 0.33432745937499997 0.661535984375 0.327554975 0.620657103125 0.215950896875
1 0.62563375 0.21408031875 0.6659752671875 0.3252875421875 0.7493127984375 0.32644265156249996 0.70519348125 0.210017984375 0.62563375 0.21408031875
1 0.7092550203125 0.20857476875 0.753754840625 0.3291384046875 0.838069259375 0.3242594515625 0.7916701390625 0.203812284375 0.7092550203125 0.20857476875
1 0.461152771875 0.22387968749999998 0.499486365625 0.3420435125 0.5818250953125 0.33515778281249997 0.5403845484375001 0.2197273265625 0.461152771875 0.22387968749999998
1 0.373418478125 0.2308789171875 0.41125559999999994 0.3503767953125 0.496869215625 0.343962071875 0.45915514999999996 0.2238378734375 0.373418478125 0.2308789171875
0 0.1174757828125 0.242081765625 0.0325599109375 0.245722140625 0.0644474953125 0.389759303125 0.15135710468750002 0.3846299953125 0.1174757828125 0.242081765625
0 0.11797197968749999 0.24286563437500003 0.15348055 0.38778205468750004 0.24262005156250002 0.38384651718749996 0.2092843484375 0.239699909375 0.11797197968749999 0.24286563437500003
0 0.289576871875 0.2346820796875 0.33131621718750004 0.3813862859375 0.414836140625 0.3763665546875 0.3706924796875 0.2280013640625 0.289576871875 0.2346820796875
0 0.209695890625 0.23886846562500003 0.2437339484375 0.38469100625 0.32970770625 0.37825740625000004 0.28739218125 0.23641632812500002 0.209695890625 0.23886846562500003
0 0.9248238640625001 0.3206185265625 0.8430820062500001 0.326568146875 0.8987881124999999 0.48074080468749997 0.9874241093749999 0.4767543390625 0.9248238640625001 0.3206185265625
1 0.9907080968749999 0.48316969062500004 0.9998275609375 0.4836166921875 0.99118333125 0.31867498906249997 0.928583796875 0.3194531015625 0.9907080968749999 0.48316969062500004
1 0.5824346921875 0.345945903125 0.5023586546875001 0.351273328125 0.547701384375 0.5025715265625 0.63613080625 0.4946434078125 0.5824346921875 0.345945903125
1 0.839692115625 0.33496128281250004 0.753158153125 0.3397099359375 0.8133465046874999 0.4891710890625 0.895327840625 0.47828716718750003 0.839692115625 0.33496128281250004
1 0.66665048125 0.344167325 0.586253796875 0.3474033890625 0.635599359375 0.49335376406250003 0.724545215625 0.49527977187500005 0.66665048125 0.344167325
1 0.6705819140625 0.34614484375 0.7267946828125 0.495820628125 0.8116700890624999 0.4907137515625 0.7501180515625 0.34045172031250004 0.6705819140625 0.34614484375
1 0.4616591453125 0.5136682703125001 0.5466971515625 0.50460039375 0.49866680781249995 0.3509947390625 0.4164444703125 0.35728006562500003 0.42150191562500006 0.3792176296875 0.4616591453125 0.5136682703125001
1 0 0.5130929640625 0.00136731875 0.5391829625 0.09193787656249999 0.5333510343750001 0.0643631828125 0.38646119218749997 0 0.3879817234375 0 0.5130929640625
0 0.1560430390625 0.3917372703125 0.0677852875 0.3929557890625 0.09562740625 0.5331576734375 0.18590619218749999 0.526231853125 0.1560430390625 0.3917372703125
1 0.33180005156250003 0.3834547140625 0.24512015312500002 0.38688095625 0.2798591140625 0.5225372609375001 0.370237690625 0.5164832296874999 0.33180005156250003 0.3834547140625
0 0.2439194859375 0.38603460625 0.15740048281250002 0.39001426562499997 0.18909549375 0.5282592187499999 0.27898874687499997 0.5257426234375 0.2439194859375 0.38603460625
1 0.41640957187499994 0.3803380078125 0.33355505625 0.384880365625 0.370572434375 0.5158069390625 0.4581353390625 0.512535453125 0.41640957187499994 0.3803380078125
1 1 0.68240065 0.9686965234375 0.601798215625 0.8929345281250001 0.60228925625 0.9525996734375 0.790926325 1 0.7875841343750001 1 0.68240065
1 0.2125896109375 0.6404775625 0.11838453281250001 0.6420404937499999 0.156894853125 0.8353624500000001 0.25657300156249996 0.8311904078125 0.2125896109375 0.6404775625
1 0.8111001890624999 0.6061574109375 0.8679165125000001 0.7990459203125 0.95057440625 0.7915583984375 0.8887216328124999 0.603885784375 0.8111001890624999 0.6061574109375
1 0.3154507265625 0.6354981296875 0.3616556234375 0.8267351296875001 0.4592430828125 0.8221467203125 0.40699926406250003 0.6260815125 0.3154507265625 0.6354981296875
0 0.0203706203125 0.6509472640625 0.0552980796875 0.8435875562499999 0.155709259375 0.83316773125 0.11582387187500001 0.6435709640625 0.0203706203125 0.6509472640625
1 0.6985557765625 0.614999840625 0.7574903749999999 0.8054643734375 0.8483262312500001 0.8017557359374999 0.7862260734375 0.60936268125 0.6985557765625 0.614999840625
1 0.41054380156250003 0.631681028125 0.459427875 0.8200332984375001 0.554519953125 0.812945996875 0.5024013234375 0.6305485171874999 0.41054380156250003 0.631681028125
0 0.21659694843750002 0.6394170234375001 0.2596837140625 0.8331311187500001 0.36075311718749997 0.827308359375 0.3131579640625 0.6409922781249999 0.21659694843750002 0.6394170234375001
0 0.596686984375 0.6245446 0.659373978125 0.8132361093749999 0.7562070265624999 0.80553163125 0.6960127640625 0.615668365625 0.596686984375 0.6245446
1 0.5504037562499999 0.7910724734375 0.5564864046875 0.8112651359375 0.6558224546875 0.8118444312499999 0.5939293125 0.624699871875 0.5050162328125001 0.6301900687499999 0.5504037562499999 0.7910724734375
1 0 0.09518934999999999 0.01075763125 0.1482695953125 0.0927574015625 0.14314972343750001 0.06896924843749999 0.042001709375 0 0.045882328124999996 0 0.09518934999999999
1 0.1496292609375 0.037774496875 0.0693717515625 0.0419559625 0.09351325 0.14434378125 0.1755130234375 0.1392239078125 0.1496292609375 0.037774496875
1 1 0.7871047859375 0.950876075 0.792868821875 1 0.9344163078125 1 0.7871047859375
0 0.2283030296875 0.034294196875 0.1505387953125 0.0370680046875 0.1762217421875 0.1404615390625 0.258618621875 0.1387185171875 0.2283030296875 0.034294196875
1 0.30661084843749997 0.0327654734375 0.2296718109375 0.0339505546875 0.2588591546875 0.1387059109375 0.3383472078125 0.136686134375 0.30661084843749997 0.0327654734375
1 0.3905938390625 0.03394375 0.30695251562500003 0.032303162499999996 0.3385511984375 0.136246240625 0.4196108203125 0.1319980859375 0.3905938390625 0.03394375
1 0.7590702703125001 0.8079138499999999 0.8172384125000001 0.9840604125000001 0.91462969375 0.9789563515624999 0.8502658640625 0.803671421875 0.7590702703125001 0.8079138499999999
1 0.6617561453125 0.8186308953125 0.7173706906249999 0.9892942578125 0.8151962234375001 0.9841674390625 0.7557971828125 0.808622315625 0.6617561453125 0.8186308953125
1 1 0.9372597062500001 0.9472818890625 0.792343759375 0.8558804109375 0.8009679046875 0.9174282953124999 0.9788096828124999 1 0.9744822843750001 1 0.9372597062500001
1 0.5642699671875 0.8193711296874999 0.6134674078125 0.9947395984374999 0.714442359375 0.989447725 0.656742025 0.8177156203125 0.5642699671875 0.8193711296874999
1 0.295889315625 1 0.25358869375 0.8349419484375 0.1601298625 0.8393029859375 0.193023665625 1 0.295889315625 1
1 0.4028236859375 1 0.35644869218749997 0.8311120984375 0.2571683375 0.836713875 0.29936508281249996 1 0.4028236859375 1
1 0.50947988125 1 0.45959364843749995 0.828047728125 0.358274515625 0.831415125 0.40389433593749996 1 0.50947988125 1
1 0.5130929562500001 1 0.6114533859375 0.9948451484374999 0.55992341875 0.819668034375 0.4622121015625 0.8265921 0.509601903125 1 0.5130929562500001 1
1 0.189349678125 1 0.1582453015625 0.8399386828125 0.0563879921875 0.847860440625 0.0820398859375 1 0.189349678125 1
1 0.62149506875 0.015845690625 0.657752715625 0.12714895937499998 0.7336824640625 0.12186571406249999 0.69410495625 0.009845528125 0.62149506875 0.015845690625
1 0.419530071875 0.13157311562500001 0.49613667031249997 0.1263917671875 0.4632437859375 0.031423934375000004 0.3917381859375 0.0338837765625 0.419530071875 0.13157311562500001
1 0.6963312765625 0.0103808203125 0.7343791578125 0.1230727375 0.8120089046875 0.12036867031250001 0.7607734875000001 0.0096114171875 0.6963312765625 0.0103808203125
1 0.5417673890625 0.026802196875 0.577131803125 0.1268103484375 0.6557895453125 0.1246439734375 0.61801428125 0.0190490140625 0.5417673890625 0.026802196875
1 0.5390341171874999 0.027881132812499997 0.464086975 0.0302465078125 0.49748519843750005 0.1279168625 0.5760335515625 0.1263755359375 0.5390341171874999 0.027881132812499997
1 0.8372194234375 0.006495071874999999 0.891047234375 0.11753038281249999 0.964852884375 0.1136623921875 0.9119609671875001 0.006251792187499999 0.8372194234375 0.006495071874999999
1 0.8120888640624999 0.12492825468749999 0.8890125093749999 0.11763701875000002 0.8456486671875 0.031242009375 0.8330272234375 0.0071286953125 0.7665972140624999 0.011914079687499999 0.8120888640624999 0.12492825468749999
1 0.9651501093749999 0.11234287968750001 0.9803750296875 0.1124403015625 0.974598746875 0.0022222484375000002 0.9151792296875 0.005146925 0.9651501093749999 0.11234287968750001