1 0.9888208828125 0.2735967875 0.9530028515625 0.183705178125 0.88192590625 0.186207921875 0.9240942953125 0.3004852328125 0.9901345453125 0.2986629515625 0.9888208828125 0.2735967875
1 0.802951353125 0.1930988 0.8499098046875 0.308699225 0.9212553828125 0.30357142812500004 0.873684153125 0.18802203906249998 0.802951353125 0.1930988
0 0.622346446875 0.20838225625 0.546209640625 0.21033834062499998 0.5412630593750001 0.2105975796875 0.5829342359374999 0.32744496875 0.6633746296874999 0.32064369375 0.622346446875 0.20838225625
1 0.6273391921875 0.20650141875 0.6678281953125 0.3183636140625 0.7514397046875 0.31953665937500003 0.707159790625 0.20242604218750002 0.6273391921875 0.20650141875
1 0.71123448125 0.20097494062500001 0.7558967046875 0.32224875625 0.8404875031250001 0.3173526265625 0.7939197546875 0.19619570625 0.71123448125 0.20097494062500001
1 0.46231909218749995 0.2163359390625 0.5007945078125 0.33519509687500004 0.5834028531250001 0.3282802046875 0.5418106453125 0.21216996406250002 0.46231909218749995 0.2163359390625
1 0.3742974671875 0.2233642703125 0.4122749578125 0.34356520625 0.498169015625 0.3371245109375 0.4603149015625 0.21629361406249997 0.3742974671875 0.2233642703125
0 0.1175153203125 0.2345981859375 0.032320926562500005 0.23824842031250001 0.064332625 0.3831311765625 0.151527109375 0.37798357656250003 0.1175153203125 0.2345981859375
0 0.118013253125 0.2353867 0.153657953125 0.3811543328125 0.24308981406250002 0.377207778125 0.2096252234375 0.2322147453125 0.118013253125 0.2353867
0 0.2901808921875 0.2271783890625 0.3320770796875 0.374745084375 0.415870753125 0.3697072515625 0.37156212499999997 0.22046954375 0.2901808921875 0.2271783890625
0 0.21003800625000002 0.23137850000000001 0.2442074828125 0.37805735 0.3304628640625 0.371597715625 0.2879892546875 0.2289224734375 0.21003800625000002 0.23137850000000001
1 0.927526671875 0.3137020875 0.84551703125 0.31967548125 0.901426875 0.47475612968750003 0.9903535703124999 0.47075827812500004 0.927526671875 0.3137020875
1 0.9936492078124999 0.4772115421875 0.9995070078125 0.4775001828125 0.9908228484375 0.3117965546875 0.9312988015625001 0.3125303578125 0.9936492078124999 0.4772115421875
1 0.584015903125 0.339131421875 0.5036774734375 0.344479209375 0.5491895015625 0.49666721718750007 0.637908415625 0.488704665625 0.584015903125 0.339131421875
1 0.8421171296875001 0.3281171859375 0.7552994765625 0.332881953125 0.815705659375 0.48322417812499996 0.8979549015625 0.47228769374999996 0.8421171296875001 0.3281171859375
1 0.6685081625 0.3373537609375 0.5878477515625 0.34059793125 0.6373750499999999 0.48740741718749997 0.7266134140625 0.48935661875 0.6685081625 0.3373537609375
0 0.6724527796875 0.33934335937500004 0.7288703453125 0.48990093437500004 0.81402394375 0.48477562656249995 0.7522494859375 0.3336276640625 0.6724527796875 0.33934335937500004
1 0.4628660421875 0.507817221875 0.5481822421875 0.49870780000000003 0.49997345624999995 0.344198496875 0.4174818046875 0.3505094953125 0.4225588125 0.372575875 0.4628660421875 0.507817221875
1 0 0.5130929546874999 0.00106525 0.533419134375 0.0919326140625 0.527565303125 0.06424759375 0.3798137875 0 0.381326859375 0 0.5130929546874999
0 0.1562293921875 0.38513299375 0.0676818140625 0.38634677968750003 0.095634240625 0.527371309375 0.1862087265625 0.5204171578125 0.1562293921875 0.38513299375
1 0.3325627828125 0.3768256609375 0.2455985375 0.380260278125 0.2804698578125 0.5167136015625 0.37114457968750003 0.5106363453125 0.3325627828125 0.3768256609375
0 0.24439381093749998 0.37940882187499997 0.157591065625 0.3834001078125 0.18940878125 0.52245679375 0.2795970609375 0.5199375703125 0.24439381093749998 0.37940882187499997
1 0.4174498875 0.3737021109375 0.3343237453125 0.3782598765625 0.3714803328125 0.50995615 0.45933050625 0.506677315625 0.4174498875 0.3737021109375
1 1 0.669869565625 0.9715812406250001 0.5965300124999999 0.8955703796875 0.5970137484375 0.9554568953125001 0.7867606421875 1 0.783617846875 1 0.669869565625
1 0.21299516093749998 0.63533375 0.1184807609375 0.6368931609375 0.1571435765625 0.831349465625 0.2571486796875 0.827166440625 0.21299516093749998 0.63533375
1 0.8134676734375 0.60089350625 0.87049658125 0.7949162921874999 0.953425059375 0.787396134375 0.89134385625 0.5986190359375 0.8134676734375 0.60089350625
1 0.3161935828125 0.630339046875 0.362575975 0.82269925 0.46048346562500003 0.81809714375 0.408041659375 0.62087971875 0.3161935828125 0.630339046875
0 0.020145996875 0.6458387937500001 0.055214089062500006 0.8396089734375 0.155953790625 0.8291417687499999 0.1159118921875 0.6384322265625 0.020145996875 0.6458387937500001
1 0.7005546578125 0.609772471875 0.7597084765625 0.8013574046875 0.8508422953125001 0.7976393046875 0.78851225625 0.6041141578125 0.7005546578125 0.609772471875
1 0.41159859374999996 0.62651241875 0.46066858125000004 0.8159714015624999 0.5560721531249999 0.8088554718750001 0.5037577843750001 0.625385628125 0.41159859374999996 0.62651241875
0 0.21701552343750002 0.63426755625 0.2602698734375 0.8291189046874999 0.3616705796875 0.8232757078124999 0.313894025 0.635864978125 0.21701552343750002 0.63426755625
0 0.598352434375 0.619359303125 0.6612707390625 0.8091613593750001 0.75842091875 0.8014248828125 0.698003378125 0.6104445593750001 0.598352434375 0.619359303125
0 0.5519394953125001 0.7868536359375 0.5580448375 0.807165059375 0.6577073609374999 0.807761078125 0.5955857234375 0.619515109375 0.5063812343749999 0.6250254359375 0.5519394953125001 0.7868536359375
1 0 0.088642278125 0.010433923437500001 0.1402237375 0.09270243593750001 0.1350849703125 0.0688225375 0.033342965625 0 0.037216009375 0 0.088642278125
1 0.1497470109375 0.029101893750000003 0.069226359375 0.0332970046875 0.093460928125 0.136286103125 0.1757294421875 0.13114733750000002 0.1497470109375 0.029101893750000003
1 1 0.7832771171874999 0.9537278953125 0.7887142515625001 1 0.9223386250000001 1 0.7832771171874999
0 0.22867881093750003 0.025611829687499997 0.1506594375 0.0283913953125 0.17644065625 0.13239229218749998 0.2591080359375 0.130650153125 0.22867881093750003 0.025611829687499997
1 0.3072437234375 0.0240846921875 0.23005204375 0.0252663640625 0.2593493578125 0.13063750624999998 0.3390983140625 0.12861660625 0.3072437234375 0.0240846921875
1 0.3915028171875 0.025281128125000003 0.307586453125 0.023619726562500002 0.339302915625 0.1281741703125 0.4206283078125 0.1239120875 0.3915028171875 0.025281128125000003
1 0.761293890625 0.8038214015625 0.8206252234375 0.9838829171875 0.918439946875 0.9787566640625001 0.852788559375 0.7995664390624999 0.761293890625 0.8038214015625
1 0.6636614562500001 0.8145879781250001 0.7204177781250001 0.9891345671874999 0.81859930625 0.983989090625 0.7580101453125 0.804533565625 0.6636614562500001 0.8145879781250001
1 1 0.9256002296875 0.9501218281250001 0.788185640625 0.8584211906249999 0.796847884375 0.9211883078125 0.9786126296875001 1 0.9744822828125 1 0.9256002296875
1 0.565855065625 0.8153194453125 0.616045534375 0.994604484375 0.7175083953125 0.989287040625 0.6586307390624999 0.81366668125 0.565855065625 0.8153194453125
1 0.29739245468750003 1 0.25415506875 0.830939490625 0.1603897453125 0.8353134531249999 0.1940356140625 1 0.29739245468750003 1
1 0.404729640625 1 0.3573525234375 0.8271010875 0.25774671250000003 0.83272225 0.3008860109375 1 0.404729640625 1
1 0.511778878125 1 0.460835975 0.824032665625 0.3591843875 0.8274061265625001 0.40579176875 1 0.511778878125 1
1 0.5130929578125001 1 0.6140635203125 0.9947083578125 0.561494275 0.8156174999999999 0.463462834375 0.8225688874999999 0.5118508640625 1 0.5130929578125001 1
1 0.19031815000000002 1 0.1584990765625 0.835952609375 0.05630815625 0.8439069609375001 0.082580025 1 0.19031815000000002 1
1 0.62316029375 0.0071083640625 0.6595520203125 0.11906661562500001 0.73573054375 0.1137627078125 0.696007953125 0.00108290625 0.62316029375 0.0071083640625
1 0.42054723593750004 0.1234846234375 0.49740484687500003 0.1182832984375 0.464391134375 0.02275635 0.39265091875 0.0252209578125 0.42054723593750004 0.1234846234375
1 0.6982416625 0.0016216250000000002 0.736429690625 0.114976875 0.8143141421875001 0.11226743749999998 0.7628955078125 0.00085638125 0.6982416625 0.0016216250000000002
1 0.5431721234375 0.0181181609375 0.578666165625 0.11871519999999999 0.6575820640625001 0.1165467359375 0.6196685015625001 0.010329932812500001 0.5431721234375 0.0181181609375
1 0.5404300140625 0.0192030328125 0.46523693593750004 0.021572159375 0.4987580125 0.1198174828125 0.57756424375 0.11827770156249999 0.5404300140625 0.0192030328125
1 0.8406890796875001 0 0.8936117906250001 0.10942318437500001 0.9676594250000001 0.10554251249999999 0.9158087500000001 0 0.8406890796875001 0
1 0.8127588609374999 0 0.7687386796875 0.0031732734375 0.8143949765625 0.11685366562499999 0.89157039375 0.10953017031250001 0.8480524687500001 0.022624712499999998 0.83623808125 0 0.8127588609374999 0
1 0.919488546875 0 0.9679574499999999 0.10421533281249999 0.9799480921875 0.1042938578125 0.9744822828125 0 0.919488546875 0