1 0.87211033125 0.183154921875 0.9135918125 0.2954598296875 0.9870082265625 0.293431959375 0.942040803125 0.1806911875 0.87211033125 0.183154921875
1 0.7944094015625 0.189931603125 0.8406035968750001 0.3035365390625 0.9107985203125001 0.2984929890625 0.86400143125 0.18493824375 0.7944094015625 0.189931603125
1 0.6167171390624999 0.20496209687500003 0.5418084640624999 0.20688888749999998 0.5369416671875 0.2071439453125 0.5779338093749999 0.321974659375 0.657076928125 0.31528595 0.6167171390624999 0.20496209687500003
1 0.6216294515625 0.2031133921875 0.6614587796875 0.3130449140625 0.7437213953125 0.3141928796875 0.700162615625 0.199103628125 0.6216294515625 0.2031133921875
1 0.70417165625 0.1976773046875 0.7481063359375 0.3168579640625 0.8313327921875 0.31204131875 0.7855233234375001 0.19297565 0.70417165625 0.1976773046875
1 0.459270896875 0.21278797656249998 0.4971187140625 0.3295959640625 0.5783948171875 0.32279546875 0.537480328125 0.20868919375 0.459270896875 0.21278797656249998
1 0.372668834375 0.21970026874999998 0.4100266828125 0.3378269328125 0.49453546406250004 0.3314922703125 0.457299040625 0.2127464953125 0.372668834375 0.21970026874999998
0 0.1200284640625 0.23075545625 0.036208221875 0.2343477203125 0.0676950828125 0.3767310765625 0.1534832359375 0.371667146875 0.1200284640625 0.23075545625
1 0.12051831875 0.23153034843750003 0.15557952343749998 0.3747831203125 0.24356889062499998 0.3708993984375 0.21065258125000003 0.228407746875 0.12051831875 0.23153034843750003
0 0.2899090125 0.223453528125 0.3311207515625 0.3684739828125 0.41356295000000004 0.363518121875 0.3699777890625 0.21685559843750002 0.2899090125 0.223453528125
0 0.21105875468750002 0.2275858953125 0.2446684796875 0.37173425937500004 0.3295327578125 0.3653809625 0.28775262968750004 0.22516767187500003 0.21105875468750002 0.2275858953125
1 0.9169680515625 0.308448646875 0.83628105 0.31432383750000004 0.8912799343750001 0.46672790312499995 0.9787722890625 0.46279380000000003 0.9169680515625 0.308448646875
0 0.9820143859374999 0.4691356296875 0.9991126921875001 0.469976190625 0.9905417296874999 0.3064324875 0.9206793953125001 0.3072968984375 0.9820143859374999 0.4691356296875
1 0.578997346875 0.33345959375 0.49995463124999995 0.338719865625 0.544723609375 0.48828175937499996 0.6320117656249999 0.48045130937499997 0.578997346875 0.33345959375
1 0.832935503125 0.32262022031250004 0.7475181234375 0.3273078984375 0.8069410890625001 0.47505496249999996 0.887864115625 0.464302221875 0.832935503125 0.32262022031250004
1 0.662126675 0.331707665625 0.58276729375 0.3349006 0.6314870781249999 0.47917645625 0.7192857296875 0.48108686718750004 0.662126675 0.331707665625
0 0.6660075390625 0.3336627359375 0.7215062203125 0.481621671875 0.8052864124999999 0.4765797625 0.7445172921875 0.3280409296875 0.6660075390625 0.3336627359375
1 0.459792078125 0.49924457499999997 0.5437324796875 0.4902872234375 0.4963103859375 0.33844420625 0.41514912812500004 0.3446512109375 0.4201429515625 0.36633690625000004 0.459792078125 0.49924457499999997
1 0 0.4950638921875 0.0044570296875 0.5244952875 0.094841428125 0.5186737984375 0.067611615625 0.37347088125 0 0.3750653796875 0 0.4950638921875
0 0.15810924531249998 0.37869304531250003 0.0709900546875 0.3798910546875 0.09848335312499999 0.5184829328125 0.1875970890625 0.51164339375 0.15810924531249998 0.37869304531250003
0 0.331598496875 0.370518665625 0.24603696406250003 0.3738991296875 0.28033780625000004 0.5079982015625 0.369550109375 0.502020434375 0.331598496875 0.370518665625
0 0.2448517234375 0.373062421875 0.159449053125 0.37698995156250004 0.1907454 0.513647684375 0.2794789015625 0.51116664375 0.2448517234375 0.373062421875
0 0.415116378125 0.367444025 0.3333309671875 0.37192805624999997 0.3698804859375 0.5013519453125 0.45631364375 0.49812452343749997 0.415116378125 0.367444025
1 1 0.688760990625 0.960295484375 0.58639853125 0.8855108078124999 0.5868783468750001 0.9444202015625001 0.7733508375 1 0.7694304765625 1 0.688760990625
1 0.2139447203125 0.624577459375 0.12095494375 0.62611548125 0.158982740625 0.8172174359375 0.2573748 0.8131007046875001 0.2139447203125 0.624577459375
1 0.8047323656250001 0.590695996875 0.86083 0.7813708390625 0.9424211046875 0.77397549375 0.881352375 0.58845620625 0.8047323656250001 0.590695996875
1 0.315478628125 0.61966285625 0.3611015921875 0.8087043921875001 0.4574298984375 0.8041759265625 0.4058455546875 0.6103612515625 0.315478628125 0.61966285625
0 0.024206004687499998 0.634912625 0.058697109375 0.8253404890624999 0.1578122796875 0.8150478671875 0.11842742656250001 0.627628165625 0.024206004687499998 0.634912625
0 0.6936403546875 0.5994284671875 0.7518287609375001 0.7877073578125 0.84149261875 0.784048053125 0.7801793453125 0.59386258125 0.6936403546875 0.5994284671875
1 0.4093447796875 0.61589664375 0.4576121515625 0.80208681875 0.5514770796875 0.7950880109375 0.500017315625 0.614783921875 0.4093447796875 0.61589664375
0 0.2179002875 0.623529409375 0.260445528125 0.81501933125 0.36021077031250004 0.8092709656249999 0.3132158453125 0.6250936625 0.2179002875 0.623529409375
1 0.5930863078125 0.6088559796874999 0.654978575 0.795382509375 0.7505619703125 0.787773746875 0.6911301937500001 0.6000891187499999 0.5930863078125 0.6088559796874999
0 0.54741236875 0.7734656875 0.5534180390625 0.793426621875 0.6514727625 0.794006571875 0.590364221875 0.6090092625 0.502598465625 0.6144297843750001 0.54741236875 0.7734656875
1 0 0.06550288125 0.0146800015625 0.138014090625 0.0956216484375 0.1329591265625 0.07213289843750001 0.032972371875 0 0.03703139375 0 0.06550288125
1 0.1517521375 0.0287997046875 0.0725302078125 0.0329271796875 0.09636783593750001 0.1341395109375 0.1773094859375 0.1290845453125 0.1517521375 0.0287997046875
1 1 0.76854438125 0.9427189796875 0.775270871875 1 0.940525565625 1 0.76854438125
0 0.22941080781249998 0.025365214062500002 0.1526498875 0.0281014015625 0.178009153125 0.130307996875 0.2593430390625 0.128591084375 0.22941080781249998 0.025365214062500002
1 0.30670839375000003 0.023859834375 0.2307619078125 0.0250256234375 0.25958046874999996 0.128578640625 0.33804302656249996 0.1265879421875 0.30670839375000003 0.023859834375
1 0.38960814374999997 0.025030746875 0.30704561875 0.0234028640625 0.338244353125 0.12615312031249998 0.41825804531250005 0.12195978125 0.38960814374999997 0.025030746875
1 0.8434073734374999 0.7859418546875 0.7533884578125 0.7901287875 0.8138383953125 0.9734081218749999 0.9105821390625 0.9691094328125001 0.8434073734374999 0.7859418546875
1 0.7501576421875 0.790828865625 0.657330409375 0.8007154421875 0.71596079375 0.9808519859375 0.8121518671875 0.9742679453124999 0.7501576421875 0.790828865625
1 1 0.9421706671875001 0.9391711171875 0.7747515828125 0.848949296875 0.783269834375 0.9160207671875 0.9773102296875 1 0.9742659703125 1 0.9421706671875001
1 0.6523809015625 0.79981031875 0.561101796875 0.8014399843750001 0.6133142687500001 0.9877743375 0.7144557640625 0.9847880515625 0.6523809015625 0.79981031875
1 0.301323171875 1 0.25442926093749996 0.8168088890625 0.1621763125 0.821112903125 0.1987543890625 1 0.301323171875 1
1 0.40724223593750003 1 0.35596215 0.8130306515625 0.2579628609375 0.8185607062500001 0.3047969359375 1 0.40724223593750003 1
1 0.5128307453125001 1 0.4577763765625 0.810009109375 0.3577644453125 0.8133303265625 0.40821937343750003 1 0.5128307453125001 1
1 0.5130929515625 1 0.61351784375 0.9947369546875 0.5568113390625 0.8017331562500001 0.46036094375000003 0.8085704125 0.51261484375 1 0.5130929515625 1
1 0.1949204453125 1 0.1603161078125 0.82174115 0.0597732765625 0.8295643234375 0.0884816359375 1 0.1949204453125 1
1 0.617529559375 0.007157784374999999 0.653327703125 0.117183946875 0.7282776171875 0.1119670421875 0.6892023859374999 0.0012319609375 0.617529559375 0.007157784374999999
1 0.41817830625 0.121539690625 0.49379634687499996 0.1164235578125 0.46132076718750004 0.02254525625 0.3907377265625 0.024971548437499998 0.41817830625 0.121539690625
1 0.6914000265625 0.0017612625 0.7289654140625 0.11316023593749999 0.8055935859375 0.11049297656249998 0.7550109171875 0.00100545 0.6914000265625 0.0017612625
1 0.538831125 0.017982440625000002 0.5737467265625 0.1168432921875 0.6513896734375 0.1147076203125 0.614093909375 0.0103240203125 0.538831125 0.017982440625000002
1 0.5361331875 0.019048770312499998 0.4621529921875 0.021381429687500002 0.4951275921875 0.11793121875000001 0.57266260625 0.116413396875 0.5361331875 0.019048770312499998
1 0.8314724359375001 0 0.8836121640625001 0.1076931453125 0.9564654796875001 0.1038750640625 0.905381203125 0 0.8314724359375001 0
0 0.8063031109375001 0 0.7607596921875001 0.0032820656249999995 0.8056728484375 0.11500014218750002 0.8816036921875 0.10779840468749999 0.8387928546874999 0.02239358125 0.8270869609375 0 0.8063031109375001 0
1 0.9090057968749999 0 0.956758775 0.10257074531249999 0.9798656390625 0.10272053437499999 0.9744822828125 0 0.9090057968749999 0