1 0.8396439593749999 0.1717572671875 0.8899271890625 0.2781791953125 0.9617291187499999 0.269892075 0.907991040625 0.16334248906249998 0.8396439593749999 0.1717572671875
1 0.76404820625 0.1850627140625 0.8190629734374999 0.2923533 0.887448425 0.281389365625 0.8318468937500001 0.17419967812499998 0.76404820625 0.1850627140625
0 0.5911302421875 0.215033334375 0.5178566828125 0.22334954375 0.5131072390625 0.224017034375 0.5631269999999999 0.33295452812500004 0.64014416875 0.31961145156250004 0.5911302421875 0.215033334375
1 0.5957878562500001 0.21280125156250002 0.644248140625 0.3170406796875 0.72499458125 0.311104459375 0.67243641875 0.202134065625 0.5957878562500001 0.21280125156250002
1 0.6762446546875001 0.2003931515625 0.7295216578125 0.31333807343750003 0.8107023171875 0.301477878125 0.7555971625 0.188806478125 0.6762446546875001 0.2003931515625
1 0.43744407343749997 0.23621066875 0.48455052031249995 0.3473544125 0.5636492421875 0.33371879375 0.5137676359375 0.22548409062500002 0.43744407343749997 0.23621066875
1 0.3531334921875 0.25041288906250003 0.39987249375 0.36289008906250003 0.4821803359375 0.349433215625 0.43550736562500003 0.23633928593750003 0.3531334921875 0.25041288906250003
0 0.10639795468749999 0.282923071875 0.024530328125 0.2936351734375 0.067590490625 0.4303712828125 0.1512614 0.41804905156250005 0.10639795468749999 0.282923071875
0 0.10694454375 0.283639896875 0.1535833421875 0.420920659375 0.2395133171875 0.40956530312500006 0.1950424890625 0.272845825 0.10694454375 0.283639896875
0 0.2723192578125 0.261191640625 0.3251392359375 0.39967564218749996 0.4055391109375 0.38774641875000004 0.350251690625 0.24785802031249998 0.2723192578125 0.261191640625
0 0.19537032031249998 0.2720061078125 0.240662809375 0.4102885203125 0.323317575 0.3967828859375 0.2703519671875 0.26305541093749996 0.19537032031249998 0.2720061078125
1 0.8943493046875 0.29060959999999997 0.815748896875 0.303288490625 0.8827176437500001 0.44782006875 0.968156046875 0.4364580296875 0.8943493046875 0.29060959999999997
1 0.9718775203125001 0.4423904328125 0.996683853125 0.44144098437499996 0.9742098296874999 0.281529996875 0.897889196875 0.28916313437499996 0.9718775203125001 0.4423904328125
1 0.5651530390625 0.34411064687500004 0.48811199375000003 0.3560462109375 0.5448082484375 0.49867241093750003 0.6297128437499999 0.4835121390625 0.5651530390625 0.34411064687500004
1 0.8131793703125 0.311700428125 0.7298397421875 0.323622365625 0.800746996875 0.46321354843749996 0.8791611687499999 0.44573772968750003 0.8131793703125 0.311700428125
1 0.646500884375 0.335260121875 0.5689723796874999 0.345198284375 0.6290892984374999 0.48230868437499996 0.715328409375 0.47664399218750003 0.646500884375 0.335260121875
0 0.6504729828125 0.3368416703125 0.7175511125 0.4769771546875 0.799255353125 0.46484882968749996 0.72696056875 0.32459779375000003 0.6504729828125 0.3368416703125
1 0.462482228125 0.5166980062500001 0.544008284375 0.5007214656250001 0.48451566718750005 0.35608903281250004 0.4054787203125 0.369133578125 0.41223132500000004 0.389942159375 0.462482228125 0.5166980062500001
1 0 0.5051893703125 0.0182455109375 0.5805070171875 0.10635759687499999 0.56704840625 0.0672295140625 0.42718567656250006 0 0.434670565625 0 0.5051893703125
0 0.15639819531250002 0.42453259687499995 0.0710913625 0.433183103125 0.1099117015625 0.566548909375 0.1966908921875 0.552202365625 0.15639819531250002 0.42453259687499995
1 0.3257826765625 0.40163702968750004 0.2421898 0.41229116250000003 0.2872993921875 0.5406728046875 0.374249003125 0.52716175 0.3257826765625 0.40163702968750004
0 0.24095617812499998 0.4115734875 0.1575658859375 0.4227497359375 0.1999490296875 0.5538949890625 0.2867286359375 0.5438494359375 0.24095617812499998 0.4115734875
1 0.407398196875 0.3914578015625 0.327601821875 0.4028685765625 0.3745156578125 0.52647873125 0.45897615937499997 0.5158996671875 0.407398196875 0.3914578015625
1 1 0.639045440625 0.960625240625 0.5590921796874999 0.8873493531250001 0.5659806984375 0.9610688921874999 0.7435404625 1 0.7373509859375 1 0.639045440625
1 0.2321911578125 0.6605393484375 0.1411580640625 0.670026696875 0.194802215625 0.8539124046875 0.29091076875 0.8414360125 0.2321911578125 0.6605393484375
1 0.8084831234375001 0.5766524515625 0.87980590625 0.7585689796875 0.959162515625 0.744323778125 0.8834076328125 0.5678828359375 0.8084831234375001 0.5766524515625
1 0.3313115828125 0.647011928125 0.3922254203125 0.828227953125 0.486275471875 0.8155254718749999 0.41910856250000006 0.6301466796875 0.3313115828125 0.647011928125
0 0.0470611328125 0.686945671875 0.09718028125 0.8704747796875001 0.193468959375 0.8518881640625 0.13880967187499998 0.6717250265625 0.0470611328125 0.686945671875
1 0.7003190765625 0.59473913125 0.7734864499999999 0.774129815625 0.8610772671875001 0.7628505140625 0.784683109375 0.58186088125 0.7003190765625 0.59473913125
1 0.42301306875 0.6352672578125 0.486275271875 0.8134639281249999 0.5776987734375 0.798553621875 0.5118108125 0.6263952984375 0.42301306875 0.6352672578125
0 0.2359793578125 0.6591734765624999 0.294085509375 0.8430514046875001 0.3914005921875 0.828859265625 0.329558209375 0.6525246250000001 0.2359793578125 0.6591734765624999
0 0.6025456890625 0.6126020249999999 0.6791941890625 0.7899586937499999 0.7722502062500001 0.7743035593750001 0.697914746875 0.595601559375 0.6025456890625 0.6126020249999999
1 0.5718624718750001 0.7777273609375001 0.5794593875 0.79676000625 0.6756393703125 0.7889121109375 0.5998901484375 0.61298576875 0.514310984375 0.62582695 0.5718624718750001 0.7777273609375001
1 0 0.200414459375 0.0740965515625 0.18924416875 0.042507643750000004 0.093341346875 0 0.0994823015625 0 0.200414459375
1 0.12020701874999999 0.0824214109375 0.0428932859375 0.0932629890625 0.07492916093749999 0.1903360953125 0.15384945 0.1784386109375 0.12020701874999999 0.0824214109375
1 1 0.737197978125 0.9595654578125 0.7455668 1 0.8358147828125 1 0.737197978125
0 0.19604750937499998 0.072392659375 0.1210273578125 0.08166049843749999 0.1546401421875 0.17957670781249999 0.23423078125000002 0.170914571875 0.19604750937499998 0.072392659375
1 0.2716991765625 0.064284109375 0.197343015625 0.07194412812499999 0.234462484375 0.170882009375 0.3112147078125 0.1621981890625 0.2716991765625 0.064284109375
1 0.3530722140625 0.058315678125000006 0.2719906578125 0.063807646875 0.3113748515625 0.16175508125 0.38945916875000003 0.150781046875 0.3530722140625 0.058315678125000006
1 0.8631165953125001 0.7645408078125 0.7752228640625 0.7763673 0.8501793093750001 0.950667725 0.9446563187500001 0.9381546125 0.8631165953125001 0.7645408078125
1 0.7721154 0.7773301921875 0.6819564890625001 0.7949794781249999 0.7548599921875 0.96635828125 0.8485995015625001 0.9516545171875 0.7721154 0.7773301921875
1 1 0.8396927062499999 0.9560427609375 0.74536275625 0.86832096875 0.7614484 0.9489468125 0.9418184265624999 1 0.93464336875 1 0.8396927062499999
1 0.753274934375 0.969318315625 0.67702661875 0.79451788125 0.587678471875 0.8039481531250001 0.6548206953125 0.9819474203125 0.706882834375 0.9758383 0.753274934375 0.969318315625
1 0.3427225484375 1 0.28834054375 0.8453203140625 0.19826665000000002 0.8574532078124999 0.240668321875 1 0.3427225484375 1
1 0.44953459375 1 0.38755726875 0.8329058453125 0.2919547890625 0.8467326187499999 0.34618682968750003 1 0.44953459375 1
1 0.5349634062499999 1 0.5552651796875 0.997146771875 0.48711460312500005 0.821208275 0.3893498515625 0.8330446359374999 0.45057221406250003 1 0.5349634062499999 1
1 0.48952526093750004 0.8195775031249999 0.5551489078125 0.9971631125 0.6534985859375 0.9833409671875 0.58349731875 0.804603503125 0.48952526093750004 0.8195775031249999
1 0.23713440624999998 1 0.1964967453125 0.8582281187499999 0.098596984375 0.8745188890625 0.131208309375 1 0.23713440624999998 1
1 0.5749901671875 0.02125030625 0.6195064890624999 0.12592840624999999 0.6925387671875 0.11438658906250002 0.644748975 0.009295498437499999 0.5749901671875 0.02125030625
1 0.3893450265625 0.1503764890625 0.4630409484375 0.1388760171875 0.42316460781250004 0.0497266328125 0.3541745578125 0.058160753125 0.3893450265625 0.1503764890625
1 0.64694880625 0.009625232812499999 0.6933152296875 0.11549607656250001 0.7682111390624999 0.1063071328125 0.70924656875 0.0034254531249999997 0.64694880625 0.009625232812499999
1 0.49876308593749996 0.038605621875 0.5414581796875 0.13242508125000002 0.6173944640625 0.12366963281250001 0.571893046875 0.024645934375 0.49876308593749996 0.038605621875
1 0.49620939999999997 0.03988145625 0.42388085000000003 0.04851545 0.46447515624999997 0.1402382375 0.540358528125 0.1320971265625 0.49620939999999997 0.03988145625
1 0.78658394375 0 0.8444588140624999 0.0968690203125 0.9155554140625 0.08687704375000001 0.8629200812500001 0 0.78658394375 0
1 0.7472280671875 0 0.7150774484375 0.005161575 0.7686747625 0.110714275 0.842498771875 0.0971444859375 0.793215534375 0.017180387499999998 0.7822191953125001 0 0.7472280671875 0
1 0.8663514343750001 0 0.915731275 0.0855745296875 0.946321740625 0.0830959375 0.93464336875 0 0.8663514343750001 0