1 0.75974479375 0.0919707078125 0.8303817484374999 0.195681596875 0.90447331875 0.1750213671875 0.8301833984375 0.07175024218750001 0.75974479375 0.0919707078125
1 0.6825037093749999 0.11854603281250001 0.758259453125 0.222385284375 0.8283124875000001 0.199474046875 0.751956809375 0.09583856406249999 0.6825037093749999 0.11854603281250001
0 0.5057446328124999 0.17884557968749998 0.430110984375 0.19978102656250002 0.42523002656250003 0.20127328437499997 0.49601032187499994 0.30767698593750004 0.5747392734375001 0.280825796875 0.5057446328124999 0.17884557968749998
1 0.5102676546875 0.175720984375 0.5786237359374999 0.2774365609375 0.66251030625 0.2577653796875 0.589056215625 0.1517489125 0.5102676546875 0.175720984375
1 0.592768459375 0.1492827125 0.667642225 0.2593650953125 0.7509954750000001 0.2333834890625 0.67424570625 0.123892975 0.592768459375 0.1492827125
1 0.3477323203125 0.22668901562500002 0.4158188359375 0.33590020625 0.4966869796875 0.308395003125 0.426169328125 0.202708415625 0.3477323203125 0.22668901562500002
1 0.26148028437500004 0.255657090625 0.3294033421875 0.366333553125 0.413674684375 0.3384832203125 0.34571799687500004 0.22714633593750003 0.26148028437500004 0.255657090625
0 0 0.489926071875 0.0772861765625 0.4657379296875 0.007550565625 0.330899384375 0 0.33312930625 0 0.489926071875
0 0.008244890625 0.3315633953125 0.08020671562500001 0.4683759796875 0.168636659375 0.442136659375 0.0990475171875 0.305554821875 0.008244890625 0.3315633953125
0 0.1783315265625 0.28043898125 0.2569918703125 0.417491328125 0.339512846875 0.3915668 0.2580241578125 0.2534456328125 0.1783315265625 0.28043898125
0 0.0992518265625 0.304616071875 0.16996580625 0.4427072015625 0.2545936796875 0.41474786249999995 0.176574959375 0.28272859375000003 0.0992518265625 0.304616071875
1 0.837106984375 0.2080365203125 0.7566028078125 0.23445141875000003 0.8511463453125 0.3755206671875 0.9390584453124999 0.349356009375 0.837106984375 0.2080365203125
1 0.9439615203124999 0.3549846375 0.9765414609375 0.3485450765625 0.926077740625 0.1834856859375 0.8405863484375 0.2059249859375 0.9439615203124999 0.3549846375
1 0.500003965625 0.319088246875 0.42101475468749994 0.34446121875 0.504441796875 0.4852312875 0.591158175 0.45515560468749994 0.500003965625 0.319088246875
1 0.755307234375 0.24373669062499997 0.669694853125 0.27014213593749997 0.767553015625 0.40535430625 0.8470599703125 0.3739189390625 0.755307234375 0.24373669062499997
1 0.584035803125 0.29624819375 0.5042004671875 0.3195988125 0.5903016515624999 0.4539919375 0.6800073281250001 0.43369381249999994 0.584035803125 0.29624819375
0 0.5884754015625 0.2972534875 0.682399434375 0.43367523593749996 0.766258259375 0.40732425625 0.66683131875 0.2716478296875 0.5884754015625 0.2972534875
1 0.42091467343750005 0.51789574375 0.503943246875 0.48752200312499994 0.41724155312500005 0.3451040203125 0.336339590625 0.3719765265625 0.3469143703125 0.39276678593750003 0.42091467343750005 0.51789574375
1 0 0.5747255 0.020310959375 0.6411596546875 0.0549789171875 0.6301051578125 0 0.5101029546875 0 0.5747255
0 0 0.5044665234375 0.05863143750000001 0.6289884703124999 0.1474542953125 0.59945813125 0.08376908281249999 0.47171171562499997 0 0.4938225 0 0.5044665234375
1 0.2579959390625 0.4194498359375 0.1719055296875 0.44456230625000004 0.24077306406250001 0.572257796875 0.32991465 0.5435789468750001 0.2579959390625 0.4194498359375
0 0.170488875 0.44401158125 0.0846986515625 0.469640196875 0.151161953125 0.6006990515624999 0.2407038421875 0.575697815625 0.170488875 0.44401158125
1 0.342087153125 0.3951661015625 0.2601139359375 0.42044437968750004 0.3300808359375 0.542815375 0.41709580781250005 0.5176377578125 0.342087153125 0.3951661015625
1 1 0.548350475 0.9516316078125 0.4797479 0.8757569765625 0.499180296875 0.9829150062500001 0.6739080000000001 1 0.6683450109375 1 0.548350475
1 0.20287177500000003 0.707642596875 0.108765478125 0.732762940625 0.1958777421875 0.9174887187499999 0.2948198203125 0.888377215625 0.20287177500000003 0.707642596875
1 0.79463803125 0.5235257546875001 0.9000045703125 0.7032397015625 0.98104195 0.6750497125 0.87193135625 0.5018384609375001 0.79463803125 0.5235257546875001
1 0.30480424375 0.6769237312499999 0.3991121546875 0.8576299734375 0.49585261875000003 0.82862250625 0.3942761515625 0.644571909375 0.30480424375 0.6769237312499999
0 0.10658066562499999 0.734941675 0.054306304687499994 0.7523534187500001 0.113183921875 0.9449334281249999 0.194138059375 0.9155786734375001 0.10658066562499999 0.734941675
1 0.6839609109375 0.5605488078125 0.7908444203125 0.7372963375 0.8810328999999999 0.7108610765625001 0.7704903359374999 0.5329660609375 0.6839609109375 0.5605488078125
1 0.3992359890625 0.649315221875 0.4955079734375 0.826451625 0.5891186046875 0.7955557328125 0.49109536875000004 0.6252144265624999 0.3992359890625 0.649315221875
0 0.2066256171875 0.7055746625 0.2984269125 0.8895506671875 0.3983505984375 0.858431865625 0.303882190625 0.6830203046875 0.2066256171875 0.7055746625
0 0.5841687671875 0.5956092796875 0.6943717031250001 0.769636321875 0.7895739453124999 0.7376847609375 0.6815776390625 0.5618565906249999 0.5841687671875 0.5956092796875
0 0.5795040640625 0.774594565625 0.5906696421875 0.7933743468750001 0.6904601171875 0.7691250234375 0.581441453125 0.5964547312499999 0.49362852031250004 0.6242004015625 0.5795040640625 0.774594565625
1 0 0.22564565781249998 0.039973295312500004 0.21298527968749997 0 0.13870938906250002 0 0.22564565781249998
0 0 0.136710534375 0.0409946 0.21405234375 0.12321078593749998 0.1917027234375 0.0741887234375 0.10733769374999999 0 0.13001946250000002 0 0.136710534375
1 0.20267780625 0.1697292140625 0.1511501125 0.0838082359375 0.0754582953125 0.106949546875 0.12344890625 0.19162992343750002 0.20267780625 0.1697292140625
1 0.28301863125 0.14470215625 0.2325755734375 0.0589139734375 0.151604509375 0.08366931250000001 0.2027721125 0.16923597968749998 0.28301863125 0.14470215625
1 0.7930435218749999 0.739363934375 0.8955674671875 0.9019087671875001 0.9919818218750001 0.8724319406250001 0.8834589921875 0.7123021109375001 0.7930435218749999 0.739363934375
1 0.698114209375 0.7744643796874999 0.7967015125 0.9321351234374999 0.8935457640625 0.9025268640625 0.7899379203125 0.740894371875 0.698114209375 0.7744643796874999
1 1 0.7094299328125 0.9779361421875 0.6766623140625 0.8884130125 0.7081806765625 0.9947523531250001 0.8715849046875 1 0.8699805375 1 0.7094299328125
1 0.6005102828125 0.7995778390625 0.693840475 0.9635828984374999 0.7938025546875 0.9330214234374999 0.692854946875 0.7747976375000001 0.6005102828125 0.7995778390625
1 0.3505554890625 1 0.29276705000000003 0.8928947609375 0.20011104531249999 0.920641584375 0.23804657499999998 1 0.3505554890625 1
1 0.47176641718749995 1 0.39498669531249997 0.8633318875 0.29680220625 0.89378130625 0.35438790781249996 1 0.47176641718749995 1
1 0.5747255015625 1 0.5909496109375 0.9950397921875 0.4976841546875 0.8344673359374999 0.3968941953125 0.8631801140625001 0.4730941015625 1 0.5747255015625 1
1 0.49994570625 0.8323494 0.5910656390625 0.9950043187500001 0.6918466546875 0.9641924703125 0.5962246671875 0.8009628640625 0.49994570625 0.8323494
1 0.23483308125 1 0.1983800421875 0.9217517656249999 0.114638390625 0.9496907796875 0.13001946250000002 1 0.23483308125 1
1 0.4704896703125 0 0.5206855671875 0.080297240625 0.5955266625 0.056005159375 0.5585655328125 0 0.4704896703125 0
1 0.3583766625 0.11993627031250001 0.30435456875 0.0369689328125 0.2336421515625 0.058587887500000005 0.28283105625 0.1442951078125 0.3583766625 0.11993627031250001
1 0.5600156734375 0 0.5965282265625 0.057044459375 0.673721428125 0.034920345312500004 0.6456649999999999 0 0.5600156734375 0
1 0.4252744984375 0 0.38229748125 0.013139392187500001 0.43972883593749995 0.1001101796875 0.518088075 0.07826965 0.4659910390625 0 0.4252744984375 0
1 0.43851811874999996 0.0999475875 0.379360734375 0.014037246875000001 0.305546171875 0.0366046234375 0.3601118578125 0.12113239218750001 0.43851811874999996 0.0999475875
1 0.646377746875 0 0.6749451093750001 0.0394842453125 0.7502796218750001 0.012925017187499999 0.7391994921875 0 0.646377746875 0