1 0.8273464468749999 0.162803875 0.8792712265624999 0.2677257484375 0.9506901750000001 0.2582126328125 0.8953200171875 0.1532250984375 0.8273464468749999 0.162803875
1 0.7522318546875 0.177373915625 0.808887009375 0.283075571875 0.8768554421875001 0.2709615296875 0.8196172171875 0.16537059999999998 0.7522318546875 0.177373915625
1 0.5804066031249999 0.21023982343749997 0.5075214781249999 0.21980796093750002 0.5027993984375 0.2205558640625 0.5545044031249999 0.327983596875 0.6310349828125 0.3133509375 0.5804066031249999 0.21023982343749997
1 0.5850105375 0.207937896875 0.6350813765625001 0.310722078125 0.7154547 0.303387796875 0.661219284375 0.1959723671875 0.5850105375 0.207937896875
1 0.6649850625 0.1941738703125 0.7200045296875001 0.305528359375 0.8007098031250001 0.292296265625 0.7438729984375 0.1812461546875 0.6649850625 0.1941738703125
1 0.42759870156249996 0.23402164218750002 0.4764377546875 0.34369468125 0.555037890625 0.328734234375 0.503482534375 0.2220028234375 0.42759870156249996 0.23402164218750002
1 0.34381391093749997 0.24963788281250002 0.39230945 0.36064327343749997 0.4741109328125 0.34580363593749996 0.425670709375 0.23418387031250001 0.34381391093749997 0.24963788281250002
0 0.09846305 0.28633795 0.0170535890625 0.2984406953125 0.0622955015625 0.4336315734375 0.14547476875 0.41989591875 0.09846305 0.28633795
1 0.099019996875 0.28704098437500003 0.147837753125 0.422709934375 0.233284928125 0.409895565625 0.1866373859375 0.27474624375 0.099019996875 0.28704098437500003
0 0.263455428125 0.261788215625 0.318454009375 0.39854390781250004 0.39837995312499996 0.38525702968750003 0.34089834375 0.247148725 0.263455428125 0.261788215625
0 0.186949821875 0.2739055140625 0.23444285312500002 0.410594265625 0.3165892625 0.3956999953125 0.26152648125 0.26367622343749997 0.186949821875 0.2739055140625
1 0.8838899687499999 0.2800066796875 0.8057701875 0.29400702968750003 0.8749727734375 0.4365248109375 0.9599299171875 0.423712515625 0.8838899687499999 0.2800066796875
1 0.963739803125 0.4295450109375 0.9947980421875 0.427805275 0.9696175359374999 0.26882181875 0.88739331875 0.2785057015625 0.963739803125 0.4295450109375
1 0.5567134593749999 0.3390400203125 0.48013513750000003 0.3522736375 0.5390674234375 0.4930791109375 0.6234279234375 0.4764997578125 0.5567134593749999 0.3390400203125
1 0.803352465625 0.30241645156249997 0.7204965515625 0.315748225 0.7935403046875 0.453284003125 0.8713928484375 0.4345174453125 0.803352465625 0.30241645156249997
1 0.6376365703125 0.3287974265625 0.5605384390625 0.34005370468749996 0.6227859984374999 0.4753142421875 0.70863810625 0.46815252812499997 0.6376365703125 0.3287974265625
0 0.641622196875 0.3302994921875 0.7108589890625 0.4684443671875 0.7920815125 0.454936390625 0.7176436796875 0.3167691375 0.641622196875 0.3302994921875
1 0.45732556874999997 0.5124616718749999 0.5383050234375 0.4951306390625 0.47655165781250003 0.35237999375 0.3980030296875 0.36675165 0.40508698125000003 0.387321534375 0.45732556874999997 0.5124616718749999
1 0 0.52375375 0.0156716828125 0.583784234375 0.1032578203125 0.5688399375000001 0.061881531249999996 0.430470578125 0 0.43846017187499997 0 0.52375375
0 0.1507045875 0.4262513078125 0.065832425 0.4363652359375 0.10679145000000001 0.568280265625 0.1930340765625 0.552476746875 0.1507045875 0.4262513078125
0 0.319128659375 0.400482675 0.2359987765625 0.41255838125000005 0.28314104375000004 0.5394061984375 0.369567734375 0.5244303718750001 0.319128659375 0.400482675
0 0.23475709843749998 0.41186668437499996 0.151838003125 0.424457928125 0.19631003593750002 0.5541019140625 0.28262626874999996 0.54257479375 0.23475709843749998 0.41186668437499996
0 0.4002959328125 0.38891422656249997 0.32096263125 0.40167492187500003 0.3698218671875 0.5237465296875 0.4538177296875 0.511730075 0.4002959328125 0.38891422656249997
1 1 0.63405948125 0.9545113671875001 0.5457792453125 0.8815996281249999 0.5539278921874999 0.958092303125 0.7291653499999999 1 0.721752478125 1 0.63405948125
1 0.230258296875 0.659564896875 0.1396934140625 0.6706124359375 0.19628599687499998 0.8524957015625001 0.29185837187499997 0.838386196875 0.230258296875 0.659564896875
1 0.8031807640625 0.5659372921875 0.8773588968749999 0.745549115625 0.956205678125 0.729977996875 0.8777035578125 0.5558890609375 0.8031807640625 0.5659372921875
1 0.32881450624999997 0.6443569546875 0.39260685156249997 0.8234568765624999 0.4861238140625 0.8091590796875 0.41602863125 0.6260310796875 0.32881450624999997 0.6443569546875
0 0.046201481249999996 0.68910345625 0.099274871875 0.870694675 0.1949227875 0.8505066765624999 0.137381834375 0.6723427046875 0.046201481249999996 0.68910345625
1 0.695688990625 0.5858388156250001 0.771662515625 0.7629065203125001 0.8587662296874999 0.75013831875 0.77954958125 0.57153803125 0.695688990625 0.5858388156250001
1 0.42000711874999996 0.6310531453125 0.486088534375 0.8071093218750001 0.576950225 0.7906629 0.5083546578125 0.6206571203125 0.42000711874999996 0.6310531453125
0 0.23401048593749998 0.6581396500000001 0.29504990468750003 0.8399360515625001 0.3917955453125 0.824099209375 0.327160853125 0.6498692375 0.23401048593749998 0.6581396500000001
1 0.5985490546875 0.605333559375 0.6779573625 0.7803171390625 0.7704333953125 0.7631011937500001 0.6933074375 0.5867389546874999 0.5985490546875 0.605333559375
0 0.5707791890625 0.7700591875 0.5786743859375 0.7888483140625 0.6743967125 0.7793395828125 0.59590899375 0.6057622031250001 0.5108367328125001 0.620047684375 0.5707791890625 0.7700591875
1 0 0.20467352499999997 0.0646763515625 0.19376736249999998 0.031561903125 0.098972934375 0 0.1040961171875 0 0.20467352499999997
1 0.10881362187500002 0.0867374640625 0.0319449125 0.0988881859375 0.0655247359375 0.19483828125 0.1439766203125 0.181609196875 0.10881362187500002 0.0867374640625
0 0.1842278859375 0.075421046875 0.10961824843750001 0.08596635 0.14478401406250002 0.1827267671875 0.2239590453125 0.17270265 0.1842278859375 0.075421046875
1 0.2594866375 0.0660172078125 0.18551139375 0.0749521078125 0.22418941406249998 0.1726661640625 0.3005352234375 0.1626708265625 0.2594866375 0.0660172078125
1 0.3404838984375 0.0586397875 0.25976902968750004 0.06553830000000001 0.3006872875 0.162227409375 0.37832173281250003 0.149931321875 0.3404838984375 0.0586397875
1 0.8608274484375 0.7517827859375 0.773431153125 0.76510041875 0.8511011015625 0.93707523125 0.9450468046875 0.92295815 0.8608274484375 0.7517827859375
1 0.770350546875 0.76611291875 0.6807957921875001 0.7852602359375 0.7563699984375 0.9543665328125 0.849543409375 0.9380844015625 0.770350546875 0.76611291875
1 1 0.827091378125 0.9531141171874999 0.7310663609375 0.865961659375 0.7486157546875 0.951189259375 0.9303722999999999 1 0.9234434484375 1 0.827091378125
1 0.67587468125 0.7848887062500001 0.5869880937499999 0.7958496125 0.6569330953125 0.9716407046875 0.7553031546875 0.9583477874999999 0.67587468125 0.7848887062500001
1 0.348006659375 1 0.2893629078125 0.8422938765625 0.19979901093750002 0.8559548234375001 0.24545505156249997 1 0.348006659375 1
1 0.455296090625 1 0.38803403593749997 0.8281908171874999 0.29298900781250004 0.8436340109374999 0.3514934453125 1 0.455296090625 1
1 0.5308330890625 1 0.5607257515625 0.9952654671875001 0.487056821875 0.8147945171875 0.3898229375 0.828297021875 0.4563083609375 1 0.5308330890625 1
1 0.48943160625 0.8131303171875001 0.560990696875 0.9965725859375001 0.658943253125 0.981058425 0.5828321828125 0.7965753671875 0.48943160625 0.8131303171875001
1 0.2418802734375 1 0.1980482578125 0.856756696875 0.100755621875 0.8746905453125 0.1357058578125 1 0.2418802734375 1
1 0.5610232890625 0.0178506953125 0.60717091875 0.1211409828125 0.6797606859374999 0.10836995468749999 0.6303435875 0.0047270890625 0.5610232890625 0.0178506953125
1 0.3782010890625 0.1495311015625 0.45145296718749994 0.1367894125 0.4101939359375 0.048856790625 0.341579890625 0.0584662 0.3782010890625 0.1495311015625
1 0.6753112046874999 0 0.6325416171875 0.0050159265625 0.6805534109375 0.10945932968750001 0.7550405671875 0.0989946734375 0.69587071875 0 0.6753112046874999 0
1 0.48534841406250007 0.0364586515625 0.5294961703125 0.1289846640625 0.6050275734375 0.1189325765625 0.5579943875 0.0212818390625 0.48534841406250007 0.0364586515625
1 0.48282504375 0.03777248125 0.410887153125 0.047639828125 0.4529055234375 0.138118409375 0.5283946453125 0.12867808593750002 0.48282504375 0.03777248125
1 0.775919796875 0 0.83087069375 0.0882583015625 0.9015576796874999 0.0770625828125 0.8529137796875 0 0.775919796875 0
1 0.7006994203125 0 0.755577625 0.1033684015625 0.82892194375 0.088566953125 0.7784440218750001 0.0099339390625 0.7718252015625 0 0.7006994203125 0
1 0.8561227 0 0.90171078125 0.07576439375 0.938465296875 0.072134325 0.9270403421875001 0 0.8561227 0