1 0.9272308578124999 0.1872573625 0.860239084375 0.09433245312500001 0.7931990171875001 0.11358149843750001 0.860317034375 0.21192388593749997 0.9289216046875 0.19278754375 0.9272308578124999 0.1872573625
1 0.719680740625 0.13886640156250002 0.791669146875 0.2373260109375 0.85834475 0.2155241828125 0.7857853296874999 0.11725845625 0.719680740625 0.13886640156250002
1 0.5514414265625 0.196239309375 0.47945765937499996 0.21617140468749999 0.4748121171875 0.217591690625 0.542064115625 0.3184890109375 0.6169983375 0.292941028125 0.5514414265625 0.196239309375
1 0.5557478515625001 0.1932705109375 0.6206974140625 0.2897216953125 0.700532665625 0.2709818140625 0.63073621875 0.170454309375 0.5557478515625001 0.1932705109375
1 0.6342706046875 0.16811095 0.7054142328124999 0.272495109375 0.784747675 0.247768090625 0.7118185125000001 0.14394720156250002 0.6342706046875 0.16811095
1 0.401050703125 0.24177654531249998 0.46573707343750004 0.34534014687500003 0.542707309375 0.3191696921875 0.47570457499999996 0.21895256562499998 0.401050703125 0.24177654531249998
1 0.318956409375 0.2693398515625 0.3834859421875 0.3742939140625 0.46369461406249995 0.34779294374999997 0.39913367499999997 0.2422122734375 0.318956409375 0.2693398515625
0 0 0.3705191671875 0.061757307812499995 0.49442225000000006 0.1435088125 0.46883859375 0.07727624375 0.3409600890625 0 0.3637849078125 0 0.3705191671875
1 0.0779362953125 0.3415895109375 0.146285334375 0.47133908281250003 0.23044945625 0.4463629953125 0.164357809375 0.316830246875 0.0779362953125 0.3415895109375
0 0.239818615625 0.2929283421875 0.31454104374999997 0.4228994265625 0.39308253125000003 0.3982273078125 0.31566989843750004 0.2672446109375 0.239818615625 0.2929283421875
0 0.164553046875 0.3159393359375 0.231713621875 0.4469031640625 0.3122616296875 0.42029844531249994 0.2381452015625 0.2951024 0.164553046875 0.3159393359375
1 0.8667050203125 0.223640778125 0.7900820703125 0.248776378125 0.8799136937500001 0.38254467812500004 0.9635850218750001 0.357639896875 0.8667050203125 0.223640778125
0 0.96824524375 0.362976209375 0.9802281 0.360603528125 0.9327074953125001 0.205170634375 0.8700175046874999 0.22163415 0.96824524375 0.362976209375
1 0.5458538484375001 0.3293129546875 0.4706733140625 0.35345857187499996 0.549927909375 0.486952934375 0.6324650109375 0.45833826718750004 0.5458538484375001 0.3293129546875
1 0.7888410375 0.2575878171875 0.707357665625 0.2827190125 0.8003483734374999 0.410926890625 0.876026959375 0.3810285390625 0.7888410375 0.2575878171875
1 0.6258301546875 0.3075661765625 0.54984634375 0.3297936515625 0.6316510734375 0.45723489375000004 0.7170237390625 0.4378949375 0.6258301546875 0.3075661765625
0 0.6300535125 0.3085160765625 0.7192998328125 0.437875175 0.79911465625 0.4127972265625 0.7046316796875 0.2841502421875 0.6300535125 0.3085160765625
1 0.47042305312500005 0.5180210953125 0.54945149375 0.4891269140625 0.46708255468750004 0.3540718640625 0.39008070625 0.3796420171875 0.400123971875 0.39935929375 0.47042305312500005 0.5180210953125
1 0 0.5655713609374999 0.036122059375 0.6522409828125 0.12213663593749999 0.6248175109375 0.060892785937500006 0.491296984375 0 0.508018325 0 0.5655713609374999
0 0.1496719265625 0.47450099375 0.065703703125 0.4966759875 0.125612990625 0.6237546828125 0.210153909375 0.5956555781249999 0.1496719265625 0.47450099375
0 0.315494659375 0.4247568484375 0.2335576015625 0.44866163437499995 0.298970584375 0.5697632671874999 0.38381401249999997 0.5424718109375 0.315494659375 0.4247568484375
0 0.23221015312499999 0.44814034999999997 0.1505582578125 0.47253461406249997 0.21368062031249999 0.59682970625 0.2989016453125 0.573027375 0.23221015312499999 0.44814034999999997
0 0.395528753125 0.40164018593749995 0.3175090359375 0.4256986203125 0.3839728171875 0.5417471515625001 0.46678965312500004 0.5177797203125001 0.395528753125 0.40164018593749995
1 1 0.516122478125 0.97543176875 0.481350315625 0.903220053125 0.499856465625 1 0.657372859375 1 0.516122478125
1 0.2627866703125 0.6982562999999999 0.173222528125 0.7221757265625001 0.25594430468749996 0.8973739374999999 0.3501132375 0.8696631968749999 0.2627866703125 0.6982562999999999
1 1 0.6614998187500001 0.8995776171875001 0.502382071875 0.8260140046875 0.523029034375 0.926109115625 0.693455478125 1 0.667762078125 1 0.6614998187500001
1 0.359802384375 0.66901775 0.4493743796875 0.8403956140625001 0.5414483953125 0.8127855578125001 0.44496339531249995 0.6382409171875 0.359802384375 0.66901775
0 0.0817679546875 0.75400564375 0.1609072015625 0.9294067953124999 0.2542907109375 0.8955631546875 0.171141740625 0.724244959375 0.0817679546875 0.75400564375
0 0.7206721593750001 0.558257096875 0.8222133125 0.725867515625 0.9080508500000001 0.7007039390625 0.8030291500000001 0.53200800625 0.7206721593750001 0.558257096875
1 0.4496784171875 0.64273715 0.5411224078125 0.8107260359374999 0.6302200921875001 0.7813269546875 0.5371037171874999 0.6197871265625 0.4496784171875 0.64273715
0 0.26636028125 0.696290796875 0.3535443203125 0.870773396875 0.44864904375 0.8411571671875 0.35891960625 0.6748032765625 0.26636028125 0.696290796875
1 0.6256890734375 0.5916132421875 0.730391078125 0.7566393734375 0.8210041140625 0.7262372046875 0.71840331875 0.5595001093749999 0.6256890734375 0.5916132421875
0 0.6210906375 0.76144665625 0.63169784375 0.7792557718750001 0.7266696796875001 0.756157728125 0.6230932921875 0.592417884375 0.5395149046875 0.6188227093750001 0.6210906375 0.76144665625
1 0 0.1930161890625 0.03116529375 0.253454625 0.10823171718749999 0.2290489296875 0.059404325 0.1384613765625 0 0.1566032265625 0 0.1930161890625
0 0.133685240625 0.11641118125000001 0.06010468906250001 0.1375710609375 0.109202528125 0.2300604953125 0.1874508140625 0.20878068437500003 0.133685240625 0.11641118125000001
1 0.208080725 0.0963092890625 0.1349102984375 0.11575756875000001 0.1876774484375 0.2087113953125 0.26308294375 0.1878602015625 0.208080725 0.0963092890625
1 0.2885376921875 0.0774378265625 0.20829700624999997 0.0957870453125 0.26317311718749997 0.187392115625 0.339549225 0.164041596875 0.2885376921875 0.0774378265625
1 1 0.8340698390625001 0.910357978125 0.7020690890625 0.8243039015625 0.727827378125 0.9268303031249999 0.8900686375 1 0.868331796875 1 0.8340698390625001
1 0.8408553812499999 0.9186359296875001 0.9254059124999999 0.8913050953124999 0.8213475671875001 0.7292823015625001 0.7339477390625 0.7612171046875 0.8338952890625 0.92076384375 0.8408553812499999 0.9186359296875001
1 1 0.66826808125 0.9150753875 0.69815405625 1 0.8283964906250001 1 0.66826808125
1 0.6410556234375 0.7851331265625 0.7355134546875 0.9508421890625 0.831243403125 0.9215746078124999 0.7289432796875001 0.7615380171874999 0.6410556234375 0.7851331265625
1 0.41627110156249997 1 0.3481559984375 0.8739514828124999 0.25996945312499997 0.9003617328125 0.30765997343749996 1 0.41627110156249997 1
1 0.5322102890625 1 0.4454439265625 0.8458095328124999 0.3519946390625 0.87478906875 0.41998323437499996 1 0.5322102890625 1
1 0.5747255015625 1 0.6376871921875 0.9807506796875 0.54318586875 0.81832975625 0.44725903906250003 0.84566381875 0.5333542812500001 1 0.5747255015625 1
1 0.5453396171875 0.8163181390625001 0.6376182984375001 0.9807717421875 0.7337608437500001 0.951378015625 0.6369766421875 0.7864511296875001 0.5453396171875 0.8163181390625001
1 0.304303446875 1 0.25832141875 0.9014166703125 0.1629634734375 0.933222259375 0.192106803125 1 0.304303446875 1
1 0.5200266 0 0.5046721375 0.0052037921874999995 0.56574574375 0.10271888437500001 0.6369784015625 0.079602571875 0.584339453125 0 0.5200266 0
1 0.33937111249999996 0.1636555375 0.41127416875 0.140475253125 0.35729611562499997 0.0577378125 0.28961592187499996 0.0771081796875 0.33937111249999996 0.1636555375
1 0.5862491328125 0 0.6379304578125 0.0805878109375 0.7113991937499999 0.0595264578125 0.6634594078125 0 0.5862491328125 0
1 0.4311623296875 0.0346348046875 0.4886980921875 0.1215906515625 0.5632760578125 0.1007973375 0.5021106015625 0.009087459374999999 0.4311623296875 0.0346348046875
1 0.42880941406249995 0.0363145171875 0.35782119218749997 0.056414176562499994 0.41292412812499996 0.1416086375 0.48754624687500003 0.12143745937499999 0.42880941406249995 0.0363145171875
1 0.7544227609374999 0 0.7861807703125 0.0380017390625 0.855722028125 0.0167408421875 0.8415551750000001 0 0.7544227609374999 0
0 0.6662584859375 0 0.7125594390625001 0.0638557984375 0.7842636078125 0.038587873437499996 0.7511008421875001 0 0.6662584859375 0