1 0.6515625 0.2484375 0.11875 0.175
1 0.48046875 0.28984375 0.1046875 0.1453125
1 0.5609375 0.27265625 0.109375 0.153125
1 0.39140625 0.3140625 0.125 0.1578125
1 0.13828125 0.375 0.128125 0.1671875
1 0.903125 0.196875 0.1109375 0.1703125
1 0.74375 0.23671875 0.11875 0.175
0 0.31875 0.33671875 0.115625 0.1625
1 0.82578125 0.2203125 0.1140625 0.1703125
0 0.23203125 0.36328125 0.115625 0.16875
0 0.0546875 0.41015625 0.109375 0.1515625
1 0.5578125 0.42421875 0.1171875 0.175
1 0.4625 0.44921875 0.121875 0.1609375
0 0.2859375 0.4921875 0.1140625 0.1453125
1 0.6484375 0.40859375 0.125 0.175
1 0.82421875 0.36953125 0.121875 0.178125
0 0.196875 0.51640625 0.1203125 0.1609375
0 0.37421875 0.47578125 0.115625 0.153125
1 0.91875 0.3515625 0.1265625 0.1875
0 0.73359375 0.39609375 0.1296875 0.1625
1 0.03828125 0.56171875 0.0765625 0.1484375
0 0.11015625 0.54609375 0.1234375 0.15625
1 0.0421875 0.1546875 0.084375 0.13125
1 0.81640625 0.02109375 0.1046875 0.0421875
1 0.36328125 0.08359375 0.1015625 0.140625
1 0.28125 0.10234375 0.103125 0.140625
1 0.91171875 0.6609375 0.128125 0.19375
1 0.97109375 0.6453125 0.0578125 0.18125
1 0.8109375 0.69375 0.1296875 0.1859375
0 0.12109375 0.1421875 0.1125 0.1484375
1 0.44140625 0.07109375 0.1015625 0.1421875
1 0.6765625 0.04296875 0.1 0.0859375
1 0.2015625 0.12578125 0.109375 0.15
1 0.71640625 0.72109375 0.1390625 0.1921875
0 0.1296875 0.86484375 0.146875 0.20625
0 0.62578125 0.753125 0.140625 0.18125
0 0.33359375 0.8234375 0.1359375 0.190625
1 0.23359375 0.85 0.1421875 0.1890625
1 0.4296875 0.80625 0.146875 0.196875
1 0.53515625 0.7875 0.1296875 0.1953125
1 0.51875 0.0625 0.109375 0.125
1 0.5984375 0.05234375 0.103125 0.1046875
0 0.746875 0.0359375 0.109375 0.071875
1 0.91796875 0.846875 0.1203125 0.153125
1 0.97421875 0.8234375 0.0515625 0.15625
1 0.6109375 0.91953125 0.1265625 0.1515625
1 0.8171875 0.871875 0.1265625 0.1515625
1 0.3984375 0.94765625 0.134375 0.1046875
1 0.50859375 0.934375 0.1328125 0.13125
1 0.71953125 0.89765625 0.13125 0.146875
1 0.2953125 0.9625 0.125 0.075
1 0.1890625 0.97421875 0.1375 0.0515625