1 1 0.23193157968749997 0.9277701531250001 0.23068974375 0.96537965625 0.3519825671875 1 0.3528418296875 1 0.23193157968749997
1 0.8452984015625 0.23355527187499997 0.8878152343749999 0.3564871859375 0.9622603921874999 0.35504116093750004 0.9191037796874999 0.23212894843749998 0.8452984015625 0.23355527187499997
1 0.6567217234375 0.23961365625000003 0.5774687359375 0.23749566406249997 0.5723124984375 0.23749566406249997 0.60926511875 0.3614374609375 0.693255775 0.358745221875 0.6567217234375 0.23961365625000003
1 0.6620142953125 0.2379276796875 0.698009603125 0.35661410937500004 0.7848622890625 0.3623982140625 0.7452121484374999 0.238039971875 0.6620142953125 0.2379276796875
1 0.7495269625 0.2367513625 0.7893477156250001 0.3654654109375 0.87754904375 0.364983403125 0.8357410749999999 0.2362870859375 0.7495269625 0.2367513625
1 0.4899353296875 0.2391627984375 0.5234562640625 0.36502496406249996 0.6097067578125 0.362332725 0.5727960671875 0.2391627984375 0.4899353296875 0.2391627984375
1 0.39805139375 0.241677753125 0.430981625 0.368909878125 0.520621875 0.3668907015625 0.487854221875 0.23900935625000003 0.39805139375 0.241677753125
0 0.130506878125 0.2393625578125 0.041745970312500005 0.23851433906250002 0.067129934375 0.39112095468749997 0.1580515703125 0.3905191828125 0.130506878125 0.2393625578125
1 0.1309815375 0.240210775 0.1600939046875 0.393937025 0.25327592656250003 0.3947079390625 0.226387646875 0.2419072109375 0.1309815375 0.240210775
0 0.31040198124999996 0.24105899375 0.345914940625 0.3969996671875 0.4332953546875 0.39632660625 0.39536563125 0.23851433906250002 0.31040198124999996 0.24105899375
0 0.22686230312500003 0.24105899375 0.2543914921875 0.3956535484375 0.3444083828125 0.39363436875 0.3080286953125 0.2427554296875 0.22686230312500003 0.24105899375
1 1 0.45940248125 0.9682276671875 0.365931971875 0.8826508375 0.3676765421875 0.932322040625 0.532205871875 1 0.5327097953125 1 0.45940248125
1 0.6097528734375001 0.3736650515625 0.525947396875 0.37484940624999996 0.5649673625 0.535799353125 0.6576270421875 0.5323496890625 0.6097528734375001 0.3736650515625
1 0.8786566421875 0.37628096875 0.7881475890625 0.3765046796875 0.842751015625 0.536345471875 0.928847303125 0.529446140625 0.8786566421875 0.37628096875
1 0.6976818765624999 0.37642478281249997 0.6136562953125 0.3754011640625 0.657143265625 0.5309698203125001 0.749802946875 0.537869153125 0.6976818765624999 0.37642478281249997
1 0.7016740265625 0.37871171718749996 0.7521194390625 0.5385590859375 0.8409183 0.537869153125 0.784936409375 0.3771147171875 0.7016740265625 0.37871171718749996
1 0.47462417187500006 0.5426986859375 0.563809115625 0.537869153125 0.5221122593749999 0.374354984375 0.43601597031250006 0.37642478281249997 0.4400915046875 0.3996785390625 0.47462417187500006 0.5426986859375
1 0 0.5440745328125 0.0879522390625 0.5430196890625 0.06722227187499999 0.3876620703125 0 0.38572140625 0 0.5440745328125
0 0.162550234375 0.39822014375000003 0.0704363296875 0.394651978125 0.09181075625 0.5430196890625 0.1863444234375 0.5407212828125 0.162550234375 0.39822014375000003
0 0.34630649375 0.3991925796875 0.25571751875 0.398023265625 0.284533371875 0.542008753125 0.37912346406249997 0.5406288875 0.34630649375 0.3991925796875
0 0.2545115578125 0.3970709421875 0.16406014062500002 0.3964900765625 0.189559853125 0.5430196890625 0.283450434375 0.54531809375 0.2545115578125 0.3970709421875
1 0.43471927343749994 0.40057244531249997 0.348058928125 0.4007820578125 0.37950954531250003 0.5399389546875 0.47101098124999996 0.5413188203125 0.43471927343749994 0.40057244531249997
1 1 0.667054765625 0.9986153718749999 0.6628317218750001 0.9195735203125001 0.659187515625 0.971489996875 0.8600302171875001 1 0.8595138531250001 1 0.667054765625
1 0.20792911093750002 0.661840371875 0.10959369062499999 0.65830648125 0.1391909453125 0.8628947015625 0.24337704375000002 0.86399636875 0.20792911093750002 0.661840371875
1 0.83401400625 0.658747 0.8827269671875 0.8638860515625 0.9693432218750001 0.8605810484375 0.9150924734375 0.6606283875 0.83401400625 0.658747
1 0.315478975 0.662271134375 0.3532151484375 0.8650980359375 0.4552435484375 0.8656488687499999 0.41147305625 0.6574337046875 0.315478975 0.662271134375
0 0.006884496875 0.6622550484375 0.032782310937499996 0.8659326734375 0.1380744046875 0.860531003125 0.1068394296875 0.65976885625 0.006884496875 0.6622550484375
1 0.716153928125 0.661830615625 0.76720860625 0.8645472015625 0.86214741875 0.8656488687499999 0.80789666875 0.6607387046875 0.716153928125 0.661830615625
1 0.41486372656250003 0.663492875 0.45555179062500006 0.8634455328125 0.5551142453125 0.8612421984375 0.5107272671875001 0.6673487109375 0.41486372656250003 0.663492875
0 0.21216647968750002 0.6609495828124999 0.2465152453125 0.8661997046875 0.352242559375 0.8656488687499999 0.3127874671875 0.6678995453125001 0.21216647968750002 0.6609495828124999
1 0.6093894640624999 0.6662357859375 0.664454565625 0.8673013718749999 0.765866478125 0.8645472015625 0.7134651843750001 0.6623912078124999 0.6093894640624999 0.6662357859375
0 0.5520168734374999 0.8381071796875 0.5572570015625 0.8595896984375001 0.660826615625 0.8656488687499999 0.6065049 0.6662470421875 0.5134740437499999 0.6671168203125 0.5520168734374999 0.8381071796875
1 0.09085358437499999 0.02714760625 0.0083760015625 0.027466221875000002 0.0243341234375 0.13525137812500002 0.1101345875 0.13438999375 0.09085358437499999 0.02714760625
1 0.17520797500000002 0.02714760625 0.091275871875 0.027121785937499997 0.110857625 0.13568207031249999 0.196658090625 0.13482068593750002 0.17520797500000002 0.02714760625
0 0.25745001093750003 0.027820856249999998 0.17619517499999998 0.0264575890625 0.19732959375 0.1361558109375 0.28335964687500004 0.1388529453125 0.25745001093750003 0.027820856249999998
1 0.33920371562499996 0.030517990625 0.25889634687499996 0.0275360765625 0.283611196875 0.1388529453125 0.36662265 0.1411005609375 0.33920371562499996 0.030517990625
1 0.42672830937499995 0.0363617859375 0.339585321875 0.0300525453125 0.36685944375 0.1406510359375 0.45163174531249994 0.1406510359375 0.42672830937499995 0.0363617859375
1 0.9047348625 1 0.8640656265625 0.8677617140624999 0.7687224546875 0.8671993625000001 0.80483665625 1 0.9047348625 1
1 0.8022699375 1 0.76527010625 0.8677617140624999 0.6666441468750001 0.8730823203125 0.7006253484375 1 0.8022699375 1
1 1 0.9734064265625 0.96586640625 0.86122286875 0.8700690156249999 0.865238378125 0.9087765265625001 1 1 1 1 0.9734064265625
1 0.6970272203125 1 0.6614647609375 0.8718484906249999 0.5649317140625 0.8685066859375 0.5943702453124999 1 0.6970272203125 1
1 0.26654969687499996 1 0.24005954375 0.8677617140624999 0.14234947656250002 0.8671993625000001 0.162274434375 1 0.26654969687499996 1
1 0.37603125312499996 1 0.347545409375 0.8693964234375 0.24369603906249998 0.8698140125 0.2700465203125 1 0.37603125312499996 1
1 0.48516693125000004 1 0.455286628125 0.8718484906249999 0.3494330671875 0.8698140125 0.377324175 1 0.48516693125000004 1
1 0.59153953125 1 0.5603823078125 0.8685790703125 0.45809707031249997 0.8704676734374999 0.4861851875 1 0.59153953125 1
1 0.158849165625 1 0.1403492515625 0.8677617140624999 0.0336854734375 0.8704676734374999 0.0485425140625 1 0.158849165625 1
1 0.6685330234375 0.030080829687499998 0.7002638625000001 0.1486436921875 0.779742603125 0.147278025 0.74458854375 0.0277820796875 0.6685330234375 0.030080829687499998
1 0.4515707578125 0.140201515625 0.5317498406250001 0.13897971874999998 0.502635378125 0.037710353125 0.42792507031250004 0.0363617859375 0.4515707578125 0.140201515625
1 0.7468812 0.028464914062500003 0.7804032375000001 0.1485804328125 0.8615139968750001 0.15000935937499998 0.814132440625 0.03119625 0.7468812 0.028464914062500003
1 0.584783190625 0.037179884375 0.6161998109375 0.143863853125 0.698353315625 0.14591235625 0.6647276953125 0.033244753125 0.584783190625 0.037179884375
1 0.5818735859374999 0.038159874999999996 0.5035791281249999 0.036523467187500006 0.5330729125 0.1406510359375 0.6150781671875001 0.1433481734375 0.5818735859374999 0.038159874999999996
1 1 0.1015389546875 0.9719951359375001 0.0359760890625 0.89403109375 0.032128403124999996 0.94410115625 0.151375028125 1 0.151375028125 1 0.1015389546875
1 0.8613481703125 0.1547891984375 0.9419732375000001 0.151375028125 0.9014696484375 0.05850960937500001 0.8896242593749999 0.0325619171875 0.8200803640625001 0.0339275859375 0.8613481703125 0.1547891984375