1 0.8534082890624999 0.17127601406249998 0.901009140625 0.2818891125 0.9746940625 0.2759823140625 0.9235665265625 0.165115184375 0.8534082890624999 0.17127601406249998
1 0.7756667515625 0.1821783953125 0.828072784375 0.293848828125 0.8983611234375 0.285082878125 0.8453517546875 0.1734946375 0.7756667515625 0.1821783953125
1 0.5978570640624999 0.2066417890625 0.5226669390625001 0.21252572343749998 0.5177886875000001 0.2130384484375 0.565030559375 0.326214275 0.644226284375 0.31532423125000003 0.5978570640624999 0.2066417890625
1 0.602697234375 0.204525996875 0.648512646875 0.3128423421875 0.7312560265625 0.3096590609375 0.6814208015625 0.1963588546875 0.602697234375 0.204525996875
1 0.6853753046875 0.19471491875 0.7358035640625 0.312104746875 0.819201965625 0.3028797703125 0.7668953843749999 0.1857042640625 0.6853753046875 0.19471491875
1 0.440017884375 0.22280160000000002 0.48420337187499995 0.33812915625 0.5655371 0.3270144015625 0.5184113828125 0.2145621109375 0.440017884375 0.22280160000000002
1 0.3533368609375 0.23430939374999998 0.3970992390625 0.350987265625 0.48170666874999996 0.34016998906249996 0.4380337703125 0.222863878125 0.3533368609375 0.23430939374999998
0 0.09998695625000001 0.2587307 0.015927328125 0.2667572015625 0.055064653124999995 0.408108115625 0.14102483593749998 0.3984997296875 0.09998695625000001 0.2587307
1 0.100520075 0.2594831875 0.14329573906249998 0.40151892968749997 0.231530465625 0.3929799203125 0.1909506921875 0.2515955859375 0.100520075 0.2594831875
0 0.27035154375000003 0.2424417015625 0.3194021546875 0.38592870625 0.40200496875 0.3766052390625 0.35048243125 0.23159404375 0.27035154375000003 0.2424417015625
0 0.191315709375 0.250748703125 0.2326795875 0.39376049687500003 0.31764335 0.382905765625 0.2682743078125 0.2442770671875 0.191315709375 0.250748703125
1 0.9050858609375 0.294757184375 0.8242955734375 0.3049115078125 0.8875921765625 0.4550878921875 0.9753247 0.4465244796875 0.9050858609375 0.294757184375
0 0.9789169546875 0.45272335 0.9977786015625 0.45266091093750005 0.980550734375 0.28874871562500004 0.9087555890625 0.293404725 0.9789169546875 0.45272335
1 0.56670365625 0.3376937484375 0.4875337109375 0.34714376874999997 0.540398628125 0.49500470625000004 0.6277209546875 0.48253854531249996 0.56670365625 0.3376937484375
1 0.8213693328125 0.313420796875 0.7357620265625 0.3226317265625 0.8032603546875 0.46789738593749997 0.884031309375 0.45283158281249997 0.8213693328125 0.313420796875
1 0.6501656421875001 0.3315521125 0.5705686671875 0.3389423796875 0.627126528125 0.48128573281250003 0.7154743421875 0.4785764375 0.6501656421875001 0.3315521125
0 0.6541691765625 0.333311225 0.7177343109375001 0.4789965484375 0.8016774281249999 0.469516128125 0.7327844203125 0.323526171875 0.6541691765625 0.333311225
1 0.45560973593750004 0.5104928125 0.5395079234375 0.497071253125 0.48385634218750007 0.3470589953125 0.40260682656249996 0.3575715921875 0.4087668671875 0.37908959375 0.45560973593750004 0.5104928125
1 0 0.526203890625 0.0034852140625 0.5593634875 0.089816103125 0.5492452515624999 0.054809268749999994 0.4048379546875 0 0.4090092421875 0 0.526203890625
0 0.14604405781250002 0.4053127328125 0.0585426828125 0.411108328125 0.0934665984375 0.5488615703125 0.18267595781249998 0.5372944515625 0.14604405781250002 0.4053127328125
0 0.3199898953125 0.38795721250000004 0.2341689421875 0.3958627703125 0.2756988609375 0.5287445640625 0.365052621875 0.51803781875 0.3199898953125 0.38795721250000004
0 0.23293363125000002 0.395084853125 0.147301128125 0.40353151093750006 0.1859457859375 0.539141615625 0.2750022328125 0.5319722437500001 0.23293363125000002 0.395084853125
0 0.40377284375 0.3804665546875 0.3218053546875 0.3892814890625 0.3653495234375 0.517348971875 0.4520546078125 0.5095511859374999 0.40377284375 0.3804665546875
1 1 0.6533611953125 0.9632552499999999 0.5716477609374999 0.8881136453125 0.576071809375 0.9571327859375 0.7602605875 1 0.7549713437500001 1 0.6533611953125
1 0.21509871875000003 0.649337228125 0.12171464218750001 0.6557837906249999 0.16998899375 0.84572315625 0.2686673125 0.8364017546875001 0.21509871875000003 0.649337228125
1 0.8071232187499999 0.5841643484375 0.87353728125 0.77272220625 0.9551563312500001 0.7609933734375 0.884016959375 0.577875825 0.8071232187499999 0.5841643484375
1 0.316892971875 0.639048821875 0.3726929234375 0.8265183296874999 0.4692752859375 0.8168921671874999 0.40723241874999994 0.6249427328125 0.316892971875 0.639048821875
0 0.024934034375 0.6697196109375 0.0696181625 0.859168346875 0.168698428125 0.843605725 0.119253778125 0.657436371875 0.024934034375 0.6697196109375
0 0.695922840625 0.5987912765625001 0.764312328125 0.7848324171875001 0.8542419062500001 0.7764305453125 0.7826112921874999 0.58863914375 0.695922840625 0.5987912765625001
1 0.41104069687499994 0.630318059375 0.46934858124999995 0.8147842484375 0.563325034375 0.8028067078125 0.5021180609375 0.62442081875 0.41104069687499994 0.630318059375
0 0.2190193703125 0.6480760515624999 0.2718546546875 0.8381669687500001 0.37182735 0.8271343578125 0.31490429531249997 0.644622834375 0.2190193703125 0.6480760515624999
1 0.5953508390625 0.6135608234375 0.6673709390625 0.7976466390625 0.763042559375 0.7849658765624999 0.6934346031249999 0.5995871546875 0.5953508390625 0.6135608234375
0 0.5581021890625 0.781303384375 0.5651885234375 0.8010356875 0.6637748343750001 0.7964494421875 0.5926229046875 0.6138582687499999 0.5046937734375 0.6239290640624999 0.5581021890625 0.781303384375
1 0 0.1698919890625 0.07031119531249999 0.161790046875 0.0414429734375 0.0626009265625 0 0.067118125 0 0.1698919890625
1 0.12124959843750001 0.0542129125 0.0418399359375 0.0625345921875 0.071123284375 0.1629362984375 0.15221266875 0.1535923921875 0.12124959843750001 0.0542129125
1 1 0.75468035625 0.9555238671874999 0.7622787578125 1 0.8716551984375001 1 0.75468035625
0 0.1991244640625 0.0466696765625 0.12211520312499999 0.053464209375 0.1529802671875 0.154784353125 0.2346394765625 0.148772528125 0.1991244640625 0.0466696765625
1 0.2767378734375 0.04108308125 0.2004646046875 0.04625736875 0.23487746406249999 0.1487475140625 0.313636271875 0.1426120546875 0.2767378734375 0.04108308125
1 0.360122853125 0.0378892640625 0.2770527859375 0.040606321875000004 0.3138157546875 0.1421647046875 0.3940177609375 0.133735134375 0.360122853125 0.0378892640625
1 0.7660073656249999 0.7871822984375 0.8361503734375001 0.9674233125 0.93281931875 0.957262996875 0.8562660624999999 0.778231759375 0.7660073656249999 0.7871822984375
1 0.6700153125 0.802879096875 0.7373029078125 0.9778125984375 0.8341977500000001 0.967628540625 0.762796865625 0.7880557671874999 0.6700153125 0.802879096875
1 1 0.8753036875 0.9519305578124999 0.7619441984375 0.8616957546874999 0.775255834375 0.93541251875 0.956990440625 1 0.9502020218749999 1 0.8753036875
1 0.573333059375 0.8086793234374999 0.6341193656249999 0.9886576265624999 0.734490025 0.9781082453125001 0.6649929 0.8022308890625001 0.573333059375 0.8086793234374999
1 0.315851346875 1 0.26590177812500004 0.8402815453124999 0.1734037921875 0.84946744375 0.2125087640625 1 0.315851346875 1
1 0.4237516046875 1 0.36775478437500003 0.8311345671874999 0.2695455828125 0.8418548140625 0.319352371875 1 0.4237516046875 1
1 0.5262038921875 1 0.531365925 0.9994574484375001 0.46993036874999994 0.8227327875 0.3695820515625 0.8313405578124999 0.4248172921875 1 0.5262038921875 1
1 0.4724524671875 0.8211515109375 0.5313406546875 0.9994601046874999 0.632240884375 0.9888550625000001 0.569036096875 0.8091999484375 0.4724524671875 0.8211515109375
1 0.20889356874999998 1 0.171567128125 0.8501965171875 0.0709220078125 0.8633540625 0.10138041874999999 1 0.20889356874999998 1
1 0.6466764734375 0 0.5882688593750001 0.0079231546875 0.6300374671875 0.11654705000000001 0.7050959765625 0.10735633124999999 0.6607427343750001 0 0.6466764734375 0
1 0.3939155171875 0.133317396875 0.46965086874999995 0.12419267656249999 0.43207120468750004 0.031612640625 0.36125509375 0.0377702609375 0.3939155171875 0.133317396875
1 0.662785 0 0.70585005 0.1085185296875 0.7827295109375 0.10180022343749999 0.72903205 0 0.662785 0
1 0.50973765 0.022943925 0.550031890625 0.1203998390625 0.627959275 0.11416197343750001 0.5849822 0.011284443750000001 0.50973765 0.022943925
1 0.507082015625 0.0241571703125 0.43284646406249994 0.03039981875 0.47106822187499997 0.1256368046875 0.5489196203125 0.12002520000000001 0.507082015625 0.0241571703125
1 0.80873661875 0 0.86099950625 0.09487546875 0.934024284375 0.0872002546875 0.8852857046875 0 0.80873661875 0
0 0.733661884375 0 0.7830462625 0.1063230671875 0.8589863078125 0.0950870640625 0.8114642875 0.01156264375 0.8046226203125 0 0.733661884375 0
1 0.888630509375 0 0.93425046875 0.085874728125 0.9591077671875 0.0847325 0.9502020234374999 0 0.888630509375 0