1 1 0.315144434375 0.98168554375 0.3091996875 0.9822518406249999 0.43467959531249994 1 0.4405901671875 1 0.315144434375
1 0.9027890484375 0.28803896406249996 0.9075272328124999 0.41648768125 0.978415634375 0.4366665625 0.9730661328125001 0.3080513015625 0.9027890484375 0.28803896406249996
0 0.7225300546875 0.239187134375 0.6481199671875 0.21424960468749998 0.6432390078125 0.212757346875 0.6424183375 0.340549853125 0.722702590625 0.3623138796875 0.7225300546875 0.239187134375
1 0.7280270609375 0.23912596874999997 0.72781819375 0.3616762375 0.8083632953125001 0.3922768640625 0.8067507515625 0.2633102234375 0.7280270609375 0.23912596874999997
1 0.811207421875 0.2633415109375 0.8117233 0.396472821875 0.89535500625 0.42154363906250003 0.8929528828125 0.287853965625 0.811207421875 0.2633415109375
1 0.5647782015625 0.190491775 0.5601543578125 0.319105453125 0.6425778015625 0.341523496875 0.643215209375 0.214472375 0.5647782015625 0.190491775
1 0.4770732796875 0.16627587187499998 0.47149455625 0.296012909375 0.556932371875 0.320047875 0.562852521875 0.189744515625 0.4770732796875 0.16627587187499998
0 0.2244810453125 0.086658865625 0.14070386875000002 0.060169321875 0.12065235468749999 0.21169579375 0.20689373125000002 0.2374407421875 0.2244810453125 0.086658865625
0 0.22468535625000002 0.087597615625 0.20783978749999998 0.24126093124999998 0.2958243765625 0.2689569453125 0.31450795625 0.11681171562499999 0.22468535625000002 0.087597615625
0 0.3942819796875 0.140324796875 0.382855659375 0.297932646875 0.4657654625 0.3225853828125 0.475444653125 0.16250985 0.3942819796875 0.140324796875
0 0.315202278125 0.11614770468749999 0.2966072453125 0.27017319375 0.3824015953125 0.29431715937499997 0.3915453828125 0.14124071093749999 0.315202278125 0.11614770468749999
1 0.986309603125 0.6195047687499999 0.980918528125 0.44868299531250005 0.8994065156250001 0.4255645765625 0.8989017390624999 0.5953843578125 0.9853849140625 0.6225292953125 0.986309603125 0.6195047687499999
1 1 0.4541346453125 0.98498380625 0.4488780890625 0.9871574140625 0.61673170625 1 0.5747255 1 0.4541346453125
1 0.639348121875 0.35224343281250003 0.5596747125 0.329108375 0.5501212421874999 0.49246385937500003 0.638830484375 0.5160211734375 0.639348121875 0.35224343281250003
1 0.8931401796875 0.4325379390625 0.8073985609375001 0.4065552078125 0.81291696875 0.5733727671875 0.8964096546875 0.5917713921875001 0.8931401796875 0.4325379390625
1 0.72178566875 0.3802981796875 0.642541675 0.35501336562499997 0.6387711109375 0.5145774859375 0.7244910546875001 0.54791235625 0.72178566875 0.3802981796875
1 0.7249041093749999 0.383614196875 0.7264845859375 0.54923460625 0.8107419828125 0.5742819109374999 0.804182609375 0.40620221875 0.7249041093749999 0.383614196875
1 0.462608384375 0.47283614687500003 0.548426971875 0.4940841640625 0.5561871359375 0.3275313328125 0.47408945625000004 0.3045698484375 0.47123057968750004 0.3277190953125 0.462608384375 0.47283614687500003
1 0.1217388578125 0.208454621875 0.071475171875 0.19148974531250001 0.0258961390625 0.34057204375 0.0964871859375 0.36123328906249996 0.1217388578125 0.208454621875
0 0.20892780625000001 0.2460184296875 0.1227622953125 0.21598874375000002 0.10013970624999999 0.3623499765625 0.19029034843749998 0.38753732812499997 0.20892780625000001 0.2460184296875
1 0.3825928875 0.300117790625 0.2971779875 0.272795825 0.2828653484375 0.41717042031249996 0.3728040828125 0.443241921875 0.3825928875 0.300117790625
0 0.2963114890625 0.271547071875 0.21085682968750002 0.2448208734375 0.192670221875 0.39063939531249997 0.280884325 0.41998361875 0.2963114890625 0.271547071875
1 0.46588695312499995 0.327008871875 0.38379264375 0.3021266734375 0.37336883906249996 0.4427018203125 0.459586665625 0.47048678437499997 0.46588695312499995 0.327008871875
1 0.92558368125 0.8181303140624999 0.923924665625 0.7379832953125 0.8501552890624999 0.711664928125 0.8412868296875 0.9164427671875 0.89116420625 0.930711340625 0.92558368125 0.8181303140624999
1 0.1757375375 0.508215375 0.0836727625 0.47641751250000003 0.052594757812500004 0.6782746828125 0.1509004046875 0.709467859375 0.1757375375 0.508215375
1 0.7692908296875001 0.6864870875 0.756148884375 0.8943969234375 0.839095559375 0.9163418906249999 0.8454972796875 0.711729384375 0.7692908296875001 0.6864870875
1 0.2774211546875 0.5397481953125001 0.2545563078125 0.7422967765624999 0.3509785578125 0.7723450765625001 0.3696876375 0.5629593749999999 0.2774211546875 0.5397481953125001
0 0 0.6626316250000001 0.05222057812499999 0.6757183640625 0.08064313906250001 0.4770020328125 0 0.4545195578125 0 0.6626316250000001
1 0.656832309375 0.6552907296875 0.6466067890625 0.861589571875 0.7361588375 0.8901065062500001 0.7439925296875 0.6808102375 0.656832309375 0.6552907296875
1 0.371147103125 0.5696652656250001 0.3519067734375 0.7703526109375 0.44679026874999994 0.79708515625 0.46077897187500005 0.6010519140625 0.371147103125 0.5696652656250001
0 0.1800059859375 0.5086001046875 0.153234634375 0.71245775625 0.2534765359375 0.7425357171875 0.273247578125 0.544286878125 0.1800059859375 0.5086001046875
0 0.5544953046875001 0.62855411875 0.5485429921875 0.8344537750000001 0.645336315625 0.8612011484375 0.654125184375 0.6550422203124999 0.5544953046875001 0.62855411875
0 0.45054078906250006 0.774331178125 0.4492959515625 0.7961440328125 0.5455860546875 0.831842559375 0.5517614890625 0.6277299359375 0.46344608593750003 0.60162776875 0.45054078906250006 0.774331178125
1 0.8699805375 1 0.8913462593749999 0.9301158703124999 0.8389243640625 0.9177245390625 0.8376382265625001 1 0.8699805375 1
0 0.318450921875 0 0.31754744218750003 0.00848994375 0.3982055 0.0359359765625 0.4006178 0 0.318450921875 0
1 0.4012514078125 0 0.39844361875 0.0360087765625 0.4763740765625 0.0621565046875 0.4796842671875 0 0.4012514078125 0
1 0.480097990625 0 0.47672807031250003 0.06180033124999999 0.556974590625 0.0863341546875 0.5623225734374999 0 0.480097990625 0
1 0.7376007578125 1 0.73736434375 0.89265783125 0.6472737421875 0.864533409375 0.643114453125 1 0.7376007578125 1
1 0.6406640765625 1 0.643843271875 0.8640655703125001 0.5489458546875 0.8405492015625 0.5434240781249999 1 0.6406640765625 1
1 0.8355516203125 1 0.8356189734375 0.9159420515625 0.743776090625 0.892011259375 0.7419949453125 1 0.8355516203125 1
1 0.5402620765624999 1 0.544399375 0.8378845421875001 0.45398526562499997 0.8067897796875 0.439263934375 1 0.5402620765624999 1
1 0.054341265625 0.6832557593749999 0.0254429 0.8777592125 0.1271987328125 0.9088690921874999 0.1466724015625 0.7120651812500001 0.054341265625 0.6832557593749999
1 0.149521946875 0.7150565906249999 0.1306352421875 0.9099197390624999 0.231913396875 0.940883578125 0.247947678125 0.7447169484375 0.149521946875 0.7150565906249999
1 0.24961393593749998 0.7456577828125 0.23290282499999998 0.9411860765625001 0.3361350015625 0.9727473203124999 0.34922858125 0.7782148421875 0.24961393593749998 0.7456577828125
1 0.43729513750000004 1 0.44965783281249994 0.8055415281249999 0.3522878296875 0.777723634375 0.3361097171875 0.972739590625 0.4252744984375 1 0.43729513750000004 1
1 0 0.8699805375 0.0215860515625 0.8765800562500001 0.0522853921875 0.6832081765625 0 0.66865941875 0 0.8699805375
1 0.865654221875 0.1875532828125 0.8666439140625 0.089248415625 0.79346190625 0.0668744296875 0.7900241828125 0.165841721875 0.865654221875 0.1875532828125
1 0.5632754078125 0 0.5570467031249999 0.085891803125 0.6332981390625 0.10794197812499999 0.6347537734375 0.018352484375 0.5747255015625 0 0.5632754078125 0
1 0.9422710999999999 0.21379913749999999 0.9335673312500001 0.10970895781250001 0.8682899468749999 0.0897516578125 0.8659033875000001 0.1889749703125 0.9422710999999999 0.21379913749999999
1 0.7890045796875 0.162708275 0.7896003953124999 0.06569384843750001 0.7127571828125 0.0422005203125 0.7118287546875 0.13699696249999999 0.7890045796875 0.162708275
1 0.7109159468749999 0.1361851453125 0.71000385625 0.041358743749999996 0.6359085890625 0.018705546875 0.634067815625 0.10990391875000001 0.7109159468749999 0.1361851453125
1 1 0.13001946250000002 0.937194884375 0.11081801093750002 0.940733475 0.21826705624999998 1 0.2336825921875 1 0.13001946250000002