1 0.81728406875 0.1287149578125 0.87531106875 0.236637628125 0.9494039828125 0.224130221875 0.8877831046875 0.11626205781250001 0.81728406875 0.1287149578125
1 0.73952685625 0.1466455609375 0.8025137578124999 0.255214959375 0.872913178125 0.2401096015625 0.8093226031249999 0.13167690625 0.73952685625 0.1466455609375
1 0.5616393656249999 0.1871773359375 0.48602016406250004 0.1997947390625 0.4811257078125 0.200746125 0.539016784375 0.311298525 0.61824768125 0.29325176875 0.5616393656249999 0.1871773359375
1 0.5663528875 0.18460420625 0.622367875 0.2903565078125 0.705875778125 0.2798086140625 0.6453474781249999 0.169359571875 0.5663528875 0.18460420625
1 0.6492060296875 0.1673431484375 0.7106980734375 0.2818855796875 0.79433271875 0.2651549515625 0.7309576109375 0.1509959765625 0.6492060296875 0.1673431484375
1 0.4032376828125 0.21752441875 0.4582247921875 0.3305285578125 0.5396007953125 0.3120648375 0.4818916 0.2022356453125 0.4032376828125 0.21752441875
1 0.3164816125 0.23685969375 0.37116017968750004 0.35127015156249997 0.4558777390625 0.33281835625 0.4012339890625 0.2177631 0.3164816125 0.23685969375
0 0 0.3594033546875 0.0298696453125 0.43943851250000004 0.1160644390625 0.42209254375 0.062094096875000004 0.28403233125 0 0.2954889890625 0 0.3594033546875
1 0.06270079375 0.284747996875 0.11863222343749999 0.4249523421875 0.20722532343750003 0.40848921406249994 0.153575428125 0.2687509484375 0.06270079375 0.284747996875
0 0.23316824062500002 0.25244607812500003 0.29558292656249996 0.393566459375 0.378403165625 0.3768063765625 0.3133499 0.23435955156250002 0.23316824062500002 0.25244607812500003
0 0.1538698515625 0.2678601234375 0.2084583125 0.40917885312499996 0.293533390625 0.3906575609375 0.231227715625 0.25449047187499996 0.1538698515625 0.2678601234375
1 0.8805822171875001 0.249321965625 0.799671234375 0.266763965625 0.87710630625 0.4134052828125 0.9651886796875001 0.39696184687499997 0.8805822171875001 0.249321965625
1 0.9693769265625001 0.4029281328125 0.990123671875 0.401046175 0.9581010328125 0.23630397812499998 0.8841782765625 0.247626225 0.9693769265625001 0.4029281328125
1 0.5417305640625 0.3227878328125 0.4623978796875 0.3393724796875 0.5290636015625 0.48458946875000003 0.616383978125 0.46422590625 0.5417305640625 0.3227878328125
1 0.797463678125 0.27564917499999997 0.711590925 0.29256099999999996 0.7928447734375 0.4338523078125 0.8732999828124999 0.411432996875 0.797463678125 0.27564917499999997
1 0.6257034296875 0.30917731875 0.5457553828124999 0.323711671875 0.6156707640625 0.463008459375 0.7048961265625 0.45244520781249997 0.6257034296875 0.30917731875
1 0.6299138640625 0.3106064046875 0.707222009375 0.45267114218750004 0.7913855765625 0.43563336093749994 0.7086550703125 0.29373119375 0.6299138640625 0.3106064046875
1 0.44457710468749995 0.50779238125 0.52834515625 0.4867632390625 0.45866644062499995 0.3396119015625 0.3773222375 0.35745773125 0.3854712828125 0.3787266265625 0.44457710468749995 0.50779238125
1 0 0.548144525 0.008847457812499999 0.5936607515625 0.0775954984375 0.5794418484375 0.0293206015625 0.43614597499999996 0 0.4409738328125 0 0.548144525
0 0.121752259375 0.42855515468750005 0.0336581453125 0.44217225937500004 0.08125811875 0.5787299078125 0.1705692578125 0.5591107953125001 0.121752259375 0.42855515468750005
0 0.296358259375 0.395570859375 0.2101532234375 0.4111782640625 0.26401016875 0.5422129984375 0.353543946875 0.5234533156250001 0.296358259375 0.395570859375
0 0.208833190625 0.41049894531250003 0.12286704531249999 0.42663821718749995 0.17404451875 0.560694059375 0.263591378125 0.5455466984374999 0.208833190625 0.41049894531250003
0 0.3805363421875 0.380564378125 0.29831430625 0.396752721875 0.35378342812499997 0.522728725 0.44089335625 0.5071523499999999 0.3805363421875 0.380564378125
1 1 0.589164759375 0.9640788375 0.52487365625 0.888379115625 0.536006803125 0.9746298359375001 0.7166219328125 1 0.7112130703124999 1 0.589164759375
1 0.21335303906249997 0.6698257078125 0.1193595859375 0.6846232109375 0.18511368125 0.872903434375 0.2842130671875 0.8547231421875001 0.21335303906249997 0.6698257078125
1 0.8070823484374999 0.551376371875 0.8910830453124999 0.736651153125 0.972693446875 0.7175396671875001 0.8843907953125001 0.5381980875 0.8070823484374999 0.551376371875
1 0.315521915625 0.650389425 0.38867750624999997 0.8354999890625001 0.48562734374999994 0.8171961874999999 0.40575195312499995 0.628096440625 0.315521915625 0.650389425
0 0.0429028765625 0.7688606874999999 0.08466660000000001 0.8954139734375 0.18361872968749998 0.870871071875 0.11701434375 0.686516246875 0.03059659375 0.7055503515625 0.0429028765625 0.7688606874999999
1 0.6957736125 0.576043059375 0.7815512234375 0.7585917359375001 0.8718728046875001 0.742117675 0.7826576046875 0.5580814328125 0.6957736125 0.576043059375
1 0.4100858203125 0.6332087453125 0.4855143578125 0.8150527953125 0.5796164734375 0.7945958421875 0.501792153125 0.6191722078125 0.4100858203125 0.6332087453125
0 0.21721130624999999 0.668200303125 0.28759752031249997 0.8562306265625 0.3878556890625 0.8362010703125 0.314003103125 0.6562160421875001 0.21721130624999999 0.668200303125
1 0.5952404328124999 0.5999139625 0.6845209515625 0.780159203125 0.780277234375 0.7588393734375 0.693324565625 0.5770700328125 0.5952404328124999 0.5999139625
0 0.5724177859374999 0.7732589078125 0.581346259375 0.7926355921875 0.680773009375 0.7792637124999999 0.592504390625 0.600456859375 0.5043567921875 0.6184458 0.5724177859374999 0.7732589078125
1 0 0.1268347828125 0.024357490625 0.18947434218749998 0.10564332812499999 0.1728274390625 0.0655711046875 0.075086075 0 0.08783180625 0 0.1268347828125
0 0.0666325625 0.0748797484375 0.106526503125 0.173967878125 0.1886853046875 0.160648465625 0.1436529109375 0.0602837609375 0.12197972187499999 0.0641213515625 0.0666325625 0.0748797484375
1 0.2217524734375 0.047753384375 0.144973396875 0.0597472125 0.188924084375 0.16060205156250001 0.2681347953125 0.1474139203125 0.2217524734375 0.047753384375
1 0.3059091609375 0.037138040625 0.22202903125 0.0472422046875 0.2682768203125 0.1469445375 0.34874525312500004 0.131303059375 0.3059091609375 0.037138040625
1 0.7834764078124999 0.7608239593749999 0.8705146140625001 0.9373376015625 0.967504690625 0.9184846406249999 0.8740825453125 0.7437645671875 0.7834764078124999 0.7608239593749999
1 0.6876634953125 0.7852296515625 0.7713387828125 0.95661543125 0.8685555062500001 0.9377184140624999 0.78030285 0.76199349375 0.6876634953125 0.7852296515625
1 1 0.7762239765625 0.969511290625 0.718788971875 0.8793166625 0.7402673203125001 0.970106503125 0.9179788999999999 1 0.9121681921875 1 0.7762239765625
1 0.59027271875 0.799663740625 0.6678124703125 0.9767389078125 0.76851655625 0.957164015625 0.6825199484375 0.7850168953125001 0.59027271875 0.799663740625
1 0.33978096562500004 1 0.2817570984375 0.858900971875 0.1889042328125 0.8763970828125001 0.232802503125 1 0.33978096562500004 1
1 0.452834940625 1 0.384086840625 0.840616615625 0.285586746875 0.860173484375 0.3434158828125 1 0.452834940625 1
1 0.5481445218750001 1 0.5647176859374999 0.9967785031249999 0.48680942812500005 0.823059165625 0.38595553125 0.8406637703125 0.45398442031249997 1 0.5481445218750001 1
1 0.4892230125 0.8212329984375 0.5646923328125 0.9967834312500001 0.6659277484375 0.9771052609374999 0.5859676078125 0.8005717062500001 0.4892230125 0.8212329984375
1 0.22931676250000002 1 0.187109071875 0.8772986843749999 0.0863586875 0.899541890625 0.11814580156250001 1 0.22931676250000002 1
1 0.540834384375 0 0.5862256234375 0.0929964296875 0.6614178625 0.0770384109375 0.621433778125 0 0.540834384375 0
1 0.348604615625 0.13088862343750002 0.42448812656249996 0.114937628125 0.378210684375 0.0244093703125 0.3070451625 0.036917225 0.348604615625 0.13088862343750002
1 0.6231012421875 0 0.6622846984375 0.07814987500000001 0.7395405125 0.064537159375 0.6979675640624999 0 0.6231012421875 0
1 0.491682578125 0 0.4560902265625 0.00874979375 0.5055496374999999 0.10398080937500001 0.5839093046875 0.09076242343749999 0.5363488640625 0 0.491682578125 0
1 0.45350873125 0.0102146828125 0.37888804375 0.023111275 0.4260516734375 0.1162762125 0.5043900140625001 0.103699425 0.45350873125 0.0102146828125
1 0.7842851203125 0 0.818186128125 0.05059212656249999 0.8914534921874999 0.03635039375 0.8667695875 0 0.7842851203125 0
1 0.700541828125 0 0.740262953125 0.0690941765625 0.8161662421875 0.050984753125000004 0.7809752546875 0 0.700541828125 0
1 0.86888191875 0 0.89156481875 0.034986628125 0.9182736796875 0.0314100078125 0.9121681921875 0 0.86888191875 0