1 0.768308046875 0.109538109375 0.8376634640624999 0.20384934062500001 0.9063454640625 0.1820789796875 0.8335856093749999 0.0883013703125 0.768308046875 0.109538109375
1 0.6968646765625001 0.136930309375 0.7710140109375 0.23118805625 0.8358462703124999 0.20745545937499998 0.7611419500000001 0.1134080078125 0.6968646765625001 0.136930309375
0 0.5333569406249999 0.19913405312500002 0.46324059375 0.2212131984375 0.458720125 0.2227697203125 0.5282942453125 0.3195869046875 0.6011212171875 0.2918871515625 0.5333569406249999 0.19913405312500002
1 0.53749120625 0.1960676328125 0.6046496421875001 0.28859558125 0.6825283296875 0.26741604375 0.610464378125 0.1710503765625 0.53749120625 0.1960676328125
1 0.6138606390625 0.1686252828125 0.687380740625 0.2687340171875 0.764562190625 0.24168862500000002 0.6893052171875 0.142195221875 0.6138606390625 0.1686252828125
1 0.38700020468749996 0.2490893859375 0.45414180625 0.3486154328125 0.528949975 0.32023349843750004 0.45964414531250003 0.22407607187499998 0.38700020468749996 0.2490893859375
1 0.30720002343749997 0.2790174578125 0.374234690625 0.3799152640625 0.4522165484375 0.35109639531250003 0.3851296734375 0.2495839421875 0.30720002343749997 0.2790174578125
0 0 0.39509330781249996 0.06190868125 0.509101028125 0.1414390953125 0.48113012343749995 0.0719494953125 0.3577646984375 0 0.38177716875 0 0.39509330781249996
0 0.0726200609375 0.3583603375 0.14425483125 0.4834910578125 0.226178678125 0.4560336234375 0.1567713828125 0.3310377828125 0.0726200609375 0.3583603375
0 0.23017225 0.3049373046875 0.3080826578125 0.430064965625 0.384487103125 0.40310094999999996 0.30389651406249996 0.2770723984375 0.23017225 0.3049373046875
0 0.1569330828125 0.330155571875 0.227440340625 0.4565206359375 0.3057523984375 0.42758806875 0.2286004578125 0.3071315859375 0.1569330828125 0.330155571875
1 0.8443446 0.21514165937500002 0.76984276875 0.24249467187499998 0.8627419640625 0.370830384375 0.9441835859375001 0.34346008281249996 0.8443446 0.21514165937500002
1 0.94894839375 0.348542390625 0.974587653125 0.34252588125 0.9222777093750001 0.19060677343750002 0.8475340828125001 0.2130551359375 0.94894839375 0.348542390625
1 0.5323896687499999 0.33009175625 0.4592727359375 0.3564220125 0.5417603234375 0.4848548484375 0.621960221875 0.4538783265625 0.5323896687499999 0.33009175625
1 0.7689220578125 0.25119616875 0.6896399484375 0.2787131796875 0.785456840625 0.4014755671875 0.8588678515625 0.3694751625 0.7689220578125 0.25119616875
1 0.6103047687500001 0.3059526203125 0.5363325609375 0.33042584062499997 0.6211221890624999 0.452822290625 0.7044263890625 0.4308613171875 0.6103047687500001 0.3059526203125
1 0.614490675 0.30673976875000003 0.7066642109375 0.43076307031249994 0.784307146875 0.4033561671875 0.6870077 0.28021397812500004 0.614490675 0.30673976875000003
1 0.4646260578125 0.5181372703125 0.54136575 0.4870075984375 0.4557621671875 0.3571490171875 0.38090248125000004 0.3849421625 0.391450734375 0.40396942812500003 0.4646260578125 0.5181372703125
1 0 0.5733185890625 0.04206691875 0.665068675 0.1257273765625 0.6351422421875 0.060952099999999995 0.5060599406249999 0 0.525110740625 0 0.5733185890625
0 0.1476930640625 0.486480809375 0.0658665671875 0.5111789796874999 0.1291101359375 0.6339774640625 0.211298290625 0.6034381609375 0.1476930640625 0.486480809375
1 0.3090837203125 0.431857128125 0.229313690625 0.458184728125 0.297766653125 0.574919275 0.380279803125 0.5451631265625 0.3090837203125 0.431857128125
0 0.227970765625 0.4577191546875 0.14849784375 0.484517859375 0.2148066890625 0.604469775 0.29780991874999996 0.578129121875 0.227970765625 0.4577191546875
1 0.3870090390625 0.40636988125 0.3110968625 0.4327127953125 0.380411328125 0.54444554375 0.46104446875000005 0.5180259171875 0.3870090390625 0.40636988125
1 1 0.51713723125 0.960044021875 0.464613265625 0.889654971875 0.485299109375 0.9954152171875 0.6445915015625 1 0.6429199640625 1 0.51713723125
1 0.266552653125 0.702435484375 0.1792820390625 0.7290416140625 0.266598553125 0.8983344640625001 0.35826887812499997 0.8678433453125001 0.266552653125 0.702435484375
1 0.8145128796875 0.5107433515625 0.9187533453125001 0.6747455703125 0.9936983703125 0.6457194109375 0.886158646875 0.487907028125 0.8145128796875 0.5107433515625
1 0.3609707421875 0.670344478125 0.4548943125 0.8356460453125001 0.54450775625 0.8053264140625 0.443677634375 0.6371524421875 0.3609707421875 0.670344478125
0 0.090421390625 0.7634864171875 0.1742214640625 0.9331027593749999 0.2649106625 0.8966123765624999 0.1773060375 0.731146996875 0.090421390625 0.7634864171875
1 0.712110009375 0.5490082765625 0.8176768109375001 0.710193259375 0.901240046875 0.6824936359375 0.7922132640624999 0.5203625140625 0.712110009375 0.5490082765625
1 0.4484677515625 0.641407353125 0.5441170750000001 0.8033139234375 0.6307424828125 0.7713393921875 0.5336678421875 0.615827878125 0.4484677515625 0.641407353125
0 0.2700003484375 0.700380328125 0.361681053125 0.8688154515625 0.45420687343750005 0.8364195015625 0.360299409375 0.6760601703125 0.2700003484375 0.700380328125
0 0.6198310734375 0.5850750234375 0.728418571875 0.7436111015625 0.8165001671875001 0.7105984109375 0.709920946875 0.5503082921875 0.6198310734375 0.5850750234375
0 0.6210874 0.7521202859375 0.6321253484375 0.7692529765625 0.724742265625 0.743266696875 0.6173055546875 0.5859555984375 0.5360063796875 0.6147966921875 0.6210874 0.7521202859375
1 0 0.23125976874999998 0.0236228375 0.27337479375 0.09858565312499999 0.2467236609375 0.0474825578125 0.15939923281249999 0 0.1757325546875 0 0.23125976874999998
0 0.11978603125000001 0.1351591890625 0.0481410578125 0.1585001125 0.099574846875 0.24768405 0.1758063609375 0.224063621875 0.11978603125000001 0.1351591890625
1 0.19226847656249998 0.11282967031249999 0.1209686109375 0.1344744953125 0.17602689375 0.22398768750000003 0.24947716718750002 0.200886890625 0.19226847656249998 0.11282967031249999
1 0.27075413125000003 0.091499303125 0.192463415625 0.11230900156250001 0.2495499234375 0.20042380468749998 0.32386973124999996 0.17483344375 0.27075413125000003 0.091499303125
1 1 0.8155420546875 0.9035555109375 0.6837551921875 0.8197995468749999 0.7120467078125 0.926152625 0.8679215921875001 1 0.8431469328125001 1 0.8155420546875
1 0.8169415593749999 0.7135787671875 0.7320722390625 0.7479862125000001 0.8358633031249999 0.9014000843750001 0.9247938390625 0.8691859203125001 0.8169415593749999 0.7135787671875
1 1 0.659920490625 0.99084276875 0.647328084375 0.908061775 0.679744728125 1 0.8104510062499999 1 0.659920490625
1 0.727161375 0.748474871875 0.6415285171875 0.77470425 0.7409366984375 0.9356788593750001 0.8355040046875001 0.905506109375 0.727161375 0.748474871875
1 0.43150736093750003 1 0.3564898875 0.8721249921875 0.2706588671875 0.90113100625 0.322316328125 1 0.43150736093750003 1
1 0.5481285109375 1 0.451213009375 0.841102128125 0.3602936109375 0.8728151000000001 0.4352512203125 1 0.5481285109375 1
1 0.579578546875 1 0.6502933578125 0.9756509375 0.5464051734375001 0.8107142218750001 0.45299317656250004 0.8408960796875 0.5492247015625 1 0.579578546875 1
1 0.5484548921875 0.808662928125 0.6507812562499999 0.976892190625 0.7445516890625 0.9446044406249999 0.63756176875 0.7761406453124999 0.5484548921875 0.808662928125
1 0.318922946875 1 0.2690739546875 0.9022247109375 0.176373590625 0.93678079375 0.20664198749999999 1 0.318922946875 1
1 0.5153157015625001 0 0.48086008125 0.013033624999999998 0.54424279375 0.10674125000000001 0.61351209375 0.0815591625 0.5553539296875 0 0.5153157015625001 0
1 0.3236814234375 0.1744602515625 0.39360786875 0.14919208281250002 0.33770631562500003 0.0697599109375 0.2718033296875 0.091138034375 0.3236814234375 0.1744602515625
1 0.5573860125000001 0 0.6144819453125 0.0824943296875 0.6860203046875 0.059254096874999995 0.6347523703125 0 0.5573860125000001 0
1 0.409566115625 0.0444996890625 0.46911014218749997 0.127953846875 0.541748525 0.10493858281249999 0.4784730078125 0.0169386046875 0.409566115625 0.0444996890625
1 0.407309225 0.046231737499999995 0.3381776796875 0.06844106093749999 0.3952691359375 0.15024865625 0.46797211406250006 0.127843203125 0.407309225 0.046231737499999995
1 0.72696216875 0 0.7588340484375 0.035513071875 0.8265030234375 0.012212774999999999 0.8154053687499999 0 0.72696216875 0
1 0.6377865140625001 0 0.68730869375 0.06346811875 0.756968503125 0.036155429687500004 0.7236073875 0 0.6377865140625001 0