1 0.69921875 0.28203125 0.084375 0.1546875
1 0.5296875 0.28125 0.0765625 0.128125
1 0.60859375 0.28359375 0.0796875 0.134375
1 0.440625 0.28359375 0.0953125 0.1359375
1 0.18828125 0.28125 0.096875 0.1453125
1 0.95078125 0.2953125 0.0796875 0.153125
1 0.7890625 0.29296875 0.084375 0.1546875
0 0.3671875 0.2875 0.084375 0.1421875
1 0.8703125 0.296875 0.08125 0.1515625
0 0.27890625 0.29140625 0.084375 0.15
0 0.09765625 0.29375 0.0921875 0.1296875
1 0.57109375 0.42578125 0.0828125 0.15625
1 0.47578125 0.42578125 0.0921875 0.140625
0 0.3 0.42578125 0.0859375 0.1265625
1 0.659375 0.4328125 0.090625 0.1546875
1 0.83359375 0.4359375 0.0875 0.15625
0 0.21015625 0.42734375 0.090625 0.140625
0 0.38671875 0.43046875 0.0859375 0.134375
1 0.9265625 0.44140625 0.090625 0.165625
0 0.7421875 0.43984375 0.0984375 0.1421875
1 0.0375 0.43125 0.075 0.134375
0 0.121875 0.43515625 0.09375 0.1359375
1 0.1421875 0.05390625 0.075 0.1078125
1 0.06015625 0.05390625 0.0703125 0.1078125
1 0.91796875 0.06484375 0.078125 0.1171875
1 0.4671875 0.0609375 0.075 0.121875
1 0.38671875 0.06015625 0.0765625 0.1203125
1 0.846875 0.7296875 0.0890625 0.171875
1 0.94140625 0.7375 0.09375 0.159375
0 0.7453125 0.7375 0.09375 0.1640625
0 0.2265625 0.06171875 0.084375 0.1234375
1 0.5453125 0.06484375 0.0734375 0.1296875
1 0.778125 0.06875 0.071875 0.1296875
1 0.30703125 0.0640625 0.0796875 0.128125
1 0.65 0.7390625 0.103125 0.1703125
0 0.06640625 0.7375 0.1078125 0.1828125
0 0.55703125 0.74921875 0.10625 0.1578125
0 0.26640625 0.74609375 0.1 0.16875
1 0.16640625 0.7484375 0.10625 0.165625
1 0.3609375 0.753125 0.109375 0.171875
1 0.4640625 0.76015625 0.0921875 0.175
1 0.621875 0.06640625 0.0796875 0.1296875
1 0.7015625 0.0671875 0.075 0.1296875
0 0.84765625 0.0703125 0.0796875 0.1296875
1 0.80859375 0.91953125 0.0921875 0.1609375
1 0.90625 0.9203125 0.10625 0.159375
1 0.50546875 0.91796875 0.0984375 0.1640625
1 0.70859375 0.9203125 0.0984375 0.159375
1 0.29375 0.915625 0.1078125 0.1625
1 0.40390625 0.91796875 0.10625 0.1625
1 0.6109375 0.921875 0.10625 0.15625
1 0.19140625 0.9171875 0.0984375 0.15625
1 0.08515625 0.915625 0.1125 0.15625