1 0.9781834171874999 0.266225190625 0.9280095906250001 0.1572263859375 0.8554967515625 0.1635911078125 0.90472344375 0.2781871984375 0.9788168484374999 0.2722518828125 0.9781834171874999 0.266225190625
1 0.7751471109375 0.1748657484375 0.8293406171875001 0.290558315625 0.9019872859375001 0.281494975 0.8471702000000001 0.1658874 0.7751471109375 0.1748657484375
1 0.591372078125 0.2001636046875 0.513658296875 0.2062402515625 0.5086163453125 0.2067701828125 0.5574726359375 0.32402091875 0.6393253015625 0.31275941875 0.591372078125 0.2001636046875
1 0.596374275 0.19797304375 0.6437550015625 0.31018948125 0.729276365625 0.306912309375 0.6777395984375 0.18953208593749998 0.596374275 0.19797304375
1 0.6818264984375 0.1878301046875 0.7339772234375 0.30944691875 0.8201741171875 0.299911303125 0.7660820421875 0.17851604062499998 0.6818264984375 0.1878301046875
1 0.428236175 0.2168646828125 0.47393396875000005 0.33634364843750003 0.557996384375 0.32484989531249997 0.509260328125 0.2083487015625 0.428236175 0.2168646828125
1 0.338646984375 0.22876426562500002 0.3839077921875 0.349641921875 0.47135392343750004 0.33845713593750004 0.4261854453125 0.2169287078125 0.338646984375 0.22876426562500002
0 0 0.2987729609375 0.030400753125000003 0.4087292296875 0.11924536562500002 0.39879706875 0.076794859375 0.2539999046875 0 0.2613310296875 0 0.2987729609375
1 0.0773460671875 0.2547795390625 0.12159327499999999 0.401925225 0.212789078125 0.3931013953125 0.17081166875 0.24663104531250002 0.0773460671875 0.2547795390625
0 0.252876778125 0.2371680875 0.3036100234375 0.3858186859375 0.38898458593749996 0.3761808484375 0.3356960234375 0.225950725 0.252876778125 0.2371680875
0 0.17118873437499998 0.24575384687500001 0.21397698593749997 0.3939102796875 0.3017914078125 0.3826867828125 0.2507302359375 0.23906883437499998 0.17118873437499998 0.24575384687500001
1 0.9089402453125001 0.29151826875000003 0.8254392828125001 0.302017240625 0.8908985906250001 0.457600896875 0.9815753203125 0.44875166093749996 0.9089402453125001 0.29151826875000003
1 0.985289740625 0.45517397031250006 0.9980386078124999 0.45513471250000004 0.980235215625 0.2857467484375 0.91273288125 0.29011815625000004 0.985289740625 0.45517397031250006
1 0.5592047499999999 0.33591294375 0.477378371875 0.34568272499999997 0.532055096875 0.498865234375 0.622306890625 0.4859730328125 0.5592047499999999 0.33591294375
1 0.8224168671875001 0.3108313109375 0.7339368875 0.32035183125 0.8037378140625 0.47084949218750005 0.88721758125 0.45526270156250004 0.8224168671875001 0.3108313109375
1 0.6454681203125 0.32957138124999996 0.563199865625 0.33720735625 0.6216921921874999 0.48467509375000006 0.7130063203125 0.48189030624999996 0.6454681203125 0.32957138124999996
1 0.649606540625 0.3313946359375 0.7153422890625001 0.48232605624999997 0.802102128125 0.47252595937499997 0.730859503125 0.32127765625000004 0.649606540625 0.3313946359375
1 0.44442255937499997 0.5148884984375 0.5311349890625 0.5010057531250001 0.4735774859375 0.3455940015625 0.38960196406250003 0.35646399687499997 0.3959741796875 0.37875606093749997 0.44442255937499997 0.5148884984375
1 0 0.52620389375 0.0037913671875 0.56227634375 0.06635405 0.554942071875 0.0301359875 0.40534159843750006 0 0.40763311562500004 0 0.52620389375
0 0.1244348265625 0.40585591093750006 0.033996325 0.4118380140625 0.07012704374999999 0.5545455140625 0.16232946718750002 0.5425850984375 0.1244348265625 0.40585591093750006
0 0.3042180015625 0.387920165625 0.215516875 0.396088396875 0.2584742453125 0.53375118125 0.35082613125 0.522682065625 0.3042180015625 0.387920165625
0 0.2142398875 0.395282246875 0.1257336734375 0.4040110515625 0.1657095609375 0.5444993859375 0.2577550171875 0.53709456875 0.2142398875 0.395282246875
0 0.39081278125 0.3801812296875 0.30609475625 0.389292434375 0.35113283281249996 0.5219685578125 0.440747809375 0.5139121875 0.39081278125 0.3801812296875
1 1 0.6471351140625 0.969131384375 0.578364175 0.89146739375 0.5829285343749999 0.9628498000000001 0.7737471140625 1 0.7691617125 1 0.6471351140625
1 0.1958686953125 0.6586584531249999 0.0993500953125 0.66531344375 0.14929246093749998 0.8620839578125 0.2512823921875 0.8524522187500001 0.1958686953125 0.6586584531249999
1 0.8077590625 0.5912916484374999 0.8764499828125001 0.7866355265625 0.9608071515625 0.7745057203125 0.8872335734375 0.5847963078125 0.8077590625 0.5912916484374999
1 0.30107896562500003 0.6480257625 0.358799053125 0.8422396000000001 0.458622565625 0.83229164375 0.39444880000000004 0.6334355 0.30107896562500003 0.6480257625
0 0.0296814984375 0.8086044765624999 0.04555419375 0.8759871203125 0.1479580328125 0.8598901890624999 0.0968069953125 0.6670247484375 0.015908671875 0.6775647953124999 0.0296814984375 0.8086044765624999
1 0.6928278546875 0.6064163078125 0.7635599203125001 0.7991535984375 0.856507528125 0.7904722484375 0.7824250578124999 0.595921059375 0.6928278546875 0.6064163078125
1 0.398386296875 0.6390047515624999 0.4586978015625 0.8301080625000001 0.5558273093749999 0.8177236671875001 0.492520853125 0.6329182375 0.398386296875 0.6390047515624999
0 0.1999207046875 0.6573529640625 0.2545772109375 0.85428159375 0.357904565625 0.8428775312499999 0.2990248765625 0.6537994046875 0.1999207046875 0.6573529640625
1 0.5888819890625 0.6216913234375 0.6633661109375 0.8124039859375 0.7622475390625 0.7992915359375 0.6902562515625 0.6072401484375 0.5888819890625 0.6216913234375
0 0.5504237640625 0.7954470390624999 0.5577529421875 0.8158895218750001 0.6596489421875 0.8111629203125 0.5860625140625 0.6219987765625 0.49518294375 0.6324094609375 0.5504237640625 0.7954470390624999
1 0 0.1588845515625 0.0460986046875 0.15357155 0.0162364546875 0.050814203125 0 0.0525840875 0 0.1588845515625
1 0.098721153125 0.0421447109375 0.016646731249999998 0.050745585937500004 0.04693825 0.15475915468749998 0.1307485515625 0.1450997671875 0.098721153125 0.0421447109375
1 1 0.7692006124999999 0.961187346875 0.77583734375 1 0.871453421875 1 0.7692006124999999
0 0.17920942812500001 0.03434985 0.09961564375000001 0.041369340625 0.1315422234375 0.14633471250000002 0.21594230625000002 0.140127178125 0.17920942812500001 0.03434985
1 0.2594279484375 0.028581815625 0.18059447343749999 0.0339230703125 0.2161882796875 0.140101325 0.2975905296875 0.13376500156249999 0.2594279484375 0.028581815625
1 0.345612453125 0.0252938875 0.25975331874999996 0.028088017187499998 0.2977759296875 0.133301634375 0.380669278125 0.1245891921875 0.345612453125 0.0252938875
1 0.7653124609375 0.8015882640624999 0.8299897640625 0.96807081875 0.9291596734375 0.9576476406250001 0.8586001046874999 0.792338628125 0.7653124609375 0.8015882640624999
1 0.6661005796875 0.8178249515625 0.7279129359375001 0.978799525 0.8278077203124999 0.9683001593749999 0.7619943578124999 0.8024923015625 0.6661005796875 0.8178249515625
1 1 0.8759569562499999 0.9574732812500001 0.7754898859375 0.8642114078124999 0.7892572 0.932263846875 0.9573213781250001 1 0.9502020218749999 1 0.8759569562499999
1 0.56617288125 0.8238095859375001 0.6221822218749999 0.9899122703125001 0.7248019593749999 0.9791265015624999 0.6609093406250001 0.8171522343750001 0.56617288125 0.8238095859375001
1 0.2932419359375 1 0.24842493906250002 0.856470621875 0.1528228609375 0.865963515625 0.1875943109375 1 0.2932419359375 1
1 0.40434403750000003 1 0.3536962140625 0.8470203515625 0.2521915015625 0.8581012734375 0.29681193906250003 1 0.40434403750000003 1
1 0.51540691875 1 0.4593010859375 0.8383421156249999 0.35558489843749996 0.8472341890624999 0.4055354875 1 0.51540691875 1
1 0.5262038921875 1 0.61996521875 0.9901452875000001 0.561731740625 0.8243478453125 0.46190749374999995 0.8367046890625 0.5157512750000001 1 0.5262038921875 1
1 0.1840898046875 1 0.15092469375 0.8667183109375 0.0469028578125 0.880323434375 0.07354612968749999 1 0.1840898046875 1
1 0.5835977984375 0 0.6246109875 0.10684219531250001 0.7021879171875 0.09734000937500001 0.66204364375 0 0.5835977984375 0
1 0.38056349843750004 0.1241564328125 0.45884001718749995 0.11472278437500001 0.41997549687499997 0.018809653125 0.3467826890625 0.025170890624999998 0.38056349843750004 0.1241564328125
1 0.6639286421875 0 0.7029676015625 0.09854411874999999 0.7824272453125001 0.091603559375 0.7342007453125 0 0.6639286421875 0
1 0.5637606234375 0 0.500248071875 0.00984885625 0.5419195359375 0.1108135875 0.6224624140625 0.10437097656250001 0.5789385640625 0 0.5637606234375 0
1 0.49750355468749996 0.011105003125 0.42077649375000004 0.0175534796875 0.46030532500000004 0.11621910625000001 0.5407698203125 0.11042522343750001 0.49750355468749996 0.011105003125
1 0.8168945609374999 0 0.8633240703125 0.084449484375 0.9387993453125001 0.0765167125 0.896115309375 0 0.8168945609374999 0
1 0.738114159375 0 0.7827557484375001 0.0962888625 0.8612433156250001 0.0846681796875 0.8131647578125 0 0.738114159375 0
1 0.8991901312499999 0 0.9390328 0.075143653125 0.9580085609375001 0.0742742484375 0.9502020218749999 0 0.8991901312499999 0