1 1 0.3233142671875 0.98880900625 0.2739364875 0.91844599375 0.2653208859375 0.9421715796875001 0.3841028796875 1 0.391629684375 1 0.3233142671875
1 0.839624940625 0.25978375625 0.8678602718749999 0.380611209375 0.9388963546875001 0.3866910390625 0.9100498171875 0.265818234375 0.839624940625 0.25978375625
1 0.6594450265625 0.2466545015625 0.5841858 0.23671383437500002 0.579275665625 0.2361977578125 0.6021117078125 0.3574259359375 0.682361896875 0.36327941406250003 0.6594450265625 0.2466545015625
1 0.664653025 0.245585471875 0.6871012296875 0.3617343546875 0.7692320375 0.37591210468749997 0.7438687328125 0.2540190375 0.664653025 0.245585471875
1 0.7481060359375 0.253228953125 0.7731976828125 0.37926955625000003 0.8572372875 0.387640353125 0.83025150625 0.26141766875 0.7481060359375 0.253228953125
1 0.500664121875 0.2295337015625 0.520040871875 0.352239428125 0.6024430375 0.3583190875 0.579569996875 0.23782704375 0.500664121875 0.2295337015625
1 0.4129150609375 0.2227220921875 0.4315927609375 0.3466677828125 0.5171558140625 0.3537249546875 0.49869763593750005 0.229179903125 0.4129150609375 0.2227220921875
0 0.158370934375 0.1937487546875 0.07393103906250001 0.1840605421875 0.0828936578125 0.3313126875 0.169535665625 0.3398421859375 0.158370934375 0.1937487546875
1 0.1587384 0.1946005953125 0.171139878125 0.34328761874999997 0.25979757812500004 0.353345025 0.24942179062499997 0.20575824687500002 0.1587384 0.1946005953125
0 0.3295107390625 0.21336271562500003 0.34778661093749996 0.36479021875 0.431063525 0.372897684375 0.410672775 0.21945352499999998 0.3295107390625 0.21336271562500003
0 0.2499583296875 0.2050014203125 0.2607656515625 0.35435336875 0.34668736875 0.36144823593750003 0.3270816484375 0.2147338484375 0.2499583296875 0.2050014203125
1 0.943493365625 0.397615665625 0.8618271609375 0.39070479062499996 0.8927295140625 0.5516936828125 0.9808978749999999 0.5616220203125 0.943493365625 0.397615665625
0 1 0.4047164453125 0.9473893203125 0.3970527703125 0.9831378484375 0.56847211875 0.9952904468750001 0.5710123 1 0.52620389375 1 0.4047164453125
1 0.6013574984375001 0.369069753125 0.5214339359375 0.3618049359375 0.54255016875 0.5183335671875 0.6311311093749999 0.5243364671874999 0.6013574984375001 0.369069753125
1 0.8571660296875001 0.3984643 0.7709545906249999 0.3896175921875 0.807021046875 0.5466541625 0.8896956749999999 0.5487289484375 0.8571660296875001 0.3984643
1 0.6848146828125 0.3804873234375 0.6049015796874999 0.3711067328125 0.63080795 0.522979565625 0.7183574390625 0.53879605625 0.6848146828125 0.3804873234375
0 0.688388359375 0.38305550625 0.7204946046875 0.5396821468749999 0.805123946875 0.5479155828125 0.7678358765625 0.38987466875 0.688388359375 0.38305550625
1 0.4558313390625 0.5158337203125 0.541240915625 0.5201803593750001 0.5178311234375 0.36095224375 0.4356378375 0.35429778125 0.437201225 0.3767564171875 0.4558313390625 0.5158337203125
1 0.083326321875 0.328041990625 0.016265671875000002 0.3190385734375 0.00046924375000000003 0.46933155937500004 0.08758289062499999 0.47743700625 0.083326321875 0.328041990625
0 0.173052084375 0.347595 0.0856903140625 0.3349919640625 0.0912572453125 0.477823196875 0.1815079859375 0.48510535781249997 0.173052084375 0.347595
0 0.347940915625 0.36690887031249997 0.2617922078125 0.35673320625 0.274882153125 0.496153728125 0.365095078125 0.5043125546875 0.347940915625 0.36690887031249997
0 0.2607387203125 0.35570945 0.1746623546875 0.3461055609375 0.18434087187499998 0.48760668125000006 0.27352107187499997 0.499183471875 0.2607387203125 0.35570945
0 0.43199631250000003 0.37706638125 0.3494512890625 0.3685915140625 0.3655314953125 0.50369695625 0.452528128125 0.5141636046875 0.43199631250000003 0.37706638125
1 0.9702885671875 0.808889284375 0.9428396843750001 0.6821967625 0.8679336296875 0.67082996875 0.8973548593749999 0.8664782875 0.9636303609375 0.8722378953125001 0.9702885671875 0.808889284375
1 0.1899909203125 0.60211871875 0.096701165625 0.5889254875 0.10449514374999999 0.7858916703125 0.2035987421875 0.7973640921875 0.1899909203125 0.60211871875
1 0.78650169375 0.6618487875 0.8124441046875001 0.8612505515625 0.8952556484375 0.86678575625 0.8635228515625 0.6717478 0.78650169375 0.6618487875
1 0.29236460000000003 0.613291615625 0.30808457968749997 0.8094022093750001 0.4051883625 0.8201363328125 0.3842591078125 0.618312278125 0.29236460000000003 0.613291615625
0 0 0.6496713921875 0.0028625062499999998 0.7781222765625 0.1036674765625 0.7835385046875001 0.0939326125 0.5900365390625 0 0.5825099875 0 0.6496713921875
0 0.6739596296875 0.6529765281250001 0.7023734296875 0.8503155281250001 0.792671103125 0.8608624109375 0.76143240625 0.6611234265625 0.6739596296875 0.6529765281250001
1 0.3868840484375 0.62439734375 0.4057014921875 0.8180778390624999 0.5007315265625001 0.8259534703125 0.477787815625 0.637648459375 0.3868840484375 0.62439734375
0 0.194114825 0.601698125 0.20636756093750003 0.799767534375 0.3071035109375 0.8098272 0.289240590625 0.6183594546875 0.194114825 0.601698125
1 0.5718518828125 0.6464679859375 0.604249240625 0.8426427953125 0.701095359375 0.8501811984375 0.67134334375 0.65323900625 0.5718518828125 0.6464679859375
0 0.5000877796875 0.80370533125 0.502936709375 0.8246009265625001 0.6009591484375 0.840712671875 0.569103871875 0.64618995 0.4804266015625 0.637703484375 0.5000877796875 0.80370533125
1 0.064021003125 0 0.06764211718749999 0.0843971734375 0.14943325937500002 0.0921679234375 0.1426092109375 0 0.064021003125 0
1 0.143019175 0 0.1499930109375 0.093465521875 0.2317841546875 0.1012362734375 0.2223694703125 0 0.143019175 0
1 0.9502020218749999 1 0.9637725921875001 0.870884646875 0.89534860625 0.8681272375000001 0.918932021875 1 0.9502020218749999 1
0 0.22340718750000002 0 0.2322905390625 0.1025695359375 0.31394564687500004 0.11373768437500001 0.3003388515625 0.0058565984375 0.252344025 0 0.22340718750000002 0
1 0.377921715625 0.0165967375 0.3017445390625 0.005731310937499999 0.3141851890625 0.11376286093750002 0.39301057500000003 0.12420262343749999 0.377921715625 0.0165967375
1 0.46068641250000003 0.030898340625 0.3783314984375 0.016193565625 0.39328086875 0.1238000546875 0.4740070703125 0.1322847203125 0.46068641250000003 0.030898340625
1 0.8213105609375001 1 0.794287178125 0.8630579359375 0.703550690625 0.8529819984375001 0.7275587796874999 1 0.8213105609375001 1
1 0.7252900109375 1 0.700207071875 0.8531697171875001 0.6057581484375001 0.8483438171875 0.629912128125 1 0.7252900109375 1
1 0.917701690625 1 0.891880809375 0.8670463859374999 0.8002555234375001 0.8612660109375 0.8249424015625 1 0.917701690625 1
1 0.6268077515625 1 0.600948940625 0.8466554265624999 0.5093563890625 0.8338247390625 0.52879165 1 0.6268077515625 1
1 0.10707389062499999 0.7902897609374999 0.11478806718750001 0.9622667343750001 0.21627621718749998 0.97293356875 0.200064303125 0.8006025953125 0.10707389062499999 0.7902897609374999
1 0.2033226875 0.8029126874999999 0.219696946875 0.9732931015625 0.32130696875 0.9839727453125 0.302257046875 0.8129107484375 0.2033226875 0.8029126874999999
1 0.3040129875 0.8134956640625 0.322369703125 0.9840844437499999 0.42588932343749997 0.99496479375 0.40461149062499996 0.8260195296875 0.3040129875 0.8134956640625
1 0.5266250921875 1 0.5050169062500001 0.8334380390625 0.40742541406250005 0.8249914390624999 0.4261482 0.994992003125 0.4737961109375 1 0.5266250921875 1
1 0.0032705734375000003 0.782513053125 0.0049454796875 0.9507218125 0.11108476875 0.9618775015625 0.10511308593749999 0.7906228203125 0.0032705734375000003 0.782513053125
1 0.6915760265625 0.049144009375 0.709975615625 0.164748896875 0.7857970234375 0.1714087265625 0.7642305984375 0.05457640625 0.6915760265625 0.049144009375
1 0.473993796875 0.1318523515625 0.5504677828125 0.13871870625 0.53283610625 0.039774504687500004 0.4618260546875 0.031018121875 0.473993796875 0.1318523515625
1 0.766345771875 0.05545338281249999 0.7862963203125 0.1727098765625 0.863393325 0.1821830671875 0.8301149515624999 0.0647744359375 0.766345771875 0.05545338281249999
1 0.6111159515625 0.047493465624999995 0.63040025 0.15180256406249998 0.7084284796875 0.16196764531250002 0.6876369828125 0.05176338125 0.6111159515625 0.047493465624999995
1 0.608247546875 0.048131540625000004 0.533853103125 0.038743478125 0.5515611296875 0.14043598125 0.6293835375 0.1512013 0.608247546875 0.048131540625000004
1 1 0.14975699375 0.9799666234375 0.08510710625 0.9061072156250001 0.0736552359375 0.9419025671875 0.19174404218750002 1 0.197850328125 1 0.14975699375
0 0.8627590234375001 0.186699025 0.9398762125 0.1915310640625 0.9105614078125001 0.099416121875 0.9018675078125 0.073625253125 0.8355067640625 0.0679597796875 0.8627590234375001 0.186699025