1 1 0.3407609734375 0.981465453125 0.336487703125 0.9929658874999999 0.461440765625 1 0.4631189953125 1 0.3407609734375
1 0.9010249031249999 0.32228378593749996 0.9169401015625 0.44983075625 0.9893174546875001 0.46375451874999996 0.972778753125 0.3360949171875 0.9010249031249999 0.32228378593749996
0 0.7171941296875 0.2893284578125 0.640893746875 0.270971090625 0.6359013046875 0.2699099140625 0.6462216062499999 0.3972876546875 0.7280972140624999 0.41197163124999997 0.7171941296875 0.2893284578125
1 0.7226648890625 0.288788428125 0.7331377765625 0.41089056093750004 0.8160434000000001 0.43435477499999997 0.8031968078125 0.306019434375 0.7226648890625 0.288788428125
1 0.8076392468750001 0.305662178125 0.81975631875 0.4382419203125 0.9052548484375 0.45592835468750004 0.8912100437499999 0.3229567671875 0.8076392468750001 0.305662178125
1 0.5557984921875 0.2545673796875 0.5624016625 0.3830946375 0.6464653218749999 0.398243696875 0.6360270703124999 0.27162049062500004 0.5557984921875 0.2545673796875
1 0.4663167578125 0.2380876125 0.472066590625 0.3678171796875 0.5592740765624999 0.3843142859375 0.5538150109375 0.25399079687500004 0.4663167578125 0.2380876125
0 0.207746634375 0.180788434375 0.12197954062500001 0.1617013546875 0.11521072968749999 0.314398828125 0.20336775 0.332529378125 0.207746634375 0.180788434375
0 0.2080319859375 0.18170580625 0.20464316093749998 0.33625257343750004 0.29470680625 0.356174834375 0.300058959375 0.20298018281250002 0.2080319859375 0.18170580625
0 0.3815787203125 0.2194510234375 0.3839323078125 0.3774549984375 0.4686752421875 0.394787859375 0.4643660984375 0.23447786406249999 0.3815787203125 0.2194510234375
0 0.30069276718750004 0.20225818437499998 0.2955926984375 0.357318225 0.3831648609375 0.3738928453125 0.3789323625 0.22060196250000003 0.30069276718750004 0.20225818437499998
1 1 0.5353328265624999 0.992858125 0.47550708437500006 0.9096413890624999 0.459580875 0.9239393031249999 0.6287984375 0.9811155578124999 0.6413964328125 1 0.5525521203125 1 0.5353328265624999
1 0.6441822359375 0.409204325 0.5627956562499999 0.3931012984375 0.5675159062499999 0.55666780625 0.6579407390625 0.57240395625 0.6441822359375 0.409204325
1 0.904006665625 0.46707384999999996 0.8163267765625 0.4486628671875 0.8363632937500001 0.614364675 0.9211418109375 0.6254164203125 0.904006665625 0.46707384999999996
1 0.728751215625 0.429967409375 0.647605053125 0.41168538125 0.6577557656249999 0.5709709390625 0.74605484375 0.5967079734375 0.728751215625 0.429967409375
0 0.7321467984375001 0.43299901875 0.7481560328125 0.59785144375 0.8342758218749999 0.615459921875 0.8130922984375 0.4485915078125 0.7321467984375001 0.43299901875
1 0.4786253953125 0.54474203125 0.5659693046875 0.5584296109375 0.559183903125 0.3918342203125 0.4753974046875 0.37611539375 0.474566996875 0.3994257203125 0.4786253953125 0.54474203125
1 0.023460625 0.3370743203125 0.01115849375 0.4468638171875 0.10417056875 0.46547342187499996 0.11601061093750001 0.3110752953125 0.033258625 0.2909783515625 0.023460625 0.3370743203125
0 0.20614168125000001 0.34089714375 0.11768679687500001 0.3184915484375 0.107906515625 0.466267521875 0.1999093296875 0.48350187968749997 0.20614168125000001 0.34089714375
1 0.38386098281250003 0.37965473125 0.2963898484375 0.3598811328125 0.294714746875 0.50495376875 0.38658351875 0.5230873828125 0.38386098281250003 0.37965473125
0 0.295417809375 0.35871265 0.20795899062499998 0.33953601718750004 0.2025505109375 0.4863847234375 0.29298645 0.5079289171875 0.295417809375 0.35871265
1 0.46918180468750004 0.399183928125 0.38523126093750004 0.381551403125 0.387099053125 0.5225001125000001 0.475410415625 0.5426649703125 0.46918180468750004 0.399183928125
1 0.89452571875 0.9536565937500001 0.9139430125000001 0.9574184140625001 0.9544422796875001 0.7668843390625 0.88551286875 0.74888505625 0.89452571875 0.9536565937500001
1 0.19592968125000002 0.6049890734375001 0.10144387343750001 0.5813361828125 0.08807714375 0.785133853125 0.1887273703125 0.8076404296874999 0.19592968125000002 0.6049890734375001
1 0.802761728125 0.730850828125 0.8077903281250001 0.9391149015625 0.89233399375 0.9537470812500001 0.8808782000000001 0.7493552421875 0.802761728125 0.730850828125
1 0.29997462656249996 0.6275395890625 0.2948500625 0.8313102140625 0.393524275 0.8528404203125 0.39391299687500003 0.642620890625 0.29997462656249996 0.6275395890625
0 0 0.7686563468750001 0.0874815890625 0.782619875 0.098476725 0.5821825281249999 0.001186284375 0.5640139203125 0 0.5783213093749999 0 0.7686563468750001
1 0.688012203125 0.7095745875 0.6958057234374999 0.9159796140625 0.7875024140625 0.9365830578125 0.777064925 0.727400471875 0.688012203125 0.7095745875
1 0.3959513640625 0.6491740609375001 0.39427530625 0.8507746359375 0.491127634375 0.8691358140625001 0.487977684375 0.6726293437499999 0.3959513640625 0.6491740609375001
0 0.20021541874999998 0.605000315625 0.191313303125 0.81041550625 0.2937952234375 0.8316423546875 0.2962125046875 0.6324247515625 0.20021541874999998 0.605000315625
0 0.5837343734375 0.6918589765625 0.5957500484375 0.8974939 0.6945062296875 0.9157033984374999 0.685293721875 0.7095629671875 0.5837343734375 0.6918589765625
0 0.49288074374999996 0.8461415421874999 0.49354175937500006 0.8679798890624999 0.5925767796875 0.8951503359374999 0.580939128125 0.691276196875 0.4906848390625 0.6729705515625 0.49288074374999996 0.8461415421874999
1 0.1299627734375 0 0.12633170625 0.0583284453125 0.2095835609375 0.07515415625 0.21193016406249998 0 0.1299627734375 0
1 0.212364765625 0 0.2100182296875 0.07655157500000001 0.2932700875 0.0933772859375 0.29443060781249997 0 0.212364765625 0
0 0.2954240375 0 0.293646015625 0.0948056984375 0.37638922343750003 0.11511747812499999 0.37410937187500004 0.002487890625 0.3632981375 0 0.2954240375 0
1 0.4527120734375 0.0219195796875 0.375568259375 0.0025103531250000003 0.37663278125 0.11516924843750001 0.4565456140625 0.13442538906249998 0.4527120734375 0.0219195796875
1 0.5362560015625 0.045579759375 0.453177165625 0.021548328125 0.4568672203125 0.1340397203125 0.5389466406250001 0.1514862390625 0.5362560015625 0.045579759375
1 0.7943961500000001 1 0.788925696875 0.9390196078124999 0.6967267125000001 0.9188541203125 0.7013222546875 1 0.7943961500000001 1
1 0.6984701140625 1 0.69326851875 0.9186870468749999 0.59668263125 0.9035310187500001 0.6017664515625001 1 0.6984701140625 1
1 0.8928533156249999 1 0.8888357890625 0.95365176875 0.7952566921875001 0.937816675 0.799665028125 1 0.8928533156249999 1
1 0.598025509375 1 0.5919212109374999 0.9012727515625001 0.49914106562500005 0.878176421875 0.500507990625 1 0.598025509375 1
1 0.090251134375 0.7899437578125 0.082265009375 0.922377984375 0.18322785625 0.9438383 0.1847418265625 0.8105963609375 0.090251134375 0.7899437578125
1 0.1878412484375 0.813328034375 0.1866136015625 0.9445579625 0.2892316171875 0.9663700937499999 0.288477509375 0.8342971578125 0.1878412484375 0.813328034375
1 0.290219428125 0.8350891875 0.29048346875000003 0.966636184375 0.394900484375 0.9888307062499999 0.39229254375 0.8588403671875 0.290219428125 0.8350891875
1 0.49763904531250003 1 0.4947213078125 0.8773100828124999 0.3952973375 0.8580844000000001 0.3958863953125 0.9890402671875 0.447447884375 1 0.49763904531250003 1
1 0 0.904892015625 0.0789485484375 0.9216730484375001 0.08819893749999999 0.7900755359375 0 0.7736498765625 0 0.904892015625
1 0.7716696859375001 0.0892745703125 0.7780389484375 0.21037964531250003 0.8552734828125 0.22541699531249998 0.8457814015625 0.1027057109375 0.7716696859375001 0.0892745703125
1 0.538979925 0.1510392859375 0.616863 0.166359803125 0.6094748 0.06250497968749999 0.5374147453125 0.045826059375 0.538979925 0.1510392859375
1 0.84786096875 0.103837415625 0.8556456078125001 0.22681155625 0.9338862859375 0.24488537500000002 0.91241486875 0.12031748281250002 0.84786096875 0.103837415625
1 0.6891220609375 0.07889874062499999 0.69762709375 0.1884598296875 0.7767501296875 0.20734698593749998 0.7673353453125 0.0915489140625 0.6891220609375 0.07889874062499999
1 0.686103584375 0.07924695781249999 0.6106323640625 0.06155224375 0.6178007437499999 0.16824719531250001 0.6966470046875 0.18773065625000002 0.686103584375 0.07924695781249999
1 1 0.2067218640625 0.99136736875 0.1646864828125 0.9852280921875 0.13717376718750002 0.9176128140625 0.12418105312500001 0.9327439171874999 0.24947030625000002 1 0.2608215125 1 0.2067218640625