1 0.925997040625 0.1777734875 0.93818378125 0.17527673593749998 0.911022953125 0.057630262499999994 0.8620665187500001 0.0680496890625 0.925997040625 0.1777734875
1 0.7823531140625 0.08939388125 0.8514339078125 0.1996108515625 0.92364575625 0.1814553734375 0.8539460125 0.0714015171875 0.7823531140625 0.08939388125
1 0.5999724843750001 0.1377175125 0.5222743015625 0.15348184843749998 0.5172502171875 0.15464175 0.581136584375 0.26709439375 0.6623689421875001 0.245577371875 0.5999724843750001 0.1377175125
1 0.6047501453125 0.134884178125 0.6665215328125 0.2424315 0.75244933125 0.22852975468749998 0.685840903125 0.11627814843749999 0.6047501453125 0.134884178125
1 0.6897552546875 0.1140519421875 0.7575097656249999 0.2305093390625 0.8433420734375 0.21019870156249998 0.773655265625 0.094205609375 0.6897552546875 0.1140519421875
1 0.43735939375 0.174796984375 0.4983340171875 0.2898927421875 0.5817682937499999 0.2678673671875 0.518096415625 0.156157375 0.43735939375 0.174796984375
1 0.34839618125 0.19791686875 0.4091034109375 0.314480353125 0.495991971875 0.29234825937500003 0.4352971078125 0.175115625 0.34839618125 0.19791686875
0 0.0871880078125 0.2558454328125 0.000511228125 0.2749858140625 0.059573621875 0.41797098281249995 0.14802957187500002 0.39693171718750003 0.0871880078125 0.2558454328125
1 0.0878413078125 0.25656513593749997 0.150788409375 0.399802534375 0.2417556 0.3795922953125 0.1811837796875 0.2367563875 0.0878413078125 0.25656513593749997
0 0.262854025 0.217030796875 0.3325358078125 0.3609860453125 0.4175252625 0.34067391874999997 0.3450676390625 0.1954386984375 0.262854025 0.217030796875
0 0.1814554640625 0.23582313593749998 0.2430552890625 0.380262721875 0.3303108359375 0.3580458984375 0.26092318125 0.21921762656250002 0.1814554640625 0.23582313593749998
1 0.9475974484374999 0.2160518078125 0.9319099890625001 0.190724709375 0.8489189312500001 0.2116751640625 0.9343281109375001 0.3608140265625 0.9787319703125 0.35091023906249996 0.9475974484374999 0.2160518078125
1 0.5843624453125 0.278898871875 0.502971321875 0.2989050015625 0.5771970671875 0.44695223124999994 0.6667058796875 0.4227470875 0.5843624453125 0.278898871875
1 0.84696268125 0.22095755781249998 0.7588236937499999 0.241535640625 0.8479839921875 0.3849966265625 0.9303216265625001 0.35890667187499997 0.84696268125 0.22095755781249998
1 0.6706586406249999 0.26180815 0.5885563640625 0.27971240937499997 0.6659241 0.421511409375 0.7577609296875 0.40739002031249993 0.6706586406249999 0.26180815
1 0.6750629203125 0.26313843124999997 0.7601732515624999 0.40754117343749996 0.846541003125 0.3868935265625 0.7558320453125 0.2428524015625 0.6750629203125 0.26313843124999997
1 0.4907213796875 0.47399752812499996 0.576534109375 0.44922952968749996 0.49912325625 0.29928597031250004 0.41569921406250004 0.320670171875 0.4249012484375 0.342411140625 0.4907213796875 0.47399752812499996
1 0 0.5217699671875 0.0209265640625 0.5839670875 0.11403203125000001 0.5612925640624999 0.0588855125 0.414579978125 0 0.42639602656250003 0 0.5217699671875
0 0.154145275 0.4034233234375 0.06358958125 0.42066773125 0.1177916546875 0.5604245859375 0.2093854015625 0.5369196406250001 0.154145275 0.4034233234375
0 0.3334106234375 0.363034671875 0.2448804 0.3822734125 0.3053473921875 0.5160864046875 0.39720274375 0.4934637640625 0.3334106234375 0.363034671875
0 0.243491121875 0.38161677968749996 0.1552273015625 0.40139794218749997 0.21303545000000002 0.5384358234375 0.3050366515625 0.5195545359375 0.243491121875 0.38161677968749996
1 0.41986779218750003 0.3444906234375 0.33547569843749997 0.3641892 0.3974237296875 0.4927046640625 0.486890390625 0.4734658203125 0.41986779218750003 0.3444906234375
1 1 0.4783541640625 0.9504709890624999 0.48740893124999995 1 0.5825803625 1 0.4783541640625
1 0.2576627421875 0.65007895625 0.1610527015625 0.668756296875 0.2359137140625 0.8614429984375 0.337677353125 0.8390796578125 0.2576627421875 0.65007895625
1 1 0.5898146109375 0.9464289156250001 0.489820890625 0.867005265625 0.506226409375 0.9606159609375 0.695149728125 1 0.6844602703125 1 0.5898146109375
1 0.36255301093750003 0.6263052234375001 0.44494813437499997 0.81544489375 0.5444854625 0.7930302109375 0.454998584375 0.59999780625 0.36255301093750003 0.6263052234375001
0 0.0618641703125 0.6957082015625 0.132915721875 0.8883398421875001 0.234294075 0.8593910484375 0.15869799375 0.670800765625 0.0618641703125 0.6957082015625
1 0.7528595953125 0.535743740625 0.8482070546875 0.7217799109375 0.9409604140625 0.70149675625 0.8420053484375 0.5140421890625 0.7528595953125 0.535743740625
1 0.45966536874999997 0.6051389453125 0.5442901625000001 0.7908140078125 0.6408051953125 0.7662704640625 0.553939309375 0.5873313515625 0.45966536874999997 0.6051389453125
0 0.2615911234375 0.6482577968750001 0.34123076406249997 0.8405205812500001 0.4441243828125 0.8162003921875 0.361196603125 0.6323948359375 0.2615911234375 0.6482577968750001
1 0.6498224453125 0.5640527875 0.748706146875 0.747578121875 0.8468993250000001 0.7220818234374999 0.7503658703125 0.5368948015624999 0.6498224453125 0.5640527875
0 0.6325829625 0.7444251515625 0.6425213015625 0.764178303125 0.74479945 0.7467840828125001 0.6470143453125 0.564712640625 0.556563521875 0.5864875140625 0.6325829625 0.7444251515625
1 0 0.1687040328125 0.0437241671875 0.15814607812499998 0.0180084625 0.0981244609375 0 0.1022820421875 0 0.1687040328125
1 0.1281269625 0.139102178125 0.10101428593749999 0.07896105625 0.018449075000000002 0.0980227375 0.044719328125 0.159242390625 0.1281269625 0.139102178125
0 0.213513425 0.12352748437500001 0.1824248203125 0.060165953125000005 0.101831215625 0.078772453125 0.12908159375 0.14025202812499998 0.213513425 0.12352748437500001
1 0.29514800625 0.10698739374999999 0.2620332203125 0.04178690625 0.1834286984375 0.0599341890625 0.21375852812499999 0.1234708984375 0.29514800625 0.10698739374999999
1 0.377877203125 0.08742650625000001 0.3456014859375 0.0224936515625 0.26246498281249997 0.0416872265625 0.2952776109375 0.10649612500000001 0.377877203125 0.08742650625000001
1 1 0.8009479796875001 0.9433047437500001 0.703123946875 0.8502787109375 0.7240235546875 0.947060790625 0.904420921875 1 0.89264296875 1 0.8009479796875001
1 0.847041346875 0.725348103125 0.752140040625 0.75271835625 0.8464466859374999 0.9301660843749999 0.945462 0.905628884375 0.847041346875 0.725348103125
1 0.8450290046875001 0.9334958312499999 0.7468158500000001 0.7526812578125 0.652005196875 0.7711403140625 0.74076729375 0.9562418046875001 0.7959542500000001 0.94482563125 0.8450290046875001 0.9334958312499999
1 0.4060476125 1 0.3352918984375 0.8434947718749999 0.23995963125 0.8649268171875001 0.2932557640625 1 0.4060476125 1
1 0.5250622578125 1 0.4403906359375 0.8209085249999999 0.33929685625 0.8446764375000001 0.40989354375 1 0.5250622578125 1
1 0.5569678015624999 1 0.63556920625 0.9818534359375001 0.5459220499999999 0.7990612453125 0.4423238515625 0.8208907812499999 0.5261953109374999 1 0.5569678015624999 1
1 0.54834984375 0.79708360625 0.6354462109375 0.98188183125 0.7394830234375 0.9578630406249999 0.647588675 0.7722342359375001 0.54834984375 0.79708360625
1 0.289506946875 1 0.23813717343750002 0.8659247078125001 0.1348158890625 0.8925554437500001 0.1729549703125 1 0.289506946875 1
1 0.6010621046875 0 0.6219348515625 0.039284253125 0.6990693484375 0.0200747609375 0.6877609609374999 0 0.6010621046875 0
1 0.4555659140625 0.0677753734375 0.42078738125 0.0051356203125 0.346403140625 0.022308575 0.377716659375 0.087002225 0.4555659140625 0.0677753734375
1 0.5087726124999999 0 0.5389501265625001 0.053537218750000004 0.6194588546875 0.0370527015625 0.5983948296875 0 0.5087726124999999 0
1 0.44303219687500006 0 0.42190033437499996 0.004878675 0.457231040625 0.06910622968749999 0.537741228125 0.05328706875 0.5063286375 0 0.44303219687500006 0