1 0.6640625 0.26875 0.090625 0.1609375
1 0.49140625 0.2796875 0.0828125 0.1328125
1 0.571875 0.27734375 0.0859375 0.140625
1 0.4015625 0.2875 0.1015625 0.140625
1 0.1453125 0.30390625 0.103125 0.15
1 0.91875 0.26484375 0.0875 0.159375
1 0.7546875 0.27421875 0.090625 0.1609375
0 0.3265625 0.29765625 0.090625 0.1484375
1 0.8375 0.271875 0.0875 0.1578125
0 0.23828125 0.30859375 0.090625 0.15625
0 0.053125 0.3234375 0.0984375 0.1359375
1 0.54375 0.4234375 0.0890625 0.1609375
1 0.44609375 0.43046875 0.0984375 0.146875
0 0.26875 0.4421875 0.0921875 0.13125
1 0.63359375 0.42421875 0.0984375 0.1609375
1 0.8109375 0.415625 0.0953125 0.1625
0 0.17734375 0.45078125 0.096875 0.1453125
0 0.35625 0.4421875 0.0921875 0.1390625
1 0.90546875 0.4140625 0.0984375 0.171875
0 0.71796875 0.4265625 0.1046875 0.146875
1 0.021875 0.465625 0.04375 0.1375
0 0.0890625 0.4640625 0.1 0.140625
1 0.0828125 0.07578125 0.08125 0.1125
1 0.01875 0.08125 0.0375 0.115625
1 0.8703125 0.046875 0.084375 0.09375
1 0.41328125 0.06328125 0.08125 0.121875
1 0.33125 0.06796875 0.0828125 0.121875
1 0.8453125 0.7125 0.096875 0.178125
1 0.94140625 0.7140625 0.1 0.165625
0 0.74296875 0.72734375 0.1 0.1703125
0 0.16875 0.07890625 0.0890625 0.128125
1 0.49140625 0.06328125 0.0796875 0.1265625
1 0.728125 0.05703125 0.078125 0.1140625
1 0.25 0.07578125 0.0859375 0.13125
1 0.6453125 0.7375 0.1109375 0.1765625
0 0.059375 0.77421875 0.1 0.1875
0 0.553125 0.753125 0.1140625 0.1625
0 0.2578125 0.7703125 0.1078125 0.175
1 0.15625 0.78046875 0.1140625 0.171875
1 0.35390625 0.77109375 0.1171875 0.178125
1 0.45859375 0.77109375 0.1 0.18125
1 0.56953125 0.0609375 0.0859375 0.121875
1 0.65 0.05859375 0.08125 0.1171875
0 0.79765625 0.0546875 0.0859375 0.109375
1 0.81953125 0.9046875 0.1 0.1625
1 0.91953125 0.9 0.1125 0.1625
1 0.509375 0.92109375 0.10625 0.1578125
1 0.71796875 0.91171875 0.10625 0.159375
1 0.29609375 0.928125 0.1140625 0.14375
1 0.4078125 0.92578125 0.1125 0.1484375
1 0.61875 0.9203125 0.1125 0.153125
1 0.19296875 0.934375 0.1046875 0.13125
1 0.084375 0.93671875 0.11875 0.1265625