1 0.93535905 0.20315018125 0.947587509375 0.20086649687499997 0.92248403125 0.08276392187500001 0.873353209375 0.092327353125 0.93535905 0.20315018125
1 0.7932794375000001 0.11227710312500001 0.8604261578125 0.2236829140625 0.932943865625 0.2067904703125 0.8651754421875 0.0955369484375 0.7932794375000001 0.11227710312500001
0 0.610083221875 0.15741039375000002 0.5321217468749999 0.171816309375 0.5270781859375 0.1728883515625 0.588992253125 0.2864388390625 0.6705877625000001 0.26634279375 0.610083221875 0.15741039375000002
1 0.6149096046875 0.154660871875 0.674794625 0.263269875 0.760951953125 0.2508698921875 0.69631273125 0.13747290625 0.6149096046875 0.154660871875
1 0.7002653390625 0.1353153546875 0.76597706875 0.25293749375 0.8521507734375 0.23412792968749999 0.7844989375 0.11693630156249998 0.7002653390625 0.1353153546875
1 0.446847771875 0.19164623125 0.5058044109375001 0.3077886109375 0.589610375 0.28722271875 0.5278978046875 0.174418515625 0.446847771875 0.19164623125
1 0.3574946109375 0.21320997031250002 0.4161582828125 0.3308151890625 0.5034198671875 0.3102028796875 0.4447802390625 0.191928828125 0.3574946109375 0.21320997031250002
0 0.095315228125 0.266571 0.0083176046875 0.2841957484375 0.06487556718750001 0.42818992031249997 0.15368523125 0.4086976265625 0.095315228125 0.266571
0 0.09595586874999999 0.2673019953125 0.1563935453125 0.41161615625000003 0.24769959843749997 0.3929965921875 0.189629834375 0.2491253140625 0.09595586874999999 0.2673019953125
0 0.2716319 0.2308280703125 0.3387907046875 0.3759775078125 0.42412170937499993 0.3571517453125 0.3542098265625 0.21067408593749998 0.2716319 0.2308280703125
0 0.189917765625 0.2481969453125 0.2489873890625 0.3936896 0.336617384375 0.3729989796875 0.26966318437500003 0.23298086875 0.189917765625 0.2481969453125
1 0.9562881187500001 0.2417996515625 0.9410450687499999 0.21620262499999998 0.8577010140624999 0.2357014953125 0.940494353125 0.3863082390625 0.9850642953125 0.3771809140625 0.9562881187500001 0.2417996515625
1 0.59201160625 0.29829781718750004 0.5102837234375001 0.31688042968749996 0.5819143828125 0.466200528125 0.6718320015625 0.44356121562500006 0.59201160625 0.29829781718750004
1 0.8555830625 0.244948334375 0.7670983609375 0.2639850453125 0.853741340625 0.40898024375 0.9365217671874999 0.384331253125 0.8555830625 0.244948334375
1 0.6785929312500001 0.282715775 0.5961906875 0.2991844265625 0.67107190625 0.44231208281249995 0.7631412015625 0.42979561874999994 0.6785929312500001 0.282715775
1 0.6829733234375001 0.28412271875 0.76555051875 0.42998884843749996 0.8522654656249999 0.4108516703125 0.7640841875 0.2652493953125 0.6829733234375001 0.28412271875
1 0.49497986093749996 0.4917324984375 0.5812117812500001 0.468465909375 0.5064295953125 0.3171941828125 0.422645053125 0.3371191765625 0.431466253125 0.35901743124999996 0.49497986093749996 0.4917324984375
1 0 0.5198988359375 0.023337364062499998 0.593486259375 0.1168243765625 0.5724401015625 0.06424674375 0.42478742187499996 0 0.43651675 0 0.5198988359375
0 0.1596867078125 0.4152949796875 0.06884385 0.43095634531250004 0.12059857656249999 0.5716378718749999 0.21258859062500002 0.5497350375 0.1596867078125 0.4152949796875
1 0.3396296328125 0.378041090625 0.25077713125 0.3957318359375 0.3088995546875 0.5305797421875 0.4011357359375 0.50956364375 0.3396296328125 0.378041090625
0 0.2493995234375 0.39505105625 0.16080391875 0.41328879062499996 0.21621162031250002 0.551314690625 0.308528334375 0.534041921875 0.2493995234375 0.39505105625
1 0.426397271875 0.3610087515625 0.34167424375 0.37923148281249996 0.4013699375 0.508808515625 0.4911587359375 0.4911340109375 0.426397271875 0.3610087515625
1 1 0.5056532421875 0.9544253859375 0.513165596875 1 0.604600821875 1 0.5056532421875
1 0.258883675 0.6637196734375 0.161962384375 0.6807080921875001 0.2334491484375 0.8746719515624999 0.33558758125 0.8540880375000001 0.258883675 0.6637196734375
1 1 0.6122142703125 0.9503418359375001 0.51550664375 0.8706439671874999 0.5305235296874999 0.9609432375000001 0.7210518078125 1 0.7111796859374999 1 0.6122142703125
1 0.36417287656249997 0.6417801484375001 0.443254509375 0.83232900625 0.5431678671875 0.8116549031250001 0.45706349843750005 0.6170901375 0.36417287656249997 0.6417801484375001
0 0.062318584375 0.705924815625 0.12999742812499998 0.8997671374999999 0.2318655671875 0.8725920484374999 0.159572353125 0.682711153125 0.062318584375 0.705924815625
1 0.75600053125 0.55804425 0.848086690625 0.7457161265625001 0.9411799125 0.72705483125 0.8455114531250001 0.5379018109375 0.75600053125 0.55804425
1 0.461639846875 0.6223119390625 0.543011275 0.8094356296875 0.6399399515625 0.78658024375 0.5562102140625 0.6061523656250001 0.461639846875 0.6223119390625
0 0.2628432421875 0.6619673515625 0.3391153046875 0.85559075625 0.44241769687500004 0.8330700125 0.3627103984375 0.6478451625 0.2628432421875 0.6619673515625
0 0.6524850140625 0.5845507375000001 0.748150696875 0.769773878125 0.8467738921875 0.745995171875 0.753487096875 0.5591516125 0.6524850140625 0.5845507375000001
0 0.6321002250000001 0.7645947609375 0.641692309375 0.78451835 0.7442584515624999 0.7689117796875 0.649665825 0.5851614828125 0.5588487546875001 0.6053544546875 0.6321002250000001 0.7645947609375
1 0 0.180076403125 0.05356309687500001 0.1681279765625 0.0218786109375 0.090457540625 0 0.0951079828125 0 0.180076403125
1 0.1382854 0.150560009375 0.10485865000000001 0.0728195890625 0.0223104171875 0.0903657578125 0.054538971874999995 0.169241490625 0.1382854 0.150560009375
0 0.223930671875 0.1364778875 0.18597398437499998 0.0555779921875 0.1057960453125 0.0726203390625 0.1392198171875 0.1517263453125 0.223930671875 0.1364778875
1 0.30584148437500003 0.12136503437499999 0.26562983125 0.038646620312500005 0.187184484375 0.0553206921875 0.22417672500000002 0.1364255859375 0.30584148437500003 0.12136503437499999
1 0.388899465625 0.10325095 0.34968594375 0.0207799421875 0.266087334375 0.038549375000000004 0.30597964218749996 0.120876103125 0.388899465625 0.10325095
1 1 0.8302620140625001 0.9434954875000001 0.7287226875 0.8501188734375 0.7479955859375 0.9376172140625 0.9181518875 1 0.9048920171875 1 0.8302620140625001
1 0.7514943578125 0.7749732593750001 0.8354701999999999 0.9398639046874999 0.9355047375 0.9186009078125 0.8468588859375 0.74926343125 0.7514943578125 0.7749732593750001
1 0.6510532578125 0.79164481875 0.72931329375 0.9624282515625 0.8324455609375001 0.9405068125 0.7461716265625 0.774843246875 0.6510532578125 0.79164481875
1 0.3941627703125 1 0.3331254359375 0.858460846875 0.2374336484375 0.87822585 0.283042653125 1 0.3941627703125 1
1 0.511891865625 1 0.43860235156250005 0.83771226875 0.3371091609375 0.859712228125 0.39794053281249997 1 0.511891865625 1
1 0.5525521171875 1 0.62296706875 0.985032840625 0.5444989796875 0.8177100921875 0.44053558125 0.8377282640624999 0.5130969953125 1 0.5525521171875 1
1 0.54696091875 0.8157751265625001 0.623135634375 0.9849970109375 0.7272136859375 0.9628745375 0.6466183156249999 0.7926614953125 0.54696091875 0.8157751265625001
1 0.27947845781249997 1 0.2355940515625 0.8791917828125 0.131823734375 0.9040152593749999 0.1640200734375 1 0.27947845781249997 1
1 0.6035292078125 0 0.6337601421875 0.059375421875 0.7112181421875 0.041515039062499995 0.6887774531249999 0 0.6035292078125 0
1 0.4669193046875 0.084958665625 0.4242918828125 0.004921959375 0.3506889390625 0.020566748437499997 0.38874635 0.10282393125 0.4669193046875 0.084958665625
1 0.68984360625 0 0.7121351265625 0.0426516328125 0.7917705125000001 0.027185459375 0.7736114984375 0 0.68984360625 0
1 0.5114985046875 0 0.5505393078124999 0.072177934375 0.63132346875 0.057100998437499995 0.6001680781250001 0 0.5114985046875 0
1 0.447447884375 0 0.42548517031250005 0.00466831875 0.46856095 0.086318378125 0.5493349578125 0.0719067265625 0.50862020625 0 0.447447884375 0
1 0.7735491796875 0 0.79260209375 0.0318953234375 0.8707554640625 0.0117928671875 0.8623236171875 0 0.7735491796875 0