1 0.7719370234375 0.08309983125 0.840100178125 0.1911775171875 0.9161529125 0.17280754062499998 0.8442604734374999 0.065046459375 0.7719370234375 0.08309983125
1 0.692474128125 0.1073766625 0.7658368078125 0.21576846249999998 0.837862971875 0.194962890625 0.7638831953125 0.0867569640625 0.692474128125 0.1073766625
0 0.5106487937499999 0.16240719374999998 0.4330186109375 0.18100198125 0.42800383750000004 0.1823456859375 0.4962179421875 0.2931689625 0.5772031953125001 0.2686647203125 0.5106487937499999 0.16240719374999998
1 0.5153571203125 0.1593894421875 0.5812716421874999 0.26535475625 0.6672477015625 0.24834242343750002 0.596301640625 0.137817390625 0.5153571203125 0.1593894421875
1 0.6001625125000001 0.135440621875 0.6724087875 0.2501543921875 0.7580647500000001 0.22670087187500002 0.6838903968750001 0.11252219999999999 0.6001625125000001 0.135440621875
0 0.3483208625 0.20543320625 0.41369750781250003 0.31901708906250004 0.4968805984375 0.2939239375 0.42890827343750004 0.183839875 0.3483208625 0.20543320625
1 0.2596127203125 0.231822128125 0.324771615625 0.34689134374999997 0.4114267328125 0.32156894375 0.34625689375 0.20582641562499998 0.2596127203125 0.231822128125
0 0 0.4568837515625 0.064956746875 0.439017375 0 0.30181657031250003 0 0.4568837515625
0 0 0.30105654843749996 0.06783307968749999 0.44180678125000006 0.1586593578125 0.41827296093750005 0.0927184078125 0.2767803328125 0 0.29986680468750004 0 0.30105654843749996
0 0.1742068859375 0.2540620359375 0.2493535546875 0.39635865 0.3341613734375 0.372933384375 0.2561768671875 0.2294476625 0.1742068859375 0.2540620359375
0 0.0929591609375 0.2758322984375 0.1599905578125 0.4189012390625 0.24701198125 0.393480684375 0.1723404734375 0.2563291921875 0.0929591609375 0.2758322984375
0 0.8465025734375 0.2039920859375 0.7637278843749999 0.22798868906249997 0.8548809046875 0.374942596875 0.9451780875000001 0.3514661953125 0.8465025734375 0.2039920859375
1 0.9499647140624999 0.3573701546875 0.978198790625 0.3528105328125 0.93278675625 0.1833305109375 0.850114203125 0.20196791093750002 0.9499647140624999 0.3573701546875
1 0.49987646406249997 0.304925259375 0.4186786484375 0.32791580468750003 0.49854055625000004 0.47416677500000004 0.5877597546875 0.44666729531250005 0.49987646406249997 0.304925259375
1 0.762083925 0.2373917953125 0.6741162890625 0.261195675 0.7688452875 0.4023076921875 0.850782846875 0.3731660546875 0.762083925 0.2373917953125
1 0.58611174375 0.28469319843749996 0.5041248890625 0.30559528125 0.5869299234375001 0.4454523390625 0.6788440718750001 0.428010553125 0.58611174375 0.28469319843749996
1 0.5905899 0.2858754140625 0.6812766734375 0.4280773921875 0.76745963125 0.4042660859375 0.6711520671875 0.262625365625 0.5905899 0.2858754140625
1 0.4124726109375 0.5044151453125 0.49795307656250004 0.4764801484375 0.414819978125 0.3284347296875 0.331624775 0.3528827765625 0.341643934375 0.37441990468749997 0.4124726109375 0.5044151453125
0 0 0.5106048640624999 0.0402454671875 0.6044874734375 0.131587034375 0.5776184921875 0.071337371875 0.44532922499999994 0 0.4615148109375 0 0.5106048640624999
1 0.2503054140625 0.3983877984375 0.1618972953125 0.4208586921875 0.2274173859375 0.553281890625 0.3190530234375 0.5272908890625 0.2503054140625 0.3983877984375
0 0.16047643125 0.42024744687500004 0.07235533125 0.44325437812499996 0.13531276875 0.5790142671875 0.2272259359375 0.556780290625 0.16047643125 0.42024744687500004
1 0.3366518703125 0.37668864062499996 0.25242368125 0.3994758546875 0.31924885000000003 0.526519765625 0.40859922343750005 0.5040157109375001 0.3366518703125 0.37668864062499996
1 1 0.5559656687500001 0.9533713171875 0.48461565625 0.8755490421875001 0.5016721656249999 0.9783419859375 0.6833321734375 1 0.6771067609375 1 0.5559656687500001
1 0.18411977968749998 0.689703365625 0.08756199375 0.71189495 0.169623415625 0.9030113890625 0.271237996875 0.8769313703125 0.18411977968749998 0.689703365625
1 0.7922221828125 0.5235406765625 0.8930183015625 0.71021093125 0.9763975515625001 0.6844269453125 0.871566146875 0.5042402312500001 0.7922221828125 0.5235406765625
1 0.28883113125 0.6620947375 0.37834951875 0.8493784515625 0.47772215781250005 0.8233253953125 0.38093186874999996 0.6323776203125 0.28883113125 0.6620947375
0 0.0852641109375 0.7140339171875 0.0430465765625 0.726478259375 0.09604445 0.9242690187499999 0.16792198281249998 0.9010051921875 0.0852641109375 0.7140339171875
1 0.6783986515625 0.5572515796874999 0.7808414140625 0.7409573078125 0.8734624140625 0.7172871140625 0.7673400421875 0.532282440625 0.6783986515625 0.5572515796874999
1 0.564006946875 0.7688714156249999 0.5746975062499999 0.7883836734375 0.6770034859375 0.7672822671875 0.5722465015625 0.5876493765624999 0.4819944921875 0.6127383140625 0.564006946875 0.7688714156249999
1 0.3858073640625 0.6373826359375 0.47744817968750003 0.821103753125 0.5737053249999999 0.7930166734374999 0.48004492499999996 0.6161481015625 0.3858073640625 0.6373826359375
0 0.188008928125 0.6877334015625001 0.2748638625 0.8782548765625 0.377547053125 0.850167234375 0.2876791453125 0.6682661203125 0.188008928125 0.6877334015625001
0 0.5757104609375 0.5893553453125 0.6816236875 0.7704114375 0.7795361078124999 0.7413070640625 0.67592965625 0.5584970734375 0.5757104609375 0.5893553453125
1 0 0.1904671265625 0.035918428125 0.180455565625 0.0037658265625 0.11532745625 0 0.11633650625 0 0.1904671265625
0 0.12129131093750001 0.16178008125 0.0848230578125 0.09360823593749999 0.00462011875 0.1150985484375 0.036919184375000004 0.1815781171875 0.12129131093750001 0.16178008125
1 0.202855246875 0.14226627187500002 0.16419737343750002 0.0723399515625 0.08589226718750001 0.0933217421875 0.12153595937499999 0.161714528125 0.202855246875 0.14226627187500002
1 0.285415015625 0.1196762109375 0.2476650890625 0.0499748453125 0.1646363109375 0.0722223390625 0.202968484375 0.14176769218750002 0.285415015625 0.1196762109375
1 0.78300436875 0.7431403109375 0.8831151171875 0.914982703125 0.9822782984374999 0.8884120093749999 0.87587819375 0.7188406046875 0.78300436875 0.7431403109375
1 0.6852585953125 0.7754590625 0.7815262296875 0.9422033640624999 0.881061271875 0.9155330296875 0.779793178125 0.74458650625 0.6852585953125 0.7754590625
1 1 0.7289812125 0.9731832562499999 0.6859567515625 0.8810597828125 0.7148238265625 0.9850645484375 0.8876654359374999 1 0.88366349375 1 0.7289812125
1 0.5851451671875 0.79751826875 0.675715125 0.9705553640625 0.7785767375 0.9429936781249999 0.6799000125 0.7756097 0.5851451671875 0.79751826875
1 0.3276724984375 1 0.2689920359375 0.8814552609374999 0.173816253125 0.906371775 0.21460273437500002 1 0.3276724984375 1
1 0.448818515625 1 0.3739546609375 0.85503336875 0.27306319375 0.8825021281250001 0.33151908125 1 0.448818515625 1
1 0.565826246875 1 0.5700309734375 0.9988733468750001 0.4793784796875 0.8293392828125 0.3758992734375 0.8549472843749999 0.45012932968749997 1 0.565826246875 1
1 0.4817522421875 0.8272649390625 0.5701017875 0.9988543734374999 0.6737057875 0.9710937656249999 0.5807394265625 0.79877418125 0.4817522421875 0.8272649390625
1 0.211249096875 1 0.1720173453125 0.90743955 0.09743636875 0.9294637281250001 0.11633650625 1 0.211249096875 1
1 0.4931452921875 0 0.529307125 0.0626508875 0.606249696875 0.04061166875 0.5814558187500001 0 0.4931452921875 0
1 0.3628998078125 0.0971733328125 0.3224228375 0.0299435671875 0.24853095937499997 0.0497428359375 0.285238640625 0.11925523593750001 0.3628998078125 0.0971733328125
1 0.5825626953125 0 0.6072313625 0.041705259375 0.686488909375 0.021956671875 0.6700894390625 0 0.5825626953125 0
1 0.4341737515625 0 0.40264764375000006 0.0084473953125 0.4463047109375 0.07991250625 0.5267377359375 0.06049431875 0.48947881875 0 0.4341737515625 0
1 0.44507955312499997 0.0797036390625 0.40007009687500006 0.009138046875 0.323558921875 0.029639154687500002 0.3646218015625 0.098452815625 0.44507955312499997 0.0797036390625