1 1 0.33427668125 0.9912170124999999 0.28813090468749997 0.9227634124999999 0.277312834375 0.941897384375 0.3941355375 1 0.40377026406249994 1 0.33427668125
1 0.8459411328125 0.269212559375 0.8694115968749999 0.3881870609375 0.9386091999999999 0.3965514765625 0.9145431109375 0.277511803125 0.8459411328125 0.269212559375
0 0.6703463562499999 0.250235115625 0.5971541265625 0.237955640625 0.5923743359375 0.23728388437499998 0.6105558546875 0.356465346875 0.6887636734375 0.364923409375 0.6703463562499999 0.250235115625
1 0.675471171875 0.2493688984375 0.69344680625 0.3635762546875 0.7732084578125 0.380228725 0.7525803671875 0.260311553125 0.675471171875 0.2493688984375
1 0.756747278125 0.259684625 0.776968646875 0.38364334375000003 0.8587930953124999 0.39468946250000003 0.8367272937499999 0.270488209375 0.756747278125 0.259684625
1 0.5157951453125 0.22809011406250002 0.530546478125 0.348596515625 0.6108491484374999 0.3573489890625 0.5926063984375001 0.23888523125 0.5157951453125 0.22809011406250002
1 0.430293309375 0.218440125 0.4443194015625 0.3401337 0.527677065625 0.34994885937500003 0.5138858749999999 0.2276773984375 0.430293309375 0.218440125
0 0.18258188749999998 0.1814480125 0.1004112234375 0.169101525 0.1041513171875 0.3132262765625 0.188513 0.32451628593750004 0.18258188749999998 0.1814480125
0 0.182911890625 0.18229254374999998 0.1899629875 0.327936175 0.2762420171875 0.3407873125 0.2711326046875 0.196287459375 0.182911890625 0.18229254374999998
0 0.34912323437500004 0.20645017812500002 0.3618204546875 0.3549710390625 0.4429086984375 0.3657339140625 0.42821387343749995 0.21517118281249997 0.34912323437500004 0.20645017812500002
0 0.271682609375 0.1955666078125 0.27715350625 0.3418052109375 0.3608603125 0.351669434375 0.3467032171875 0.207706371875 0.271682609375 0.1955666078125
0 0.9427284546875001 0.4073783875 0.8631731625000001 0.39783922031249996 0.8878811515624999 0.5561298 0.9736864765625001 0.5688381640625 0.9427284546875001 0.4073783875
1 1 0.416661928125 0.9465541140625 0.40696169062500004 0.9756416343750001 0.575605046875 0.993665803125 0.5800335578125 1 0.5349634062499999 1 0.416661928125
1 0.609422275 0.3678119 0.531581665625 0.3579865625 0.5468802296875 0.511586625 0.6332223921875 0.5204751734374999 0.609422275 0.3678119
1 0.8583547156250001 0.4052585875 0.7744245234375 0.393673475 0.8043126734375001 0.5482802796875 0.8850179890625001 0.55313056875 0.8583547156250001 0.4052585875
1 0.6905738796875001 0.381813853125 0.6128155703125 0.3699224359375 0.6329528828125001 0.5191388734375 0.717952946875 0.5375769578125 0.6905738796875001 0.381813853125
1 0.6939779921875 0.38444421875 0.7200108421875 0.5385153859375 0.8024161640624999 0.5494474890625 0.7713686734375 0.39381803125000003 0.6939779921875 0.38444421875
1 0.4622380671875 0.5061830484375001 0.5455381234375001 0.513345634375 0.528090640625 0.35703069374999996 0.44801163749999995 0.347723953125 0.448773984375 0.3697123140625 0.4622380671875 0.5061830484375001
1 0.019782879687499998 0.32427409375 0.0147813171875 0.44468053281250003 0.103754590625 0.45610353750000004 0.10468547343750001 0.310046621875 0.023716521875 0.296284771875 0.019782879687499998 0.32427409375
0 0.191684534375 0.3322084328125 0.10675840156250001 0.3169152875 0.10733140468749999 0.4566062265625 0.195261440625 0.46680124375 0.191684534375 0.3322084328125
1 0.3618990359375 0.35704555937500004 0.2780754078125 0.3441646203125 0.2861148609375 0.4807813375 0.37397807968749996 0.4918312859375 0.3618990359375 0.35704555937500004
0 0.27708099218750004 0.343128753125 0.19330856875 0.33080872499999997 0.1979440515625 0.469341003125 0.28468181875 0.48369394374999997 0.27708099218750004 0.343128753125
1 0.44367804218750007 0.3698372703125 0.3633174 0.35874055781249997 0.3744254484375 0.49124495 0.45906761406249996 0.5044390515625 0.44367804218750007 0.3698372703125
1 0.9585244562499999 0.8300772359374999 0.9323944624999999 0.6853014890625 0.85959588125 0.6716412046875 0.8816759578125 0.86373245625 0.952576840625 0.8723967171875 0.9585244562499999 0.8300772359374999
1 0.1995630640625 0.581375915625 0.108865190625 0.56530385625 0.109769790625 0.7579435296875 0.20620661718750002 0.772533484375 0.1995630640625 0.581375915625
1 0.7803400125 0.6600880046875 0.7988932859375 0.8557263578125 0.87961448125 0.8639610546875 0.855255128125 0.6723869765625 0.7803400125 0.6600880046875
1 0.2992050828125 0.5957850234375 0.3078828078125 0.7878597843749999 0.40239090156249996 0.80166035 0.388818178125 0.60382741875 0.2992050828125 0.5957850234375
0 0.0131425078125 0.555566415625 0.01073584375 0.746883875 0.10904129843749999 0.755616965625 0.10612236562499999 0.5662944359375001 0.0131425078125 0.555566415625
1 0.6706847484375 0.64757856875 0.6917229296875 0.841286671875 0.7795875953125 0.8546718890625 0.755871153125 0.6585232750000001 0.6706847484375 0.64757856875
1 0.391175528125 0.6098602546875 0.4029623765625 0.79966738125 0.49554172812499997 0.810605275 0.4795402375 0.625907353125 0.391175528125 0.6098602546875
0 0.20360659375 0.5811059843749999 0.20882996718750002 0.7749754578125 0.30690979218750003 0.78824135625 0.2959801609375 0.6006279890624999 0.20360659375 0.5811059843749999
0 0.571143646875 0.6377341390625 0.59611356875 0.8304412609374999 0.6904787890625 0.84111181875 0.6681196046875 0.647745565625 0.571143646875 0.6377341390625
1 0.49567073281249996 0.7888539156250001 0.49774234999999994 0.809359590625 0.5929647921875 0.8284437640625001 0.56846821875 0.6373687234375 0.4821165484375 0.6260512265625 0.49567073281249996 0.7888539156250001
1 0.097087825 0 0.0976621328125 0.0715472296875 0.177310196875 0.08193049375 0.17410813281249998 0 0.097087825 0
1 0.174512890625 0 0.1778128859375 0.083216953125 0.25746095156250004 0.09360021874999999 0.252035878125 0 0.174512890625 0
1 0.93464336875 1 0.95280324375 0.870785778125 0.8796596015624999 0.8652744312499999 0.8989417812499999 1 0.93464336875 1
0 0.253012340625 0 0.2579102859375 0.0949196875 0.3373096953125 0.10861648593749999 0.327690753125 0.002786134375 0.310013546875 0 0.253012340625 0
1 0.403126021875 0.015925809375 0.3290684265625 0.0027117828125 0.3375428796875 0.10864925781250001 0.414202365625 0.121537996875 0.403126021875 0.015925809375
1 0.48350278593749996 0.0327208953125 0.4035401296875 0.015546034375 0.4144801671875 0.1211540484375 0.493063425 0.13219820468750001 0.48350278593749996 0.0327208953125
1 0.8041940828125 1 0.7810917578125001 0.8568714203125 0.6927823125 0.843931178125 0.7127197265625 1 0.8041940828125 1
1 0.7106004375 1 0.689509084375 0.844000315625 0.5973935984375001 0.8360608890625001 0.617681728125 1 0.7106004375 1
1 0.89782421875 1 0.8763082656250001 0.8641003328125001 0.7869840875 0.8553251359375 0.8075627703125001 1 0.89782421875 1
1 0.61480178125 1 0.59275235625 0.8342476015625 0.50370035625 0.8185876015625 0.5185366218749999 1 0.61480178125 1
1 0.112139478125 0.7623271500000001 0.11401804062500001 0.950667559375 0.21380690625 0.9646919703125001 0.202643015625 0.7755757515624999 0.112139478125 0.7623271500000001
1 0.20574786718750002 0.7779432734375 0.21717808125000002 0.9651657578125 0.316401434375 0.979110690625 0.30206957343749996 0.7910874640625 0.20574786718750002 0.7779432734375
1 0.3037652625 0.79171871875 0.317359421875 0.9792453265625 0.418505396875 0.9934604671875 0.40162684375 0.8073866625000001 0.3037652625 0.79171871875
1 0.5166608187499999 1 0.49947370468749996 0.8180616953125 0.4044111703125 0.806478659375 0.4184345109375 0.9934505046875 0.465036590625 1 0.5166608187499999 1
1 0.01098495 0.7511862093749999 0.0063921875 0.9355417328125 0.11021248125000001 0.9501327234374999 0.11021235625 0.7625854703125 0.01098495 0.7511862093749999
1 0.7084683984375 0.058427521875 0.722506928125 0.1719652796875 0.7963602015625 0.181059621875 0.77926938125 0.0662148828125 0.7084683984375 0.058427521875
1 0.4930651859375 0.13177546406250001 0.567549015625 0.1410938046875 0.55369315625 0.0438544765625 0.4846121734375 0.032876809374999996 0.4930651859375 0.13177546406250001
1 0.7813061015625 0.06714365781250001 0.7968037031249999 0.1823474859375 0.87180743125 0.1942331578125 0.8432932624999999 0.07842550468750001 0.7813061015625 0.06714365781250001
1 0.629912328125 0.054067225 0.6452000796874999 0.1566028015625 0.7210900765625 0.169196034375 0.704530578125 0.060851271875 0.629912328125 0.054067225
1 0.6270880562500001 0.0545924453125 0.5547219234375 0.0428822296875 0.56855875 0.1428083796875 0.6442272 0.1559808296875 0.6270880562500001 0.0545924453125
1 1 0.14378064375 0.989010875 0.1034024921875 0.917237803125 0.089694865625 0.948187975 0.206252803125 1 0.2135345078125 1 0.14378064375
1 0.87103384375 0.19862215 0.9462154109375 0.20597557656249998 0.9207120640625 0.115007215625 0.91309648125 0.0895207671875 0.8484527296875 0.081720740625 0.87103384375 0.19862215