1 0.79409755 0.12998018281249998 0.8556008171875 0.23112859375 0.9265936109374999 0.215279678125 0.8616191437499999 0.1143673515625 0.79409755 0.12998018281249998
1 0.7198347546874999 0.1512478703125 0.7861648234375 0.2527669171875 0.853457090625 0.2346003875 0.786550353125 0.1332440421875 0.7198347546874999 0.1512478703125
1 0.5499170375 0.19943125 0.4774544140625 0.2154642109375 0.47277102343750005 0.21663191093749998 0.534274796875 0.32032412187500003 0.60995626875 0.2988691375 0.5499170375 0.19943125
1 0.5543441953125 0.19670832031250002 0.613793740625 0.29586574374999997 0.6939855828125 0.28142640625 0.6299377859375 0.1779685609375 0.5543441953125 0.19670832031250002
1 0.6335664265625 0.1758263296875 0.6987511078125 0.28318379375 0.7787553640625 0.262773596875 0.7117697 0.155882196875 0.6335664265625 0.1758263296875
1 0.3983239890625 0.236794665625 0.457143678125 0.343000309375 0.5348777515625 0.3210335515625 0.4735860640625 0.2180297234375 0.3983239890625 0.236794665625
1 0.3154331171875 0.259876903125 0.3740250984375 0.36745495625 0.45498980156249996 0.3453290828125 0.3963991375 0.23712722656250002 0.3154331171875 0.259876903125
0 0 0.358213575 0.048547045312499995 0.469936034375 0.130995146875 0.44880150468749996 0.071901596875 0.318372746875 0 0.33557506406250004 0 0.358213575
1 0.0725239375 0.31903215937499996 0.133620665625 0.45142919531250003 0.21843130781250003 0.4310238703125 0.1595633484375 0.298959959375 0.0725239375 0.31903215937499996
0 0.2356820203125 0.2791668625 0.303091571875 0.412116546875 0.3823071265625 0.3917195203125 0.31228052968750003 0.2576249625 0.2356820203125 0.2791668625
0 0.159803265625 0.2980855609375 0.2196577375 0.4316261984375 0.300964540625 0.409415028125 0.233908796875 0.281238140625 0.159803265625 0.2980855609375
1 0.861332228125 0.2430958265625 0.783996409375 0.2640532 0.8662019531249999 0.40156189531250003 0.9505199031249999 0.3812016453125 0.861332228125 0.2430958265625
1 0.9548676125 0.3867433734375 0.9859524859375 0.3822662171875 0.9465689671874999 0.22430755000000002 0.8647232203125 0.2412763546875 0.9548676125 0.3867433734375
1 0.537474253125 0.331269109375 0.461621059375 0.35131882187499996 0.5333452375000001 0.4880033765625 0.61673000625 0.463900353125 0.537474253125 0.331269109375
1 0.78230816875 0.2727373390625 0.7001495890625 0.2934366140625 0.785778128125 0.4255892515625 0.8624237453125 0.399853615625 0.78230816875 0.2727373390625
1 0.617961934375 0.3138515703125 0.5414110828124999 0.3319548140625 0.615979534375 0.46276231562500003 0.7016972499999999 0.44801622500000005 0.617961934375 0.3138515703125
1 0.6221035265625 0.3150151984375 0.7039568390625 0.44811542031249996 0.784456959375 0.4273819125 0.69737040625 0.29471538750000004 0.6221035265625 0.3150151984375
1 0.4528421765625 0.5147007796875 0.532759796875 0.4901370625 0.4580261640625 0.35174031562499997 0.3802918375 0.3731093796875 0.38923565937500004 0.39321105156249997 0.4528421765625 0.5147007796875
1 0 0.5613922828125 0.015871575 0.6250496937500001 0.10170197031249999 0.602558140625 0.047851187499999996 0.466787809375 0 0.477268246875 0 0.5613922828125
0 0.13681727187499998 0.45474546250000003 0.0523462171875 0.47237979374999994 0.10520664531249999 0.6016843265625 0.1905530734375 0.578197809375 0.13681727187499998 0.45474546250000003
0 0.303941559375 0.4140105703125 0.22139636093749998 0.43346845624999997 0.2800279328125 0.5571256359375 0.3656326765625 0.5344568296875 0.303941559375 0.4140105703125
0 0.22008631250000002 0.432880528125 0.137798709375 0.4528393015625 0.19399176093749998 0.5795477109375 0.279790321875 0.5603629875 0.22008631250000002 0.432880528125
0 0.3845575921875 0.3952358828125 0.3058916015625 0.41505081875 0.3658278234375 0.5337456015625001 0.44924927031250006 0.5142714453125 0.3845575921875 0.3952358828125
1 1 0.5746580390625 0.95586254375 0.5046528203125 0.8832476421875001 0.519258053125 0.9756785812500001 0.68909061875 1 0.6825587625 1 0.5746580390625
1 0.2374619 0.6828181796874999 0.1473475953125 0.7018924453125 0.2203504171875 0.8801659734375 0.3152305796875 0.8575676734375 0.2374619 0.6828181796874999
1 0.805434975 0.5382358843749999 0.8959246890625 0.7126784265625 0.9738528484375 0.6900748140624999 0.8795023359374999 0.5215755953125 0.805434975 0.5382358843749999
1 0.335246115625 0.658851515625 0.4152444359375 0.8336893984374999 0.5080405953125 0.8110817046875001 0.42134666718749997 0.6327386390624999 0.335246115625 0.658851515625
0 0.054947359375000004 0.7287223968750001 0.1243847203125 0.907010409375 0.218803425 0.8782817171874999 0.1451755703125 0.7038383765625 0.054947359375000004 0.7287223968750001
1 0.69907826875 0.5677149234375001 0.7911488640625 0.73943690625 0.877629753125 0.718932778125 0.7821616859375 0.5459512890625 0.69907826875 0.5677149234375001
1 0.4257923015625 0.6374491078125 0.5078238796875 0.8090197781249999 0.5977593671875 0.7844803812500001 0.5137339828124999 0.6192257156250001 0.4257923015625 0.6374491078125
0 0.24110987499999997 0.681053171875 0.3185776859375 0.8588491078124999 0.4144852109375 0.8344076828125001 0.334070228125 0.6645499125 0.24110987499999997 0.681053171875
1 0.603097578125 0.595876078125 0.6984386453125 0.7651971125 0.7899298140625 0.73974085 0.696762465625 0.568830678125 0.603097578125 0.595876078125
0 0.5897307734375 0.764264546875 0.5993331046875 0.782501034375 0.694770875 0.7645246171875 0.6004800765625 0.596539503125 0.5161765953125 0.618394009375 0.5897307734375 0.764264546875
1 0 0.16103607343749998 0.030681853125000002 0.22908099375000002 0.10841989375000001 0.20887149843750002 0.0646643953125 0.11637771875 0 0.13247933125 0 0.16103607343749998
0 0.139516275 0.0983615984375 0.06540551875 0.1155302796875 0.109330790625 0.2099265671875 0.18807955 0.19288247187500002 0.139516275 0.0983615984375
1 0.214380846875 0.08228594375 0.14076577968749998 0.0977765765625 0.1883080328125 0.19282550625 0.264213678125 0.1760585890625 0.214380846875 0.08228594375
1 0.295196434375 0.0677484109375 0.21462253593749997 0.081778696875 0.2643274203125 0.17559853125 0.3413257640625 0.1564006875 0.295196434375 0.0677484109375
1 0.879848346875 0.7204086796875 0.7931217546875 0.7414919984375 0.8864483375000001 0.90793435 0.9796917078125 0.8854711078124999 0.879848346875 0.7204086796875
1 0.7901127703124999 0.742782271875 0.701730615625 0.7699280328125 0.79269565625 0.9336643468749999 0.8849708218749999 0.9090876765625 0.7901127703124999 0.742782271875
1 1 0.7399802734375001 0.9708395546874999 0.69144248125 0.8847323734374999 0.7167676859375 0.9865253812500001 0.8924016531250001 1 0.88927153125 1 0.7399802734375001
1 0.6967480625 0.7699854234375 0.6083141484375 0.788825190625 0.6942083203125 0.9597898828125 0.791974621875 0.9377688359375 0.6967480625 0.7699854234375
1 0.3786606984375 1 0.31306611875 0.8617233609375001 0.22418968593750002 0.8833426953125001 0.27268128593749996 1 0.3786606984375 1
1 0.490910234375 1 0.4110636078125 0.838859728125 0.3168317765625 0.8627553906250001 0.382275446875 1 0.490910234375 1
1 0.5613922796875 1 0.5988301484375 0.990665690625 0.5094772875 0.8166772718749999 0.4128722953125 0.8388097999999999 0.4919998859375 1 0.5613922796875 1
1 0.511718728125 0.8147923562500001 0.5986251 0.990716815625 0.6957190390625 0.9665085781249999 0.6041982578125 0.7899209109374999 0.511718728125 0.8147923562500001
1 0.26924391875000003 1 0.22249965781249997 0.8843041156250001 0.12622737343749998 0.9109061468749999 0.15966748749999998 1 0.26924391875000003 1
1 0.5393749156250001 0 0.5134107921875 0.0073095796875 0.5689590828125 0.10732102968749999 0.6408414453125 0.0880872328125 0.589027690625 0 0.5393749156250001 0
1 0.341169034375 0.1560080703125 0.41371994843750004 0.13674575 0.3644465265625 0.051777514062499995 0.2962834484375 0.0674773890625 0.341169034375 0.1560080703125
1 0.5909837734375001 0 0.6417350953125001 0.08911518125 0.7157297921875 0.07203849375 0.6637123703125 0 0.5909837734375001 0
1 0.438941475 0.032694403125 0.491526534375 0.122036840625 0.5666080234375 0.1052841921875 0.5106676609374999 0.011031975 0.438941475 0.032694403125
1 0.4365196078125 0.034239371875 0.365036175 0.0504906765625 0.41529845 0.1379572265625 0.490391503125 0.1218246046875 0.4365196078125 0.034239371875
1 0.75012213125 0 0.7910512390625 0.054570259375 0.86115905 0.03709041875 0.832980775 0 0.75012213125 0
1 0.667170703125 0 0.7166566796875 0.0763976859375 0.7891184578125 0.05505215625 0.7466290578125 0 0.667170703125 0
1 0.8352098703124999 0 0.8611982593749999 0.03576913125 0.8978453703125 0.028887881250000004 0.8906428125 0 0.8352098703124999 0