1 0.7375 0.33671875 0.1203125 0.1765625
1 0.56640625 0.29609375 0.1078125 0.146875
1 0.6453125 0.3171875 0.1125 0.1546875
1 0.47578125 0.27734375 0.1265625 0.159375
1 0.22109375 0.2171875 0.1296875 0.16875
1 0.96484375 0.40859375 0.0703125 0.1734375
1 0.82578125 0.36953125 0.121875 0.1765625
0 0.4 0.26484375 0.11875 0.1640625
1 0.90625 0.3921875 0.1171875 0.171875
0 0.31015625 0.24921875 0.11875 0.1703125
0 0.12578125 0.20859375 0.1234375 0.153125
1 0.57421875 0.45234375 0.11875 0.1765625
1 0.47734375 0.43046875 0.125 0.1640625
0 0.3 0.38984375 0.115625 0.146875
1 0.66171875 0.4796875 0.128125 0.178125
1 0.8375 0.525 0.125 0.1796875
0 0.20859375 0.36953125 0.1234375 0.1625
0 0.3859375 0.4140625 0.11875 0.15625
1 0.93046875 0.55078125 0.1296875 0.1890625
0 0.74375 0.5078125 0.1328125 0.165625
1 0.0484375 0.33671875 0.078125 0.1453125
0 0.11875 0.35703125 0.1265625 0.159375
1 0.22734375 0.01953125 0.1015625 0.0390625
1 0.978125 0.1703125 0.04375 0.13125
1 0.5546875 0.0640625 0.103125 0.128125
1 0.47265625 0.05390625 0.1046875 0.1078125
1 0.78203125 0.82578125 0.1296875 0.1953125
1 0.875 0.85625 0.13125 0.1828125
0 0.67734375 0.81015625 0.1328125 0.1875
0 0.3109375 0.0375 0.1125 0.075
1 0.63125 0.0828125 0.103125 0.140625
1 0.865625 0.14140625 0.1015625 0.140625
1 0.39140625 0.0484375 0.1109375 0.096875
1 0.5796875 0.790625 0.1421875 0.1953125
0 0.03203125 0.65234375 0.0640625 0.2046875
0 0.484375 0.77890625 0.14375 0.1828125
0 0.19140625 0.70703125 0.1390625 0.1921875
1 0.08984375 0.6859375 0.1453125 0.190625
1 0.28515625 0.7359375 0.15 0.1984375
1 0.3875 0.76796875 0.1328125 0.196875
1 0.70859375 0.10234375 0.109375 0.1421875
1 0.78828125 0.121875 0.1046875 0.140625
0 0.9359375 0.15859375 0.109375 0.1421875
1 0.7015625 0.9578125 0.125 0.084375
1 0.80078125 0.96953125 0.1359375 0.0609375
1 0.3953125 0.9203125 0.1296875 0.1546875
1 0.60078125 0.946875 0.1296875 0.10625
1 0.18203125 0.86875 0.1359375 0.153125
1 0.29296875 0.89609375 0.134375 0.153125
1 0.50078125 0.9375 0.1359375 0.125
1 0.0796875 0.84609375 0.1265625 0.1453125
1 0.02109375 0.81953125 0.0421875 0.1484375