1 1 0.3206805734375 0.9368042578125 0.30494491562500003 0.9457233875 0.42433316718749997 1 0.438287015625 1 0.3206805734375
1 0.860245421875 0.2900418 0.8733363687500001 0.4119787203125 0.94220225 0.42647889218749996 0.928517928125 0.30442403906250004 0.860245421875 0.2900418
0 0.685293690625 0.2555114140625 0.6127557546875 0.236715934375 0.6080071874999999 0.2356196421875 0.6157597265625 0.357300971875 0.6936806343749999 0.37268617187499997 0.685293690625 0.2555114140625
1 0.69052528125 0.2550883421875 0.698510453125 0.3717397546875 0.7772699328125 0.395517896875 0.76712144375 0.27288058125000003 0.69052528125 0.2550883421875
1 0.7713683296875 0.272614553125 0.7807504109375001 0.39928839531250004 0.8620804640624999 0.417598659375 0.8508645203125 0.2905185890625 0.7713683296875 0.272614553125
1 0.53178954375 0.219636065625 0.53597455625 0.34235138125 0.61597663125 0.3582170578125 0.608099053125 0.2372535046875 0.53178954375 0.219636065625
1 0.4466370140625 0.20240982343749997 0.4499875609375 0.32625767968749997 0.532968684375 0.3434621875 0.529905509375 0.219052675 0.4466370140625 0.20240982343749997
0 0.2007362796875 0.143399628125 0.1191729296875 0.12374874375 0.11019387031250001 0.26929536875000004 0.1940545453125 0.2880740234375 0.2007362796875 0.143399628125
0 0.20099356875000002 0.1442795265625 0.1952107453125 0.291647103125 0.280862053125 0.3121669890625 0.28849688906250004 0.1661222578125 0.20099356875000002 0.1442795265625
0 0.366048628125 0.18320598906250002 0.3656908375 0.33396809375 0.4463053875 0.3519283625 0.44483431093750003 0.1989335984375 0.366048628125 0.18320598906250002
0 0.2891138609375 0.1654441984375 0.281688928125 0.3132725953125 0.36501691406250003 0.3305571828125 0.3635032984375 0.184259353125 0.2891138609375 0.1654441984375
1 0.9453886312499999 0.43774943750000006 0.8662078859375001 0.42115668125 0.877067953125 0.5828166203125 0.9622553890625 0.603151078125 0.9453886312499999 0.43774943750000006
1 1 0.45153398593749994 0.9492736718750001 0.43766529062500004 0.9636238484374999 0.610140878125 0.9859665765625 0.6177532390625 1 0.5569678031249999 1 0.45153398593749994
1 0.6136163890625 0.36863415 0.536185728125 0.3519035234375 0.5379955875 0.508011646875 0.6240607109375 0.5245444125 0.6136163890625 0.36863415
1 0.8607051484375001 0.42820951875 0.77730459375 0.4091713828125 0.7937010046874999 0.567574165625 0.8744530671874999 0.5795433796875 0.8607051484375001 0.42820951875
1 0.6940083234375 0.3898636375 0.6168430984375 0.371058475 0.623907746875 0.523174321875 0.707778646875 0.549211315625 0.6940083234375 0.3898636375
1 0.6971999609374999 0.392812684375 0.7097657078124999 0.55033745 0.7916901359375 0.5685838078125001 0.7742179578124999 0.40904887656250005 0.6971999609374999 0.392812684375
1 0.45333239687500004 0.49513947812500003 0.5364900703125 0.50966623125 0.532758634375 0.35063405468750003 0.4530305453125 0.334229534375 0.4518535265625 0.3564516484375 0.45333239687500004 0.49513947812500003
1 0.11101226875 0.2661384578125 0.0448329078125 0.24883953593750002 0.011214075 0.3944587 0.097163896875 0.4132220140625 0.11101226875 0.2661384578125
0 0.1965647515625 0.2961028515625 0.1124901921875 0.27324115 0.10071734843749999 0.41404239374999996 0.1882642015625 0.43203088125000005 0.1965647515625 0.2961028515625
1 0.3655864859375 0.3360652515625 0.28240768125 0.31573080937500003 0.2784170515625 0.454089703125 0.36582111875 0.472933746875 0.3655864859375 0.3360652515625
0 0.28149898281249996 0.3145998171875 0.19832209218750002 0.2948350359375 0.1907380953125 0.4348253203125 0.2767180796875 0.4568986609375 0.28149898281249996 0.3145998171875
1 0.4467165125 0.3561303671875 0.3668633625 0.337897578125 0.3663229578125 0.47238221874999997 0.45029743906249997 0.49310402968749995 0.4467165125 0.3561303671875
1 0.9253136328125 0.8804700015625 0.9104242640625 0.7168746734375 0.8384043640625001 0.69672245 0.843632921875 0.89220894375 0.9189199640625001 0.9081640265625 0.9253136328125 0.8804700015625
1 0.18246232499999998 0.5478524625000001 0.092650875 0.52369945 0.07653070468749999 0.71788031875 0.17224594531249998 0.7410435890625 0.18246232499999998 0.5478524625000001
1 0.7597028531250001 0.6781266546875 0.7610702515625001 0.8768776796875001 0.8415390890625 0.8922583749999999 0.8339721046875 0.69709296875 0.7597028531250001 0.6781266546875
1 0.2814176265625 0.5711147796875 0.2731663265625 0.7654085625 0.367011253125 0.787607203125 0.3708477609375 0.5870820046875 0.2814176265625 0.5711147796875
0 0 0.7019730546875 0.0760036 0.715472171875 0.08980431875 0.5244568562499999 0 0.50605675625 0 0.7019730546875
1 0.650507365625 0.6558997375 0.6545449546875 0.852923921875 0.7417440281250001 0.87412108125 0.735228146875 0.6744028421875 0.650507365625 0.6558997375
1 0.46251140625 0.7805563828125 0.4627824484375 0.8013994500000001 0.5568788421875001 0.828984478125 0.5491297109375 0.6343098546875 0.4632697546875 0.615328875 0.46251140625 0.7805563828125
1 0.37268567343750003 0.5933674843750001 0.3677622828125 0.7856492578125 0.459920175 0.8047942515625 0.4601524171875 0.6172906046875 0.37268567343750003 0.5933674843750001
0 0.18655354062500001 0.547935315625 0.174668875 0.7437343000000001 0.2721538453125 0.7657076453125 0.2777455671875 0.5757114999999999 0.18655354062500001 0.547935315625
0 0.5512500359375 0.6372455921875 0.5593310234375 0.8336062203125 0.6533089390625 0.852638565625 0.6479123437500001 0.6558429015625 0.5512500359375 0.6372455921875
1 0.1270405109375 0 0.125031821875 0.025212935937499997 0.204231265625 0.0426643328125 0.20630287187500002 0 0.1270405109375 0
1 0.2067347 0 0.20462318750000003 0.0440046671875 0.28382263281250003 0.0614560640625 0.28564945 0 0.2067347 0
1 0.8977179578125 1 0.919340796875 0.9063411968749999 0.84146836875 0.8935856796874999 0.847264115625 1 0.8977179578125 1
0 0.2864235609375 0 0.28415796875 0.062824978125 0.3628143625 0.08359323125 0.3625656296875 0 0.2864235609375 0
1 0.3637004265625 0 0.36304602343750003 0.083646715625 0.4390177859375 0.10336034375 0.43728036875000004 0 0.3637004265625 0
1 0.43773075468749995 0 0.43933116562499996 0.10299785937499999 0.5174011046875 0.121021725 0.5165783140625 0.019950575 0.451846778125 0 0.43773075468749995 0
1 0.7520040328125 1 0.74306260625 0.876469296875 0.65537679375 0.8556814578124999 0.6610566718750001 1 0.7520040328125 1
1 0.6588259546875 1 0.65207816875 0.855463884375 0.5601217968750001 0.8393808187499999 0.5658118578125 1 0.6588259546875 1
1 0.8456845703125 1 0.83820108125 0.8921085828124999 0.7491263515625 0.8754283468749999 0.7558033109375 1 0.8456845703125 1
1 0.5628683265625 1 0.555613509375 0.8371464906250001 0.4674212046875 0.8135530937500001 0.4662930703125 1 0.5628683265625 1
1 0.078526825 0.72250515 0.0637664296875 0.9124395984375001 0.16290345781249999 0.9353271843750001 0.1683923984375 0.743796225 0.078526825 0.72250515
1 0.171306246875 0.7464541734375 0.166252609375 0.9361003968749999 0.2648278171875 0.958858278125 0.26703350000000003 0.768150609375 0.171306246875 0.7464541734375
1 0.2686833734375 0.7689354546875 0.265779546875 0.9590780015625 0.36626481875 0.9822768546875 0.3657364640625 0.7933099203125 0.2686833734375 0.7689354546875
1 0.46443689375 1 0.46321614218749996 0.8126522968750001 0.3686174703125 0.7926393593750001 0.36619439531250003 0.9822605953125001 0.44303219531250004 1 0.46443689375 1
1 0 0.8977179578125 0.0599857296875 0.9115667546875 0.07656551406249999 0.72259631875 0 0.7069481578125 0 0.8977179578125
1 0.740596896875 0.0655936390625 0.7446809609375 0.1812248796875 0.8181654171874999 0.1968690640625 0.81112661875 0.079653078125 0.740596896875 0.0655936390625
1 0.517440246875 0.12059592968749999 0.5915391703124999 0.136521146875 0.58619800625 0.0373280453125 0.5176804546875 0.020205024999999998 0.517440246875 0.12059592968749999
1 0.8130932312500001 0.080767628125 0.8184976796875001 0.1982056203125 0.8928926031250001 0.21676327187500002 0.8744482734375 0.097574634375 0.8130932312500001 0.080767628125
1 0.6619634265625 0.0543067375 0.6682767125 0.1589619296875 0.743500575 0.1783102875 0.7364216046875 0.0676902265625 0.6619634265625 0.0543067375
1 0.6590760828125 0.054588106250000004 0.5873187859375 0.036438696874999996 0.592403278125 0.1383373421875 0.6673530859375 0.158249865625 0.6590760828125 0.054588106250000004
1 1 0.13019756093749998 0.9478322515625001 0.11541835 0.9686606109375001 0.235576734375 1 0.242812003125 1 0.13019756093749998
1 0.891726453125 0.22111768281250002 0.9667009312499999 0.2351243078125 0.949089271875 0.14122765625 0.94368191875 0.1148795203125 0.879346828125 0.1013476328125 0.891726453125 0.22111768281250002