1 1 0.3506192390625 0.935527371875 0.330929834375 0.938185978125 0.4506212609375 1 0.4700137015625 1 0.3506192390625
1 0.8598534250000001 0.3120403640625 0.8665447468749999 0.43449530156250005 0.93455736875 0.4525797609375 0.927279659375 0.32997599843750003 0.8598534250000001 0.3120403640625
1 0.6869486421875 0.26840103437499996 0.6154937968749999 0.245834971875 0.610809109375 0.244491659375 0.6121827171875001 0.366411965625 0.6891916375 0.38585414687499997 0.6869486421875 0.26840103437499996
1 0.6921952046875 0.2682523421875 0.6940643703125 0.3851617984375 0.7714714593750001 0.41302930781249997 0.76775521875 0.29002893125 0.6921952046875 0.2682523421875
1 0.7720102078125 0.2899855328125 0.7747498359375 0.41697679218749995 0.8550101437500001 0.43951845 0.850460428125 0.312025540625 0.7720102078125 0.2899855328125
1 0.5355324375 0.22454106562499998 0.533289290625 0.3473072296875 0.6123513796875 0.3673381484375 0.6108153390625 0.246128090625 0.5355324375 0.22454106562499998
1 0.45139815624999996 0.202881890625 0.4482624171875 0.326735371875 0.530229403125 0.3482592 0.533681515625 0.22385987031250001 0.45139815624999996 0.202881890625
0 0.2089227765625 0.13108311875 0.128499653125 0.10719046875 0.111915578125 0.2520676984375 0.194678525 0.275209546875 0.2089227765625 0.13108311875
1 0.20913366249999998 0.13197527656250002 0.1956461421875 0.27883824218750003 0.280106140625 0.303812646875 0.295373903125 0.1583676421875 0.20913366249999998 0.13197527656250002
0 0.3719252671875 0.17948670625000002 0.36367768749999996 0.3300234703125 0.443241790625 0.352178165625 0.44977985781249996 0.19931608437499998 0.3719252671875 0.17948670625000002
0 0.2960255140625 0.15772280156250001 0.28087401875 0.3049600140625 0.36318320000000004 0.3265819625 0.3693282953125 0.1804054140625 0.2960255140625 0.15772280156250001
1 0.9371495296875001 0.46400162500000003 0.858945696875 0.4432876078125 0.861330253125 0.60529436875 0.9453367203124999 0.6300593265625001 0.9371495296875001 0.46400162500000003
1 1 0.48361202812500004 0.9410336499999999 0.4641209203125 0.9463374859375 0.6371111671875 0.977282096875 0.6494971625 1 0.5702704187500001 1 0.48361202812500004
1 0.6094491843750001 0.3776174390625 0.53300025 0.356857334375 0.5266375625 0.5128462359375 0.611719478125 0.5338606453125 0.6094491843750001 0.3776174390625
1 0.853081384375 0.4500427875 0.7707915046875 0.4266658953125 0.778875284375 0.585709715625 0.8588902578125 0.6018887609375 0.853081384375 0.4500427875
1 0.6886198796875 0.403025221875 0.6125445921875 0.3802073125 0.6116384296875 0.532484425 0.6940317171875 0.5628752 0.6886198796875 0.403025221875
0 0.6916528 0.4061372625 0.6959571171875 0.5641037875 0.7768143281250001 0.5866127328124999 0.7677155109375 0.42638201562500005 0.6916528 0.4061372625
1 0.442764078125 0.4955607796875 0.5250475156250001 0.5144197609375001 0.5296442953125 0.3554102421875 0.45088401562499997 0.334855559375 0.44854559531250005 0.35698561875 0.442764078125 0.4955607796875
1 0.112898075 0.248957946875 0.056940504687500004 0.23115444218749998 0.0158553234375 0.374435496875 0.0913709234375 0.3951151625 0.112898075 0.248957946875
0 0.196765096875 0.28335874687499996 0.1140022484375 0.25612825156249996 0.09487656875 0.39612038906249997 0.1813619984375 0.41866607343749995 0.196765096875 0.28335874687499996
0 0.363463721875 0.33211229375 0.2814631328125 0.3074524765625 0.27023682656250003 0.4454129 0.3565348890625 0.46880549531250004 0.363463721875 0.33211229375
0 0.2806148703125 0.3062754765625 0.19858638125 0.28218464062500004 0.183686253125 0.42158615624999995 0.2683931734375 0.4481290890625 0.2806148703125 0.3062754765625
0 0.443432434375 0.356395928125 0.3646429515625 0.334008934375 0.357064903125 0.4682809875 0.43983980625 0.49336928437500005 0.443432434375 0.356395928125
1 0.8167582796874999 0.7170206 0.8117487000000001 0.9125128265625 0.8950737828124999 0.9347856109375 0.88762479375 0.740914434375 0.8167582796874999 0.7170206
1 0.16950643906250001 0.5340252796875 0.08108214531249999 0.505205 0.054821425 0.6982760859375 0.14919322031249999 0.7264169609375 0.16950643906250001 0.5340252796875
1 0.7391378546875 0.6943313703125 0.7301015546875 0.892881578125 0.80965515 0.9124526078124999 0.8123127015625 0.71715864375 0.7391378546875 0.6943313703125
1 0.267108671875 0.5624346375 0.248700128125 0.7560303078125 0.3412546546875 0.7831099874999999 0.35558058593749997 0.583060390625 0.267108671875 0.5624346375
0 0 0.6832081390625 0.0544210734375 0.6958436515625 0.07819985 0.5058123906249999 0 0.48547326249999995 0 0.6832081390625
1 0.63125528125 0.6664200625000001 0.6249758890625 0.86338554375 0.7109460859375 0.8891173 0.7148915796875001 0.6893317531250001 0.63125528125 0.6664200625000001
1 0.357087021875 0.5894334453125001 0.34210712656250003 0.7811940328125 0.43313674999999996 0.8051359609375 0.44318185625 0.617901434375 0.357087021875 0.5894334453125001
0 0.1735877140625 0.5343221359375 0.15147200624999999 0.7292307890624999 0.24767338125 0.7562759890625 0.2632010703125 0.566832875 0.1735877140625 0.5343221359375
1 0.5331102640625 0.64259675625 0.5309034546875 0.8391112046875 0.623756503125 0.8630358890625001 0.628666790625 0.6662274921875 0.5331102640625 0.64259675625
0 0.43633302812499997 0.7833683125 0.4355128578125 0.8041970015625 0.5280366062499999 0.8366688515625 0.530486578125 0.6418554624999999 0.44573767656249996 0.618406934375 0.43633302812499997 0.7833683125
1 0.2212297171875 0 0.2180062890625 0.0320278 0.2961838578125 0.053600259375 0.3005930953125 0 0.2212297171875 0
1 0.876777025 1 0.896088109375 0.9326542468750001 0.8095150609375 0.9137743921875 0.8096918531249999 1 0.876777025 1
0 0.301320796875 0 0.29644709062499996 0.054984845312499996 0.3739087609375 0.0798411953125 0.3778548765625 0 0.301320796875 0
1 0.3789521578125 0 0.3741373046875 0.0799067296875 0.44897322031250003 0.103569396875 0.4526568859375 0 0.3789521578125 0
1 0.453107853125 0 0.4493051421875 0.1032238109375 0.5263247921875001 0.125308840625 0.530792784375 0.0243331421875 0.46440547031249996 0 0.453107853125 0
1 0.714298375 1 0.712139959375 0.8915313062499999 0.625662271875 0.8661828375 0.6239193859375 1 0.714298375 1
1 0.6216134984374999 1 0.622379553125 0.8657929234375 0.5313909265625 0.844919275 0.5287622296875 1 0.6216134984374999 1
1 0.8078138953125 1 0.80632955625 0.9121283234374999 0.7182498765625 0.8908091359375 0.7183796203124999 1 0.8078138953125 1
1 0.5257703640625 1 0.5270057546875 0.8424520624999999 0.44016909843749996 0.8142753718750001 0.429315415625 0.9998812390625 0.429729584375 1 0.5257703640625 1
1 0.056572765625 0.702999046875 0.0326451296875 0.8861378656250001 0.1301698734375 0.9141026359375 0.1452008921875 0.7289641453125 0.056572765625 0.702999046875
1 0.14797164062499998 0.7317709484375 0.13346241875 0.9150467578124999 0.2306244859375 0.9429075328125001 0.242432196875 0.7584476265625 0.14797164062499998 0.7317709484375
1 0.24403873593749997 0.7593177453125 0.23158484218750003 0.943182909375 0.33061343593750003 0.9715789015625 0.3396831578125 0.7887381734375001 0.24403873593749997 0.7593177453125
1 0.342595309375 0.788219309375 0.33063437812499996 0.9715849078125001 0.42747490624999995 0.99935348125 0.43601694062499996 0.813155734375 0.342595309375 0.788219309375
1 0 0.876777025 0.0289714546875 0.8850844562500001 0.05460936875 0.70298744375 0 0.688812815625 0 0.876777025
1 0.7521155859374999 0.0816378796875 0.75014238125 0.197324396875 0.8227073734375001 0.21679301875 0.8218128312499999 0.0993692921875 0.7521155859374999 0.0816378796875
1 0.526386165625 0.1248856765625 0.5995500765624999 0.14466710625 0.5994075984375 0.045330410937499996 0.5318800984375 0.024644925 0.526386165625 0.1248856765625
1 0.8237184203125001 0.10058523906250001 0.8229692312499999 0.2181451328125 0.896290965625 0.2405708828125 0.884109765625 0.1205802859375 0.8237184203125001 0.10058523906250001
1 0.674180590625 0.0662510890625 0.67500799375 0.1710932671875 0.7491161484375 0.194352021875 0.7478362890625 0.0835130765625 0.674180590625 0.0662510890625
1 0.671282478125 0.0663809609375 0.6005733890625 0.0445009390625 0.6003179484375 0.1465260359375 0.6741228984375 0.170333840625 0.671282478125 0.0663809609375
1 1 0.15707748593749998 0.9564593046875001 0.14224016875 0.9709705171874999 0.2633239515625 1 0.27164802187500003 1 0.15707748593749998
1 0.8948985234375 0.24485829531249997 0.9690372015625 0.26276958281249996 0.9563638484375 0.1680798921875 0.9523428624999999 0.141484865625 0.8888041453125 0.124604484375 0.8948985234375 0.24485829531249997