1 0.9091259421875 0.2024164828125 0.9361518203125 0.1958891015625 0.90487141875 0.07914905156249999 0.841405059375 0.09499066874999999 0.9091259421875 0.2024164828125
1 0.762485115625 0.11910381562500001 0.83537034375 0.22684276093750003 0.9069045875 0.206178184375 0.8334064781249999 0.09862385625 0.762485115625 0.11910381562500001
0 0.5819020593750001 0.1737630015625 0.5048013734375 0.1922293625 0.4998208328125 0.1935638953125 0.5675928203125 0.303718434375 0.6480247609374999 0.27937955 0.5819020593750001 0.1737630015625
1 0.586577928125 0.1707646546875 0.6520650328125 0.2760906734375 0.737455321875 0.2591985578125 0.666969946875 0.1493399328125 0.586577928125 0.1707646546875
1 0.6708042203125 0.14697847656250002 0.7425817593749999 0.26100033125 0.8276529484375 0.23770656093750003 0.75396049375 0.1242161640625 0.6708042203125 0.14697847656250002
1 0.4206820828125 0.216495003125 0.4856363453125 0.3293926609375 0.568251121875 0.30446888906249997 0.5007194078125 0.195049065625 0.4206820828125 0.216495003125
1 0.332579934375 0.24270557343750002 0.39731819062499996 0.3570793984375 0.48338142343749996 0.33192841875 0.41863217343750003 0.21688541875 0.332579934375 0.24270557343750002
0 0 0.3591562109375 0.051613096875 0.4727053984375 0.1392809015625 0.4485918796875 0.0735525609375 0.3097148828125 0 0.32867180625 0 0.3591562109375
0 0.07423058125000001 0.310411346875 0.14213825 0.45136466718749996 0.2323446984375 0.42799203124999996 0.1668248765625 0.287357059375 0.07423058125000001 0.310411346875
0 0.24775695625 0.2647932359375 0.32242025625 0.40622893125 0.40664905625000003 0.38296308749999997 0.3291669359375 0.2403450765625 0.24775695625 0.2647932359375
0 0.16706382343749998 0.2864148953125 0.2336669921875 0.4286166921875 0.3200940296875 0.4033682265625 0.24590360625000002 0.26704611875 0.16706382343749998 0.2864148953125
0 0.9585782187499999 0.27958556093750003 0.9154872812500001 0.21515345468749997 0.8332779390624999 0.23898749375 0.9238399609375 0.38505476875 0.9827357687499999 0.36974276562499997 0.9585782187499999 0.27958556093750003
1 0.5712286890625 0.315403140625 0.490585346875 0.33823759062500003 0.5699326499999999 0.48360419375 0.658542190625 0.45628998281250005 0.5712286890625 0.315403140625
1 0.8316468312499999 0.24833250625 0.7442797 0.271974059375 0.8383924031250001 0.41223600312500003 0.9197693515625 0.3832884 0.8316468312499999 0.24833250625
1 0.6568758546875 0.29531113593749997 0.57544844375 0.3160698171875 0.6577177609375 0.4550823421875 0.7490058203125 0.43776449531250006 0.6568758546875 0.29531113593749997
1 0.6613238765625 0.2964868984375 0.7514219453125001 0.43783136718750004 0.8370164921875001 0.41418210625 0.741335828125 0.273394425 0.6613238765625 0.2964868984375
1 0.48445350937500004 0.5136509734375 0.569349575 0.485903240625 0.4867529234375 0.33875262500000003 0.40412599687500006 0.36303525625 0.4140811765625 0.3844418328125 0.48445350937500004 0.5136509734375
1 0 0.5658262484375001 0.019785696875 0.639667475 0.111040184375 0.6140390984375 0.0508070625 0.4693404734375 0 0.481394175 0 0.5658262484375001
0 0.1456194328125 0.454866096875 0.055720725000000006 0.47526034843750004 0.1147672265625 0.6130404421875 0.20548486562499998 0.5863532390625 0.1456194328125 0.454866096875
1 0.323366034375 0.40824577812499996 0.23556116562499999 0.43056245937500004 0.300661328125 0.56218366875 0.39167120624999996 0.536369103125 0.323366034375 0.40824577812499996
0 0.2341498171875 0.42995471093750004 0.146630115625 0.45280418750000007 0.20918560312499998 0.5877411140625 0.3004718125 0.5656605328125 0.2341498171875 0.42995471093750004
1 0.40912335781250003 0.386695715625 0.3254701453125 0.4093275328125 0.3918655640625 0.5356027546875 0.4806063 0.5132532890625 0.40912335781250003 0.386695715625
1 1 0.4988231953125 0.944391103125 0.5110091765625 1 0.609324309375 1 0.4988231953125
1 0.257682 0.6977587656249999 0.1617826390625 0.7197963703125 0.24332271875 0.9097530812500001 0.3442438953125 0.8838518640625 0.257682 0.6977587656249999
1 1 0.615984990625 0.94043566875 0.5135607328125 0.8616329453124999 0.532728103125 0.961779946875 0.7182693703125 1 0.7064491296875001 1 0.615984990625
1 0.361678678125 0.6703388984374999 0.450624490625 0.8564878015625 0.5493189203125 0.8306129703125 0.45314982343750004 0.640821203125 0.361678678125 0.6703388984374999
0 0.0635951390625 0.7501934890624999 0.1413261546875 0.9402281203125 0.2416324546875 0.90775890625 0.15950071875 0.7219217718750001 0.0635951390625 0.7501934890624999
1 0.7485869515625 0.56621108125 0.8503688953124999 0.74880634375 0.942357878125 0.7252985 0.8369210265625 0.54141160625 0.7485869515625 0.56621108125
1 0.63500903125 0.7765093953125 0.6456306921875 0.7959036703125 0.7472394859375 0.7749505906249999 0.6431597453125 0.5964027125 0.5535239546875 0.621321009375 0.63500903125 0.7765093953125
1 0.45799318749999995 0.6457963421875 0.5490463953125 0.8284049343750001 0.644646078125 0.800508015625 0.551588221875 0.6247094828125 0.45799318749999995 0.6457963421875
0 0.26154442968749997 0.69580161875 0.3478454296875 0.8851678968750001 0.44982760624999996 0.8572715875 0.3605356234375 0.6764721406249999 0.26154442968749997 0.69580161875
0 0.6466005406249999 0.5980988265625 0.7518289453125 0.7780613703125 0.8490724984375 0.7491537125 0.746134915625 0.56744846875 0.6466005406249999 0.5980988265625
1 0 0.1557722078125 0.027738353124999997 0.21465282343749997 0.11039229843750001 0.1916139953125 0.0646882359375 0.0990033453125 0 0.11633650625 0 0.1557722078125
0 0.1951831953125 0.1730688453125 0.1441868609375 0.077701753125 0.06572975 0.0987242734375 0.1113864765625 0.19272982968750002 0.1951831953125 0.1730688453125
1 0.27619080625 0.15368982343749998 0.2225895 0.056693829687499996 0.145582434375 0.07732781093749999 0.1954261734375 0.1730037390625 0.27619080625 0.15368982343749998
1 0.22306505312499997 0.0565664046875 0.2763031859375 0.15319433124999998 0.3581869421875 0.13125364374999998 0.307140025 0.036963448437500004 0.26871686875 0.0443340375 0.22306505312499997 0.0565664046875
1 1 0.8149238562500001 0.9447575703125001 0.7268428828125 0.852517590625 0.7509763234375 0.939261753125 0.8999382578124999 1 0.88366349375 1 0.8149238562500001
1 0.7554401390625001 0.7830786328125 0.8384652765625 0.9269465921875 0.937036903125 0.9005344046875001 0.849328425 0.7524130453125 0.7554401390625001 0.7830786328125
1 0.6560092109375 0.8049840234375001 0.7344098203125 0.95482816875 0.8353059515625001 0.92779313125 0.7501178984375 0.78322736875 0.6560092109375 0.8049840234375001
1 0.397263084375 1 0.3420139796875 0.888347540625 0.24748775312500002 0.9130935796875 0.2853349453125 1 0.397263084375 1
1 0.5174445765625 1 0.44626044687500005 0.8621071609375001 0.3460577375 0.8893887140625001 0.40106783124999995 1 0.5174445765625 1
1 0.56582625 1 0.62922830625 0.9830114703125 0.5509651140625 0.836590196875 0.4481918625 0.8620219578125001 0.5187753328125 1 0.56582625 1
1 0.553322409375 0.8345290343749999 0.629683153125 0.9828895937500001 0.73210319375 0.9554462265625 0.65163355625 0.8062314140625 0.553322409375 0.8345290343749999
1 0.2820766765625 1 0.24570123124999999 0.9141544640625 0.1433722875 0.9443748390625 0.1653319640625 1 0.2820766765625 1
1 0.5573617718749999 0 0.600415775 0.0746232296875 0.6768328828125 0.052733484374999993 0.644652871875 0 0.5573617718749999 0
1 0.3580116875 0.130835225 0.43514251093749995 0.10890318750000001 0.380809659375 0.018619868749999997 0.30829600625000003 0.036653703125 0.3580116875 0.130835225
1 0.6459870359375001 0 0.6778080937500001 0.05382052968749999 0.7565249046875 0.0342077578125 0.730988525 0 0.6459870359375001 0
1 0.4619468984375 0 0.5179790234375 0.0917636390625 0.5978634078125 0.07247944843750001 0.55324284375 0 0.4619468984375 0
1 0.45154463125 0 0.3814140625 0.0172291625 0.43685306874999996 0.11017511875 0.5167621328124999 0.0915558328125 0.4583914015625 0 0.45154463125 0
1 0.7315308078125 0 0.7576018437500001 0.0388676453125 0.834596025 0.014702507812500001 0.822874034375 0 0.7315308078125 0