1 0.9550338921874999 0.293019865625 0.9807828093750001 0.29095675781249997 0.9683032390624999 0.1722215734375 0.9054837093750001 0.1777362703125 0.9550338921874999 0.293019865625
1 0.8245909484375 0.18908503906250002 0.8791413828125 0.3054713484375 0.9522790156250001 0.29634780312500003 0.8971007890625 0.180047046875 0.8245909484375 0.18908503906250002
1 0.6395737375 0.214549490625 0.561335021875 0.22066871406250002 0.5562590046875 0.221202225 0.6054360828124999 0.33915650625 0.6878420109375 0.32782084375 0.6395737375 0.214549490625
1 0.644609859375 0.2123453359375 0.6923018015625 0.325235065625 0.7784005765625001 0.3219316109375 0.726524940625 0.20384726562500002 0.644609859375 0.2123453359375
1 0.7306395515624999 0.2021347046875 0.7831329671875 0.324481153125 0.8699123078125 0.31488145156249997 0.815464425 0.192758040625 0.7306395515624999 0.2021347046875
1 0.4753356 0.2313637375 0.5213326953124999 0.3515599328125 0.605963303125 0.3399904453125 0.5569072140625 0.22279021562499998 0.4753356 0.2313637375
1 0.3851408859375 0.2433419234375 0.4306979421875 0.364945278125 0.5187350765625001 0.3536863640625 0.47327102343750005 0.2314283046875 0.3851408859375 0.2433419234375
0 0.1215196640625 0.2687497296875 0.0340520796875 0.2771003265625 0.074800671875 0.4244159328125 0.1642456296875 0.4144170921875 0.1215196640625 0.2687497296875
1 0.1220745328125 0.2695340234375 0.16660914843750002 0.4175639390625 0.25842108124999996 0.4086799375 0.21617152968750003 0.26132925937499996 0.1220745328125 0.2695340234375
0 0.29879120000000003 0.25180296874999997 0.34985550781249997 0.40134637968750003 0.4358069765625 0.39164390312499997 0.382170225 0.2405116359375 0.29879120000000003 0.25180296874999997
0 0.21655120781249998 0.260446740625 0.2596169421875 0.40949361093750003 0.3480248578125 0.3981957234375 0.2966300234375 0.253715346875 0.21655120781249998 0.260446740625
1 0.9892169015625001 0.371201784375 0.9592781359375 0.3064310296875 0.875212846875 0.316999690625 0.9411020734375001 0.47351685625 0.99937291875 0.467829828125 0.9892169015625001 0.371201784375
1 0.6071789812499999 0.3511201328125 0.524799634375 0.36095508125000003 0.579833690625 0.5150574375 0.6706955531250001 0.5020805937499999 0.6071789812499999 0.3511201328125
1 0.8721693625 0.3258671578125 0.7830915265625 0.33545184843750003 0.8533520625 0.486852009375 0.9373964000000001 0.4711648390625 0.8721693625 0.3258671578125
1 0.6940250046875 0.34473374843750004 0.6112009609375 0.35242205000000004 0.67007680625 0.5007748750000001 0.7620074015625 0.49796633281249997 0.6940250046875 0.34473374843750004
0 0.698191215625 0.3465676859375 0.764359103125 0.498404534375 0.8517052078124999 0.48853871406250005 0.7799933046875 0.336383490625 0.698191215625 0.3465676859375
1 0.4916085234375 0.5311840296875 0.5789072109375 0.5172109390624999 0.520973103125 0.3608661109375 0.43643002343750004 0.371808071875 0.44284354531250003 0.39423411875 0.4916085234375 0.5311840296875
1 0 0.5008773671875 0.016775048437500002 0.5825515328125 0.110985471875 0.57150800625 0.0745343765625 0.42100788749999996 0 0.42667699375 0 0.5008773671875
0 0.1694695765625 0.42151811875 0.078420271875 0.42754319374999994 0.11478395781249999 0.5711087703125 0.20760954375 0.5590691859375 0.1694695765625 0.42151811875
0 0.3504674296875 0.403460490625 0.261167059375 0.41168474843749997 0.304403853125 0.5501746578125 0.3973798421875 0.5390317359375 0.3504674296875 0.403460490625
0 0.25988151406250004 0.41087383125 0.17077732968749998 0.41966203125 0.2110123046875 0.5609947625 0.303679515625 0.5535382671875 0.25988151406250004 0.41087383125
0 0.43764720625000003 0.39566827656250003 0.35235674375000003 0.40484089375 0.39768866875 0.5383139031249999 0.48790904843750005 0.530202109375 0.43764720625000003 0.39566827656250003
1 1 0.596170109375 0.94166516875 0.599600440625 1 0.7554565015625 1 0.596170109375
1 0.24136628125 0.6758401515625 0.14419579375 0.6825426359375 0.19446022031250002 0.8804962843749999 0.29713918906250003 0.8707986812499999 0.24136628125 0.6758401515625
1 1 0.7627989000000001 0.9374026328125 0.6014798046875 0.857391275 0.608020378125 0.9265308953125 0.8045373578125 1 0.7939752359375001 1 0.7627989000000001
1 0.347287396875 0.665135309375 0.4053822328125 0.8605162671875 0.5058801859375001 0.8505007015625001 0.441288475 0.6504499265625 0.347287396875 0.665135309375
0 0.0434922859375 0.697049484375 0.090020790625 0.8944912140625 0.193116953125 0.8782893843749999 0.1416354015625 0.6842644578125 0.0434922859375 0.697049484375
1 0.741683271875 0.623245025 0.8128780109375 0.8171395390624999 0.9064535609375 0.80839874375 0.83188594375 0.6126796437500001 0.741683271875 0.623245025
1 0.44525211875000004 0.6560524734375 0.505956096875 0.8483039437500001 0.6037420499999999 0.8358374453125 0.5400224312499999 0.649922075 0.44525211875000004 0.6560524734375
0 0.245445734375 0.674526478125 0.30045610312500004 0.8726388390625001 0.404481659375 0.8611581156250001 0.3452190046875 0.6709439359375 0.245445734375 0.674526478125
1 0.6370347359374999 0.6386200984375 0.7120070093749999 0.830477484375 0.8115567640625001 0.8172784078124999 0.7390942515625001 0.6240740296875 0.6370347359374999 0.6386200984375
0 0.5983037343750001 0.813426853125 0.60568081875 0.833992090625 0.7082648500000001 0.829229215625 0.6341962125 0.6389296203125 0.5427025265625 0.6494100265625 0.5983037343750001 0.813426853125
1 0 0.15317702500000002 0.0062472484375 0.17744195625 0.09062389843749999 0.16771791875 0.060568040625 0.06434300468750001 0 0.0709451625 0 0.15317702500000002
1 0.14361006875 0.0556149359375 0.060981092187499995 0.064273940625 0.09146911875 0.1689126234375 0.175845771875 0.15918858593750002 0.14361006875 0.0556149359375
0 0.22464213281249998 0.0477669234375 0.1445106546875 0.0548348203125 0.1766447046875 0.1604309203125 0.26161485624999997 0.1541795140625 0.22464213281249998 0.0477669234375
1 0.3054024671875 0.0419579875 0.2260365578125 0.047337465625000005 0.2618624921875 0.1541534859375 0.3438145875 0.147772740625 0.3054024671875 0.0419579875
1 0.3921688609375 0.038643662499999995 0.305730071875 0.041461184375 0.344001275 0.147306565625 0.4274547125 0.13853525625000002 0.3921688609375 0.038643662499999995
1 0.8146421937499999 0.8195887562499999 0.8706949843749999 0.9637925265625 0.9696801265625 0.95338876875 0.9085601171875 0.8102762203125 0.8146421937499999 0.8195887562499999
1 0.7147595203125 0.8359309421875001 0.768029315625 0.9745831234375 0.868309625 0.9640432390625 0.811301628125 0.8204985 0.7147595203125 0.8359309421875001
1 1 0.794514059375 0.9142095250000001 0.8071757796875 0.97329306875 0.9530090343750001 1 0.9502020218749999 1 0.794514059375
1 0.6141569765625 0.8419592890625 0.662637403125 0.9856602593750001 0.7646629453125 0.9749369437500001 0.709533296875 0.8352545609375 0.6141569765625 0.8419592890625
1 0.3333621203125 1 0.2942621453125 0.8748415390625001 0.19801415 0.8843989765625 0.228016315625 1 0.3333621203125 1
1 0.44485446250000005 1 0.400244590625 0.865326246875 0.2980540046875 0.876481740625 0.3369138953125 1 0.44485446250000005 1
1 0.526203884375 1 0.555300253125 0.9969418484375 0.5065628249999999 0.8565876171875001 0.40214600625 0.8655412296874999 0.4461328796875 1 0.526203884375 1
1 0.509186946875 0.8549401171875 0.5560087515625 0.9968673828125001 0.660088453125 0.985928165625 0.609685825 0.84250113125 0.509186946875 0.8549401171875
1 0.22469187656249998 1 0.1961031171875 0.88515846875 0.0913782265625 0.8988535828125 0.11390494375 1 0.22469187656249998 1
1 0.684485846875 0 0.62956301875 0.007453065625 0.673044075 0.1206626265625 0.7511452765625 0.11109721406249999 0.7053016953125 0 0.684485846875 0
1 0.4273482515625 0.13809989218750002 0.5061537578124999 0.1286033765625 0.46703425625 0.03211465 0.39334700312500004 0.038519834375 0.4273482515625 0.13809989218750002
1 0.7074137765625 0 0.7519301328125 0.11230852656250001 0.8319265578125 0.10532005156249999 0.7764450046875 0 0.7074137765625 0
1 0.5478492546875 0.0230936859375 0.589794259375 0.1246642734375 0.6708811906250001 0.1181766625 0.6261436265625 0.01095548125 0.5478492546875 0.0230936859375
1 0.5450861171875 0.02435761875 0.4678407546875 0.030850835937499998 0.5076288421874999 0.130108615625 0.5886368125 0.12427365312500001 0.5450861171875 0.02435761875
1 0.8593930453124999 0 0.9133698812500001 0.0981166578125 0.9599993874999999 0.0932157 0.9527900140625001 0.0246230921875 0.9390457812499999 0 0.8593930453124999 0
0 0.7812131796874999 0 0.8322569203124999 0.1100335890625 0.911275065625 0.0983368328125 0.86181149375 0.011283740625 0.8551438671874999 0 0.7812131796874999 0