1 0.7768453765625 0.1367225125 0.8493363328125 0.242960571875 0.9254842859375 0.221720825 0.8492394734375001 0.1159366578125 0.7768453765625 0.1367225125
1 0.69745615 0.16402768750000002 0.7752066265625001 0.27039289375000003 0.847206865625 0.246849446875 0.768839775 0.1406936140625 0.69745615 0.16402768750000002
1 0.515781696875 0.22598455468749998 0.438049003125 0.24750771562499999 0.4330324640625 0.2490414265625 0.5056683828125 0.358039371875 0.58658665 0.33045016875 0.515781696875 0.22598455468749998
1 0.5204318625 0.22277808124999998 0.5905809140625 0.326973 0.676792509375 0.30673853125 0.6014088953125001 0.198139790625 0.5204318625 0.22277808124999998
1 0.6052254046875001 0.19560884218750002 0.682064246875 0.3083737390625 0.767733296875 0.2816718265625 0.6889663234375 0.16951518906250002 0.6052254046875001 0.19560884218750002
1 0.3533805578125 0.2751582890625 0.42324615625 0.3870361109375 0.5063630375 0.3587747234375 0.433996371875 0.25051156093750004 0.3533805578125 0.2751582890625
1 0.2647303890625 0.3049237 0.3344267703125 0.41830349843750003 0.42104078281249996 0.389685434375 0.3513104171875 0.27562875937500003 0.2647303890625 0.3049237
0 0 0.5439669453125 0.0752870859375 0.5204060953125 0.0037491296875000004 0.382262809375 0 0.3833701625 0 0.5439669453125
1 0.0044619859375 0.3829427890625 0.078285703125 0.5231074578125 0.169171346875 0.4961370203125 0.097785396875 0.35620680937500004 0.0044619859375 0.3829427890625
0 0.179272496875 0.33039578125 0.259978825 0.470800415625 0.3447926515625 0.4441577234375 0.2611810796875 0.3026600359375 0.179272496875 0.33039578125
0 0.0979961375 0.35524445781249997 0.1705365703125 0.49672065312499997 0.25751701875 0.4679905546875 0.17746562187499998 0.332744046875 0.0979961375 0.35524445781249997
1 0.8562359468749999 0.255618009375 0.7734939859375001 0.28276157031250004 0.8705170546875 0.42726964062499995 0.9608705421874999 0.400376175 0.8562359468749999 0.255618009375
0 0.9659036625 0.40614103593750006 0.99253825 0.4008682140625 0.9409537609375 0.23214295625 0.8598128624999999 0.25345077968749996 0.9659036625 0.40614103593750006
1 0.5097620593750001 0.36973195625 0.42857765 0.39580628125 0.5141786203125001 0.5400172984375 0.6033068625 0.5091162406249999 0.5097620593750001 0.36973195625
1 0.7721547546875 0.29227967499999996 0.6841640531250001 0.3194179515625 0.784597996875 0.457919921875 0.8663196281250001 0.4256314671875 0.7721547546875 0.29227967499999996
1 0.59612565625 0.3462494109375 0.514073584375 0.3702516421875 0.6024277765625 0.507924271875 0.6946191265625 0.4870421921875 0.59612565625 0.3462494109375
0 0.6006865375 0.34727596250000003 0.697077065625 0.48702108749999995 0.783265915625 0.4599401484375 0.68122043125 0.3209636921875 0.6006865375 0.34727596250000003
1 0.42832514843749997 0.5735689828125 0.5136643765625 0.5423656109375 0.4247000765625 0.39646837968750004 0.34154899375 0.4240813078125 0.352396784375 0.44538126718750004 0.42832514843749997 0.5735689828125
0 0 0.568990946875 0.055978203125 0.6877466828125 0.14727041093749998 0.6574027578125 0.0819432078125 0.5265233625 0 0.54816236875 0 0.568990946875
0 0.26100883124999996 0.47280693124999995 0.17252806406250001 0.49862037812500004 0.24318021875 0.6294431046875 0.3347991921875 0.59997164375 0.26100883124999996 0.47280693124999995
0 0.17107290625 0.49805713437500004 0.0829001375 0.5243993484375 0.1510790109375 0.6586714484375 0.243106125 0.63296903125 0.17107290625 0.49805713437500004
0 0.34743468125 0.447844625 0.26318424375 0.4738244640625 0.3349706078125 0.5991888734375 0.424401434375 0.5733078546875 0.34743468125 0.447844625
1 1 0.5712751359375 0.9736771187500001 0.53401116875 0.895698109375 0.5539939828125 1 0.7237859796875 1 0.5712751359375
1 0.20411928750000002 0.768239165625 0.1074020765625 0.7940676015625 0.1967517328125 0.9833280734375001 0.29844122031250003 0.9534047046874999 0.20411928750000002 0.768239165625
1 1 0.728253059375 0.8917649375 0.5567217828125 0.8123262531250001 0.5790169875 0.92043675625 0.7631248046875 1 0.7354577984375 1 0.728253059375
1 0.308882828125 0.736665740625 0.4056295828125 0.9218001593749999 0.5050567906250001 0.8919853234374999 0.40084437968750003 0.7034293640625 0.308882828125 0.736665740625
0 0.14356881562499998 1 0.1949658328125 0.9813718625 0.105155271875 0.7963025921875 0.07119986874999999 0.8076097765625001 0.13001946250000002 1 0.14356881562499998 1
0 0.6985720171875001 0.6170594671875 0.8082437890625 0.7981255296875001 0.9009365234375 0.77095274375 0.7875060125 0.5887137171875 0.6985720171875001 0.6170594671875
1 0.4059365890625 0.708286765625 0.5047045359375 0.8897605640625 0.6009174265625 0.8580128765625 0.5003441796875 0.6835052625 0.4059365890625 0.708286765625
0 0.207978196875 0.7661163859375 0.30214654531249996 0.9546043265625 0.4048463796875 0.9226227203124999 0.30793014531249996 0.74291525 0.207978196875 0.7661163859375
1 0.5960039421875 0.6530809953125 0.70908881875 0.831355815625 0.8069380234375 0.7985247421875 0.69612204375 0.6184019421875 0.5960039421875 0.6530809953125
0 0.5910564390624999 0.83653691875 0.6025130203125 0.8557757171875 0.7050700515625 0.8308351328124999 0.593200859375 0.6539498984375001 0.502947903125 0.68246374375 0.5910564390624999 0.83653691875
0 0 0.19047235 0.038214175 0.26247096718749996 0.12271174062500001 0.23949265937500003 0.064640653125 0.1397080328125 0 0.1582966109375 0 0.19047235
1 0.14497772656250002 0.11800171562499999 0.06596351406249999 0.139002125 0.122956475 0.2394178375 0.20438417343749998 0.2169022203125 0.14497772656250002 0.11800171562499999
1 0.23186069531250003 0.0976251765625 0.14521123281249998 0.117437603125 0.20448149999999998 0.21639659687499999 0.2869570890625 0.19118127812500002 0.23186069531250003 0.0976251765625
1 0.8105016125000001 0.800242825 0.8781078234375 0.9072467156249999 0.9748771062499999 0.8776613765624999 0.9034281234374999 0.7724276437500001 0.8105016125000001 0.800242825
1 0.71293013125 0.8363011281249999 0.776769728125 0.93822888125 0.8755174625000001 0.90803866875 0.80730924375 0.801814134375 0.71293013125 0.8363011281249999
1 1 0.7360053671875 0.9085220062499999 0.7681990812499999 0.9790503109375001 0.8763854999999999 1 0.8699805375 1 0.7360053671875
1 0.6126190640625 0.8621255265625001 0.6739137953125 0.9696750953125 0.77315326875 0.93933454375 0.7075258796874999 0.8366472406250001 0.6126190640625 0.8621255265625001
1 0.3190007546875 1 0.2963280703125 0.9580367578125 0.201098790625 0.9865559656249999 0.2075327265625 1 0.3190007546875 1
1 0.44209267656250006 1 0.40138569375 0.9276479249999999 0.300473484375 0.95894194375 0.322763990625 1 0.44209267656250006 1
1 0.5662843484375 1 0.506933675 0.8979744328124999 0.4033458078125 0.92749071875 0.44378755937500003 1 0.5662843484375 1
1 0.5747255015625 1 0.6710031437499999 0.9705649703124999 0.6082143375 0.8635488125 0.5092592781249999 0.8958016875 0.567717153125 1 0.5747255015625 1
1 0.52314534375 0 0.4652552140625 0.0196202796875 0.5312187578125 0.1249640296875 0.6081399921874999 0.10000115000000001 0.5420259953125 0 0.52314534375 0
1 0.28676470468750004 0.1907642328125 0.3644098890625 0.1657323234375 0.30611038437500004 0.0763523640625 0.23302503125000001 0.09726920312500001 0.28676470468750004 0.1907642328125
1 0.54436769375 0 0.609168215625 0.101065521875 0.6885044 0.07832268125 0.6254429546875 0 0.54436769375 0
1 0.38587558125 0.051404140625000004 0.448017490625 0.145341265625 0.5285515515625 0.12288808124999999 0.46248944375 0.023815196875 0.38587558125 0.051404140625000004
1 0.38333486250000004 0.05321833593750001 0.30667726875 0.074922609375 0.36619179375 0.1669567984375 0.44677360312500003 0.1451756609375 0.38333486250000004 0.05321833593750001
1 0.7232404015625 0 0.7692582609375 0.055079445312499996 0.844353159375 0.03212063125 0.8171783765624999 0 0.7232404015625 0
0 0.6295899687500001 0 0.689757809375 0.0829994203125 0.767187990625 0.055712390625 0.7193209828125 0 0.6295899687500001 0