1 1 0.3802082171875 0.9781624578124999 0.372266996875 0.97434659375 0.49693042500000006 1 0.5064810625 1 0.3802082171875
1 0.9005760828125 0.348528065625 0.9007982890624999 0.4762843078125 0.9704688625 0.49877193750000004 0.9696455859374999 0.3708291921875 0.9005760828125 0.348528065625
1 0.7233280046874999 0.29378902500000004 0.650327296875 0.266453075 0.6455337796875 0.2648025359375 0.6402603140625 0.3917153484375 0.7192033375 0.416101396875 0.7233280046874999 0.29378902500000004
1 0.72878730625 0.293917721875 0.7243041125 0.4156443140625 0.8031977828124999 0.44881707656250003 0.806096634375 0.3206540890625 0.72878730625 0.293917721875
1 0.8105199125 0.32083876875 0.806387034375 0.45310088437499996 0.8885378749999999 0.4808870625 0.8908176609374999 0.3480052921875 0.8105199125 0.32083876875
1 0.5684184859375 0.2399811296875 0.5593407578125 0.36757857031249996 0.6403846515625 0.392688003125 0.645450315625 0.266505315625 0.5684184859375 0.2399811296875
1 0.48219412031250003 0.2129037875 0.472129240625 0.34158419218749997 0.55610924375 0.368403665625 0.5665328328125 0.23917248125 0.48219412031250003 0.2129037875
0 0.23421046093750003 0.1251115546875 0.1519647046875 0.0959110890625 0.126771684375 0.24573695 0.21148975781249998 0.274282709375 0.23421046093750003 0.1251115546875
1 0.2343805375 0.126051090625 0.21229567187499998 0.278110053125 0.2986762515625 0.308653959375 0.322532840625 0.15816631875 0.2343805375 0.126051090625
0 0.400908309375 0.18427218125 0.384065784375 0.340436171875 0.46551454375 0.3677821734375 0.480708696875 0.2091067234375 0.400908309375 0.18427218125
0 0.3232453 0.1575306625 0.2994110109375 0.3098890875 0.38374115937500003 0.3368291234375 0.3981595890625 0.185087675 0.3232453 0.1575306625
1 0.9719822312499999 0.6650408140625 0.9725343593750001 0.5107945765624999 0.8924197296875 0.48502084375 0.885993515625 0.6536918203125001 0.96615565625 0.6819624156249999 0.9719822312499999 0.6650408140625
1 1 0.5202635625 0.9765633656249999 0.51112848125 0.973231128125 0.6614137515625 1 0.5836713046875001 1 0.5202635625
1 0.63680435625 0.40322520624999997 0.558515584375 0.37749831718750004 0.5433317984375 0.539436196875 0.6305761828125 0.565893953125 0.63680435625 0.40322520624999997
1 0.8859555046875001 0.491731775 0.8017418609375 0.46296704375 0.8013999265624999 0.6288633906250001 0.8836455515624999 0.6500170359374999 0.8859555046875001 0.491731775
1 0.7176655796875 0.4339342765625 0.63987811875 0.40608675156249996 0.630567609375 0.5644578390625 0.714503215625 0.60052498125 0.7176655796875 0.4339342765625
1 0.7206457203125 0.437335678125 0.7164361671874999 0.6019071281249999 0.7992089859375 0.629691515625 0.798561534375 0.46250556718749997 0.7206457203125 0.437335678125
1 0.4571380234375 0.5169230953125 0.5415932765625 0.5409873140625 0.5551083078125 0.37581158124999997 0.474406778125 0.350173553125 0.470760934375 0.3730700390625 0.4571380234375 0.5169230953125
1 0.127963396875 0.24255481875 0.067661090625 0.21982662187500002 0.0170547828125 0.36679801093750003 0.09756421875 0.39344530624999996 0.127963396875 0.24255481875
0 0.21320981093750002 0.2828733546875 0.1287165484375 0.25007401875 0.1011513046875 0.3946804390625 0.1897697671875 0.42280705 0.21320981093750002 0.2828733546875
0 0.383728678125 0.342597703125 0.29988611249999997 0.3125139171875 0.2806399046875 0.45543334062499996 0.3690171484375 0.4844309078125 0.383728678125 0.342597703125
0 0.2990694625 0.31124361875 0.2151666375 0.281750259375 0.19202416093750002 0.4259704734375 0.2785750859375 0.45815951874999994 0.2990694625 0.31124361875
1 0.46548081718749995 0.37218037812500004 0.3848496484375 0.34463455 0.36959665625000004 0.48391386875000003 0.4542201765625 0.514485240625 0.46548081718749995 0.37218037812500004
1 0.9049431640625001 0.8597364031250001 0.9058597390625 0.7962031281249999 0.8335432781250001 0.767517621875 0.8175942921875 0.9706254937500001 0.861823371875 0.9849653734375 0.9049431640625001 0.8597364031250001
1 0.17111191406249998 0.5421795265625 0.080823834375 0.507420471875 0.042928176562499996 0.7068616765625 0.13943299375 0.7412351640625 0.17111191406249998 0.5421795265625
1 0.754143359375 0.739720509375 0.7338425859375 0.9457922218749999 0.815422421875 0.970449765625 0.8289167765625001 0.7674211109375 0.754143359375 0.739720509375
1 0.27095836875 0.577006815625 0.2411922203125 0.777417890625 0.3358672359375 0.8105892203125 0.3617462890625 0.6032433453125 0.27095836875 0.577006815625
0 0 0.692027203125 0.0426459 0.7043094921875 0.077795775 0.50789668125 0 0.483252946875 0 0.692027203125
1 0.643588353125 0.7048560765625 0.6262390765625 0.9094280484375 0.7141471140625 0.9408414281249999 0.7292264796875 0.733209565625 0.643588353125 0.7048560765625
1 0.36296120468750004 0.6099548593749999 0.33685824375 0.8086420203125 0.43012134375000005 0.8384666484375 0.45084835781250004 0.6442215859375 0.36296120468750004 0.6099548593749999
0 0.1753360046875 0.542708803125 0.1416459859375 0.744285590625 0.2401119359375 0.7776180265625 0.266656684375 0.5813714171875 0.1753360046875 0.542708803125
1 0.5429259046875 0.674770521875 0.529832790625 0.8790932421875001 0.6249913625 0.908998425 0.64090951875 0.704515921875 0.5429259046875 0.674770521875
0 0.4346385796875 0.81599353125 0.4326417046875 0.8376181562499999 0.5269883921875 0.8763975109375 0.540240659375 0.6738576078125 0.4534760515625 0.6448855265625 0.4346385796875 0.81599353125
1 0.252568309375 0 0.24909213593750001 0.022550940624999998 0.32913229843749997 0.0492163265625 0.33580415 0 0.252568309375 0
1 0.856646534375 1 0.8619484546875 0.9846021046875 0.815204228125 0.971817303125 0.813773253125 1 0.856646534375 1
0 0.3365251703125 0 0.3293296984375 0.0506709859375 0.40844556875000004 0.0807140671875 0.4167148328125 0 0.3365251703125 0
1 0.41783832812500005 0 0.40867942343749997 0.0807945890625 0.48513276093749996 0.10945400624999999 0.4948208015625 0 0.41783832812500005 0
1 0.495293978125 0 0.48549661874999994 0.1091124078125 0.56430554375 0.136248496875 0.5744972796875001 0.031440734375 0.5009139125 0 0.495293978125 0
1 0.7133921171875001 1 0.7152548671875001 0.9434173031249999 0.6267984828125 0.9123752578125 0.6210257625 1 0.7133921171875001 1
1 0.6182449953125 1 0.6234092 0.9117923046874999 0.5300200640625 0.88516194375 0.5220023031250001 1 0.6182449953125 1
1 0.8109047796875 1 0.811984984375 0.9699327703125 0.7216427015625 0.9429960203125001 0.7186991218750001 1 0.8109047796875 1
1 0.5184605515625 1 0.5255995046875 0.882358340625 0.4369255953125 0.8483545953125 0.4200068359375 1 0.5184605515625 1
1 0.0444882328125 0.7118697593750001 0.0167060546875 0.8623988890625001 0.1146436421875 0.8961215062500001 0.1351450109375 0.7436694609375001 0.0444882328125 0.7118697593750001
1 0.1378695328125 0.7467391515624999 0.11793585 0.8972551031249999 0.2167765421875 0.9312886828125 0.23454704375 0.779594171875 0.1378695328125 0.7467391515624999
1 0.2361684015625 0.780586165625 0.21790175625 0.9316761250000001 0.31853366875 0.966326471875 0.33392514375000004 0.8163595640624999 0.2361684015625 0.780586165625
1 0.41754100625 1 0.432673078125 0.8469655140624999 0.3369793578125 0.81597706875 0.319156475 0.966540921875 0.41632869531249994 1 0.41754100625 1
1 0 0.856646534375 0.013320590625 0.86123318125 0.0424489203125 0.7117516375 0 0.6983280109375001 0 0.856646534375
1 0.8013001859375001 0.10301170156249999 0.7928920171875 0.223258475 0.8672163906250001 0.24743199843750002 0.8727404734374999 0.1252230328125 0.8013001859375001 0.10301170156249999
1 0.5643925656250001 0.1358115765625 0.6393220187499999 0.1603428734375 0.6446334390625 0.056991203125 0.575609853125 0.031823823437499996 0.5643925656250001 0.1358115765625
1 0.8746535328125 0.126590959375 0.867414146875 0.2488528 0.942362246875 0.2761436140625 0.9363006671875 0.15065459375 0.8746535328125 0.126590959375
1 0.721172096875 0.08279461875 0.7162697312499999 0.1919108625 0.7919891328124999 0.2201107625 0.7967509765624999 0.1047314015625 0.721172096875 0.08279461875
1 0.7181538484375001 0.082773190625 0.6458902703125 0.05619123593749999 0.6400176640625 0.16231827031249998 0.7153918625 0.1910729921875 0.7181538484375001 0.082773190625
1 1 0.174138184375 0.9409569187500001 0.15509469375 0.940679878125 0.28052877187499997 1 0.2981881890625 1 0.174138184375