1 1 0.2607920390625 0.9384350375 0.2488451640625 0.9540496328125 0.3711184953125 1 0.3803982171875 1 0.2607920390625
1 0.858891984375 0.23764322343750002 0.8789347046874999 0.3623124890625 0.9505439953125 0.3735142484375 0.929884640625 0.24875566875000002 0.858891984375 0.23764322343750002
1 0.67709516875 0.21155737812500003 0.60147750625 0.19613690781249998 0.5965345656250001 0.195265334375 0.611073071875 0.319959178125 0.69204299375 0.33158347187500004 0.67709516875 0.21155737812500003
1 0.682452909375 0.2108407578125 0.6969592875 0.33035038125 0.7792444953125 0.35055905 0.7621902328125 0.22501125156250001 0.682452909375 0.2108407578125
1 0.766543703125 0.22450910937500002 0.7830275203125 0.3542484671875 0.8676614890625001 0.3686967546875 0.849269671875 0.2386384375 0.766543703125 0.22450910937500002
1 0.517284125 0.1829341125 0.5282092984375 0.308883128125 0.611345578125 0.3208894078125 0.5967172 0.19694030625 0.517284125 0.1829341125
1 0.4287773140625 0.16980616875 0.43890536406249997 0.2969645703125 0.5251777609375 0.31018705625 0.5153149625 0.18243569531249998 0.4287773140625 0.16980616875
0 0.1726903234375 0.12236976562499999 0.0877440828125 0.10655563125 0.08636215781249999 0.2566881390625 0.17362408437500002 0.2714817953125 0.1726903234375 0.12236976562499999
1 0.1730024140625 0.12326061562499999 0.1750059921875 0.27509335 0.2642034890625 0.291580921875 0.26417603437500004 0.1410086265625 0.1730024140625 0.12326061562499999
0 0.3448579203125 0.15439920000000001 0.352624165625 0.3094301078125 0.4365033734375 0.32355705 0.4267357203125 0.166329003125 0.3448579203125 0.15439920000000001
0 0.264773990625 0.1402782421875 0.2651135609375 0.29267318124999997 0.3517470171875 0.3059593296875 0.342296940625 0.15561927343749998 0.264773990625 0.1402782421875
1 0.95442920625 0.3849309515625 0.8720984171874999 0.372132884375 0.8919899484375 0.5377649328125 0.980700359375 0.5540868234375 0.95442920625 0.3849309515625
1 1 0.393693840625 0.9584203390624999 0.38463529687500003 0.982484915625 0.5611999812499999 0.99623543125 0.5650942640625 1 0.543744334375 1 0.393693840625
1 0.60948016875 0.331727184375 0.5289418578125 0.31869315 0.5392259203124999 0.4791040765625 0.628633896875 0.49146987031249995 0.60948016875 0.331727184375
1 0.8668195078125001 0.37968073750000003 0.7800168046875 0.36459551874999996 0.8054265984375 0.5265805765625 0.8891239921875 0.534540190625 0.8668195078125001 0.37968073750000003
1 0.693306809375 0.3492274796875 0.612929565625 0.3340461453125 0.6284026546875 0.49006939374999997 0.7160667140625 0.512325428125 0.693306809375 0.3492274796875
1 0.6967484453125 0.352087840625 0.7181711203125001 0.513376340625 0.8034129406250001 0.527726925 0.7768356640625 0.36463571875 0.6967484453125 0.352087840625
1 0.45145730625 0.470426596875 0.5377668046874999 0.48088634375000006 0.5253486828125 0.3175723828125 0.442465115625 0.304997321875 0.442453553125 0.327909171875 0.45145730625 0.470426596875
1 0.08703353281250001 0.253398190625 0.0375673625 0.24320057187500002 0.0109889265625 0.39393436875 0.08072655937499999 0.40537307499999997 0.08703353281250001 0.253398190625
0 0.17663895937500002 0.2796018046875 0.0889367625 0.2606215265625 0.0844254640625 0.406025290625 0.1754359046875 0.419808075 0.17663895937500002 0.2796018046875
1 0.3526299921875 0.31159199531250004 0.26598541249999996 0.2951619953125 0.26934616562499997 0.4376356390625 0.3602559140625 0.452305784375 0.3526299921875 0.31159199531250004
0 0.264989815625 0.2940480390625 0.1783779421875 0.278203653125 0.17813101874999998 0.422548109375 0.267750365625 0.44061523124999996 0.264989815625 0.2940480390625
1 0.4371529203125 0.327855365625 0.3540420921875 0.313407234375 0.3607422859375 0.4517116953125 0.44822610156250003 0.46849715 0.4371529203125 0.327855365625
1 0.9531160156249999 0.8096366187499999 0.9335291046874999 0.6738060828125 0.8583710296874999 0.6569627421875001 0.8742957656250001 0.8576779671875 0.9427409578124999 0.8684764984375001 0.9531160156249999 0.8096366187499999
1 0.1757178515625 0.53920665 0.0820457265625 0.5192074875 0.0759433484375 0.7197295140625 0.1756339875 0.73839323125 0.1757178515625 0.53920665
1 0.7764250484375 0.6420793765624999 0.78855480625 0.8463590015625 0.872144975 0.8578415046875 0.8538325453125 0.657582296875 0.7764250484375 0.6420793765624999
1 0.27874616093750004 0.5577977875 0.2807428265625 0.7580123203125 0.3784578421875 0.7757848968750001 0.371584459375 0.56940095625 0.27874616093750004 0.5577977875
0 0 0.7079433359375 0.075271303125 0.7172818640624999 0.0791589734375 0.5201394765625 0 0.508196678125 0 0.7079433359375
1 0.6629208109375 0.6251040640625 0.6777036296875 0.827464434375 0.7685295078125 0.8445650546874999 0.7510524703125 0.6395681015625 0.6629208109375 0.6251040640625
1 0.37381383437500004 0.5757646671875001 0.3791246203125 0.7737313343750001 0.47493980625 0.7884550046875 0.46506208281249994 0.5956536765625 0.37381383437500004 0.5757646671875001
0 0.1799300421875 0.539071603125 0.17827108593750002 0.741029353125 0.2797176484375 0.7583743359375 0.275217546875 0.562721746875 0.1799300421875 0.539071603125
1 0.5598305046875 0.6112672484375 0.578736059375 0.8127276999999999 0.67641701875 0.8272375703125 0.6602488265625001 0.62518531875 0.5598305046875 0.6112672484375
0 0.4758690578125 0.7658219703125 0.47727238749999995 0.787237953125 0.57553665 0.8105352078125 0.5570633671875 0.61079041875 0.4677343109375 0.5958963609375 0.4758690578125 0.7658219703125
1 0.17123599218750002 0 0.1713251578125 0.019963915625000002 0.2537215078125 0.0336438203125 0.2529576046875 0 0.17123599218750002 0
1 0.919549815625 1 0.9429948625 0.8670365296875 0.872143853125 0.8592100281249999 0.8872449953125001 1 0.919549815625 1
0 0.253566690625 0 0.25414025156250003 0.0350332671875 0.33615704218750003 0.052152754687500004 0.3332646546875 0 0.253566690625 0
1 0.3340686578125 0 0.3363981859375 0.052195275 0.415596996875 0.06837492656250001 0.4108551953125 0 0.3340686578125 0
1 0.41127177968749995 0 0.4158997453125 0.06798535624999999 0.497165309375 0.08231466875 0.4921734375 0 0.41127177968749995 0
1 0.78920274375 1 0.7700123296875 0.8469084812500001 0.6787079359375 0.8302549203125 0.6943299453125 1 0.78920274375 1
1 0.6921837515625 1 0.6753036375 0.8302087828125 0.5798609140625001 0.8186224984375 0.5958355656250001 1 0.6921837515625 1
1 0.8860866546875 1 0.868703828125 0.8578671796874999 0.7761925875 0.8455117703124999 0.792628265625 1 0.8860866546875 1
1 0.59294475 1 0.5751036953125 0.8165678749999999 0.48312701562499993 0.79705694375 0.492363340625 0.9960821734374999 0.511955221875 1 0.59294475 1
1 0.0849707171875 0.9345324453125 0.176760696875 0.9492924140625 0.17181921875 0.7414308953125001 0.0782458421875 0.7243772515625 0.0730118671875 0.932423778125 0.0849707171875 0.9345324453125
1 0.27458330000000003 0.76116179375 0.17495945 0.74400690625 0.180268425 0.949910921875 0.2830072421875 0.9672211390625 0.27458330000000003 0.76116179375
1 0.283991228125 0.9682000499999999 0.3887846421875 0.98667795625 0.3774544375 0.781716978125 0.276322503125 0.7618799468749999 0.283991228125 0.9682000499999999
1 0.49077115156250006 1 0.4787536046875 0.79635711875 0.38038130468750003 0.7808724296875 0.38860008125 0.9880704953125001 0.45625566875 1 0.49077115156250006 1
1 0 0.919549815625 0.0689578890625 0.9317089515625 0.0762335953125 0.724576571875 0 0.7131136484375 0 0.919549815625
1 0.8105866374999999 0.14410943437499998 0.7994065671875 0.04508015 0.7253728453125 0.0320260078125 0.734165528125 0.1319800390625 0.8105866374999999 0.14410943437499998
1 0.4930826921875 0 0.49718259375 0.08187476406250001 0.57425083125 0.0942600359375 0.5645912234375 0.0036758687499999997 0.5437443359375 0 0.4930826921875 0
1 0.8885151734375001 0.16054175312500002 0.866874121875 0.0569765 0.8011176499999999 0.045381859375 0.8110004734375 0.145465778125 0.8885151734375001 0.16054175312500002
1 0.7327942734375 0.129046834375 0.72137221875 0.0313205890625 0.643564771875 0.0176010375 0.65438436875 0.1132024890625 0.7327942734375 0.129046834375
1 0.6533960234375 0.11252007343749999 0.6407145625 0.01709846875 0.5657731203125 0.0038842703125000003 0.5752375375 0.0960809078125 0.6533960234375 0.11252007343749999
1 1 0.080450184375 0.943448046875 0.07047855 0.967455859375 0.175806834375 1 0.18154524375 1 0.080450184375
1 0.8707153375000001 0.057653809375 0.887550753125 0.16508167812500002 0.9654159640625 0.1754471453125 0.94223668125 0.079851878125 0.9396184249999999 0.069803284375 0.8707153375000001 0.057653809375