1 0.9273496625 0.176367746875 0.8785675578125 0.1060677140625 0.8105449984374999 0.124317796875 0.8766304484375 0.22498463281249997 0.9368014656250001 0.2093301 0.9273496625 0.176367746875
1 0.7358777078125 0.148554221875 0.8068789421875 0.24942791875 0.8745772515624999 0.22858970156249997 0.8029961203125 0.127901715625 0.7358777078125 0.148554221875
1 0.5650173734374999 0.203522290625 0.491991290625 0.2223734640625 0.48727618437500003 0.22372549843749998 0.5534531203124999 0.32697846406250003 0.6295546484375001 0.302501671875 0.5650173734374999 0.203522290625
1 0.5694166078125 0.20059815625000002 0.6333449171875001 0.2993131703125 0.71427846875 0.2818100125 0.645525978125 0.1788848875 0.5694166078125 0.20059815625000002
1 0.6491349343749999 0.17657923281250001 0.7191816046875 0.28342887031249997 0.7997111 0.2598620625 0.7278518578125001 0.15354965781250002 0.6491349343749999 0.17657923281250001
1 0.412382246875 0.2468450828125 0.475922878125 0.35274782656250003 0.55409090625 0.327678475 0.48815400000000003 0.2251178828125 0.412382246875 0.2468450828125
1 0.329016409375 0.27323005 0.392374840625 0.380536065625 0.4738184921875 0.355191203125 0.410439090625 0.247250953125 0.329016409375 0.27323005
0 0.083756175 0.34127409218750004 0.002367390625 0.36377545312500004 0.065455459375 0.4961828046875 0.148441234375 0.4717935625 0.083756175 0.34127409218750004
1 0.0844118609375 0.3419225703125 0.15120191562500002 0.47437255624999997 0.236613375 0.45064147343750005 0.1720989671875 0.3184516890625 0.0844118609375 0.3419225703125
0 0.24870398749999997 0.29564905937499997 0.32192566718750004 0.42843862499999996 0.40165455625 0.40491297499999995 0.3257338296875 0.2710516203125 0.24870398749999997 0.29564905937499997
0 0.17231137968750002 0.31755428750000003 0.2378805859375 0.4512106484375 0.31966865312500004 0.42576702187500004 0.2469770171875 0.29781725 0.17231137968750002 0.31755428750000003
1 0.882879753125 0.23694929375 0.8050801312500001 0.2609784375 0.893492971875 0.397881965625 0.9784056187499999 0.3742140578125 0.882879753125 0.23694929375
1 0.983019721875 0.3796949640625 0.9855237453125 0.379244884375 0.9403709906250001 0.22177851406250002 0.886258878125 0.234980140625 0.983019721875 0.3796949640625
1 0.5570941890625 0.337993009375 0.4807679921875 0.361047178125 0.55850555625 0.49748188125 0.6423365343749999 0.4700417453125 0.5570941890625 0.337993009375
1 0.80367596875 0.26986658750000003 0.720968690625 0.2938031359375 0.812666684375 0.425140921875 0.889594396875 0.3962782734375 0.80367596875 0.26986658750000003
1 0.6382217156250001 0.31745165625 0.5611173046875 0.33855151875 0.6415335875 0.4689111875 0.7280687359375 0.45090161562500003 0.6382217156250001 0.31745165625
1 0.642469896875 0.3184888390625 0.7303673234375 0.4509229046875 0.8113888984375001 0.42700994375 0.7181916390625 0.2952010484375 0.642469896875 0.3184888390625
1 0.47769427656249996 0.527458125 0.5579872359375 0.4996717015625 0.477131771875 0.3616022609375 0.3989421125 0.38606397812500004 0.40874512812499997 0.40618539374999996 0.47769427656249996 0.527458125
1 0 0.5622751109374999 0.0368652828125 0.6553136921875 0.12418716406250001 0.6291412249999999 0.06463609687500001 0.493006671875 0 0.5095448578124999 0 0.5622751109374999
0 0.15456726875 0.4776314828125 0.06940163125 0.49853348437499995 0.1277155734375 0.6281294703125 0.2135610328125 0.601247040625 0.15456726875 0.4776314828125
0 0.3228567234375 0.43033425468750003 0.23971236875000002 0.4530223609375 0.3036860359375 0.5766737859375 0.38982310625 0.5506135828125001 0.3228567234375 0.43033425468750003
0 0.23836074218749997 0.45247077031250005 0.155495934375 0.475659034375 0.2171019421875 0.602498340625 0.303560471875 0.5799733984375 0.23836074218749997 0.45247077031250005
1 0.40406608281249995 0.408408640625 0.3248745609375 0.4313231609375 0.3899958796875 0.54988364375 0.47402965 0.5271481437500001 0.40406608281249995 0.408408640625
1 1 0.5168182875 0.9882469625000001 0.49953227343749995 0.9150151546874999 0.5169373125 1 0.6609716531250001 1 0.5168182875
1 0.2649472421875 0.70595748125 0.174101315625 0.7285220796874999 0.2546248953125 0.9071930859374999 0.350185425 0.8808779890625 0.2649472421875 0.70595748125
1 1 0.6657196359374999 0.9112939703125 0.519425303125 0.8366604078125001 0.5389707484375 0.9348082203124999 0.7131313078125 1 0.69172565 1 0.6657196359374999
1 0.36340845 0.6781489921875 0.4509144125 0.8530808578125001 0.5443579093750001 0.8268295859375 0.449925940625 0.6485699265625 0.36340845 0.6781489921875
0 0.081210953125 0.759051959375 0.1581136546875 0.9378632265625001 0.25298625 0.9053319296875 0.17196480625 0.7305768796875001 0.081210953125 0.759051959375
1 0.7296893546875001 0.572685203125 0.8293455578125 0.7440242515625 0.9164499328125 0.7201339156250001 0.813297915625 0.5476340125 0.7296893546875001 0.572685203125
1 0.45460977812500003 0.6532022890625 0.544064053125 0.8247409640625 0.634532915625 0.79662655 0.5432794265625 0.6315792234375001 0.45460977812500003 0.6532022890625
0 0.2685893296875 0.70403465 0.3536308703125 0.8820629078125 0.4501689640625 0.8538378312500001 0.36241790156250003 0.683983653125 0.2685893296875 0.70403465
1 0.633209971875 0.6046945125 0.7361020921875 0.7734774921875001 0.8281182515625 0.7443761765625 0.7273771234375 0.57390106875 0.633209971875 0.6046945125
0 0.625655403125 0.7763568484375 0.6360605578125 0.79455884375 0.7323527296875 0.7729229390625 0.63057513125 0.605461140625 0.5457306156249999 0.6306476703125 0.625655403125 0.7763568484375
1 0 0.2621782890625 0.0376976890625 0.2509593265625 0 0.1744393171875 0 0.2621782890625
1 0 0.17351278125 0.038696485937500004 0.25194714687499997 0.11693138750000001 0.2286641703125 0.06918164843749999 0.13617116875 0 0.1559857375 0 0.17351278125
0 0.14456355 0.11521970156250001 0.069904090625 0.1352835296875 0.11789430625 0.22970473125000002 0.197268984375 0.20960426718749997 0.14456355 0.11521970156250001
1 0.22002773750000001 0.09624055468750001 0.1458117375 0.114580946875 0.19749901406249998 0.20953830624999997 0.2739958859375 0.189819734375 0.22002773750000001 0.09624055468750001
1 0.3015913109375 0.07861560937499999 0.22025507656249999 0.0957163546875 0.27409496093749997 0.1893480140625 0.3516147390625 0.1671195765625 0.3015913109375 0.07861560937499999
1 1 0.84594000625 0.918756115625 0.7215562734375001 0.8314228968749999 0.7460440921875 0.92402478125 0.8985625687500001 1 0.876777025 1 0.84594000625
1 0.7396148984375001 0.7781712656249999 0.8285416734375 0.9259419093749999 0.9220279843749999 0.8991351406250001 0.8284128468749999 0.7474617890624999 0.7396148984375001 0.7781712656249999
1 1 0.6922753734375 0.923586553125 0.7176827046875001 1 0.839595959375 1 0.6922753734375
1 0.6454086640625001 0.8006720703125 0.7294203875 0.9543644812500001 0.8256867937499999 0.9267605328125 0.7345562265625001 0.7784050390624999 0.6454086640625001 0.8006720703125
1 0.407567478125 1 0.34813562187499997 0.8851790671875 0.258638003125 0.9102875171875 0.29964015625 1 0.407567478125 1
1 0.5231972703125 1 0.446852896875 0.8584844625000001 0.351997265625 0.88609569375 0.41124530625 1 0.5231972703125 1
1 0.5702704171875 1 0.6299739359375 0.9828802921875001 0.54601725 0.8324677203125 0.448688175 0.858370021875 0.5244176687500001 1 0.5702704171875 1
1 0.548226446875 0.830472509375 0.630177025 0.9828220562500001 0.727420709375 0.9549378796875001 0.6412673875 0.8019309453125001 0.548226446875 0.830472509375
1 0.296420878125 1 0.25695584375 0.911324446875 0.1601245328125 0.9417589421875 0.1843271921875 1 0.296420878125 1
1 0.550751290625 0 0.5210677078125 0.009487612500000001 0.5810640968749999 0.1092082265625 0.6533863453125 0.0871233625 0.597994809375 0 0.550751290625 0
1 0.3514415109375 0.1667259390625 0.4244417796875 0.1445885390625 0.37135668125 0.059940642187500004 0.302685684375 0.078301803125 0.3514415109375 0.1667259390625
1 0.6000122171875 0 0.6543307796875 0.088136959375 0.7288756453125 0.068170740625 0.6759766093749999 0 0.6000122171875 0
1 0.446337890625 0.0379169875 0.5029430140625 0.12689530468750002 0.5786033109375001 0.1072202578125 0.5184146609375 0.013368559375 0.446337890625 0.0379169875
1 0.44393328125 0.0395729453125 0.37190955937500003 0.058611621875 0.42608837031249996 0.14576460625 0.5017825859375 0.1267195015625 0.44393328125 0.0395729453125
1 0.766287625 0 0.8047540718749999 0.047759746874999995 0.875336653125 0.0275205171875 0.8528898640625 0 0.766287625 0
1 0.6793217671875 0 0.7299729671875 0.07256986875 0.8028082015625 0.048317715625 0.7627821234375001 0 0.6793217671875 0