1 0.8956053078125 0.1131444953125 0.8794942390625 0.0922964578125 0.8090898765625001 0.11519262968749999 0.884139440625 0.2176327921875 0.92691718125 0.20408077656249998 0.8956053078125 0.1131444953125
1 0.732044228125 0.144752215625 0.8122674 0.24714449843750003 0.8821859 0.22154028124999997 0.8013642187500001 0.11937492031250001 0.732044228125 0.144752215625
1 0.55571389375 0.21187509218749997 0.4800891703125 0.235674740625 0.475213853125 0.23735344687499998 0.55050474375 0.342512121875 0.6290429625 0.3126218765625 0.55571389375 0.21187509218749997
1 0.56016921875 0.20855787656250002 0.6328439718750001 0.309059175 0.7168479203125 0.286251684375 0.6388708921874999 0.1815774796875 0.56016921875 0.20855787656250002
1 0.6425310984375 0.178954309375 0.72208755625 0.2876914640625 0.8053266234375 0.2585201734375 0.723896990625 0.1504467578125 0.6425310984375 0.178954309375
1 0.397867475 0.2657491359375 0.47053885468749995 0.373840803125 0.5512137906250001 0.3432148265625 0.4762138421875 0.23877231875 0.397867475 0.2657491359375
1 0.3118082953125 0.29804155625 0.38436716875 0.407620859375 0.4684663109375 0.3765276796875 0.39584979374999996 0.26628159687499997 0.3118082953125 0.29804155625
0 0 0.45926259218750004 0.04756985625 0.54708036875 0.133342034375 0.5169101921875 0.058086232812500006 0.3829564703125 0 0.4023383046875 0 0.45926259218750004
1 0.058811184375000006 0.383603940625 0.136385840625 0.51947690625 0.2247421578125 0.489868721875 0.14957173906250001 0.3541467625 0.058811184375000006 0.383603940625
0 0.22873269999999998 0.325992365625 0.3130801796875 0.46187527968750003 0.39548085781250003 0.4327906078125 0.30823895156250003 0.2959248875 0.22873269999999998 0.325992365625
0 0.1497443828125 0.3531902234375 0.22610480625 0.49039962031249995 0.3105600671875 0.459183815625 0.22704101875 0.32836904375 0.1497443828125 0.3531902234375
1 0.971333859375 0.3330761765625 0.8913737703125 0.229894990625 0.811027265625 0.2594056046875 0.9115578203125001 0.39879978125000004 0.985418546875 0.3739810828125 0.971333859375 0.3330761765625
1 0.5549468390625 0.35391473906250004 0.4760927921875 0.38231896249999997 0.565387071875 0.5217964687500001 0.65187541875 0.48836770625000003 0.5549468390625 0.35391473906250004
1 0.81005200625 0.268841634375 0.7245468484375001 0.29852002187500004 0.828214475 0.43187532187500005 0.9073739109375 0.3973216671875 0.81005200625 0.268841634375
1 0.6389838250000001 0.3278972328125 0.55920281875 0.3542854359375 0.6509687578125 0.4872205171875 0.7408264109375 0.4635769234375 0.6389838250000001 0.3278972328125
1 0.6435030296875001 0.3287598546875 0.7432413171875 0.463475090625 0.8269776703125 0.433912665625 0.7217092265625 0.30014228125 0.6435030296875001 0.3287598546875
1 0.482212109375 0.55773278125 0.5649657890625 0.524130590625 0.4723056296875 0.383100075 0.39157385 0.41308731875 0.40299802656250006 0.4337473125 0.482212109375 0.55773278125
1 0 0.583671303125 0.04353516875 0.710106615625 0.11671112343750001 0.6839243640625 0.0465310609375 0.5437798671875 0 0.558313996875 0 0.583671303125
0 0.1401027921875 0.522726971875 0.051845703124999996 0.549342559375 0.120359421875 0.6826681531250001 0.2089944734375 0.6497178156250001 0.1401027921875 0.522726971875
0 0.31416434375 0.4638212421875 0.22813009375 0.49220851874999993 0.30225310781250003 0.6189679484374999 0.39124055625 0.5868677375 0.31416434375 0.4638212421875
0 0.2266797890625 0.49170070312499997 0.1409671828125 0.520599584375 0.212783009375 0.6508441609375 0.3023065859375 0.6224495625 0.2266797890625 0.49170070312499997
1 0.398209509375 0.43634154531249997 0.31633878593750003 0.4647535859375 0.3913809828125 0.5860896984374999 0.47834653125 0.5576044328124999 0.398209509375 0.43634154531249997
1 1 0.5056481171875 0.9408450374999999 0.5230137953125 1 0.6124098359375 1 0.5056481171875
1 0.2688357140625 0.757210878125 0.174707225 0.7858844 0.2692993890625 0.9696904390625001 0.3681679484375 0.936812409375 0.2688357140625 0.757210878125
1 1 0.6184928859375 0.9370772265625 0.525835053125 0.8598035093749999 0.5504527328125 0.9726492609375 0.7285561281249999 1 0.7179556218750001 1 0.6184928859375
1 0.3706663515625 0.7226033609375 0.472380584375 0.9020942671875 0.569029665625 0.8693978921875001 0.459855625 0.686776865625 0.3706663515625 0.7226033609375
0 0.1875697875 1 0.267474134375 0.967819028125 0.17257912343749998 0.7881638015625 0.082023796875 0.82188570625 0.09063987812499999 0.846908625 0.166124003125 1 0.1875697875 1
1 0.74936854375 0.5917398375 0.8636397546874999 0.7667903578125 0.9537648328125 0.7369229500000001 0.8357575171875 0.5608389 0.74936854375 0.5917398375
1 0.4650342390625 0.6914020296875 0.568603778125 0.86721424375 0.6620245921875 0.8327165859375001 0.5569303359375 0.6638376781249999 0.4650342390625 0.6914020296875
0 0.2725522125 0.7549890671874999 0.3718525125 0.9378740062500001 0.4716403171875 0.902931734375 0.3699539125 0.728801396875 0.2725522125 0.7549890671874999
1 0.6498549421875001 0.6306641171875 0.7673805687499999 0.8028479203125001 0.862370746875 0.7672273109375001 0.747008796875 0.5931452562499999 0.6498549421875001 0.6306641171875
0 0.6515639453125 0.8118504015625 0.6635126078125 0.830456503125 0.7634122734375001 0.8024665921875 0.6471311984375 0.6316138828125 0.5594519671875 0.6627241578125 0.6515639453125 0.8118504015625
1 0 0.2810395328125 0.005752434375 0.2913218140625 0.086597928125 0.2625734609375 0.0312615203125 0.1677500375 0 0.1785034859375 0 0.2810395328125
0 0.10924208124999998 0.1416112203125 0.031970289062500004 0.16677621250000002 0.087667521875 0.263617225 0.1698886359375 0.23815877031250002 0.10924208124999998 0.1416112203125
1 0.18741982968749998 0.11754500781249999 0.110516903125 0.140871075 0.17012648125000002 0.2380768734375 0.2493471046875 0.21317615 0.18741982968749998 0.11754500781249999
1 0.2720785125 0.0945752046875 0.1876291109375 0.1169806828125 0.24942464531250003 0.21267402343750003 0.32957843124999997 0.1850748625 0.2720785125 0.0945752046875
1 1 0.79828084375 0.956266409375 0.7382961781249999 0.8659345843749999 0.7688051640625 0.9397638718750001 0.8773874953125 1 0.856646534375 1 0.79828084375
1 0.771332953125 0.80760105625 0.841254365625 0.9113070390625 0.9372917125000001 0.8782387296874999 0.862853409375 0.770460853125 0.771332953125 0.80760105625
1 0.6736722765625001 0.8363890390625001 0.7410410796875 0.9458132406249999 0.837795990625 0.9124978531249999 0.7660340515625 0.8081206906249999 0.6736722765625001 0.8363890390625001
1 0.400507246875 1 0.3662570671875 0.9414526859375 0.2736873 0.9727322578125 0.2879018453125 1 0.400507246875 1
1 0.52436228125 1 0.46841915937499995 0.908004359375 0.370363603125 0.9422092453124999 0.4043268140625 1 0.52436228125 1
1 0.5836713046875001 1 0.6377337859375001 0.9813847953125 0.571088796875 0.8752457250000001 0.47033992812500003 0.9077846359375 0.5259508453125 1 0.5836713046875001 1
1 0.573296571875 0.8730251453125 0.6387906625 0.9810208828125001 0.738288478125 0.9467610375 0.6693942953125 0.8379386203125 0.573296571875 0.8730251453125
1 0.5248540671875 0 0.49866448124999996 0.009912529687500001 0.567266871875 0.1116853671875 0.6419708796875 0.0845183578125 0.5819220031250001 0 0.5248540671875 0
1 0.3293744171875 0.18466968749999998 0.40478745156249996 0.1574107015625 0.34428910625000003 0.0711373765625 0.273210071875 0.094185578125 0.3293744171875 0.18466968749999998
1 0.5840275359375 0 0.64301954375 0.0855347265625 0.7201764859375 0.06047872343750001 0.6680800375 0 0.5840275359375 0
1 0.42178868437499994 0.0438910953125 0.4862265859375 0.13453451875 0.564571178125 0.1097248515625 0.49609654374999995 0.014142971874999999 0.42178868437499994 0.0438910953125
1 0.41935665312500003 0.0457649703125 0.3447950265625 0.0697078984375 0.40658256875000004 0.15856021250000002 0.4849981625 0.13441210625 0.41935665312500003 0.0457649703125
1 0.7675457921875 0 0.7987087984375 0.0348822390625 0.8612432703125 0.01334989375 0.856646534375 0 0.7675457921875 0
1 0.671021065625 0 0.7215758578125 0.0650521375 0.7966968109375 0.035575021875 0.7640244468749999 0 0.671021065625 0