1 0.9026126781249999 0.20409672343750002 0.9330321125 0.1961848015625 0.8995074859375001 0.0792705375 0.8325736890625001 0.0972251078125 0.9026126781249999 0.20409672343750002
1 0.7535465859375 0.1228850609375 0.828789790625 0.22997999687499998 0.9004418765625 0.2079205640625 0.8245849140624999 0.1010222421875 0.7535465859375 0.1228850609375
0 0.5727093578125 0.1810805 0.495415525 0.2010272875 0.49042496562500004 0.20245830781250002 0.5605628140625 0.31207420625000004 0.6411080734375 0.2861603078125 0.5727093578125 0.1810805
1 0.5773643015625 0.1779810375 0.645118134375 0.2827798453125 0.7307841921875 0.26426961250000003 0.6579200078125 0.15499959375 0.5773643015625 0.1779810375
1 0.6617388125 0.15255580468750002 0.735976115625 0.2659912328125 0.8212097125 0.24104638281250002 0.7450539625 0.12817962031250002 0.6617388125 0.15255580468750002
1 0.4111570578125 0.2269329734375 0.4785060609375 0.339358575 0.5612385453125001 0.3128175015625 0.4913553390625 0.20393648749999999 0.4111570578125 0.2269329734375
1 0.322922978125 0.2548660453125 0.390080184375 0.36878055625 0.476280165625 0.3419496734375 0.40910026562499996 0.22736214375000002 0.322922978125 0.2548660453125
0 0 0.3986230875 0.0440794265625 0.4912426015625 0.1319127078125 0.46542695 0.06333305312500001 0.3268789859375 0 0.344386725 0 0.3986230875
0 0.06402769375 0.3275676140625 0.13483728281250001 0.46816573437500003 0.2252390046875 0.44305035937500004 0.1568387125 0.3027301109375 0.06402769375 0.3275676140625
0 0.2379182890625 0.2785931046875 0.31553693125 0.41955655625 0.39992300625 0.394654759375 0.319446209375 0.2525519046875 0.2379182890625 0.2785931046875
0 0.157062884375 0.30177801875 0.2265809703125 0.443655309375 0.3131454890625 0.41671989531250003 0.23609173125 0.28089248906250003 0.157062884375 0.30177801875
1 0.959823365625 0.28961700625 0.9092377421875 0.2167976015625 0.8268944609375 0.24223516875 0.9205982968749999 0.387575853125 0.9829310484375 0.370203075 0.959823365625 0.28961700625
1 0.5644259546875 0.3237648640625 0.48364174374999996 0.348169003125 0.5660439203125 0.49300391718750003 0.6547696000000001 0.4639515375 0.5644259546875 0.3237648640625
1 0.8254148562499999 0.25166553281250004 0.7378760546875001 0.277001034375 0.83505336875 0.41643831093749994 0.91646985625 0.38587110468749997 0.8254148562499999 0.25166553281250004
1 0.6502950015625 0.302030871875 0.568685425 0.32436063593750003 0.6539186906250001 0.4627512484375 0.7455144390624999 0.44370799375000003 0.6502950015625 0.302030871875
1 0.654793109375 0.30313475 0.7479478359375 0.44373236875 0.8337021015625 0.4184205890625 0.7349372375 0.278482240625 0.654793109375 0.30313475
1 0.4805169921875 0.5247497734375 0.56549690625 0.495327190625 0.4797927203125 0.34875519375 0.39703686562499996 0.3746514734375 0.40743037187500003 0.3960104625 0.4805169921875 0.5247497734375
1 0 0.5702704187500001 0.0248168125 0.656816928125 0.10635850468750001 0.6323739796875001 0.04320955 0.48787168437500006 0 0.4989238796875 0 0.5702704187500001
0 0.13840251718750002 0.47162648125000006 0.048258834375 0.493740034375 0.1100930421875 0.63130311875 0.20095176874999998 0.6028441 0.13840251718750002 0.47162648125000006
1 0.316524059375 0.4215687828125 0.22852157968750003 0.44557918750000003 0.29634279218750004 0.576838734375 0.38751086875 0.5492524296875 0.316524059375 0.4215687828125
0 0.2270902609375 0.4449928328125 0.1393841109375 0.46953418437499994 0.20470129531249998 0.6041746390625 0.2962124265625 0.5803399437500001 0.2270902609375 0.4449928328125
1 0.4024786625 0.3983659765625 0.31866099375 0.4226197046875 0.3876932078125 0.5484780046875 0.476637221875 0.5244179984375 0.4024786625 0.3983659765625
1 1 0.5004986734375 0.9434750218750001 0.5139254125 1 0.6098723734375 1 0.5004986734375
1 0.255432665625 0.7139950796875 0.15927688125 0.73786845 0.24466124531250003 0.9275236109374999 0.3458051921875 0.899674146875 0.255432665625 0.7139950796875
1 1 0.616435125 0.9395375515625 0.5165625984375 0.8605425125 0.5372448484375 0.9645811249999999 0.7221275359375 1 0.7104936578125 1 0.616435125
1 0.35964623281249997 0.6845631921875001 0.452419534375 0.8702560703125 0.5513223515625 0.842472690625 0.4512143046875 0.6532432203125 0.35964623281249997 0.6845631921875001
0 0.06096295625 0.7701924078125 0.142514215625 0.959993590625 0.2429250609375 0.9255474140625 0.1570166765625 0.7400471937499999 0.06096295625 0.7701924078125
1 0.7473246515625 0.5729371109375 0.8529579187499999 0.7548269875 0.945151709375 0.7295439390625 0.8358167249999999 0.546419534375 0.7473246515625 0.5729371109375
1 0.4561764078125 0.6581623828125001 0.5510096421874999 0.8402561671875001 0.6467619390625 0.8104934484375 0.5500290234375 0.6352864109375 0.4561764078125 0.6581623828125001
0 0.2592868390625 0.711957540625 0.34945360625 0.9009341718749999 0.451630959375 0.8710587359374999 0.358602125 0.6907537390625 0.2592868390625 0.711957540625
0 0.6452123890625 0.6068281421874999 0.7542693500000001 0.7860082187499999 0.851658915625 0.7551994703125 0.7448777703125 0.5742255046875 0.6452123890625 0.6068281421874999
0 0.63734809375 0.788977825 0.648377559375 0.8083005343749999 0.7502996859375 0.7854168578125 0.6424236328124999 0.6076395875 0.55262323125 0.63429981875 0.63734809375 0.788977825
1 0 0.2004762234375 0.01556161875 0.23205676249999999 0.098366284375 0.20741131093749998 0.047881603125 0.109493146875 0 0.12322297499999998 0 0.2004762234375
0 0.0489639046875 0.1091828015625 0.0993864796875 0.20851622500000003 0.1834002328125 0.1872487109375 0.1275307671875 0.08705377343750001 0.1053977984375 0.09300064218750001 0.0489639046875 0.1091828015625
1 0.2074055796875 0.0669730796875 0.128851653125 0.086376940625 0.18364370000000002 0.187178896875 0.2646111828125 0.1663143828125 0.2074055796875 0.0669730796875
1 0.293738509375 0.048334104687500004 0.20764584375 0.0664170125 0.2647157015625 0.165813903125 0.346764125 0.142286896875 0.293738509375 0.048334104687500004
1 1 0.811424371875 0.9475942343750001 0.73105503125 0.8551586453125 0.7569719078125 0.9384775968750001 0.8944182906249999 1 0.876777025 1 0.811424371875
1 0.7579917968750001 0.7909916375 0.837528 0.923365121875 0.9361555718749999 0.8950841203125 0.8519731828125 0.7584739265625 0.7579917968750001 0.7909916375
1 0.6582786046875 0.814794703125 0.7337810234375 0.9531140890625001 0.8342471124999999 0.9243059015625 0.7526366578125 0.791235771875 0.6582786046875 0.814794703125
1 0.393141378125 1 0.3436385265625 0.9042365437500001 0.24891209218750002 0.9308103093750001 0.28050052187499996 1 0.393141378125 1
1 0.5149339765625001 1 0.4481240390625 0.8759868281250001 0.347727334375 0.9052122015625 0.39696695000000004 1 0.5149339765625001 1
1 0.5702704171875 1 0.628278390625 0.98336648125 0.553083378125 0.848456753125 0.4500668515625 0.8758668171874999 0.5163502671875 1 0.5702704171875 1
1 0.5554205750000001 0.8463412984375 0.628926796875 0.983180553125 0.731313940625 0.9538215125 0.6538954515625 0.8161273140624999 0.5554205750000001 0.8463412984375
1 0.277404828125 1 0.24713209374999998 0.9319093171875 0.14464604375 0.964129 0.15953940625000002 1 0.277404828125 1
1 0.540958653125 0 0.5896238609375 0.0810137546875 0.6661700765624999 0.057635059375 0.6295873609375 0 0.540958653125 0
1 0.3465804328125 0.1418690640625 0.4238443875 0.11843515 0.367580553125 0.028571759375 0.2948968171875 0.048001965625 0.3465804328125 0.1418690640625
1 0.6310451109375 0 0.6671706796875 0.058711349999999995 0.7460714937499999 0.0375825359375 0.7169655765625 0 0.6310451109375 0
1 0.4623790109375 0 0.446941703125 0.005260084375 0.5069353453125001 0.0997213359375 0.5870172265625 0.0789023546875 0.5365003171875 0 0.4623790109375 0
1 0.4443973671875 0.007015398437500001 0.3681648203125 0.02716193125 0.42558845156249997 0.119684384375 0.5057067296875 0.0995338828125 0.4443973671875 0.007015398437500001
1 0.7177997671874999 0 0.7472365812499999 0.042251421875 0.8243241828125001 0.016573359375 0.8106232515625 0 0.7177997671874999 0