1 0.8563573859375 0.1899827046875 0.9010020125 0.2988904046875 0.973139253125 0.2943724640625 0.925051196875 0.1851564671875 0.8563573859375 0.1899827046875
1 0.7801688812500001 0.199313540625 0.8294930968750001 0.3093363390625 0.8983586375 0.3019664484375 0.8484431796875 0.1920137015625 0.7801688812500001 0.199313540625
1 0.6059193546875 0.220193259375 0.5323109765625 0.22466322968750002 0.527533109375 0.22508123906250002 0.571782971875 0.33648726875 0.6493929140625 0.327193246875 0.6059193546875 0.220193259375
1 0.610687403125 0.2182079953125 0.6536258046875 0.32484078437499997 0.7345722640625 0.323138640625 0.6877891984375 0.2115669046875 0.610687403125 0.2182079953125
1 0.691683328125 0.2100276859375 0.7389762359375001 0.32560612187500004 0.82066635625 0.31801084999999996 0.7715334859375 0.2026098796875 0.691683328125 0.2100276859375
1 0.4513354703125 0.23329825781250002 0.4925605453125 0.3467550453125 0.5722644984375 0.33727782031250003 0.528115821875 0.226580846875 0.4513354703125 0.23329825781250002
1 0.36639714687499997 0.243068540625 0.40718549375 0.357837725 0.49008481406250004 0.348706953125 0.4493946859375 0.2333253390625 0.36639714687499997 0.243068540625
0 0.1182983 0.2626210296875 0.0359822421875 0.269033828125 0.071827178125 0.4078361421875 0.1560283140625 0.39990979375 0.1182983 0.2626210296875
1 0.11880662500000001 0.263365478125 0.1581967875 0.40289898749999997 0.24460329062500002 0.3960564203125 0.207348753125 0.2571968875 0.11880662500000001 0.263365478125
0 0.28512955 0.24960302968749998 0.330629446875 0.390661628125 0.4115434640625 0.3829565578125 0.3636530078125 0.2403663515625 0.28512955 0.24960302968749998
0 0.2077200828125 0.2563754796875 0.2457133578125 0.39683880625 0.3289616796875 0.3876774984375 0.2830674125 0.25136128593749996 0.2077200828125 0.2563754796875
1 0.904767509375 0.3115352109375 0.825611259375 0.32008309687500003 0.8849240296875 0.4679214734375 0.970839984375 0.4610465046875 0.904767509375 0.3115352109375
0 0.9742458796875001 0.4671655453125 0.9990679078125 0.4675156625 0.984993778125 0.3066476265625 0.908378253125 0.310275990625 0.9742458796875001 0.4671655453125
1 0.5732223671875001 0.347734134375 0.4956622453125 0.355621325 0.5448163203124999 0.5010193140625 0.6303979859375 0.4903233796875 0.5732223671875001 0.347734134375
1 0.8226050078125 0.328349028125 0.738755646875 0.3358929671875 0.8022600875 0.47900384531249995 0.881481409375 0.46565585625 0.8226050078125 0.328349028125
1 0.6549219296875 0.34315315625 0.5769795515625 0.3490201703125 0.629838278125 0.489088940625 0.71625566875 0.48794541875 0.6549219296875 0.34315315625
0 0.6588058125 0.3449404203125 0.7184578890625 0.488394453125 0.8006849031250001 0.48055881874999995 0.7358293703125 0.3367163734375 0.6588058125 0.3449404203125
1 0.4616597390625 0.51471159375 0.5439102140625 0.5030236921875 0.49206860625 0.3554758703125 0.41245727812500005 0.36436606562499996 0.41811159218749994 0.38549953124999997 0.4616597390625 0.51471159375
1 0 0.476807715625 0.0146923265625 0.5551836031249999 0.10338802656249999 0.5463548671875 0.0716334171875 0.404636009375 0 0.40883256562500003 0 0.476807715625
0 0.1608187484375 0.40665329375 0.0751760921875 0.41082732968749996 0.106963403125 0.5460420625 0.19437450625 0.5362568515625 0.1608187484375 0.40665329375
0 0.3311693546875 0.392654003125 0.24713344531249998 0.3989186203125 0.285462240625 0.529485175 0.3729998046875 0.5205432265625001 0.3311693546875 0.392654003125
0 0.24593907499999998 0.398137365625 0.162078146875 0.40493398750000004 0.1975395921875 0.5381176734374999 0.2847260140625 0.53262758125 0.24593907499999998 0.398137365625
0 0.4132057640625 0.3867601515625 0.332921553125 0.39397906875 0.373301840625 0.5198750999999999 0.45820025781249996 0.5137308546875 0.4132057640625 0.3867601515625
1 1 0.6835833515624999 0.9569013234374999 0.583118459375 0.8833653421875001 0.586162571875 0.947691090625 0.7673371796875 1 0.7618082890625 1 0.6835833515624999
1 0.2241562015625 0.6463033031250001 0.132751334375 0.6510133453125 0.17669813437499998 0.8374545624999999 0.2733279375 0.8300252015625 0.2241562015625 0.6463033031250001
1 0.8040486796874999 0.5926921609375 0.865752940625 0.7780921249999999 0.94574633125 0.7680196515625 0.8793294734374999 0.5878558109375 0.8040486796874999 0.5926921609375
1 0.3238487546875 0.637981984375 0.3751949984375 0.8221376421875 0.469780953125 0.8143747687499999 0.41240807031250004 0.6257347875 0.3238487546875 0.637981984375
0 0.0378978890625 0.66298448125 0.07834318125 0.8488851015625001 0.1754726453125 0.83536331875 0.1303172765625 0.6525864421875001 0.0378978890625 0.66298448125
0 0.6950862843750001 0.6050931859374999 0.7587648 0.78806730625 0.846825890625 0.7813876109375 0.7800086921875 0.5966478578125 0.6950862843750001 0.6050931859374999
1 0.416039234375 0.63105269375 0.469888646875 0.812316040625 0.5619672015625 0.8022109046875 0.5051796078125 0.6268402078124999 0.416039234375 0.63105269375
0 0.22801069218749997 0.6451375609375 0.27641378437499997 0.8318045328125001 0.3743382609375 0.822724921875 0.32180927187499997 0.6433953609375 0.22801069218749997 0.6451375609375
1 0.59651201875 0.617814534375 0.66377334375 0.7989396156249999 0.7575211578125 0.7881761109375 0.6926401125 0.6058285984375 0.59651201875 0.617814534375
0 0.557228859375 0.7811077375 0.5638192734375 0.8005118890625 0.6602781703125 0.797708421875 0.593840034375 0.618058771875 0.5077060984374999 0.6264034890625 0.557228859375 0.7811077375
1 0 0.127021775 0.01150914375 0.1751307953125 0.090943940625 0.16737998437499998 0.06441749062499999 0.0699553578125 0 0.07584102499999999 0 0.127021775
1 0.1425818875 0.063116859375 0.06480670625 0.069897290625 0.09171826093749999 0.168513990625 0.1711530609375 0.16076317812500002 0.1425818875 0.063116859375
1 1 0.761037940625 0.946083665625 0.7692820578124999 1 0.9087615484375 1 0.761037940625
0 0.21884330468750002 0.0570710359375 0.143440925 0.062399921875 0.17188310625 0.161941096875 0.251818009375 0.1574562859375 0.21884330468750002 0.0570710359375
1 0.2948156625 0.0529329015625 0.220160509375 0.056690921875 0.2520510984375 0.15743589375 0.3291526109375 0.1527808765625 0.2948156625 0.0529329015625
1 0.37638954375 0.051231384375 0.29513168125 0.052472346875 0.3293357265625 0.15234675625 0.40788736875 0.145474378125 0.37638954375 0.051231384375
1 0.8487739609375 0.78318231875 0.760381734375 0.7903926 0.826113275 0.9683770703125001 0.921115690625 0.96082565 0.8487739609375 0.78318231875
1 0.757228134375 0.7911915406250001 0.666269090625 0.8040980859375001 0.7301034093750001 0.9790574953125001 0.8244839875000001 0.9692798281250001 0.757228134375 0.7911915406250001
1 1 0.9111274734375 0.9425764765625001 0.768893928125 0.8541330453124999 0.7803665234375 0.9252085578125 0.964708990625 1 0.9581655859374999 1 0.9111274734375
1 0.7283656078125 0.9819305171874999 0.661370134375 0.8033791125 0.5716508953125 0.8081203406249999 0.6293853390625 0.9893896171875 0.68169585625 0.9860135906249999 0.7283656078125 0.9819305171874999
1 0.31938940625 1 0.270557946875 0.833769665625 0.179972509375 0.8411718265625 0.218295946875 1 0.31938940625 1
1 0.4244750453125 1 0.370288421875 0.8265648109375 0.274093325 0.8353691890625001 0.3228147703125 1 0.4244750453125 1
1 0.5218304796875 1 0.5291707890625 0.9993578062499999 0.47032152031249996 0.8200936999999999 0.372071284375 0.826797228125 0.425480971875 1 0.5218304796875 1
1 0.47281422187500005 0.818591328125 0.529053821875 0.9993680390625 0.6279921109375 0.990712059375 0.567441171875 0.808555965625 0.47281422187500005 0.818591328125
1 0.2146595375 1 0.17816447500000002 0.841853046875 0.0795462890625 0.8529978140625 0.1096368328125 1 0.2146595375 1
1 0.59994321875 0.0258310984375 0.6389201046874999 0.1326955453125 0.712456346875 0.124991759375 0.670232090625 0.0175435671875 0.59994321875 0.0258310984375
1 0.40779455625 0.1450644015625 0.48199136875 0.1374366375 0.4468353953125 0.0463224625 0.3774984859375 0.05113436406250001 0.40779455625 0.1450644015625
1 0.67241165 0.0179879796875 0.7131736796875 0.1261403625 0.7884478578125 0.1208837609375 0.7349485078125 0.015057110937500002 0.67241165 0.0179879796875
1 0.522912296875 0.0391732109375 0.5606387484375001 0.1350985828125 0.6369291890625 0.1303293328125 0.5966726296875 0.02905998125 0.522912296875 0.0391732109375
1 0.5202953390625 0.0403136484375 0.44761404374999997 0.045150425 0.48335231875 0.1388720515625 0.5595577671874999 0.1347135265625 0.5202953390625 0.0403136484375
1 0.8090594093749999 0.0094402359375 0.865084990625 0.11544907812500001 0.9366070953125 0.10919170468749999 0.88161310625 0.0066713140625 0.8090594093749999 0.0094402359375
0 0.78868019375 0.125309128125 0.8631132171875 0.11562158593750001 0.81808251875 0.033187790625000005 0.8050109609374999 0.010197637499999999 0.740680534375 0.01709601875 0.78868019375 0.125309128125
1 0.94982709375 0 0.8847000296875001 0.0054892625 0.9368508828125 0.107900178125 0.9675291453125 0.107025965625 0.9581655859374999 0 0.94982709375 0