1 0.9296130078125 0.18426097187499998 0.8853788265625001 0.120390203125 0.815541303125 0.1391233640625 0.8834871312500001 0.2428167609375 0.9420370203124999 0.22758865 0.9296130078125 0.18426097187499998
1 0.738885203125 0.16401417812500002 0.8118792265625 0.267924575 0.88138165625 0.2465265921875 0.8077922859375001 0.14280691406249998 0.738885203125 0.16401417812500002
1 0.5634734906250001 0.22046514843749998 0.4884983328125 0.23981304531249997 0.483657490625 0.24120113437500001 0.5516993875 0.347557096875 0.6298281109375 0.322419996875 0.5634734906250001 0.22046514843749998
1 0.5679886749999999 0.21745828125000002 0.6337177296875 0.31914045625 0.7168141890624999 0.3011868640625 0.6461277187500001 0.1951663078125 0.5679886749999999 0.21745828125000002
1 0.6498318734375 0.1927955359375 0.7218505562499999 0.302857540625 0.8045271140624999 0.278660925 0.7306475390625 0.1691505296875 0.6498318734375 0.1927955359375
1 0.40676773125 0.26494194375 0.4721045734375 0.3740237609375 0.5523549046875 0.3482782984375 0.4845600640625 0.2426353515625 0.40676773125 0.26494194375
1 0.3211808390625 0.292037603125 0.3863317296875 0.402563978125 0.4699455796875 0.37653755625 0.4047726328125 0.2653582046875 0.3211808390625 0.292037603125
0 0 0.4147895390625 0.0507124625 0.5213572765625 0.1359107046875 0.49631595624999997 0.0693784578125 0.36188962343750003 0 0.381068375 0 0.4147895390625
1 0.070052315625 0.3625577859375 0.13874776875 0.4989733625 0.22643749062500002 0.4746116265625 0.160079115625 0.3384658 0.070052315625 0.3625577859375
0 0.23872624999999997 0.3150527078125 0.3140266296875 0.451823165625 0.395881078125 0.4276682671875 0.3178081640625 0.289792159375 0.23872624999999997 0.3150527078125
0 0.1602965078125 0.337542075 0.2277392578125 0.475198646875 0.311706709375 0.4490708296875 0.23695460000000002 0.3172835015625 0.1602965078125 0.337542075
1 0.889914365625 0.2551398265625 0.810041496875 0.27981466718750003 0.9009450812500001 0.42083301874999995 0.9881226249999999 0.3965359125 0.889914365625 0.2551398265625
1 0.8933827796875 0.25311530000000004 0.9915251390625001 0.40017423281250003 0.9456987296875001 0.24035855 0.8933827796875 0.25311530000000004
1 0.555447440625 0.35889985 0.4770868359375 0.3825721390625 0.5570275734375 0.5230990671875 0.6430912546875 0.49491746406250003 0.555447440625 0.35889985
1 0.80860685 0.288964103125 0.723694225 0.3135395890625 0.817966775 0.44883055625 0.8969403140625 0.4191787765625 0.80860685 0.288964103125
1 0.6387406 0.3378185125 0.55957924375 0.35947815 0.6422657828125 0.49375286718750006 0.7311141140624999 0.47528249999999994 0.6387406 0.3378185125
1 0.6431039140625 0.338889803125 0.7334745546875 0.475306303125 0.816656146875 0.450753715625 0.7208436125000001 0.3149765015625 0.6431039140625 0.338889803125
1 0.47406690781250005 0.5538941375 0.5564971046875 0.5253531203125 0.4733532484375 0.3831406296875 0.39308020625 0.408260496875 0.40316344375 0.428984071875 0.47406690781250005 0.5538941375
1 0 0.5702704140625 0.0320378234375 0.681999584375 0.1111331984375 0.6582896921875 0.049868453125000003 0.518086690625 0 0.530841734375 0 0.5702704140625
0 0.142206328125 0.502331275 0.054766720312499996 0.5237805984375 0.1147556984375 0.6572509578125 0.2028885125 0.6296451796875 0.142206328125 0.502331275
0 0.3149842890625 0.45377553125 0.22962180625 0.4770653546875 0.2954178890625 0.6044202703125 0.3838508328125 0.5776612375 0.3149842890625 0.45377553125
0 0.22823336562500002 0.4764963703125 0.14315835937500002 0.5003013484375 0.20652570468749998 0.63093633125 0.295291653125 0.60781720625 0.22823336562500002 0.4764963703125
1 0.398360346875 0.43126912500000003 0.3170572203125 0.454795290625 0.38402765625 0.5769098859375 0.47030344218750003 0.5535719984374999 0.398360346875 0.43126912500000003
1 1 0.52802114375 0.99833149375 0.5255624375 0.9231438890625 0.5434213328124999 1 0.6738966343749999 1 0.52802114375
1 0.25574297968750004 0.7374895203125 0.1624716359375 0.760645875 0.245307978125 0.9446584937500001 0.34341767968750003 0.917644765625 0.25574297968750004 0.7374895203125
1 1 0.6792588375 0.9193246390625 0.545979734375 0.8426993265625 0.5660410828125 0.9436303265625 0.7454245296875001 1 0.726908453125 1 0.6792588375
1 0.35683016875 0.7089406890625 0.4468336640625 0.8891094875000001 0.5427694328125 0.862159734375 0.44565087812500004 0.6785592031250001 0.35683016875 0.7089406890625
0 0.0671073890625 0.792001021875 0.14622555937499998 0.976155071875 0.243623721875 0.9427410390625001 0.160279334375 0.76275959375 0.0671073890625 0.792001021875
1 0.73287820625 0.6006632890625 0.8353558609375 0.77714315 0.9247839093750001 0.752618846875 0.8187154453125001 0.5749409875 0.73287820625 0.6006632890625
1 0.45046451875000004 0.683332184375 0.5424659593750001 0.8600092 0.6353455421875001 0.8311388546874999 0.5415018109374999 0.6611433796874999 0.45046451875000004 0.683332184375
0 0.25948146875 0.735512903125 0.3469567859375 0.9188674984375 0.44606878125 0.8898882 0.35581775625 0.7149468156250001 0.25948146875 0.735512903125
1 0.6338296031249999 0.633538603125 0.7396281296875 0.8073895796875 0.8340958281249999 0.7775044578125 0.7305047671875 0.601913159375 0.6338296031249999 0.633538603125
0 0.6262125843749999 0.8102633734375001 0.636912584375 0.8290113484375 0.7357774484374999 0.8068155765625 0.6311245078125001 0.6343257078125 0.5440181765625 0.6601863328124999 0.6262125843749999 0.8102633734375001
1 0 0.223139615625 0.0230333234375 0.2698881890625 0.10335379062500001 0.24598190312499998 0.054243642187499996 0.15071872656250002 0 0.16625479375000002 0 0.223139615625
0 0.1316362734375 0.12921045312499999 0.054984793750000004 0.14980547187499998 0.10434346718750001 0.247053978125 0.1858369875 0.226425109375 0.1316362734375 0.12921045312499999
1 0.20911501875 0.109732803125 0.13291751406250002 0.12855386093750001 0.18607315 0.226357390625 0.2646117578125 0.20611933124999998 0.20911501875 0.109732803125
1 0.292858346875 0.0916543421875 0.20934804375 0.109193309375 0.26471310937500003 0.20563376249999998 0.3443000828125 0.18281256562499998 0.292858346875 0.0916543421875
1 1 0.8658194453125001 0.9271532984374999 0.7540850921875 0.8374907390624999 0.7792243328125 0.91192538125 0.9020320156249999 1 0.876777025 1 0.8658194453125001
1 0.7432392859375 0.812224825 0.81405236875 0.93009665 0.9095831000000001 0.9027036546874999 0.8344008781250001 0.7806814203125 0.7432392859375 0.812224825
1 1 0.7275185015625001 0.9321105093750001 0.7501011125 1 0.8586077156249999 1 0.7275185015625001
1 0.6465171859375001 0.8353127453125 0.7139200031249999 0.9588091437499999 0.8107581484375 0.931041253125 0.73804471875 0.8124613515625001 0.6465171859375001 0.8353127453125
1 0.381595221875 1 0.3413162609375 0.922071159375 0.2494315828125 0.9478475828124999 0.2732394046875 1 0.381595221875 1
1 0.4994054421875 1 0.44266731718749996 0.894669309375 0.3452825421875 0.92301801875 0.3852678640625 1 0.4994054421875 1
1 0.570270415625 1 0.611476140625 0.9881844484375 0.5444780375 0.8679657031250001 0.44455187343749997 0.894552996875 0.500850609375 1 0.570270415625 1
1 0.5467450281249999 0.86591339375 0.6122919625 0.9879505156249999 0.711375790625 0.9595386843749999 0.6422655328125 0.8366053953125 0.5467450281249999 0.86591339375
1 0.27041561875000003 1 0.24770502031250002 0.94891375 0.14829373125 0.9801674640625 0.1565274015625 1 0.27041561875000003 1
1 0.582816725 0 0.5181823671875 0.020665215625 0.579874553125 0.1233794578125 0.6541242921875 0.1007018109375 0.5902151984375 0 0.582816725 0
1 0.34412186875 0.1824071640625 0.41906782500000006 0.1596759875 0.36448521718750004 0.07248517812500001 0.29398190625 0.09133216718750001 0.34412186875 0.1824071640625
1 0.5924986765625 0 0.6550949625 0.1017461109375 0.731628846875 0.081251490625 0.6687143468750001 0 0.5924986765625 0
1 0.44146549999999996 0.0498727296875 0.49966637656249996 0.14152471093750002 0.5773459375 0.121330771875 0.515461134375 0.024658578125 0.44146549999999996 0.0498727296875
1 0.4389975578125 0.0515756109375 0.3650518796875 0.0711173703125 0.4207596765625 0.1608881296875 0.498474584375 0.1413427625 0.4389975578125 0.0515756109375
1 0.7610720796875 0 0.8095318031250001 0.06030005468750001 0.8819965875 0.0395211125 0.8498332546875 0 0.7610720796875 0
1 0.6730044515625 0 0.7327592984375 0.0857814109375 0.8075340437499999 0.060872903125 0.757220609375 0 0.6730044515625 0