1 0.97029725 0.22750920312499998 0.9363795796875 0.15708804999999998 0.8639888656249999 0.1647173265625 0.9152080375 0.27843683750000003 0.9758232515625 0.27251488125 0.97029725 0.22750920312499998
1 0.78384823125 0.17739254375 0.8400525968749999 0.29212168437499997 0.912530025 0.2817918640625 0.8557036578125 0.1671585875 0.78384823125 0.17739254375
0 0.6005426968750001 0.20589386406250001 0.522946803125 0.21332587812499998 0.5179148687499999 0.213943721875 0.568810025 0.330323940625 0.6504536859375001 0.3176356296875 0.6005426968750001 0.20589386406250001
1 0.6055059015625 0.2036163359375 0.6548378578125 0.3149887734375 0.740289003125 0.3102195484375 0.6867115171875 0.19375664374999998 0.6055059015625 0.2036163359375
1 0.6907680921875 0.1919835953125 0.7450333812500001 0.31267173125 0.8310507265625 0.3016332234375 0.77484825 0.1812004875 0.6907680921875 0.1919835953125
1 0.4377231140625 0.2254395125 0.48549914375 0.34410274375 0.5693481625000001 0.33114365 0.518586303125 0.2155107609375 0.4377231140625 0.2254395125
1 0.34835524375000004 0.2389008296875 0.39571876562499997 0.358970165625 0.4829563765625 0.3462609375 0.43567381406249994 0.22553931718750003 0.34835524375000004 0.2389008296875
0 0.0869834234375 0.268702575 0.0002607875 0.2785115375 0.043296782812500004 0.42421802187499996 0.1319545234375 0.412736821875 0.0869834234375 0.268702575
0 0.0875481546875 0.2694724703125 0.1343566703125 0.41582352499999997 0.2253845875 0.405409453125 0.180857309375 0.25969401875 0.0875481546875 0.2694724703125
0 0.26274476875 0.24880026718749998 0.3160645984375 0.39654280937499997 0.401257953125 0.3854164484375 0.3453556296875 0.23613921875 0.26274476875 0.24880026718749998
0 0.1812190078125 0.258810371875 0.22658642968749998 0.4061974828125 0.3141916 0.39344312187499997 0.2606317265625 0.2507381890625 0.1812190078125 0.258810371875
0 0.9196568562499999 0.291692284375 0.8363518437499999 0.3036469515625 0.904516490625 0.4580644875 0.9950249703124999 0.44763407343750006 0.9196568562499999 0.291692284375
1 0.9234244781250001 0.2902261953125 0.9978347781249999 0.4517843765625 0.977451921875 0.2857793359375 0.9234244781250001 0.2902261953125
1 0.5707494203125 0.342183925 0.4891060125 0.35338028593750004 0.5464478125000001 0.5055852234375 0.6364608609375 0.491119875 0.5707494203125 0.342183925
1 0.8334837171875 0.3125124265625 0.745183365625 0.32357568593749997 0.8176002078125 0.47283223124999996 0.9007952343750001 0.45579089218749996 0.8334837171875 0.3125124265625
1 0.6568889765625 0.33433782500000003 0.57476651875 0.343408415625 0.6358236046875 0.4898328625 0.7270752234375 0.485454846875 0.6568889765625 0.33433782500000003
1 0.6610585875 0.3360885765625 0.729418440625 0.4858497625 0.8159940296875 0.47453698906249997 0.742122609375 0.3245550765625 0.6610585875 0.3360885765625
1 0.459108265625 0.5231354453125 0.5455652015625 0.507741475 0.48530415624999995 0.353357909375 0.40153113124999995 0.36569182499999997 0.4082914265625 0.3878692828125 0.459108265625 0.5231354453125
1 0 0.530581309375 0.0060680453125 0.5800015703125 0.08179636875 0.5697811234375 0.042972934375 0.420835528125 0 0.42485859374999996 0 0.530581309375
0 0.1372663875 0.419704021875 0.0469460625 0.4272635828125 0.0855618671875 0.5693187796875 0.177541509375 0.55575103125 0.1372663875 0.419704021875
1 0.316709159375 0.3986333578125 0.228164096875 0.40834839375 0.27351747187500003 0.5452405015624999 0.365662109375 0.532561309375 0.316709159375 0.3986333578125
0 0.226873234375 0.40756465156250005 0.1385328390625 0.4178367734375 0.1809544984375 0.5576060375 0.272856703125 0.5485959328125001 0.226873234375 0.40756465156250005
1 0.40315568749999997 0.3893843140625 0.318609578125 0.3999726640625 0.3659563125 0.5318425578125 0.4554170375 0.5222234171875 0.40315568749999997 0.3893843140625
1 1 0.6096888296875 0.9848449796875001 0.5774440234375 0.9072724750000001 0.5833631109375 0.981974253125 0.7729068328124999 1 0.7703618140625 1 0.6096888296875
1 0.21310139062500003 0.6712213671875 0.11671363593749999 0.679559825 0.1700825140625 0.87542875625 0.2718888140625 0.8640185140625001 0.21310139062500003 0.6712213671875
1 0.82372285 0.5931858625 0.8958125296875 0.7873011671875 0.97994515625 0.7737009734375 0.903071896875 0.585304490625 0.82372285 0.5931858625
1 0.3181100703125 0.6587541234375001 0.379210865625 0.8519310265625 0.47884555781250004 0.8402424249999999 0.4112110484375 0.6425365546874999 0.3181100703125 0.6587541234375001
0 0.0233839125 0.72102799375 0.0666026890625 0.8911402828125 0.168710003125 0.8732586109374999 0.11420079062499999 0.681315253125 0.020216609375 0.6952323734375 0.0233839125 0.72102799375
1 0.709073109375 0.61031404375 0.78315813125 0.8017875359375 0.8759400718749999 0.7914853484375 0.7984734984374999 0.598256709375 0.709073109375 0.61031404375
1 0.41524514218749997 0.6480362390625001 0.4788826734375 0.8380578640625 0.5757812515625 0.823980209375 0.5092591375 0.6403077781250001 0.41524514218749997 0.6480362390625001
0 0.217129996875 0.669845359375 0.2752150578125 0.8657901078125001 0.378327646875 0.852584471875 0.31615705781250003 0.664562734375 0.217129996875 0.669845359375
0 0.605409659375 0.6274008390625 0.6832108328125 0.8167845281250001 0.7818483578125 0.8019483562499999 0.706516275 0.6111826406249999 0.605409659375 0.6274008390625
1 0.5699897484374999 0.8018012796875 0.5776745796875 0.8221127375 0.6794725734375 0.815608525 0.6025959796875 0.627757453125 0.51191194375 0.63975261875 0.5699897484374999 0.8018012796875
1 0 0.17607761093750002 0.054539128125 0.1688252390625 0.0228881625 0.066604709375 0 0.0695047078125 0 0.17607761093750002
1 0.10520899531250001 0.05649698125 0.0232971796875 0.0665289421875 0.055399371875000006 0.169998009375 0.139028328125 0.15887740156250002 0.10520899531250001 0.05649698125
0 0.185548971875 0.04729859375 0.10608981718749999 0.05570611875 0.1398434328125 0.1600983078125 0.224122325 0.1524187328125 0.185548971875 0.04729859375
1 0.2656546078125 0.04013143125 0.1869263578125 0.046847706249999996 0.22436780937499998 0.1523885921875 0.3056470765625 0.14463256875 0.2656546078125 0.04013143125
1 0.35176860468750004 0.0353398765625 0.2659713125 0.0396320296875 0.3058243625 0.1441660359375 0.38855303124999996 0.13400823281250002 0.35176860468750004 0.0353398765625
1 0.7849528953125 0.8041912453125001 0.8490039125 0.9609026203125 0.9476590296875 0.9487892953125 0.8780649031250001 0.7933149234375 0.7849528953125 0.8041912453125001
1 0.68603949375 0.8221569453124999 0.7471673703125 0.9734065749999999 0.84675610625 0.9611786171875 0.781651075 0.805153053125 0.68603949375 0.8221569453124999
1 1 0.8273775578125001 0.9766289703125001 0.7747431734375 0.8836215734374999 0.790136034375 0.950938371875 0.9483866421875 1 0.94236263125 1 0.8273775578125001
1 0.5862314609375 0.8298846484375 0.642038221875 0.9863148125000001 0.7439754468750001 0.9737984953125001 0.6808373046875 0.8215749296875 0.5862314609375 0.8298846484375
1 0.31283288593749997 1 0.2691019265625 0.868086175 0.1736800828125 0.8792461093749999 0.20726564218750002 1 0.31283288593749997 1
1 0.4243918875 1 0.3741922390625 0.8568001078125 0.272896375 0.8696508421875 0.3163990484375 1 0.4243918875 1
1 0.5305813109375 1 0.535771396875 0.9993627375 0.4796295703125 0.8462801328125 0.3760843671875 0.85698095 0.42562717812499995 1 0.5305813109375 1
1 0.4822070046875 0.84459746875 0.5362309375 0.9993063125000001 0.6397077953125 0.9866009531250001 0.581800390625 0.8305003328125 0.4822070046875 0.84459746875
1 0.2038804796875 1 0.1717953796875 0.8800339171875 0.06802682812500001 0.8954523999999999 0.09322478281249999 1 0.2038804796875 1
1 0.5885788015625 0 0.5869923546875 0.00024358593750000001 0.6321478593750001 0.11200656875 0.7095471390625 0.10115192656250001 0.6657498859375 0 0.5885788015625 0
1 0.388439715625 0.1335773859375 0.4665396734375 0.12277905781250001 0.42600715781250004 0.0275588171875 0.352936515625 0.035196475 0.388439715625 0.1335773859375
1 0.667722965625 0 0.7103477203125 0.1023422453125 0.78967413125 0.09401598125 0.73806221875 0 0.667722965625 0
1 0.5061111203124999 0.017198434375 0.5495383140625 0.117420521875 0.629956484375 0.1095732234375 0.5836574203125 0.0037834859375 0.5061111203124999 0.017198434375
1 0.5033889421875 0.0185022890625 0.4267861078125 0.026288854687500002 0.46803087187500003 0.12424958125 0.5483819953125 0.11705228125 0.5033889421875 0.0185022890625
1 0.8214923359374999 0 0.8704337796875 0.08545115 0.9457591140625 0.0762023625 0.90148925625 0 0.8214923359374999 0
1 0.7422172140625001 0 0.7900843546874999 0.0986948359375 0.8683571593750001 0.085706128125 0.8177158625000001 0.0000420453125 0.8176900328125001 0 0.7422172140625001 0
1 0.9046057281250001 0 0.9459685703125 0.07482543750000001 0.9515069796875 0.0744747328125 0.9423626328125 0 0.9046057281250001 0