1 0.9277427984375001 0.14879991406249998 0.8947551828125 0.09746611093749999 0.8254616671875 0.1134849921875 0.8886604421875001 0.2176166 0.9419363109375001 0.2057269828125 0.9277427984375001 0.14879991406249998
1 0.749252940625 0.13531832187499998 0.8174062359375001 0.239834746875 0.8864625640625 0.2211877828125 0.8177174875000001 0.1168383796875 0.749252940625 0.13531832187499998
0 0.5748824765625 0.18478201875 0.5005177546875 0.20122975156249998 0.4957115234375 0.20242807968749998 0.5589126156249999 0.3091774171875 0.6365773484374999 0.28715235 0.5748824765625 0.18478201875
1 0.5794246125 0.18198307656249998 0.6405140281249999 0.2840643796875 0.7228131875 0.269262046875 0.6570010609375 0.1627520875 0.5794246125 0.18198307656249998
1 0.6607240046875 0.160550159375 0.7277057921875 0.271073878125 0.80980819375 0.2501270203125 0.7409781953125 0.14008163906249999 0.6607240046875 0.160550159375
0 0.419312909375 0.22312422812500002 0.4797608203125 0.33245815312500004 0.5595319921875 0.3099078921875 0.49654907187499997 0.20386709062500002 0.419312909375 0.22312422812500002
1 0.3342495578125 0.2468187484375 0.3944647171875 0.35756480625 0.4775517140625 0.33485308593749996 0.417337465625 0.2234650984375 0.3342495578125 0.2468187484375
0 0.084328753125 0.3068426078125 0.0013961203125 0.326681634375 0.06046460625 0.4627943640625 0.1450748734375 0.44110385 0.084328753125 0.3068426078125
0 0.0849679953125 0.3075216234375 0.1477715765625 0.443809765625 0.23480728437499998 0.42287131718750004 0.17429155624999998 0.2869275578125 0.0849679953125 0.3075216234375
0 0.252406209375 0.2666129890625 0.3216897015625 0.4034742984375 0.402982584375 0.3825404375 0.3310121328125 0.24449913125 0.252406209375 0.2666129890625
0 0.1745371921875 0.28602791562499996 0.23606652499999997 0.4234920171875 0.31950459531250003 0.4006927625 0.2505876265625 0.2687432140625 0.1745371921875 0.28602791562499996
0 0.9816750000000001 0.365110159375 0.894551653125 0.22993569374999998 0.8151885375000001 0.2514475171875 0.8996619406249999 0.3930107953125 0.983579609375 0.3727491328125 0.9816750000000001 0.365110159375
1 0.8980309015625 0.2280657375 0.980918890625 0.3620775703125 0.9450755703124999 0.2183178609375 0.8980309015625 0.2280657375
1 0.562204290625 0.320442765625 0.4843623078125 0.3410215953125 0.5580769953125 0.481729375 0.6436465640625 0.45698475156249996 0.562204290625 0.320442765625
1 0.8134618546875 0.26038285625 0.729148446875 0.2816256703125 0.8171314484375 0.41767964218750003 0.8957827593750001 0.391250196875 0.8134618546875 0.26038285625
1 0.644804996875 0.3025758828125 0.566245559375 0.32115118125 0.6428754718749999 0.455813109375 0.730846203125 0.4406990140625 0.644804996875 0.3025758828125
1 0.6490567703125001 0.3037762578125 0.7331655265625 0.4408026875 0.8157766593750001 0.4195234734375 0.7262967828125 0.28293964531250004 0.6490567703125001 0.3037762578125
1 0.47546706250000004 0.5091458156249999 0.5574776031249999 0.48392466093750003 0.480672784375 0.3414527984375 0.4009009296875 0.363387996875 0.41009512187499997 0.384080215625 0.47546706250000004 0.5091458156249999
1 0 0.549460025 0.0260678703125 0.6226468078125 0.1151168359375 0.5993085046875 0.0597481484375 0.4595541515625 0 0.472635003125 0 0.549460025
0 0.151054934375 0.4472246734375 0.064365828125 0.4653118328125 0.1187134375 0.598411771875 0.20629690156249997 0.574302959375 0.151054934375 0.4472246734375
1 0.322563471875 0.405423971875 0.2378523609375 0.4253890453125 0.2981195171875 0.5526815765624999 0.3859686953125 0.5294144234375 0.322563471875 0.405423971875
0 0.23650730156250002 0.42478310468749997 0.152060940625 0.44526380625 0.20982734218750002 0.5756945234375 0.29787791874999997 0.55601285 0.23650730156250002 0.42478310468749997
1 0.4052949609375 0.3861605890625 0.324565740625 0.40649583125 0.38616849062499997 0.5286826625 0.47177897968750004 0.5087014640625 0.4052949609375 0.3861605890625
1 1 0.5122510734375 0.9917629265624999 0.4991612671875 0.9172409 0.514139671875 1 0.6664592703125 1 0.5122510734375
1 0.2545183125 0.68199711875 0.16203795781250002 0.7015620765625 0.2370944390625 0.8850684578125 0.334464009375 0.8618804125 0.2545183125 0.68199711875
1 1 0.6714522265625 0.913398334375 0.5165219234375 0.8373869453125 0.53361408125 0.9303893640625001 0.71319049375 1 0.692991040625 1 0.6714522265625
1 0.354867653125 0.6574029953125 0.437101928125 0.8373788203125001 0.5323324578124999 0.8141796390625 0.4432232984375 0.630592021875 0.354867653125 0.6574029953125
0 0.0672167890625 0.729106509375 0.138613671875 0.912625278125 0.23550526718749998 0.8831283437499999 0.159809953125 0.7035630281249999 0.0672167890625 0.729106509375
1 0.7282426453124999 0.563874734375 0.8228657703125 0.7406526328124999 0.911615759375 0.7196136906249999 0.813504559375 0.5415372781250001 0.7282426453124999 0.563874734375
1 0.4477896515625 0.6354425375 0.5321085625 0.8120576312500001 0.6244015187499999 0.78686858125 0.538040615625 0.6167516484375 0.4477896515625 0.6354425375
0 0.25826137031249996 0.680183390625 0.3379004046875 0.8632014531250001 0.43632316250000003 0.8381174453125 0.3536647421875 0.663266175 0.25826137031249996 0.680183390625
0 0.62974741875 0.5927865328124999 0.7277256765625 0.7670960124999999 0.8216147453125 0.7409645484375 0.72586648125 0.5650212812500001 0.62974741875 0.5927865328124999
1 0.616146640625 0.766059528125 0.626015415625 0.7848328203125 0.72396058125 0.76640138125 0.62706126875 0.593467390625 0.5405471390625001 0.6158974953125 0.616146640625 0.766059528125
1 0 0.22454804374999998 0.0409837359375 0.2138922515625 0 0.1227368421875 0 0.22454804374999998
1 0 0.12174748124999998 0.0419574796875 0.2149265890625 0.12173396562500001 0.194184665625 0.07675771718749999 0.098971765625 0 0.118084575 0 0.12174748124999998
0 0.1535733828125 0.080484925 0.0775178109375 0.098100221875 0.1226696625 0.195271040625 0.20348579375 0.1777872296875 0.1535733828125 0.080484925
1 0.23040344375 0.063994953125 0.1548554671875 0.07988378125 0.20372026718749997 0.17772876875000002 0.28161840625 0.1605281796875 0.23040344375 0.063994953125
1 0.31334275312500004 0.0490920140625 0.23065115625 0.06347313437499999 0.281734828125 0.1600548328125 0.3607528 0.1403534390625 0.31334275312500004 0.0490920140625
1 1 0.8637513078125 0.9138939781250001 0.7211340546875 0.8248922109375 0.742768846875 0.9189710046874999 0.9108456109375 1 0.8906428140625 1 0.8637513078125
1 0.7311079171875 0.7719667578125 0.8215947781249999 0.93512423125 0.9170248890625 0.9113308312499999 0.8218046812500001 0.7440944953125 0.7311079171875 0.7719667578125
1 1 0.6935286890625 0.9189043968749999 0.717390690625 1 0.857564946875 1 0.6935286890625
1 0.635238075 0.7913471234375 0.7200592015625 0.9604398937499999 0.8187956812499999 0.935822125 0.7259938359375 0.77202229375 0.635238075 0.7913471234375
1 0.395644765625 1 0.33224533125 0.86615535 0.24103733125 0.8883402171875 0.28739514375 1 0.395644765625 1
1 0.5106400546875001 1 0.43281435625000003 0.842696465625 0.3361111546875 0.8672200359375 0.3993328453125 1 0.5106400546875001 1
1 0.5613922828125 1 0.6187963390625 0.9856875609375001 0.53381104375 0.8199388453124999 0.43467076718750003 0.8426463640625 0.5117975453125 1 0.5613922828125 1
1 0.5361103375 0.8180007343750001 0.6188178234375 0.9856822046874999 0.7181709374999999 0.960910690625 0.631014278125 0.79247178125 0.5361103375 0.8180007343750001
1 0.2839657890625 1 0.23930335625 0.8893283875 0.1405077328125 0.916635540625 0.171765771875 1 0.2839657890625 1
1 0.5444563109375 0 0.594362253125 0.09000820000000001 0.668129128125 0.070266190625 0.6268730453125 0 0.5444563109375 0
1 0.3605916546875 0.13994929843749998 0.43504471562499997 0.12017841250000001 0.3844101546875 0.0327058765625 0.314458278125 0.04881388125 0.3605916546875 0.13994929843749998
1 0.6284993265625001 0 0.6690471015624999 0.071324646875 0.7449836140625 0.053803935937500005 0.7062155875 0 0.6284993265625001 0
1 0.5042802656250001 0 0.4608587078125 0.0131207828125 0.51489544375 0.10509698906250001 0.5919476718750001 0.08791050156249999 0.5398668546875001 0 0.5042802656250001 0
1 0.4583739828125 0.014708942187499999 0.3850144625 0.0313820578125 0.43666575312499994 0.12142621406250001 0.5137302906250001 0.10487778437499999 0.4583739828125 0.014708942187499999
1 0.795428475 0 0.8222816296875 0.0358812359375 0.894228334375 0.0179429078125 0.880626759375 0 0.795428475 0
1 0.70825513125 0 0.7459380546875 0.058290478125 0.820298153125 0.036375771875000004 0.7922856171875 0 0.70825513125 0