1 0.9948709265625 0.2017921328125 0.9749549312499999 0.1462362390625 0.899896440625 0.1462578203125 0.9401636703125 0.268363921875 0.9960400859374999 0.26877320625 0.9948709265625 0.2017921328125
1 0.816346571875 0.150617534375 0.8616172531249999 0.27429588125 0.937055753125 0.2715149984375 0.8911368843749999 0.1478679125 0.816346571875 0.150617534375
1 0.6252959953125 0.1600864484375 0.544920896875 0.15934493593750002 0.5396940906250001 0.1594361703125 0.579342246875 0.2842351625 0.6644348671875 0.280023975 0.6252959953125 0.1600864484375
1 0.630631215625 0.158286271875 0.66921610625 0.277782765625 0.7573596859375 0.28210061875000003 0.7149697328125 0.1569278328125 0.630631215625 0.158286271875
1 0.7193208359375001 0.15554716875000002 0.7619606937500001 0.28512584687500003 0.8513606656249999 0.28307732812499997 0.8067067078125 0.1535517609375 0.7193208359375001 0.15554716875000002
1 0.45621892812500003 0.16258120781250002 0.492422359375 0.2893847015625 0.579805746875 0.285133528125 0.5402137312499999 0.16111507187500002 0.45621892812500003 0.16258120781250002
1 0.3631218640625 0.1667526140625 0.3987507125 0.294953221875 0.48958214218749996 0.2913233375 0.454106625 0.1624627171875 0.3631218640625 0.1667526140625
0 0.09187471875 0.1691431140625 0.0018840046875 0.1698550875 0.03031161875 0.3238730609375 0.1224670125 0.321655190625 0.09187471875 0.1691431140625
1 0.092370859375 0.169993275 0.12459768593750001 0.3250785640625 0.21906865625 0.3242101171875 0.189112709375 0.1700222796875 0.092370859375 0.169993275
0 0.2742619125 0.16767717499999998 0.31301605625 0.324890634375 0.4015805046875 0.3226632625 0.36034345156250003 0.1635981546875 0.2742619125 0.16767717499999998
0 0.1895788765625 0.1691553234375 0.2202161953125 0.3251475171875 0.311429421875 0.3215109640625 0.271886115625 0.1694362859375 0.1895788765625 0.1691553234375
1 0.9989781765625001 0.437096353125 0.9432971140624999 0.282433 0.8565798687499999 0.28571303124999997 0.909837775 0.4513693390625 0.9992116828125001 0.4504739171875 0.9989781765625001 0.437096353125
1 0.9473188109375 0.2813359 0.9989148812499999 0.43347014531249994 0.9962786734375 0.282441928125 0.9473188109375 0.2813359
1 0.5800527125 0.296603196875 0.4951211640625 0.299284840625 0.5375188140625 0.461506590625 0.6313857265625 0.456375353125 0.5800527125 0.296603196875
1 0.8526830265625 0.2944930328125 0.7609391828125001 0.296320934375 0.8191139796875 0.4571442734375 0.906266721875 0.44863744375000003 0.8526830265625 0.2944930328125
1 0.66923390625 0.2978407609375 0.58404023125 0.29829140781249996 0.63087095 0.4549872203125 0.72492070625 0.4603311484375 0.66923390625 0.2978407609375
1 0.6733211015625 0.3000849375 0.7272810921875 0.46098850625 0.8172831015625001 0.4587189578125 0.75769483125 0.2969952265625 0.6733211015625 0.3000849375
1 0.446061046875 0.47008856562499995 0.5363812859375 0.4636221171875 0.4912248015625 0.29885225000000004 0.4039867328125 0.30247066718750004 0.408528890625 0.325935809375 0.446061046875 0.47008856562499995
1 0 0.47884785625 0.054102632812499996 0.4772552390625 0.0303441078125 0.320370375 0 0.3200254828125 0 0.47884785625
0 0.12716330625 0.3293704375 0.03372565 0.3273886328125 0.0580139578125 0.4771869671875 0.1538008453125 0.47318786562500004 0.12716330625 0.3293704375
0 0.3134517109375 0.32710335156250003 0.221602240625 0.32752266093750004 0.2533563953125 0.47275368125000006 0.3492167078125 0.46968331875 0.3134517109375 0.32710335156250003
0 0.220362946875 0.326580065625 0.1286633109375 0.3275925625 0.1571008890625 0.4754573984375 0.25231710625 0.47612252968749996 0.220362946875 0.326580065625
1 0.4030989265625 0.32693566875 0.31525621406250004 0.32868120156249997 0.3495958828125 0.4689781421875 0.442374025 0.4687558078125 0.4030989265625 0.32693566875
1 1 0.6417973265625 0.9793463046875001 0.5824147234375 0.8991582671874999 0.58012465 0.9553337562499999 0.7824973156249999 1 0.7809093765624999 1 0.6417973265625
1 0.177820865625 0.5954016578125 0.07807715 0.593564628125 0.11169412187500001 0.8001233921875001 0.21732562031249997 0.7993950234375 0.177820865625 0.5954016578125
1 0.8124199671874999 0.5811926515625 0.865424003125 0.7879707296875 0.9531673312500001 0.7830928484374999 0.8946413468750001 0.5816623765625 0.8124199671874999 0.5811926515625
1 0.2868503109375 0.5939346890625 0.32868647812499996 0.7985666515625 0.4321210125 0.7973189125 0.3840727421875 0.5873397687499999 0.2868503109375 0.5939346890625
0 0.0753110296875 0.595093565625 0.0016381093749999998 0.5982106546875 0.0052474109375000005 0.8049873875 0.11052053749999999 0.7977506328125 0.0753110296875 0.595093565625
1 0.6930012875 0.586399271875 0.748336290625 0.7906839156250001 0.8445939390625 0.790119171875 0.7859803656250001 0.5836707578125 0.6930012875 0.586399271875
1 0.387616871875 0.5934128140625 0.4323945453125 0.7950832609375 0.5332807265625 0.7910914109375 0.484860565625 0.5956194531250001 0.387616871875 0.5934128140625
0 0.182100490625 0.5944250328125 0.2205457 0.8015696953125 0.327710309375 0.7991414078125 0.284221409375 0.59967934375 0.182100490625 0.5944250328125
1 0.5848534296875 0.5927472359375 0.644224575 0.7952897906249999 0.74697579375 0.7907076640625 0.6902856500000001 0.5870142734375 0.5848534296875 0.5927472359375
0 0.5297322171875 0.767729146875 0.5354236125 0.7893808499999999 0.6405177765625 0.793681334375 0.581929584375 0.59280966875 0.4876408375 0.595336134375 0.5297322171875 0.767729146875
1 0 0.0651578140625 0.0693689609375 0.06325124531250001 0.058349165625 0.007632879687499999 0 0.008651368750000001 0 0.0651578140625
1 0.1570842703125 0.06215624374999999 0.14488442968749998 0.0061224015625 0.058813009375 0.0076247828125 0.07012472187499999 0.0645462796875 0.1570842703125 0.06215624374999999
1 1 0.7806644671875 0.9534381953125 0.7844945046875 1 0.935870290625 1 0.7806644671875
0 0.2450437015625 0.06470356875 0.22989643124999998 0.0046385109375 0.145673540625 0.0061086265624999995 0.157788553125 0.0634957640625 0.2450437015625 0.06470356875
1 0.32948598906250004 0.065505334375 0.312852409375 0.003190509375 0.23083576875 0.004622115625 0.24529869375 0.0646991171875 0.32948598906250004 0.065505334375
1 0.4156506125 0.06354618125 0.39970779218749997 0.00167444375 0.31328912343750004 0.0031828859375 0.3297180796875 0.065046140625 0.4156506125 0.06354618125
1 0.8465757296875 0.792223834375 0.749917715625 0.7933416265625 0.8078641484375 0.99234448125 0.911735440625 0.9913589734375 0.8465757296875 0.792223834375
1 0.7104550046875 0.9964026578125 0.806024003125 0.9932041734375 0.746428053125 0.79397191875 0.6465462625 0.8011024750000001 0.7026240421875001 0.9965393484374999 0.7104550046875 0.9964026578125
1 1 0.939243525 0.9496542703124999 0.7838040109375 0.852616703125 0.7895635125 0.9149490374999999 0.9928332015624999 1 0.99134863125 1 0.939243525
1 0.5433609078125 0.798270753125 0.5919323578125 0.998471478125 0.69964034375 0.9965914281250001 0.6412741890625 0.799945246875 0.5433609078125 0.798270753125
1 0.2570824578125 1 0.214029240625 0.8032649749999999 0.11497193593749999 0.8044246453125 0.147858775 1 0.2570824578125 1
1 0.36965835468749997 1 0.3230150828125 0.8030177640625 0.217751765625 0.80527795 0.2607740828125 1 0.36965835468749997 1
1 0.48176680625 1 0.43227421718750003 0.8035933562500001 0.32493595468750003 0.80340704375 0.3707193375 1 0.48176680625 1
1 0.5043634421875 1 0.58996045625 0.9985058984374999 0.538750515625 0.7984245171875 0.43509872656250004 0.8021459765625 0.4816954421875 1 0.5043634421875 1
1 0.143749175 1 0.11295427031250001 0.8050292453125 0.00532855625 0.8096362328125 0.0053971828125 0.8135678265624999 0.030115825000000002 1 0.143749175 1
1 0.6485418421875 0 0.6678268234375 0.0672369921875 0.748369215625 0.06444838124999999 0.728152471875 0 0.6485418421875 0
1 0.496835709375 0.06043688125 0.47837903125 0.00030123125 0.40043907812499996 0.0016616781250000001 0.415580846875 0.0630922578125 0.496835709375 0.06043688125
1 0.7294403078125 0 0.749061903125 0.065754978125 0.8313080234375001 0.06576615625 0.8037019609374999 0 0.7294403078125 0
1 0.562468165625 0 0.5825277875 0.06388630625 0.6658418734375 0.06450616249999999 0.645328609375 0 0.562468165625 0
1 0.4956365296875 0 0.4794975 0.0002817078125 0.4982064171875 0.062105165625 0.5813816828125 0.0633841859375 0.560120071875 0 0.4956365296875 0
1 0.8860684359375 0 0.9150496359375 0.065687178125 0.9924716171875 0.064335771875 0.9924381375 0.062417709375 0.9644387609375 0 0.8860684359375 0
1 0.8056953421875 0 0.831224378125 0.0706072015625 0.9128925921875 0.0657248296875 0.882807521875 0 0.8056953421875 0