1 1 0.2922725359375 0.986700196875 0.23340051874999998 0.9139603546874999 0.224491 0.9384589421875 0.347557434375 1 0.355570996875 1 0.2922725359375
1 0.8324757546875 0.2187732203125 0.8616360562500001 0.343957884375 0.935072346875 0.3502398765625 0.905280184375 0.2250083734375 0.8324757546875 0.2187732203125
1 0.6462072562500001 0.20521397187499998 0.5684059875 0.19493273125 0.56332996875 0.1943992203125 0.5869083359375 0.32000040625000004 0.6698703125 0.3260456109375 0.6462072562500001 0.20521397187499998
1 0.651591596875 0.20410505156249997 0.6747702609374999 0.32444358125 0.759674396875 0.3391132578125 0.7334834859375 0.2128237875 0.651591596875 0.20410505156249997
1 0.73786424375 0.21200412656249998 0.7637732953125 0.3425910046875 0.8506521890625001 0.3512435203125 0.82278500625 0.220468446875 0.73786424375 0.21200412656249998
1 0.4820622375 0.1875137578125 0.50206399375 0.3146467109375 0.58725065 0.3209257375 0.56363385 0.1960872796875 0.4820622375 0.1875137578125
1 0.391348090625 0.18047765625 0.41062685625000006 0.3088955296875 0.499081028125 0.3161866 0.48002935156250004 0.1871476640625 0.391348090625 0.18047765625
0 0.12820504531250002 0.15052030624999999 0.0409126484375 0.14050289062500002 0.050142149999999996 0.2930714046875 0.139711396875 0.301887715625 0.12820504531250002 0.15052030624999999
1 0.1285847234375 0.151402825 0.141369 0.30545719843749997 0.2330217109375 0.3158561078125 0.2223313421875 0.1629412203125 0.1285847234375 0.151402825
0 0.3051262 0.1708006984375 0.3239828078125 0.32769309375 0.4100732890625 0.336072953125 0.3890307953125 0.17709158125 0.3051262 0.1708006984375
0 0.222886209375 0.1621569265625 0.23402226874999998 0.316900634375 0.3228472203125 0.324230671875 0.302614646875 0.1722219515625 0.222886209375 0.1621569265625
1 0.9398221015624999 0.361557959375 0.8553964921875 0.3544175140625 0.88730413125 0.5212135453125 0.978450990625 0.53147884375 0.9398221015624999 0.361557959375
1 1 0.3691582515625 0.9438499124999999 0.36097377656249996 0.9807650156250001 0.5385758078125 0.998313684375 0.5422481046875001 1 0.526203884375 1 0.3691582515625
1 0.5861257703125 0.33206496875 0.5035018078125 0.3245573703125 0.5252935578125 0.48673444374999997 0.616867909375 0.49293242031249995 0.5861257703125 0.33206496875
1 0.850575865625 0.36245842968750003 0.7614518234375 0.3533133484375 0.798699134375 0.5160130390625 0.8841684484375 0.518142471875 0.850575865625 0.36245842968750003
1 0.6724018046875 0.3438744453125 0.5897891765625001 0.33417465156250004 0.61653415625 0.4915265890625 0.7070397765624999 0.5078928656249999 0.6724018046875 0.3438744453125
1 0.6760956765625 0.3465345125 0.7092489796875 0.5088104375 0.7967375828125001 0.517320484375 0.75822760625 0.353580475 0.6760956765625 0.3465345125
1 0.43564341406249996 0.4841655875 0.523939584375 0.488648259375 0.49977739374999997 0.3236747640625 0.41480682187499995 0.316800121875 0.41641755625 0.34006955156249996 0.43564341406249996 0.4841655875
1 0.050590246875 0.28968246875000003 0.0197860203125 0.2855447015625 0.0035842609375 0.43969414218749997 0.054954064062499995 0.44447240781249997 0.050590246875 0.28968246875000003
0 0.1433448 0.3099196875 0.05303245937499999 0.2968828859375 0.0587525515625 0.44487164375 0.15205284531250002 0.452394678125 0.1433448 0.3099196875
0 0.32414180937500003 0.32988823125 0.23508294687500003 0.319366178125 0.2485812421875 0.46381918593749993 0.341842225 0.47225055937500005 0.32414180937500003 0.32988823125
0 0.23399409375000002 0.31830570156250004 0.145009878125 0.30837605625000003 0.1549808953125 0.4549856515625 0.24717340000000002 0.46695869375 0.23399409375000002 0.31830570156250004
1 0.41103659062500003 0.34039199062500003 0.3257028375 0.3316312796875 0.3422935484375 0.47161262031250006 0.43222893281249997 0.48243596093749996 0.41103659062500003 0.34039199062500003
1 0.970849659375 0.8035508546875001 0.9390764765625 0.6564179375 0.8616406703124999 0.6446589734375 0.892008603125 0.8473666515625 0.9655728203124999 0.8537566296874999 0.970849659375 0.8035508546875001
1 0.1607938671875 0.5736323390625 0.0643532640625 0.559985478125 0.0723624125 0.7640639265625 0.17481384687499998 0.775926396875 0.1607938671875 0.5736323390625
1 0.7774577593750001 0.6353733890625 0.8042283359375 0.8419709359375 0.8898383437499999 0.8476857421874999 0.857080540625 0.6456110390625 0.7774577593750001 0.6353733890625
1 0.266626015625 0.5851836609375 0.2828293515625 0.788373671875 0.3832135390625 0.7994716703125 0.3616262046875 0.5903631125000001 0.266626015625 0.5851836609375
0 0 0.75779224375 0.0715073390625 0.761625971875 0.061490834375000004 0.5611373390625001 0 0.5562137515625001 0 0.75779224375
1 0.6611128734375 0.62620829375 0.6904389 0.8306679656249999 0.7837869125 0.841573628125 0.7515410671875 0.63462798125 0.6611128734375 0.62620829375
1 0.3643384 0.5966673171875 0.3837445203125 0.7973386984374999 0.48198555 0.8054754656249999 0.45831233281249995 0.6103747390625001 0.3643384 0.5966673171875
0 0.1650573015625 0.5731955375 0.1776756875 0.7784159671875 0.2818150109375 0.7888142546875 0.263395140625 0.5904353125 0.1650573015625 0.5731955375
1 0.5555545015625001 0.6194897312500001 0.58899905625 0.8227421843749999 0.6891176531250001 0.8305290968750001 0.6584080671875 0.6264808953125 0.5555545015625001 0.6194897312500001
0 0.481325496875 0.7824239109375 0.48426562031250003 0.8040735296875001 0.585598203125 0.8207431546875 0.5527136515625 0.6192023265625 0.4610403234375 0.610431103125 0.481325496875 0.7824239109375
1 0.049797978124999996 0 0.04577059375 0.0383179953125 0.11899011875000001 0.045272692187500005 0.11565629687500001 0 0.049797978124999996 0
1 0.116108928125 0 0.119568478125 0.046617021875 0.2041230375 0.05464837031250001 0.19906505624999998 0 0.116108928125 0
1 0.9502020218749999 1 0.9657448796875 0.8521195953125 0.8899341156249999 0.849075653125 0.9168298500000001 1 0.9502020218749999 1
0 0.19981758125 0 0.2046462171875 0.0560296640625 0.2890593078125 0.067581153125 0.2805702015625 0 0.19981758125 0
1 0.28155461875 0 0.28930694375 0.06760718125000001 0.3707948203125 0.07840466874999999 0.35984336250000004 0 0.28155461875 0
1 0.3602821015625 0 0.37107435 0.0779874953125 0.4545277890625 0.0867588046875 0.4431745796875 0 0.3602821015625 0
1 0.8161670109375001 1 0.7854570859375001 0.84384805625 0.691655309375 0.83343045625 0.7187571453125 1 0.8161670109375001 1
1 0.7165186109375 1 0.6881985984375001 0.8336257765624999 0.5905575796875 0.8286487499999999 0.617747971875 1 0.7165186109375 1
1 0.9157771703125 1 0.8863493390625001 0.8479566125 0.7916276578125 0.8419899453124999 0.8196456875000001 1 0.9157771703125 1
1 0.6146714125 1 0.5855861906250001 0.8269005578125 0.4909000828125 0.8136289187499999 0.5126052515625 1 0.6146714125 1
1 0.07502726562499999 0.7686202375 0.0835019203125 0.9589784281249999 0.18902241250000001 0.970069078125 0.171159115625 0.7792827375 0.07502726562499999 0.7686202375
1 0.1745270953125 0.7816754687499999 0.19258373906249998 0.9704433890624999 0.29781504999999997 0.9815036453125 0.27680393125 0.7920103671875001 0.1745270953125 0.7816754687499999
1 0.2786190953125 0.792615978125 0.29886724062500003 0.9816142343750001 0.40611132968749997 0.9928860421874999 0.38261571875 0.8055675015625001 0.2786190953125 0.792615978125
1 0.51054635625 1 0.48641397968750005 0.813229315625 0.3855250328125 0.8045015875000001 0.40618300781250005 0.9928935765625001 0.473796109375 1 0.51054635625 1
1 0 0.9502020218749999 0.07955179531249999 0.9585632531250001 0.0730000859375 0.7689658078125 0 0.7631570125 0 0.9502020218749999
1 0.7768496265625 0.1272194015625 0.7579274609375 0.024355128125 0.681980271875 0.0163727578125 0.6984663640625 0.120337634375 0.7768496265625 0.1272194015625
1 0.444142340625 0 0.4545141734375 0.08631082031250001 0.5335720265624999 0.09340641250000001 0.5169856937499999 0 0.444142340625 0
1 0.85706678125 0.13836385625 0.8268974546875001 0.0316041671875 0.75972994375 0.0245445765625 0.7773654859375 0.1285674265625 0.85706678125 0.13836385625
1 0.6968676031250001 0.11745630625 0.677779434375 0.01593123125 0.597889121875 0.007534421875 0.616203765625 0.1069432265625 0.6968676031250001 0.11745630625
1 0.518185790625 0 0.5347019171875 0.0951854453125 0.6151528265625 0.10632049531250001 0.5948985953125 0.007220104687499999 0.5262038875 0 0.518185790625 0
1 1 0.110235121875 0.9806999812500001 0.0477694640625 0.9054696296875001 0.0398624359375 0.93822804375 0.1482508953125 1 0.15474338906250001 1 0.110235121875
1 0.83101419375 0.0320368546875 0.8564099265625 0.14304307968750002 0.936133228125 0.1480307203125 0.9058499109374999 0.05259589218750001 0.90142698125 0.039437535937500004 0.83101419375 0.0320368546875