1 0.9684160015625001 0.26123562499999997 0.918329396875 0.1659868109375 0.8474387078125 0.17597174531249998 0.9016639124999999 0.28585378437500003 0.9708564703125001 0.2766441421875 0.9684160015625001 0.26123562499999997
1 0.76910309375 0.1911777375 0.8282626078125 0.301879209375 0.8991463124999999 0.2892399578125 0.8393787234375001 0.1786540359375 0.76910309375 0.1911777375
1 0.589909428125 0.2254766375 0.51389595 0.23544728125 0.5089712734375 0.2362272734375 0.5629688609375 0.3487326984375 0.642781315625 0.33346205625 0.589909428125 0.2254766375
1 0.59470988125 0.22306957500000002 0.6470000437500001 0.3307123515625 0.7308251921875 0.32308526406250004 0.6741883796875 0.210591096875 0.59470988125 0.22306957500000002
1 0.6781149515625 0.2087105640625 0.7355720640625 0.3253292609375 0.8197396515625 0.31152763125 0.7603872421875 0.19522643906249998 0.6781149515625 0.2087105640625
1 0.43054514375 0.25027709374999996 0.4815549671875 0.36513141875 0.5635257734375 0.34951892500000004 0.50968471875 0.23774261718749998 0.43054514375 0.25027709374999996
1 0.34316712968749996 0.266572846875 0.39381952187499997 0.382821865625 0.4791294296875 0.367337909375 0.42853433750000003 0.250445703125 0.34316712968749996 0.266572846875
0 0.0872882796875 0.3048387515625 0.0023854953125000003 0.3174575484375 0.049659859375 0.45902564687499997 0.1364075140625 0.44469840156249996 0.0872882796875 0.3048387515625
1 0.08786962968749999 0.30557515468749996 0.1388739265625 0.44764607031250003 0.2279876125 0.4342848265625 0.17924719375 0.29275933125 0.08786962968749999 0.30557515468749996
0 0.259360553125 0.27924214375 0.3168121875 0.42245479843749995 0.40016689375 0.408595309375 0.3401245796875 0.2639649328125 0.259360553125 0.27924214375
0 0.179572528125 0.29187932499999997 0.22919578437500002 0.435017078125 0.31486541875 0.41947614375000003 0.2573498625 0.2812175671875 0.179572528125 0.29187932499999997
1 0.9064891718749999 0.29871435625 0.8250187609375 0.31332197812499996 0.8972889531250001 0.462576409375 0.9858915375 0.449217021875 0.9064891718749999 0.29871435625
1 0.9898690140624999 0.4553258390625 0.9990757734375 0.45481381406250004 0.9729338203125 0.289760015625 0.910142221875 0.29714514687500004 0.9898690140624999 0.4553258390625
1 0.5652800171875 0.360309715625 0.48541686406249995 0.3741155921875 0.546973975 0.5215707171874999 0.6349518359374999 0.5042669984375 0.5652800171875 0.360309715625
1 0.822502459375 0.32212473125 0.7360918062499999 0.3360293390625 0.8123651609375001 0.48007029218749997 0.89355378125 0.46047248749999997 0.822502459375 0.32212473125
1 0.649676728125 0.34963810624999997 0.5692701437500001 0.36137345625 0.6342815453124999 0.5030254000000001 0.72382120625 0.49558250312499996 0.649676728125 0.34963810624999997
0 0.6538347265625 0.3512132625 0.7261377875 0.495889471875 0.81084469375 0.48179933750000004 0.7331169 0.337096359375 0.6538347265625 0.3512132625
1 0.461729175 0.5418109578125 0.5461801046875 0.5237180890625 0.4816793421875 0.374224640625 0.39976188125 0.3892207296875 0.4071636890625 0.41076106250000005 0.461729175 0.5418109578125
1 0 0.539350853125 0.01188088125 0.61436378125 0.0924705953125 0.60060930625 0.0492260578125 0.45571595625 0 0.46206587343749994 0 0.539350853125
0 0.14186632500000002 0.4513555765625 0.0533506484375 0.46188994531249994 0.09615583125 0.600025621875 0.1860972609375 0.5835353750000001 0.14186632500000002 0.4513555765625
0 0.3175170953125 0.42448503750000005 0.230819884375 0.4370744203125 0.2800709734375 0.5699089125000001 0.3702049125 0.554285340625 0.3175170953125 0.42448503750000005
0 0.2295243625 0.436349446875 0.143047334375 0.44947871250000004 0.1895151484375 0.5852389578125 0.27953609375 0.5732259656250001 0.2295243625 0.436349446875
0 0.4021676171875 0.41242546874999997 0.3194307046875 0.42573444374999997 0.3704695375 0.55356955 0.4580700078125 0.54104275625 0.4021676171875 0.41242546874999997
1 1 0.615319678125 0.9803183125 0.5770121765625 0.9042761640625001 0.5854966593750001 0.9841709671875 0.7690118703125 1 0.766210771875 1 0.615319678125
1 0.22499108437499998 0.695675975 0.1305384625 0.7071841390625 0.1896816171875 0.897644453125 0.2893551171875 0.8829337546874999 0.22499108437499998 0.695675975
1 0.8224925328125 0.59801965 0.8999760609375 0.7861131484375 0.9822037281249999 0.7698614671875 0.9002138000000001 0.58754741875 0.8224925328125 0.59801965
1 0.3277760375 0.6798171749999999 0.3944267984375 0.8673680687499999 0.4919563703125 0.8524589171875 0.41872912500000004 0.660686753125 0.3277760375 0.6798171749999999
0 0.0330376890625 0.7264834328124999 0.0885101203125 0.9166357265625 0.18825850625 0.8955611546875 0.12812858437500002 0.7089941734375 0.0330376890625 0.7264834328124999
0 0.710390746875 0.618786690625 0.789745246875 0.8042177593750001 0.88058674375 0.7909059140625 0.7978486625000001 0.6038682140625 0.710390746875 0.618786690625
1 0.422881934375 0.6659471953125 0.49191825624999996 0.8503128875 0.5866769859375001 0.8331525125000001 0.515022271875 0.6551197125 0.422881934375 0.6659471953125
0 0.22890372656250002 0.6941862109375 0.2926848984375 0.8845584359374999 0.39358101562500003 0.86804004375 0.3260548046875 0.6855872375 0.22890372656250002 0.6941862109375
1 0.6090857265625 0.639134496875 0.6920213890625 0.8223857812500001 0.7884633921875001 0.804420784375 0.7079073515625 0.6197275703125 0.6090857265625 0.639134496875
0 0.5802273328124999 0.8115773468749999 0.5884741296875 0.8312538249999999 0.6883069828124999 0.8213600359375001 0.6063324031249999 0.639581575 0.5176106984375 0.6544832515625 0.5802273328124999 0.8115773468749999
1 0 0.21666850625 0.05198912812499999 0.2078996234375 0.0173897125 0.10863266406250001 0 0.111455665625 0 0.21666850625
1 0.0979558625 0.0958722390625 0.017789140624999998 0.1085441796875 0.0528746859375 0.20902137656250003 0.1346919765625 0.19522145 0.0979558625 0.0958722390625
0 0.176606121875 0.0840728453125 0.098794596875 0.09506543281249999 0.1355348125 0.196392015625 0.21810840625 0.18594801875 0.176606121875 0.0840728453125
1 0.2550954125 0.0742757359375 0.17794452968750002 0.0835827078125 0.218348659375 0.1859099671875 0.2979713765625 0.17549428281249999 0.2550954125 0.0742757359375
1 0.339571303125 0.0666038875 0.25538964218750004 0.07377452031250001 0.298129696875 0.1750301421875 0.37909499062499996 0.1622065 0.339571303125 0.0666038875
1 0.79159135625 0.8065158140625 0.8561407937500001 0.949825403125 0.9523820531249999 0.934582284375 0.8827376625 0.792628921875 0.79159135625 0.8065158140625
1 0.6949850625 0.8275628140625001 0.7565116125 0.9656051140624999 0.85387229375 0.9501846984375 0.7883789140624999 0.8075738796874999 0.6949850625 0.8275628140625001
1 1 0.8141709265625 0.9789799109375 0.7709989546875 0.88809064375 0.7893164734375 0.955768965625 0.9340458500000001 1 0.9270403421875001 1 0.8141709265625
1 0.597149871875 0.8385892203124999 0.6540064859375 0.9818403312499999 0.7533024578124999 0.9661133953125001 0.689852075 0.8271706796875 0.597149871875 0.8385892203124999
1 0.32866690468750004 1 0.28675484375 0.887023328125 0.193347934375 0.9012682625 0.22457795468750003 1 0.32866690468750004 1
1 0.43952329843750004 1 0.3896603640625 0.872321365625 0.290537746875 0.8884287171875 0.332183525 1 0.43952329843750004 1
1 0.539350853125 1 0.5499236437499999 0.998325434375 0.4929331203125 0.8583595781250001 0.39152626874999996 0.8724337078125 0.44080154218749995 1 0.539350853125 1
1 0.495408965625 0.8566187546874999 0.5505159671875 0.9982316203125 0.6516104109375 0.9822198328124999 0.592815696875 0.8393463875 0.495408965625 0.8566187546874999
1 0.22141882812499997 1 0.191522403125 0.9021066640625 0.0900571140625 0.9208201812500001 0.1121027 1 0.22141882812499997 1
1 0.5695690203125 0.024041021875 0.617767575 0.13221115156250002 0.6934709375 0.11888702656250001 0.641862078125 0.010345665625 0.5695690203125 0.024041021875
1 0.3789689015625 0.161787409375 0.45536286718749996 0.148494428125 0.4122730078125 0.056406256249999995 0.3407143203125 0.0664228515625 0.3789689015625 0.161787409375
1 0.6441548234375001 0.0106494765625 0.6942984546875001 0.1200280640625 0.771982284375 0.10911983125 0.7087980968750001 0.00307876875 0.6441548234375001 0.0106494765625
1 0.49065161875 0.043474178125 0.5367573859375 0.1403732890625 0.6155306359375 0.1298976671875 0.5664120593749999 0.027631337500000002 0.49065161875 0.043474178125
1 0.4880205734375 0.0448480828125 0.41299525781249996 0.05513259375 0.4568787453125 0.1498867625 0.535608290625 0.14005160625 0.4880205734375 0.0448480828125
1 0.7902885484375 0 0.8510666656250001 0.09792798593749999 0.9247864265624999 0.0862519234375 0.8705155703124999 0 0.7902885484375 0
0 0.741673871875 0 0.7148911015625 0.0047815109375 0.772545246875 0.11369928437500001 0.8490343078125001 0.0982498796875 0.7963350578124999 0.0158920828125 0.7857809546875 0 0.741673871875 0
1 0.8740240265624999 0 0.9249452796875 0.084892871875 0.9402472562499999 0.083385171875 0.9270403437500001 0 0.8740240265624999 0