1 0.7735768453125 0.11476915000000001 0.8412757421875 0.2102764375 0.9103272265625 0.1897080578125 0.8392150984375 0.0946748953125 0.7735768453125 0.11476915000000001
1 0.701666296875 0.1409103203125 0.7741593140624999 0.23644779531250001 0.8393958874999999 0.21385029218749999 0.7663443015625 0.11851339375 0.701666296875 0.1409103203125
1 0.537097859375 0.2002509859375 0.46660685625 0.22110306875000002 0.4620599109375 0.2225804609375 0.52993374375 0.3205971359375 0.6032330499999999 0.2941726078125 0.537097859375 0.2002509859375
1 0.541285009375 0.1972571859375 0.6068183828125 0.29094311875 0.6850548437499999 0.2711259765625 0.6146836812500001 0.173517296875 0.541285009375 0.1972571859375
1 0.6181217484375 0.1711518453125 0.6898835140624999 0.27252843437499996 0.767525215625 0.24683416406249997 0.6940161015624999 0.14604250000000002 0.6181217484375 0.1711518453125
1 0.3898915734375 0.24764443281249998 0.45528597968750006 0.3483271046875 0.5305780875 0.321255075 0.46296099062499996 0.22390274062499999 0.3898915734375 0.24764443281249998
1 0.309581228125 0.2761752421875 0.374844775 0.378227596875 0.45331771718749997 0.3507740890625 0.38801269375 0.24810626875000003 0.309581228125 0.2761752421875
0 0 0.3860995265625 0.060311734375 0.5019428453125 0.1403181953125 0.47536419687500003 0.0729922 0.3508048015625 0 0.3737574703125 0 0.3860995265625
1 0.07365226875 0.351412053125 0.143092296875 0.4777739140625 0.225482865625 0.4517504296875 0.1582676203125 0.325562303125 0.07365226875 0.351412053125
0 0.2321128234375 0.3007468203125 0.307827584375 0.42721515 0.38469098125 0.40158868124999997 0.30631216875 0.2741728234375 0.2321128234375 0.3007468203125
0 0.158444690625 0.324683046875 0.22673583593750002 0.45225938593750004 0.305540909375 0.424697959375 0.230502975 0.3029133375 0.158444690625 0.324683046875
1 0.8477587828125 0.22168363750000003 0.772790921875 0.247732246875 0.8634362015624999 0.377669728125 0.9453430968750001 0.3517249484375 0.8477587828125 0.22168363750000003
1 0.9500184796875001 0.3568896390625 0.9773132875 0.35098525625 0.92763254375 0.19808365 0.8509841937499999 0.21965309687499998 0.9500184796875001 0.3568896390625
1 0.5338452078125 0.3311718625 0.46027988437499995 0.35622204218750003 0.5405134453125 0.48607492499999994 0.6212417453125 0.4565028015625 0.5338452078125 0.3311718625
1 0.7717184890625 0.2564163515625 0.6919682171875 0.2825455078125 0.7856280156250001 0.40696143281249997 0.8595863296875 0.3762471015625 0.7717184890625 0.2564163515625
1 0.6121697265625 0.3083962078125 0.53778166875 0.331574709375 0.62042226875 0.4554323 0.7040970546875001 0.43492853125000003 0.6121697265625 0.3083962078125
1 0.6163412578125 0.3092562921875 0.7063362484375 0.43486935468750004 0.7844456765625 0.40882168124999996 0.6893101749999999 0.2840001390625 0.6163412578125 0.3092562921875
1 0.4628100703125 0.5180060984375 0.5400813624999999 0.4882204609375 0.4567571609375 0.35688766875 0.3814238203125 0.38337009843750003 0.3916383953125 0.40257855937500003 0.4628100703125 0.5180060984375
1 0 0.571259965625 0.0377509828125 0.6575404515625001 0.1219209875 0.6290786515625 0.059408371875 0.4988855265625 0 0.516321725 0 0.571259965625
0 0.14647782812500001 0.48082321562499997 0.0642327515625 0.5040895546875 0.12532355781249999 0.6279730906250001 0.20803218124999998 0.59887281875 0.14647782812500001 0.48082321562499997
1 0.30879721875 0.4290245078125 0.228579859375 0.4539559203125 0.29498509687499996 0.5718673562500001 0.378004996875 0.54355579375 0.30879721875 0.4290245078125
0 0.2272452640625 0.45346698124999996 0.14731674374999998 0.47887461093750006 0.21152204062500002 0.5999655046875 0.2949723359375 0.5750774703125 0.2272452640625 0.45346698124999996
1 0.3871554828125 0.404901128125 0.3107951203125 0.4299151796875 0.378149025 0.5428406140625001 0.45923097031250004 0.5178322546875 0.3871554828125 0.404901128125
1 1 0.5289128484375001 0.9590867015625 0.47313648124999996 0.88834735625 0.492590715625 0.9913114562500001 0.65370461875 1 0.650707646875 1 0.5289128484375001
1 0.2615503859375 0.6988193859375 0.173828721875 0.7238983796875 0.25817736875 0.8946893296875 0.3503658765625 0.8658027234375 0.2615503859375 0.6988193859375
1 0.8127726421875 0.5167196734374999 0.9141349999999999 0.682516159375 0.9895751859375 0.6548023921875 0.8848060484375001 0.4951372171875 0.8127726421875 0.5167196734374999
1 0.3565141609375 0.668381090625 0.4475385140625 0.8352966734375 0.5376674609375 0.8065456296875 0.439787734375 0.63663754375 0.3565141609375 0.668381090625
0 0.0843804625 0.75678710625 0.1652075609375 0.9278401265625 0.25651979062499997 0.8929380468750001 0.171816278125 0.72596895625 0.0843804625 0.75678710625
1 0.70971755625 0.55319159375 0.8124552125 0.716194421875 0.896489146875 0.689957396875 0.790308546875 0.5259481890625 0.70971755625 0.55319159375
1 0.4445028640625 0.64097540625 0.5373119625 0.8045266281250001 0.624482209375 0.7740687875 0.5301364015625001 0.6168867734375 0.4445028640625 0.64097540625
0 0.26503342343749997 0.6968247140625 0.35376056562499997 0.86683423125 0.44683768281249997 0.8360580140625 0.3557431765625 0.6740841953125 0.26503342343749997 0.6968247140625
1 0.6168232234375 0.5876423578125001 0.722627346875 0.748049403125 0.811271678125 0.716578975 0.7075061375 0.55445320625 0.6168232234375 0.5876423578125001
0 0.6151640171875 0.7546841046874999 0.6259012765625 0.772006825 0.7189576109375 0.7476408906249999 0.6142827203125 0.5884787218749999 0.53249258125 0.6158965578125 0.6151640171875 0.7546841046874999
1 0 0.21700333437500002 0.0261457109375 0.2655843328125 0.1015622359375 0.240245540625 0.0519909453125 0.152042540625 0 0.1689178546875 0 0.21700333437500002
0 0.1247064546875 0.12906805937500002 0.052665034374999996 0.15115505 0.1025345171875 0.24122304843750003 0.17916665468749998 0.218936640625 0.1247064546875 0.12906805937500002
1 0.19756756250000002 0.1080069328125 0.12590080312500002 0.1284041078125 0.1793884796875 0.21886456562499998 0.2532307296875 0.19704917187499998 0.19756756250000002 0.1080069328125
1 0.2764135296875 0.0880495796875 0.197771559375 0.1074897453125 0.2533115578125 0.1965874265625 0.328066659375 0.172298021875 0.2764135296875 0.0880495796875
1 1 0.8347579062499999 0.8987822421875 0.6912591703125 0.814545278125 0.718084634375 0.918161765625 0.8757918953124999 1 0.8499164406249999 1 0.8347579062499999
1 0.8116609875 0.7195665828125 0.7262041 0.7524876140625001 0.8273019171874999 0.907689521875 0.9167811218749999 0.8770323171875001 0.8116609875 0.7195665828125
1 1 0.67534939375 0.986691946875 0.656360984375 0.903357809375 0.6873279640625001 1 0.8299478203125 1 0.67534939375
1 0.72128545625 0.752890490625 0.6352078750000001 0.7776213750000001 0.731791521875 0.9403063796875 0.8268710125000001 0.9117886515625001 0.72128545625 0.752890490625
1 0.4217276671875 1 0.3485124328125 0.8700526703125 0.262188259375 0.8975563078125001 0.3134577046875 1 0.4217276671875 1
1 0.537155740625 1 0.44376255000000003 0.8406876765625 0.35230353124999997 0.8708090578125001 0.4254360484375 1 0.537155740625 1
1 0.57488025 1 0.640464378125 0.9786904249999999 0.5394705578125001 0.8119657328125 0.44554604218750005 0.8405127296874999 0.5382468890625 1 0.57488025 1
1 0.541555765625 0.809950521875 0.6409305375 0.9799400046875 0.7352501890625 0.9492936921874999 0.6312166625 0.778988321875 0.541555765625 0.809950521875
1 0.31006032499999997 1 0.2605845 0.8986221875 0.16729516875 0.9315551609374999 0.19860911406249998 1 0.31006032499999997 1
1 0.5248569453124999 0 0.4878568953125 0.013262704687499998 0.54959453125 0.10806223906250001 0.6192927687500001 0.0840929015625 0.561514846875 0 0.5248569453124999 0
1 0.32788489374999996 0.1719216 0.3982416796875 0.1478776640625 0.343734921875 0.0674819734375 0.277468875 0.0877066765625 0.32788489374999996 0.1719216
1 0.5635543078125 0 0.6202461515625 0.0850448546875 0.6921792140624999 0.0630566765625 0.6395171890625 0 0.5635543078125 0
1 0.4160246296875 0.043479725000000004 0.4741031109375 0.127960359375 0.5471321031249999 0.106216315625 0.485402034375 0.01712543125 0.4160246296875 0.043479725000000004
1 0.4137378546875 0.045172121875 0.34422923125 0.0661715515625 0.39988425312500003 0.1489630703125 0.4729671875 0.12782987343750002 0.4137378546875 0.045172121875
1 0.7302273375 0 0.7653962062499999 0.04059004375 0.8334615218750001 0.01847428125 0.8172536312500001 0 0.7302273375 0
1 0.6427519234375 0 0.6933938609375 0.06729254375 0.763519734375 0.0411997453125 0.7268144796875 0 0.6427519234375 0