1 1 0.22744502500000002 0.958246621875 0.21934144843749998 0.974475084375 0.34688746875 1 0.3520433140625 1 0.22744502500000002
1 0.8753999265625 0.207678996875 0.8962399171875 0.337723078125 0.970823015625 0.34938763125 0.9493407812499999 0.2192505578125 0.8753999265625 0.207678996875
0 0.6860527328125 0.18051977187499998 0.6072958390625 0.16445559062499998 0.6021476546875 0.1635478265625 0.6172545921875 0.2936191359375 0.7015873546875 0.30572175625 0.6860527328125 0.18051977187499998
1 0.6916334203125001 0.1797706765625 0.706708390625 0.304434028125 0.7924086406249999 0.32549113749999997 0.7746816046875 0.19452974375 0.6916334203125001 0.1797706765625
1 0.77921620625 0.1940046765625 0.7963478734375 0.329338696875 0.8844961937500001 0.3443861359375 0.8653772953125 0.208719940625 0.77921620625 0.1940046765625
1 0.5196060640625 0.15070726875 0.530949090625 0.2820889671875 0.6175381609375 0.2945894359375 0.6023373984375 0.1652950359375 0.5196060640625 0.15070726875
1 0.42742351406249995 0.137038278125 0.4379359296875 0.269681784375 0.5277911468750001 0.2834500453125 0.5175551796875 0.1501879109375 0.42742351406249995 0.137038278125
0 0.16070381250000002 0.0876284640625 0.0722306328125 0.0711563171875 0.07074793593749999 0.22776879375 0.161633365625 0.243175746875 0.16070381250000002 0.0876284640625
0 0.1610286203125 0.088557671875 0.16307168125 0.246942775 0.25597266093750004 0.2641161953125 0.255987515625 0.107045359375 0.1610286203125 0.088557671875
0 0.3400197546875 0.12099057499999999 0.348064134375 0.28271021875 0.43542640625000006 0.2974226625 0.42529804843749996 0.13341162812500001 0.3400197546875 0.12099057499999999
0 0.256610540625 0.1062832796875 0.256920253125 0.2652553328125 0.347151521875 0.2790898984375 0.33735195625 0.12226404375 0.256610540625 0.1062832796875
1 1 0.5236559796875 0.974866453125 0.36129594531250003 0.8891165875 0.347969284375 0.9097872828125 0.52074410625 1 0.5373435296875 1 0.5236559796875
1 1 0.365557721875 0.9790235953125 0.3609863796875 1 0.5154352156249999 1 0.365557721875
1 0.6155920734375 0.305895496875 0.531709275 0.29232216875 0.5423745906249999 0.4596533015625 0.6354959906250001 0.4725269890625 0.6155920734375 0.305895496875
1 0.8836160390625001 0.35584441875 0.79320900625 0.34013318593749997 0.81962843125 0.5091020234375 0.906803109375 0.5173810140625 0.8836160390625001 0.35584441875
1 0.7028986203125 0.3241268984375 0.6191842046875 0.3083135453125 0.6352555390625 0.4710661375 0.7265576671875 0.494257421875 0.7028986203125 0.3241268984375
0 0.7064825109374999 0.32710971718750004 0.72874925625 0.49535308437500003 0.8175307265624999 0.510298428125 0.7898956015625 0.3401760390625 0.7064825109374999 0.32710971718750004
1 0.4509596421875 0.4506266359375 0.5408543 0.46151290781250004 0.527967040625 0.2911540640625 0.4416413546875 0.27806019375 0.44162270000000003 0.3019609 0.4509596421875 0.4506266359375
1 0.071448171875 0.22433665937499997 0.0419655375 0.2182572828125 0.014398007812499999 0.3746005078125 0.0648351421875 0.382872446875 0.071448171875 0.22433665937499997
0 0.1647712359375 0.25164533906250003 0.07342843906249999 0.2318712 0.0686876328125 0.3835517453125 0.163477709375 0.39790311875 0.1647712359375 0.25164533906250003
1 0.348069578125 0.284965409375 0.2578276328125 0.267851309375 0.261286990625 0.41647300468750004 0.35597193125 0.4317500640625 0.348069578125 0.284965409375
0 0.256790965625 0.2666895640625 0.166582915625 0.2501863421875 0.1662840765625 0.40076063125 0.2596239890625 0.41958165156250005 0.256790965625 0.2666895640625
1 0.4361017171875 0.3019063015625 0.349539859375 0.2868585859375 0.35647869375 0.43113019374999995 0.4475946640625 0.4486148484375 0.4361017171875 0.3019063015625
1 0.9646984703125 0.74394925625 0.95301410625 0.6626446703125 0.8747363171875 0.6450960734375 0.8912651781250001 0.854469371875 0.9437509703125 0.86274843125 0.9646984703125 0.74394925625
1 0.1637369234375 0.522454734375 0.0661763015625 0.501619459375 0.059762365625 0.7107975765625001 0.16359209531250002 0.7302380312500001 0.1637369234375 0.522454734375
1 0.789387859375 0.6295940046874999 0.8019629437500001 0.8426866343749999 0.8890249234375001 0.8546405890625 0.870008971875 0.645743678125 0.789387859375 0.6295940046874999
1 0.2710431015625 0.5418185171875 0.2730650015625 0.75067353125 0.37483723125 0.7691849562499999 0.367737653125 0.553895678125 0.2710431015625 0.5418185171875
0 0 0.7009217796875 0.0590630875 0.7082444812500001 0.06316926875 0.502592503125 0 0.493064684375 0 0.7009217796875
1 0.671169765625 0.6119188062500001 0.6865087625 0.8230085828125 0.7811056437499999 0.8408210390624999 0.76296118125 0.6269816671874999 0.671169765625 0.6119188062500001
1 0.370057875 0.560533396875 0.375532321875 0.7670425734374999 0.47532662031250006 0.7823740546875 0.46509388124999995 0.581254465625 0.370057875 0.560533396875
0 0.16812426875 0.5223126437500001 0.166338065625 0.7329871671875 0.2719971 0.7510514671874999 0.26736636874999997 0.5469560078125 0.16812426875 0.5223126437500001
0 0.563797640625 0.5975145562499999 0.5834310296874999 0.8076643828125001 0.6851687296875 0.8227722984374999 0.6683866734375 0.6120043390625 0.563797640625 0.5975145562499999
0 0.47630103593750006 0.7587639328125 0.47775652500000004 0.7811038031249999 0.58009924375 0.8053781875 0.5609156015625001 0.597017946875 0.46787713281250004 0.581506853125 0.47630103593750006 0.7587639328125
1 0.919549815625 1 0.9438617671875 0.862120071875 0.8890233609375 0.8560681765625 0.904398675 1 0.919549815625 1
1 0.33060105 0 0.3312378125 0.014378071875 0.41372451562499996 0.03123316875 0.41157038593750006 0 0.33060105 0
1 0.411953175 0 0.41403996249999997 0.030826696874999997 0.4986798765625 0.045750996875 0.49592218906249996 0 0.411953175 0
1 0.8022240078125 1 0.7826494359375 0.8432651765625 0.687554015625 0.8259192125 0.7035029500000001 1 0.8022240078125 1
1 0.7012454515625001 1 0.684008203125 0.8258720671875001 0.5846009484375 0.8138132703125001 0.6009231359375 1 0.7012454515625001 1
1 0.9031481343750001 1 0.8854407109375 0.8546683625 0.78908703125 0.8418064046874999 0.8058480671874999 1 0.9031481343750001 1
1 0.5978844015625 1 0.5796465468750001 0.8116713453125 0.4838517171875 0.79134488125 0.49341459531250004 0.9989571749999999 0.4986284484375 1 0.5978844015625 1
1 0.0621592390625 0.715645240625 0.056726874999999996 0.9295522937499999 0.16466598125 0.9485848703125 0.15961785781249999 0.7334079 0.0621592390625 0.715645240625
1 0.1628878953125 0.7360941828125 0.16831602343750002 0.9492284718749999 0.2753302265625 0.9680979625000001 0.26664849375 0.7539607109375 0.1628878953125 0.7360941828125
1 0.26845979531249997 0.7547093578124999 0.2763267203125 0.968273671875 0.38544113750000003 0.9875134875 0.37379039999999997 0.775373353125 0.26845979531249997 0.7547093578124999
1 0.49157652812499997 1 0.479296690625 0.790616115625 0.37683919062500004 0.7744915078125 0.38521574062499997 0.9874737437500001 0.45625566875 1 0.49157652812499997 1
1 0 0.919549815625 0.05253542343749999 0.928813228125 0.06006328125 0.7158537421875 0 0.7068247953125 0 0.919549815625
1 0.825113353125 0.110122321875 0.8181713125 0.04838888125 0.7400125890625 0.0346073890625 0.7455186609375 0.0974914859375 0.825113353125 0.110122321875
1 0.4964459375 0 0.4986980046875 0.0452921015625 0.57896665625 0.0581896703125 0.5733410734375 0.0052187046875 0.54374433125 0 0.4964459375 0
1 0.9062768999999999 0.12724135625 0.8925797203125001 0.061509090625 0.8193557218749999 0.048597723437500004 0.8255440046875 0.11153708437500001 0.9062768999999999 0.12724135625
1 0.744091246875 0.0944320828125 0.7370655015625001 0.0340877375 0.6558703234375 0.0197708375 0.66242615 0.0779265390625 0.744091246875 0.0944320828125
1 0.6613969109375 0.07721495625 0.65374010625 0.0193952234375 0.5744039203125 0.0054061125 0.5799938578125 0.06008884531250001 0.6613969109375 0.07721495625
1 1 0.080450184375 0.9731680015625 0.0757189796875 0.9884950109374999 0.143142484375 1 0.145171125 1 0.080450184375
1 0.9863704156249999 0.142767859375 0.9700208265624999 0.075164046875 0.8943112046874999 0.061814398437499994 0.9052710765624999 0.1319774984375 0.9863704156249999 0.142767859375