1 1 0.3283067109375 0.9969850984375 0.30619408593749997 0.929622078125 0.29189878125 0.942518215625 0.4088933109375 1 0.4215486015625 1 0.3283067109375
1 0.8538130609374999 0.27986775937499997 0.870900146875 0.39922405781250003 0.93912936875 0.4111215796875 0.9214546374999999 0.29166965 0.8538130609374999 0.27986775937499997
0 0.680558434375 0.2519089546875 0.6085694296875 0.23591654687500002 0.603861428125 0.23500140468750003 0.6156894625 0.35428866875 0.6928547078125 0.36674688125 0.680558434375 0.2519089546875
1 0.6856889890625 0.25131484843749996 0.69757205 0.36565229062500004 0.7758519546875 0.3863279546875 0.7616345250000001 0.2661831578125 0.6856889890625 0.25131484843749996
1 0.7658020671875 0.26577693281250003 0.7794051953125 0.38991374843750004 0.8600243187500001 0.405129553125 0.844603590625 0.28065616875 0.7658020671875 0.26577693281250003
1 0.528350640625 0.22189719375 0.536705796875 0.342322028125 0.61593443125 0.355181321875 0.6040082203125 0.23660353750000002 0.528350640625 0.22189719375
1 0.444009628125 0.2078768171875 0.45158322812499996 0.32944283125 0.5337879515624999 0.34351591875 0.5264775734375 0.22138827343749998 0.444009628125 0.2078768171875
0 0.20013231406249998 0.1582865671875 0.119237434375 0.1417615640625 0.11543469375 0.28506711406249996 0.1985588203125 0.30065679843750004 0.20013231406249998 0.1582865671875
0 0.20041574999999998 0.1591422890625 0.19981935625 0.3041279078125 0.28476468593750004 0.3213672703125 0.2872282 0.177618178125 0.20041574999999998 0.1591422890625
0 0.36408905156250004 0.19175778593749998 0.368945340625 0.339893484375 0.44884869062500005 0.3547898234375 0.4421166171875 0.20452291875 0.36408905156250004 0.19175778593749998
0 0.2878115546875 0.1769309421875 0.2856160953125 0.32242532343749997 0.3681647171875 0.33656525625 0.36162215625 0.1928795296875 0.2878115546875 0.1769309421875
1 0.9426524640625 0.42208618906249995 0.8642064765624999 0.4084845265625 0.8804717906249999 0.5669447078125 0.96495450625 0.5840177109375 0.9426524640625 0.42208618906249995
1 1 0.43451362343750005 0.9464704218750001 0.42187100468749994 0.9665418265625 0.590838503125 0.9903057859375 0.598016934375 1 0.548144525 1 0.43451362343750005
1 0.6139730421875 0.36549660156249997 0.5372434640625 0.3516997890625 0.5444162765625 0.5050140062499999 0.6296308515625 0.5183219171875 0.6139730421875 0.36549660156249997
1 0.8590382812499999 0.4156016125 0.7763577125000001 0.399741296875 0.7979553953125 0.554812496875 0.8777870203125 0.5638179421875 0.8590382812499999 0.4156016125
1 0.693770390625 0.383612534375 0.6172302000000001 0.3677684390625 0.629433084375 0.5169810234375001 0.7128180093750001 0.5397016609375 0.693770390625 0.383612534375
1 0.69701118125 0.3864011046875 0.7148111484374999 0.5407403125 0.796012621875 0.5558730546875 0.7733178328125 0.39972621406250003 0.69701118125 0.3864011046875
1 0.4607069375 0.4952548078125 0.5429927890624999 0.5066909828124999 0.5338291296875 0.35056942812499997 0.45485133906249997 0.337171375 0.454461440625 0.35904470625 0.4607069375 0.4952548078125
1 0.031139264062499998 0.291657846875 0.0198986859375 0.4109580859375 0.10759199374999999 0.4269192109375 0.1161305171875 0.2819375421875 0.0365018953125 0.26406950625 0.031139264062499998 0.291657846875
0 0.2013049203125 0.3084594890625 0.11782939375000001 0.288865515625 0.1111150859375 0.4276040296875 0.197837203125 0.4422916453125 0.2013049203125 0.3084594890625
1 0.368915159375 0.341957496875 0.2864078953125 0.324816 0.2872628796875 0.46088947343750003 0.373874121875 0.47642254531250006 0.368915159375 0.341957496875
0 0.28547513750000003 0.3237357953125 0.20298943593750002 0.3071539234375 0.20036676718750002 0.4449527984375 0.2856890078125 0.4637072171875 0.28547513750000003 0.3237357953125
1 0.44939818281250005 0.35890426249999996 0.37023424375 0.343714203125 0.3743486171875 0.47586355156250004 0.457651796875 0.4933585 0.44939818281250005 0.35890426249999996
1 0.93884110625 0.862779753125 0.9179082140625001 0.697518790625 0.8463818203125 0.680175715625 0.858277209375 0.8720625046875 0.9344353859375 0.885445221875 0.93884110625 0.862779753125
1 0.1961322921875 0.5562840312499999 0.10697003125 0.53561701875 0.0978242421875 0.7269491984374999 0.19275857968750001 0.746442421875 0.1961322921875 0.5562840312499999
1 0.7683379515625 0.6645897234375 0.7765487390625 0.85981560625 0.856219671875 0.8721824890625 0.842035575 0.6806909234375 0.7683379515625 0.6645897234375
1 0.294256590625 0.5757640578125 0.29285358906250003 0.76693878125 0.3859151828125 0.7855480515625 0.3827610546875 0.588401553125 0.294256590625 0.5757640578125
0 0.012491354687500001 0.5209792609375 0.000128709375 0.7108266390625 0.0972226515625 0.7246011765625 0.10419666093749999 0.5364582609374999 0.012491354687500001 0.5209792609375
1 0.6601783890624999 0.646476246875 0.6709556046875 0.8399144375 0.75744653125 0.8577664296874999 0.744138896875 0.661765865625 0.6601783890624999 0.646476246875
1 0.3847857390625 0.5945143359375 0.38658616874999996 0.7835987578125 0.4778831078125 0.7992653671875 0.47163408437500004 0.6150354515625 0.3847857390625 0.5945143359375
0 0.2001587890625 0.556225890625 0.1952344359375 0.7490034 0.2918681640625 0.7672671625 0.2908039859375 0.580405571875 0.2001587890625 0.556225890625
1 0.5619162453125 0.6315340421875 0.5766471421875 0.8241823796875 0.66973015 0.8396762328125 0.6576242718749999 0.6465089171875 0.5619162453125 0.6315340421875
0 0.47914514218750004 0.7776736390625001 0.48013174531249997 0.7981426703125 0.5736267296875 0.8220354796875 0.5592804484375 0.63103231875 0.4741830796875 0.6153120453125001 0.47914514218750004 0.7776736390625001
1 0.1235853828125 0 0.121595565625 0.044750475 0.20008960625 0.0591951140625 0.20088405781250002 0 0.1235853828125 0
1 0.20129873125 0 0.20052135624999998 0.060498623437499996 0.2790153984375 0.0749432625 0.278610696875 0 0.20129873125 0
1 0.91216819375 1 0.934800384375 0.8835674687499999 0.856195971875 0.8734889750000001 0.8675629046875001 1 0.91216819375 1
0 0.279463871875 0 0.279392484375 0.07627677968749999 0.357467028125 0.09399874687500001 0.35388159375 0 0.279463871875 0
1 0.3551272265625 0 0.357696709375 0.09404339218749999 0.43309453593749997 0.110820759375 0.42760957343749995 0.0053761796875 0.40454011406249996 0 0.3551272265625 0
1 0.5064924234375 0.0262253859375 0.428040296875 0.005020571875 0.4333902171875 0.11045392968750001 0.5107931875 0.12549954375 0.5064924234375 0.0262253859375
1 0.7739255093749999 1 0.7588244484375 0.8600285734374999 0.6718689640625 0.8425953406250001 0.683620625 1 0.7739255093749999 1
1 0.681536965625 1 0.6686173125 0.8424940828124999 0.5776243421875 0.8298289390625 0.5896570015625 1 0.681536965625 1
1 0.866336040625 1 0.8529316281250001 0.8721491703125 0.7647520703125 0.8587990218750001 0.7773160671875 1 0.866336040625 1
1 0.58686919375 1 0.5731133390625 0.8277874828125 0.4855628109375 0.80761506875 0.4910961359375 0.9977760515625 0.501289796875 1 0.58686919375 1
1 0.10289704687500001 0.932169353125 0.1903477640625 0.9478029703124999 0.18906377968750002 0.74927831875 0.09994715625 0.731425003125 0.0915066078125 0.929955275 0.10289704687500001 0.932169353125
1 0.28691679375 0.7698420140625 0.192021315625 0.7517903625 0.1936887671875 0.9484523953125 0.2915576703125 0.9667046859375 0.28691679375 0.7698420140625
1 0.29248156875000003 0.9676557703125 0.392294096875 0.9870573609375001 0.3848584578125 0.791194440625 0.28856652656250004 0.77055685 0.29248156875000003 0.9676557703125
1 0.4894480984375 1 0.481396090625 0.8068734624999999 0.38766870625 0.7904373515625001 0.39209474375000003 0.988383690625 0.451855478125 1 0.4894480984375 1
1 0 0.9121681921875 0.0876453171875 0.9292047171875 0.0980213921875 0.731581471875 0.00015159374999999998 0.7151116546875 0 0.71706765625 0 0.9121681921875
1 0.728387275 0.0634288078125 0.7363984296874999 0.17689699375 0.809209453125 0.1897609734375 0.798237628125 0.074836559375 0.728387275 0.0634288078125
1 0.5108169734375 0.125079865625 0.584242025 0.1381990015625 0.575562403125 0.0409241375 0.5075851499999999 0.026437790625000002 0.5108169734375 0.125079865625
1 0.8002102593749999 0.0758645265625 0.8095824 0.19106280625 0.8833895 0.2067582109375 0.861132403125 0.0902846859375 0.8002102593749999 0.0758645265625
1 0.650662815625 0.055021468750000004 0.6604871921875 0.1576296734375 0.7351368546875 0.174073671875 0.7243533828125 0.0656311125 0.650662815625 0.055021468750000004
1 0.6478328875 0.055396396875 0.576633946875 0.040012124999999996 0.5851546 0.13995393750000001 0.6595542234375 0.15696157500000002 0.6478328875 0.055396396875
1 1 0.12156145 0.9339205937499999 0.10531313281250002 0.9585558421875 0.22265811562499999 1 0.23071404375000001 1 0.12156145
1 0.8823930390625 0.2110761875 0.956612903125 0.222280446875 0.9360484484375 0.130627853125 0.92982020625 0.104925290625 0.86608038125 0.093824571875 0.8823930390625 0.2110761875