1 0.9487398671875 0.206287921875 0.8884859125 0.1049604078125 0.818214946875 0.11864178750000001 0.8781166203125 0.22553530937500002 0.94997755625 0.2121107859375 0.9487398671875 0.206287921875
1 0.7407825109374999 0.1379267109375 0.8056546156250001 0.24538030156250001 0.8757796890625 0.2290486046875 0.8103063875000001 0.12174223125000001 0.7407825109374999 0.1379267109375
1 0.5636294890625 0.1815568765625 0.48824200781249993 0.1954920953125 0.4833649015625 0.19652875625 0.5431765671875 0.30605398125 0.6220804375 0.28662720468749997 0.5636294890625 0.1815568765625
1 0.5682973859375 0.178901878125 0.626149475 0.28366047656250004 0.7094605734375 0.27165677499999996 0.6470138890625 0.16228091875 0.5682973859375 0.178901878125
1 0.6508366609375 0.1601974609375 0.71431838125 0.2736492640625 0.7976482984375 0.2554615578125 0.7322904953125 0.1424260171875 0.6508366609375 0.1601974609375
1 0.4057815609375 0.214663828125 0.46273248906250003 0.3266911 0.5437738640625 0.3068099828125 0.4841566734375 0.19800468437500002 0.4057815609375 0.214663828125
1 0.3193761515625 0.2355102609375 0.37604312812499996 0.34894902031249997 0.46042575625 0.3290215109375 0.40378233750000003 0.21493744375 0.3193761515625 0.2355102609375
0 0 0.3506361359375 0.036343324999999996 0.44306029375 0.12222226249999998 0.4242126609375 0.06585065625 0.2871153875 0 0.30045754687500004 0 0.3506361359375
1 0.06646975000000001 0.28782035625 0.12483956562500001 0.427027209375 0.21313184999999998 0.40902042656250004 0.15705135625 0.2702397640625 0.06646975000000001 0.28782035625
0 0.2363474875 0.252548290625 0.3012155578125 0.39255789218750003 0.3837306796875 0.3743549484375 0.3162012828125 0.23306515625 0.2363474875 0.252548290625
0 0.15733018906250001 0.2693439359375 0.2143766890625 0.4096884421875 0.2991155671875 0.38968520624999997 0.23444293749999998 0.2546262390625 0.15733018906250001 0.2693439359375
1 0.8836083374999999 0.2381257234375 0.80301408125 0.2569771578125 0.8829966031250001 0.4022447109375 0.9707785843750001 0.38426653125 0.8836083374999999 0.2381257234375
1 0.9750703203125 0.3901588125 0.9875357796875001 0.3888083375 0.9527489656249999 0.22514924218750001 0.8871742546875 0.23636747812499997 0.9750703203125 0.3901588125
1 0.5460904484375 0.3174941765625 0.46705929062499996 0.3354608453125 0.53624924375 0.4794922375 0.6232009281249999 0.457607828125 0.5460904484375 0.3174941765625
1 0.8009619296875 0.26589953906249997 0.7153974109375 0.284307475 0.79910475625 0.42415918750000003 0.879156440625 0.40033915468750003 0.8009619296875 0.26589953906249997
1 0.6298129890624999 0.30242020625 0.550130778125 0.31834763125 0.622466575 0.45640301250000004 0.7114939953125 0.44428417187499997 0.6298129890624999 0.30242020625
1 0.6340477234375 0.30377559375 0.713823465625 0.4444694796875 0.7976768640625 0.42596543750000004 0.7124824234375 0.28552872812499996 0.6340477234375 0.30377559375
1 0.4521805625 0.5041661093750001 0.5355688453125 0.48167821718750004 0.46333259687500006 0.3357653515625 0.3823122359375 0.35502811562500003 0.3908312328125 0.37615155 0.4521805625 0.5041661093750001
1 0 0.5525521203125 0.0099658890625 0.599437940625 0.086505303125 0.5822093765624999 0.0357369015625 0.43977784062499997 0 0.44630474062500003 0 0.5525521203125
0 0.128022003125 0.430575021875 0.0401789578125 0.44572750625 0.0901549421875 0.581433621875 0.179110078125 0.560258803125 0.128022003125 0.430575021875
0 0.3020257546875 0.3945484546875 0.21610623437499998 0.4116579671875 0.27224185 0.5417328109375 0.36143458906250003 0.52141340625 0.3020257546875 0.3945484546875
0 0.21477454843750002 0.41100179062500003 0.1291031640625 0.4286389203125 0.18261244062499998 0.561781175 0.271881303125 0.5450733140625 0.21477454843750002 0.41100179062500003
1 0.3859291171875 0.3780751484375 0.3040021296875 0.395696 0.3616613890625 0.520684746875 0.44848620468749995 0.5035904671875 0.3859291171875 0.3780751484375
1 1 0.560469721875 0.9719012796875001 0.5121782265625 0.8964073875 0.524630821875 0.9857971421875 0.703713159375 1 0.7004249921875 1 0.560469721875
1 0.223819584375 0.6702101734375 0.1300986984375 0.6866458343749999 0.199128721875 0.873749815625 0.29789572343750004 0.8538427687500001 0.223819584375 0.6702101734375
1 0.8153912390625001 0.5414168734375 0.9026126328125 0.725197421875 0.9838770625000001 0.7046645484375 0.8924579203125 0.526891378125 0.8153912390625001 0.5414168734375
1 0.3256336890625 0.6489937593749999 0.4020087640625 0.8327993890625001 0.49862438906250006 0.812806365625 0.41546091875 0.6251294390625 0.3256336890625 0.6489937593749999
0 0.0337415921875 0.7110214765625 0.099089803125 0.8980099687499999 0.197598528125 0.871743853125 0.12778685 0.6885795124999999 0.0337415921875 0.7110214765625
1 0.7045299484374999 0.5680224093749999 0.7934804093750001 0.74904625625 0.8835007218750001 0.730998375 0.7910872343750001 0.5485471828125 0.7045299484374999 0.5680224093749999
1 0.419883346875 0.630165328125 0.4984740125 0.810665271875 0.5922047734375 0.788569128125 0.5113307421875 0.6145304328125001 0.419883346875 0.630165328125
0 0.2276488953125 0.6685176796875 0.301305971875 0.8552909578125 0.4011993078125 0.8335147062500001 0.324216796875 0.6548459953125 0.2276488953125 0.6685176796875
1 0.6044286875 0.5936442234375 0.6968413203125 0.7723038515625 0.7922109374999999 0.749316090625 0.7020991984375 0.56909196875 0.6044286875 0.5936442234375
0 0.5846348015625 0.767361078125 0.5939000859375 0.7865789859375 0.6930783203125 0.77147390625 0.601702534375 0.5942347875 0.5138823125 0.6137593765625 0.5846348015625 0.767361078125
1 0 0.12852588125 0.026469532812500002 0.1932303953125 0.1074524625 0.17516739374999998 0.06686650937500001 0.08089506875 0 0.095107984375 0 0.12852588125
0 0.1902692375 0.1615409921875 0.14461566718750002 0.064368975 0.0679053 0.08067426562499999 0.10835540625 0.1762922453125 0.1902692375 0.1615409921875
1 0.14601492968750002 0.0640715515625 0.1905071703125 0.16149041875 0.269475653125 0.14692187968749998 0.22136108124999998 0.0480860046875 0.2205860828125 0.048220964062499996 0.14601492968750002 0.0640715515625
1 0.2218175015625 0.0479592171875 0.269609465625 0.1464500890625 0.3497926609375 0.129406625 0.3053196859375 0.0360035421875 0.22740231249999998 0.046772129687500004 0.2218175015625 0.0479592171875
1 0.8857388687500001 0.7326064531250001 0.795444259375 0.75124454375 0.885879409375 0.9268523156249999 0.9829516328125001 0.9070250984375001 0.8857388687500001 0.7326064531250001
1 0.7954161453124999 0.9483776578124999 0.8843128437500001 0.9279914203124999 0.7922915953125 0.7524692843749999 0.7000718765625 0.7773186828124999 0.788109115625 0.9499308140625 0.7954161453124999 0.9483776578124999
1 1 0.7408120953124999 0.9807171953125 0.7059692 0.890911153125 0.7290183906250001 0.9862284625 0.907819246875 1 0.904892015625 1 0.7408120953124999
1 0.6029478421875 0.7934502765625 0.684823284375 0.9718848953125001 0.7853250421875 0.9505225875000001 0.6949254015624999 0.777195725 0.6029478421875 0.7934502765625
1 0.356799015625 1 0.29551304375 0.858062825 0.20297966875 0.8771767796875001 0.2490303953125 1 0.356799015625 1
1 0.4707662109375 1 0.397508096875 0.8379953546875001 0.2993643171875 0.8592683078125001 0.3604653859375 1 0.4707662109375 1
1 0.5525521171875 1 0.5821207171875 0.9937150000000001 0.49990861718749996 0.8186478218750001 0.3993773234375 0.8380098874999999 0.4719073671875 1 0.5525521171875 1
1 0.5022899625 0.8167798093749999 0.5820483875 0.9937303734375 0.6829833125 0.97227599375 0.598659234375 0.7944332375000001 0.5022899625 0.8167798093749999
1 0.24552300468750002 1 0.201200515625 0.878109571875 0.1008536734375 0.9021077265624999 0.1337191390625 1 0.24552300468750002 1
1 0.5422271515625 0 0.58656831875 0.08696122656250001 0.6614706 0.0696933546875 0.62374039375 0 0.5422271515625 0
1 0.3496448125 0.1289947078125 0.42523838124999996 0.1117217921875 0.3773880515625 0.022014973437499998 0.3064516609375 0.035762932812499995 0.3496448125 0.1289947078125
1 0.6253037296875 0 0.6623567015625 0.0707895171875 0.739363175 0.0558305765625 0.702004159375 0 0.6253037296875 0
1 0.4738862078125 0 0.4549824359375 0.004998596875 0.5060963234375 0.099351921875 0.5842133656249999 0.08476798437500001 0.5378907453124999 0 0.4738862078125 0
1 0.4524269 0.0065083171874999995 0.3780426546875 0.0207052546875 0.42682505156249995 0.113032884375 0.50493196875 0.099090821875 0.4524269 0.0065083171874999995
1 0.789568021875 0 0.8177534375000001 0.0405151125 0.890761090625 0.024996856249999998 0.8731416953125001 0 0.789568021875 0
1 0.7040405 0 0.7401650359375 0.06037429062500001 0.8157407125 0.040942929687500004 0.786412846875 0 0.7040405 0