1 1 0.350924871875 0.9396753 0.3325042421875 0.9423644843750001 0.45085296875 1 0.46893170624999997 1 0.350924871875
1 0.8647279875 0.313791203125 0.871411990625 0.43487431093750006 0.9387720671875 0.45278776875000004 0.93150730625 0.331557228125 0.8647279875 0.313791203125
1 0.6934832390625 0.2705603765625 0.622712284375 0.24821401562499998 0.6180725 0.246883578125 0.6194902234375 0.367435553125 0.69575979375 0.3866957265625 0.6934832390625 0.2705603765625
1 0.6986787343749999 0.27041582656249996 0.7005848375 0.3860134484375 0.7772526796875 0.413604534375 0.773514584375 0.2919835140625 0.6986787343749999 0.27041582656249996
1 0.7777281953124999 0.2919426078125 0.7805010515624999 0.417509240625 0.8599918687500001 0.4398356203125 0.85542628125 0.31377211875 0.7777281953124999 0.2919426078125
1 0.5435180984375 0.2271215171875 0.5413546218749999 0.348508146875 0.6196576828125 0.36835141562499996 0.6180794406250001 0.24850163749999998 0.5435180984375 0.2271215171875
1 0.4601913796875 0.20566588593750001 0.457144496875 0.32812720156249997 0.5383249234374999 0.3494479875 0.541684846875 0.2264470984375 0.4601913796875 0.20566588593750001
0 0.22003897343749998 0.1345590109375 0.14038628749999998 0.11089673281250001 0.124031696875 0.25413939218750004 0.2060011109375 0.27706040625 0.22003897343749998 0.1345590109375
1 0.22024823124999998 0.1354412515625 0.20696103125 0.2806488109375 0.2906118640625 0.305382603125 0.305662671875 0.1615779203125 0.22024823124999998 0.1354412515625
0 0.38147992343750003 0.1824959328125 0.3733834671875 0.3313385109375 0.4521846640625 0.3532819453125 0.458587128125 0.20213935625 0.38147992343750003 0.1824959328125
0 0.3063076453125 0.160940628125 0.2913728203125 0.30651744999999997 0.3728921625 0.32793541249999997 0.378908628125 0.18340309999999999 0.3063076453125 0.160940628125
1 0.9413444156249999 0.46408260312499994 0.8638909453125001 0.44356431250000006 0.8663286890625 0.6037531078125 0.9495302999999999 0.6282795890624999 0.9413444156249999 0.46408260312499994
1 1 0.48231499375000003 0.9451908375 0.46420238906250005 0.9505246609375 0.6352527203125 0.9781927250000001 0.646321421875 1 0.570270415625 1 0.48231499375000003
1 0.616788540625 0.37851391875 0.54107289375 0.35795088124999996 0.5348455750000001 0.5121852671875 0.619110415625 0.5330038203125 0.616788540625 0.37851391875
1 0.858086815625 0.4502408765625 0.7765857625 0.427087684375 0.7846659359375 0.58434949375 0.8639108046875 0.6003845890624999 0.858086815625 0.4502408765625
1 0.6952016875 0.40367372812499996 0.6198550843749999 0.38107617031249996 0.6190295046875 0.5316430171875 0.7006362687500001 0.561731384375 0.6952016875 0.40367372812499996
0 0.698206596875 0.4067522546875 0.702543534375 0.562947084375 0.7826254375 0.5852413999999999 0.7735395328125 0.4268055421875 0.698206596875 0.4067522546875
1 0.45177917812499996 0.49505436718749996 0.533271725 0.5137403734375 0.5377488734375 0.35651845937500004 0.45974444062500003 0.3361574484375 0.45743918125 0.3580379171875 0.45177917812499996 0.49505436718749996
1 0.0183811265625 0.365626978125 0.017236542187500002 0.37187644531249997 0.1037541578125 0.39557096875000003 0.12500317656249998 0.2510650234375 0.057397846875000005 0.229559503125 0.0183811265625 0.365626978125
0 0.2080712390625 0.2851190859375 0.126099996875 0.2581553390625 0.107226203125 0.3965665609375 0.19288163593750002 0.41889985625000004 0.2080712390625 0.2851190859375
0 0.373172565625 0.333403778125 0.2919573828125 0.308982203125 0.28090522500000004 0.44538825 0.3663755109375 0.46855885781250006 0.373172565625 0.333403778125
0 0.2911168125 0.30781801875000003 0.2098742703125 0.28395902031250003 0.195184675 0.421788246875 0.279080771875 0.448073071875 0.2911168125 0.30781801875000003
0 0.45237544218750003 0.3574524390625 0.3743412265625 0.3352796796875 0.3669001265625 0.46804048906249995 0.44888229687500003 0.49288609843750003 0.45237544218750003 0.3574524390625
1 0.899549765625 0.9205820140625001 0.892431575 0.7378627609375 0.822242609375 0.7142038140625 0.8173738687500001 0.9074986 0.8971834171875 0.9288344546875 0.899549765625 0.9205820140625001
1 0.1811956859375 0.5329581671875 0.09361727656249999 0.5044198140625 0.06770280937499999 0.6953106296875 0.16117059218750002 0.7231800078124999 0.1811956859375 0.5329581671875
1 0.7453659453125 0.6917327625 0.736511065625 0.8880492953125 0.8153006375 0.9074380703125 0.8178403078125 0.7143382125 0.7453659453125 0.6917327625
1 0.2778626328125 0.5610945359375 0.2597242703125 0.7525077437500001 0.351391946875 0.7793269875 0.3654843375 0.5815303953125001 0.2778626328125 0.5610945359375
0 0 0.6772718609374999 0.0673052046875 0.69290531875 0.0907632828125 0.5050190265625 0.0001813484375 0.48145511562500004 0 0.48263737500000004 0 0.6772718609374999
0 0.638518815625 0.6640840078125 0.6323933 0.85883490625 0.7175400109375001 0.8843182546874999 0.7213529828125 0.6867778546875 0.638518815625 0.6640840078125
1 0.366979134375 0.5878325984375 0.3522352296875 0.7774329468750001 0.4423913453125 0.8011489515625 0.4522505609375 0.61602151875 0.366979134375 0.5878325984375
0 0.1852374296875 0.5332536125 0.16342855625 0.7259633156249999 0.25870761875000003 0.752750184375 0.2739950859375 0.5654415484374999 0.1852374296875 0.5332536125
1 0.5413165234374999 0.6404819374999999 0.5392237921875 0.8347887890625 0.6311856 0.8584886031250001 0.6359553953125 0.663892378125 0.5413165234374999 0.6404819374999999
0 0.445546296875 0.7796272265625 0.444743915625 0.8002216546875 0.5363836562500001 0.8323725062499999 0.5387179859375 0.6397477312500001 0.454781778125 0.616522546875 0.445546296875 0.7796272265625
1 0.15308197343750002 0 0.151240884375 0.0139092296875 0.22866874843749999 0.035276312500000004 0.232228265625 0 0.15308197343750002 0
1 0.232661478125 0 0.2289875046875 0.036620215625 0.3064153703125 0.057987296875000004 0.31116531406250003 0 0.232661478125 0
1 0.876777025 1 0.897775075 0.926771096875 0.815162534375 0.9087449453125 0.8153934250000001 1 0.876777025 1
0 0.311917846875 0 0.3066766984375 0.0593564609375 0.3833971703125 0.0839702234375 0.38751376249999997 0 0.311917846875 0
1 0.38865494843750004 0 0.383623525 0.0840351296875 0.4577432015625 0.10746737656250001 0.4614730265625 0.00134146875 0.4573728609375 0 0.38865494843750004 0
1 0.5387301453125 0.029159390624999997 0.46193595781249996 0.0010230234374999998 0.458071734375 0.1071258265625 0.5343531765625 0.128999178125 0.5387301453125 0.029159390624999997
1 0.7210352828125 1 0.71872341875 0.8867057203125001 0.633074328125 0.8616011125 0.6313349828125 1 0.7210352828125 1
1 0.6290960921875 1 0.6298233328125 0.86121403125 0.5397092609375 0.8405318718749999 0.53707806875 1 0.6290960921875 1
1 0.8136228859375001 1 0.812007215625 0.907115859375 0.72477360625 0.8859945375 0.7249636234375 1 0.8136228859375001 1
1 0.5341711984375 1 0.5353655484375001 0.8380902953125 0.4493596484375 0.8101890546874999 0.43833330937500004 1 0.5341711984375 1
1 0.069439353125 0.699981384375 0.044716268749999996 0.8895992093749999 0.14172012812499998 0.9174146171875 0.1572182703125 0.725696709375 0.069439353125 0.699981384375
1 0.1599634109375 0.7284733015625 0.1449982734375 0.9183546109374999 0.24135831562500001 0.9459854078125 0.2535184015625 0.7548949671875 0.1599634109375 0.7284733015625
1 0.255109734375 0.7557560718749999 0.24227762656250001 0.9462490171875 0.34051280625 0.9744175015625001 0.34983837812499996 0.7848912359375 0.255109734375 0.7557560718749999
1 0.436566109375 1 0.44524732343749995 0.8090800328125001 0.352721978125 0.784379571875 0.3403992171875 0.9743849296875 0.429729584375 1 0.436566109375 1
1 0 0.876777025 0.0409943640625 0.8885319703125001 0.0674950375 0.6999689859375 0 0.6824464296875 0 0.876777025
1 0.7579287375 0.08592500625 0.7560292421875 0.20031160781250001 0.82789809375 0.21959583125 0.8269568984375001 0.1034901734375 0.7579287375 0.08592500625
1 0.5344137546875001 0.1285807953125 0.6068758484375001 0.1481745953125 0.606687934375 0.0499532328125 0.5398070390624999 0.029468184375 0.5344137546875001 0.1285807953125
1 0.8288445359375001 0.1046933640625 0.82815804375 0.2209328859375 0.9007776749999999 0.2431413890625 0.8886583140625 0.1244923640625 0.8288445359375001 0.1046933640625
1 0.6807440046875 0.07067425000000001 0.6816127828125 0.17433959999999998 0.755011584375 0.1973721234375 0.75369191875 0.0877771296875 0.6807440046875 0.07067425000000001
1 0.677874121875 0.07080129843750001 0.607842 0.0491336234375 0.607637134375 0.1500130140625 0.680735934375 0.1735882828125 0.677874121875 0.07080129843750001
1 1 0.15946270625 0.9603148390625 0.14594314218749999 0.974742078125 0.265674178125 1 0.27291677187499996 1 0.15946270625
1 0.8994007859375 0.24738000468750002 0.9728272921875 0.2651251234375 0.960232490625 0.1714926765625 0.9562380515625 0.145194378125 0.8933089624999999 0.1284735890625 0.8994007859375 0.24738000468750002