1 0.992454565625 0.2751995078125 0.96089458125 0.19181061093750001 0.8876226734375001 0.19311122812499998 0.929010378125 0.31157044375 0.9937017593749999 0.31091445 0.992454565625 0.2751995078125
1 0.8061353140625 0.19878955781250002 0.8524341671875 0.3186976015625 0.9260300656249999 0.31469810468750004 0.8790989828125 0.1948316125 0.8061353140625 0.19878955781250002
0 0.6197924859375 0.21128583124999997 0.5413175 0.21193249218750002 0.5362166312500001 0.21211061718750002 0.5770458421875 0.33320798906250004 0.66004176875 0.32764828437500004 0.6197924859375 0.21128583124999997
1 0.62497009375 0.20943834843750003 0.6646710703125 0.32537990625 0.75079055 0.328090446875 0.7072784296875 0.2066750859375 0.62497009375 0.20943834843750003
1 0.7115024796875 0.20525371875 0.755333565625 0.330963890625 0.8425711578125 0.32744099531250004 0.79677480625 0.2018169796875 0.7115024796875 0.20525371875
1 0.4547815203125 0.2166024453125 0.49228210624999996 0.33971444375000004 0.5775136046875 0.334076671875 0.5367524890625 0.21373995625000003 0.4547815203125 0.2166024453125
1 0.363970959375 0.2222597890625 0.4009344203125 0.3467448234375 0.489542484375 0.3416544953125 0.45271746874999996 0.21652283906249997 0.363970959375 0.2222597890625
0 0.0992195484375 0.229216415625 0.011382521875 0.2314452421875 0.0417556359375 0.38124447031250003 0.1316801921875 0.377509353125 0.0992195484375 0.229216415625
0 0.09971835625 0.2300375046875 0.13381844062499998 0.38081340468749997 0.2260264421875 0.378355521875 0.19415847343749998 0.2284166015625 0.09971835625 0.2300375046875
0 0.27724140468749997 0.224676775 0.31774970156250004 0.37741797187500004 0.4041686078125 0.3737348 0.361204965625 0.21922917343749998 0.27724140468749997 0.224676775
0 0.19459878749999998 0.22756271875 0.2271626328125 0.37925063125 0.3161432890625 0.3741472890625 0.27495209374999996 0.2264337375 0.19459878749999998 0.22756271875
1 0.9323087671874999 0.3252450015625 0.8477110265625001 0.32992382187499997 0.9025216625000001 0.4906559203125 0.994210140625 0.48813612656250005 0.9323087671874999 0.3252450015625
1 1 0.49127246874999997 0.99417276875 0.32440239375 0.9362160796874999 0.32410594062500003 0.997489353125 0.4948419734375 1 0.49500958125 1 0.49127246874999997
1 0.577949953125 0.3452640515625 0.49508522812500005 0.3493285484375 0.5392355859375 0.5068945015625 0.6307813343750001 0.500287471875 0.577949953125 0.3452640515625
1 0.844056390625 0.3385573859375 0.75452695 0.341904971875 0.8140551921875 0.49783745625 0.898989084375 0.4880511375 0.844056390625 0.3385573859375
1 0.665029915625 0.3449512953125 0.5818713203125 0.3468433546875 0.6302551750000001 0.49894177187500005 0.722157746875 0.502552825 0.665029915625 0.3449512953125
1 0.6690580500000001 0.3470713859375 0.7244731515625 0.5031540062500001 0.8122946921875001 0.49940517343749996 0.7513712875 0.34261822343750004 0.6690580500000001 0.3470713859375
1 0.45010039687500003 0.5168275328124999 0.53816114375 0.508978128125 0.491274225 0.3489728703125 0.40617381406249997 0.35399075 0.4110073515625 0.37680955312500003 0.45010039687500003 0.5168275328124999
1 0 0.5087275171875 0.0008696953125 0.5336323265625 0.06759166718750001 0.530502359375 0.0417277203125 0.3778261515625 0 0.378080734375 0 0.5087275171875
0 0.136396071875 0.38495748750000003 0.045148271875 0.38461660625 0.07140875 0.5303690640625 0.1648480546875 0.52483399375 0.136396071875 0.38495748750000003
1 0.318212659375 0.379569615625 0.22855612500000003 0.3815445625 0.262027028125 0.5227131625 0.3555538234375 0.5180830624999999 0.318212659375 0.379569615625
0 0.227330278125 0.3806459453125 0.1378301140625 0.38319714375 0.1681082046875 0.5269922453125 0.2610698234375 0.5260180515624999 0.227330278125 0.3806459453125
1 0.40572362812499996 0.3778777390625 0.32000108125 0.3810784484375 0.355911971875 0.5173885203124999 0.446478428125 0.5155899421875 0.40572362812499996 0.3778777390625
1 1 0.6918480953125 0.9726069781250001 0.6173391953125 0.894288240625 0.61647165 0.9525720890624999 0.8129801890625 1 0.810465046875 1 0.6918480953125
1 0.19037703125 0.6436752640625001 0.09297570468750001 0.64358315 0.1293091421875 0.8445608640625 0.23241446250000003 0.8420494046875 0.19037703125 0.6436752640625001
1 0.8096322875 0.618992428125 0.86489515625 0.8198536375 0.950467359375 0.8135982171875 0.889904990625 0.618049096875 0.8096322875 0.618992428125
1 0.29678686249999997 0.64038518125 0.34111109375000004 0.8393426921874999 0.4420628890625 0.8363619046874999 0.3915833578125 0.6322927546875 0.29678686249999997 0.64038518125
0 0.00863895625 0.75611486875 0.024147884375 0.851236375 0.1281230921875 0.8422656375 0.0903014421875 0.645122175 0.004941253125 0.6502265140625 0.00863895625 0.75611486875
1 0.693144125 0.6261086046875 0.750640040625 0.824497096875 0.8445973718750001 0.822305090625 0.783864071875 0.62186118125 0.693144125 0.6261086046875
1 0.39514653125 0.6381581421875 0.44229185312499997 0.8341757937500001 0.540709225 0.8285608671875 0.4901136234375 0.6386535203125 0.39514653125 0.6381581421875
0 0.1945381859375 0.642649359375 0.2355949328125 0.8441164562499999 0.340167940625 0.8399201546875 0.2943183203125 0.6460353750000001 0.1945381859375 0.642649359375
1 0.587678 0.6341463125 0.6490843484375 0.8307661453125 0.749312325 0.8245434609375 0.6905035828125 0.6267549890625 0.587678 0.6341463125
0 0.536847440625 0.8058255093750001 0.5427719953125 0.8268552484375 0.6454383796875 0.8292598765625 0.5848247984375 0.6342570765625 0.49282290937499995 0.638329675 0.536847440625 0.8058255093750001
1 0 0.1296673515625 0.07544666562499999 0.126275534375 0.05267509218750001 0.02105584375 0 0.023098667187499998 0 0.1296673515625
1 0.1361236734375 0.0181417546875 0.0530919546875 0.0210157625 0.0762064875 0.12752628906250002 0.16105591875 0.12371175625 0.1361236734375 0.0181417546875
1 1 0.8100454203125 0.9507556390625 0.8149612718749999 1 0.9655852296875 1 0.8100454203125
0 0.217505796875 0.0159653734375 0.1370764828125 0.0174263609375 0.16176624374999998 0.12500679374999998 0.24696548906250002 0.124697834375 0.217505796875 0.0159653734375
1 0.2984746125 0.015804142187500002 0.21892678281250003 0.01563423125 0.2472143375 0.12468914375 0.32941189843749996 0.12404063125 0.2984746125 0.015804142187500002
1 0.38526084531250004 0.0185504078125 0.298836075 0.015331403125 0.32963065 0.1235886125 0.41349265625 0.12066008749999999 0.38526084531250004 0.0185504078125
1 0.752229078125 0.8270634109375001 0.8027127328124999 0.9897338109374999 0.90271936875 0.9862415015625 0.84656783125 0.8243249421875 0.752229078125 0.8270634109375001
1 0.6514497390625 0.8363983234375001 0.6994810874999999 0.9933387390625 0.80043413125 0.98981338125 0.748833190625 0.8277379109374999 0.6514497390625 0.8363983234375001
1 1 0.9685311734375001 0.9470500078124999 0.814352028125 0.852419753125 0.8216261359375 0.906043634375 0.986125415625 1 0.9828443859375 1 0.9685311734375001
1 0.5506717453125 0.8353943078125001 0.59291173125 0.9970602234375001 0.6962454359375 0.9934517312500001 0.6462834296875 0.835359028125 0.5506717453125 0.8353943078125001
1 0.265833628125 1 0.22926240937500003 0.8458817234374999 0.1325821765625 0.8487019578125 0.1607577328125 1 0.265833628125 1
1 0.375548584375 1 0.3356504421875 0.843782571875 0.2329306171875 0.8477824343749999 0.2693737328125 1 0.375548584375 1
1 0.48496656250000003 1 0.44231926406250005 0.8424816140625 0.3375322265625 0.8441296656249999 0.37672754375 1 0.48496656250000003 1
1 0.5087275359375 1 0.5905493765625 0.9971427187499999 0.5461736859374999 0.8356229390625 0.44505191718750003 0.8410211750000001 0.4854502046875 1 0.5087275359375 1
1 0.15713404375 1 0.13062281874999998 0.8493262937500001 0.025197709375 0.8556828062499999 0.0469093875 1 0.15713404375 1
1 0.685575975 0 0.6242524671874999 0.0039955703125 0.6597305062500001 0.11996244375000001 0.7383087078125 0.11586839687499999 0.6997123281250001 0 0.685575975 0
1 0.4134168234375 0.120218359375 0.4926928078125 0.11624217031249999 0.4603993125 0.017259646875 0.38644475625 0.0185090640625 0.4134168234375 0.120218359375
1 0.701800971875 0 0.7390071546875 0.1171315078125 0.819296203125 0.1157403234375 0.7683268765625 0.00006703593749999999 0.75637050625 0 0.701800971875 0
1 0.5416467203125 0.013898026562499999 0.5764043421875 0.1181471296875 0.6577463031249999 0.1173316609375 0.6205970890625 0.0072509296875 0.5416467203125 0.013898026562499999
1 0.5388021468749999 0.014966134375 0.4612920046875 0.0160551703125 0.494059296875 0.11784663749999999 0.5752769640625 0.11767672031250001 0.5388021468749999 0.014966134375
1 0.8482194562500001 0 0.9010436187499999 0.11423567812499999 0.9774008656250001 0.1115692234375 0.9249726984375 0 0.8482194562500001 0
1 0.8211976046875 0 0.774305103125 0.00255834375 0.8192969625 0.12046542499999999 0.8989385484374999 0.11430918906250001 0.8556679828125 0.0240177484375 0.8436517531250001 0 0.8211976046875 0
1 0.9287842484375 0 0.9777317859375 0.11020763125 0.9867004359375 0.11042279375 0.9828443874999999 0 0.9287842484375 0