1 0.7734681906249999 0.11972895624999999 0.8422843828125 0.224656834375 0.9167252390625 0.20529282968749998 0.8442489625 0.1007408953125 0.7734681906249999 0.11972895624999999
1 0.6957750671875 0.144952190625 0.769707028125 0.2500977484375 0.8401492484374999 0.22841259374999998 0.7656138890624999 0.12346030625 0.6957750671875 0.144952190625
0 0.5179905390624999 0.202157684375 0.4420030375 0.22176995000000002 0.43709677812500003 0.22317679687499997 0.5060092921875 0.33079957968749996 0.585194871875 0.305326490625 0.5179905390624999 0.202157684375
1 0.5225674046875 0.1991125015625 0.5891378921875 0.3020055640625 0.673354996875 0.2838014015625 0.6017623359375001 0.1765191296875 0.5225674046875 0.1991125015625
1 0.6055170546875 0.17411809218750002 0.6784582140625 0.28549043749999997 0.7622522109375 0.260967503125 0.6874250046875 0.1501541984375 0.6055170546875 0.17411809218750002
1 0.35916730937499997 0.2472361359375 0.42533745781250004 0.35761896875 0.506673315625 0.331529296875 0.43801089062500004 0.224628103125 0.35916730937499997 0.2472361359375
1 0.27242284843750003 0.2746944953125 0.338403990625 0.38653952187499996 0.423148553125 0.36016416875 0.35714531250000003 0.247658234375 0.27242284843750003 0.2746944953125
0 0 0.506390484375 0.084590378125 0.4815287078125 0.017218643750000002 0.34549364531250004 0 0.350253765625 0 0.506390484375
0 0.017901275 0.346169671875 0.08746443125 0.48421732500000003 0.176338846875 0.4595253171875 0.10914398437499999 0.321749784375 0.017901275 0.346169671875
0 0.1888542515625 0.298021465625 0.2651107203125 0.43642575156249996 0.34807157499999997 0.4119453609375 0.26900584375 0.27242305624999996 0.1888542515625 0.298021465625
0 0.109364646875 0.3208147421875 0.1776578328125 0.46011896874999997 0.262760775 0.4336408484375 0.187057990625 0.3002800734375 0.109364646875 0.3208147421875
1 0.8487929718749999 0.237127246875 0.7678400515625 0.2621331328125 0.8599071921875 0.40483090781250003 0.9482625390624999 0.3802045125 0.8487929718749999 0.237127246875
1 0.9530666343749999 0.3859178546875 0.9857539984375 0.380047871875 0.9381786468750001 0.21413290468750001 0.85230865625 0.2350767578125 0.9530666343749999 0.3859178546875
1 0.5098031749999999 0.3422788 0.43038317499999995 0.3662693578125 0.5113407343749999 0.5084739875000001 0.598568796875 0.47991629687500004 0.5098031749999999 0.3422788
1 0.766382625 0.271394378125 0.6803224453125 0.29630165937499997 0.775805925 0.43320109687499997 0.8558493921875 0.4031581046875 0.766382625 0.271394378125
1 0.594220828125 0.3209087859375 0.5139901265625 0.3428625296875 0.5977327140625001 0.4787378578125 0.687778978125 0.4600084046875 0.594220828125 0.3209087859375
1 0.5986422046875 0.3219914078125 0.6901710453125001 0.46003157968749997 0.7744769859375 0.43514815156250003 0.67743306875 0.29775714999999997 0.5986422046875 0.3219914078125
1 0.427256259375 0.5396757203125 0.5108022812499999 0.51075565625 0.426599328125 0.36684621093750003 0.3452407 0.3923026890625 0.35545102812499996 0.41327433750000003 0.427256259375 0.5396757203125
1 0 0.5702704171875 0.02456230625 0.6559293609375 0.0594179109375 0.6454815859374999 0 0.5095753671875001 0 0.5702704171875
0 0.09096803906249999 0.4876147234375 0.0023482234375 0.5093588109375 0.0630893640625 0.6444288125 0.15241406875000002 0.61645314375 0.09096803906249999 0.4876147234375
1 0.26608045625 0.4384014828125 0.1795648859375 0.46200764375 0.2461933359375 0.5908855890625 0.3358218625 0.5637668437500001 0.26608045625 0.4384014828125
0 0.1781580578125 0.4614322796875 0.09193361875 0.4855597453125 0.1560995046875 0.617758584375 0.24606408906250002 0.594323878125 0.1781580578125 0.4614322796875
1 0.350582671875 0.415589040625 0.268180771875 0.43943283906249997 0.336001346875 0.5630062875 0.42344247656249995 0.5393511265625001 0.350582671875 0.415589040625
1 1 0.5718082765625 0.958558134375 0.510795975 0.8823559171875001 0.5289012171875 0.9864482078125001 0.705472475 1 0.7013200671875001 1 0.5718082765625
1 0.2059350296875 0.7255883015625 0.11140465625 0.7490624390625 0.1952797421875 0.9352804015625 0.2947148171875 0.9079001078125 0.2059350296875 0.7255883015625
1 0.8008244390625 0.5518272468750001 0.9030384890625 0.733352721875 0.9845555109375 0.7065813234375 0.8784844875 0.5314922109375 0.8008244390625 0.5518272468750001
1 0.3083880921875 0.69665308125 0.39952788125 0.8789777015625001 0.4967598609375 0.8516630062500001 0.3984109890625 0.6658676859375 0.3083880921875 0.69665308125
0 0.1091821515625 0.7512027109375 0.056611875 0.7676994890625 0.112119540625 0.9612777234375001 0.19357365937499998 0.9333402843749999 0.1091821515625 0.7512027109375
1 0.689518034375 0.5869130796875 0.7933005953125 0.7654990640625 0.8839366984374999 0.7406418359375 0.7765156656250001 0.5608446796875 0.689518034375 0.5869130796875
0 0.5806497671875 0.7966909125 0.5914858921875 0.8156627000000001 0.6916843781249999 0.7931586546875 0.5856958296875 0.618612021875 0.4974120421875 0.64482091875 0.5806497671875 0.7966909125
1 0.40328729062499996 0.6706968375 0.49645315625 0.849486440625 0.5905887375 0.820228984375 0.49555329531250003 0.64820288125 0.40328729062499996 0.6706968375
0 0.209724390625 0.723586196875 0.2983008796875 0.9091363328125001 0.3987524453125 0.87976618125 0.3073597796875 0.7027326328125 0.209724390625 0.723586196875
1 0.5891292 0.6202265984374999 0.6962781609375 0.7961504406250001 0.792023534375 0.7658652546875 0.6871123015625 0.5881790687499999 0.5891292 0.6202265984374999
1 0 0.2435486421875 0.051694321875000004 0.22816335312499997 0.0019629765625 0.13176088749999998 0 0.132323109375 0 0.2435486421875
0 0.0804011890625 0.10996103593749999 0.0027144140625 0.1308362390625 0.052696846875 0.229248078125 0.135290565625 0.2083367328125 0.0804011890625 0.10996103593749999
1 0.15892588125 0.0902164640625 0.08169985468749999 0.1092959609375 0.1355299203125 0.2082681 0.2151289734375 0.1877534609375 0.15892588125 0.0902164640625
1 0.24379857187499998 0.0718856640625 0.1591622390625 0.089670321875 0.21523187500000002 0.187261946875 0.2958943453125 0.16413235625 0.24379857187499998 0.0718856640625
1 0.7954632765625 0.7676047265625 0.8821817515625 0.9105608640625 0.9782696156249999 0.8830081125 0.886337271875 0.7421249921874999 0.7954632765625 0.7676047265625
1 0.6999358359375 0.8010430796874999 0.782900825 0.9390292109375 0.8799673015625 0.911195846875 0.7923314390625 0.7690807296875 0.6999358359375 0.8010430796874999
1 1 0.7367972828125 0.9814220312499999 0.7081394750000001 0.8913624656250001 0.7380906421875 0.9815259890625001 0.8820743625 1 0.876777025 1 0.7367972828125
1 0.601908484375 0.824449290625 0.6805245890625 0.968385125 0.77976030625 0.939929740625 0.6946715593749999 0.8012845000000001 0.601908484375 0.824449290625
1 0.3379019203125 1 0.29258351718750003 0.9123811406250001 0.199457375 0.93850666875 0.2275451640625 1 0.3379019203125 1
1 0.4575069328125 1 0.39530353749999997 0.8846067484375 0.2966025875 0.9133379734375 0.34164683125 1 0.4575069328125 1
1 0.5702704203125 1 0.57688490625 0.9981033265624999 0.4984891125 0.8575389109374999 0.3972133953125 0.8844882875 0.45892978281249996 1 0.5702704203125 1
1 0.5007872812499999 0.8554607640624999 0.5773803156249999 0.9979612687499999 0.6782140703125 0.9690476562500001 0.5975993500000001 0.825759309375 0.5007872812499999 0.8554607640624999
1 0.22457872031249998 1 0.1977072609375 0.9395864703125 0.113490759375 0.9660597328125 0.12322297499999998 1 0.22457872031249998 1
1 0.4722025296875 0 0.534649103125 0.10388510937499999 0.60990275625 0.0809028859375 0.558514278125 0 0.4722025296875 0
1 0.2957139015625 0.16372209531249998 0.37167312343750003 0.1406854203125 0.316392840625 0.052455604687500004 0.2449373125 0.07155913593749999 0.2957139015625 0.16372209531249998
1 0.5604204890625 0 0.6108860296875 0.0819595078125 0.6884535921875 0.06118596875 0.6410274078125 0 0.5604204890625 0
1 0.39441360625 0.029538312500000004 0.45335891874999995 0.12228214062500001 0.53208739375 0.10181249375000001 0.4694107328125 0.0039888390625 0.39441360625 0.029538312500000004
1 0.3919119265625 0.03126285625 0.316967628125 0.051070945312500005 0.373387178125 0.14191164375 0.452151225 0.12209844375000001 0.3919119265625 0.03126285625
1 0.73526959375 0 0.7674087546874999 0.039949525 0.8408527921875001 0.0188897859375 0.8254633484375 0 0.73526959375 0
1 0.6437387828125 0 0.6895974359375 0.06577053125 0.7653839984374999 0.0405301140625 0.7318483265625 0 0.6437387828125 0