1 1 0.34422369375 0.955211165625 0.3322365140625 0.9621255421875 0.453849290625 1 0.46429546093749996 1 0.34422369375
1 0.8776727265625001 0.31573636718750003 0.8887810249999999 0.4400149265625 0.9585083624999999 0.4559706171875 0.9467991421875 0.3315617046875 0.8776727265625001 0.31573636718750003
1 0.700490946875 0.27754824375 0.6271090515625 0.257158609375 0.6223028187499999 0.25596028125000003 0.6279902921875 0.3798854671875 0.706904325 0.3968998703125 0.700490946875 0.27754824375
1 0.7058154359375 0.277209328125 0.7118299218749999 0.396021515625 0.791445040625 0.4215889453125 0.783339778125 0.2966493125 0.7058154359375 0.277209328125
1 0.787660684375 0.29645293906250003 0.79491435 0.4254856359375 0.877240421875 0.4455354015625 0.8681303187499999 0.31605736875 0.787660684375 0.29645293906250003
1 0.54513059375 0.2383669203125 0.5471737609375 0.3632816203125 0.628194234375 0.38082121875 0.62236675625 0.257624059375 0.54513059375 0.2383669203125
1 0.458900209375 0.21935311406250002 0.4600749125 0.345405384375 0.544098884375 0.364359109375 0.543226353125 0.23774047343750002 0.458900209375 0.21935311406250002
0 0.21005374062499998 0.15502032500000001 0.1275147125 0.1336026328125 0.1157680359375 0.281514015625 0.2006575453125 0.302084540625 0.21005374062499998 0.15502032500000001
1 0.210299378125 0.1559199671875 0.20176824375 0.3057397484375 0.28844621875 0.3281129875 0.29883573124999996 0.179671359375 0.210299378125 0.1559199671875
0 0.37734398750000003 0.198407265625 0.3742651859375 0.351775259375 0.45587039531249995 0.37145645312500003 0.45713072656250003 0.215785134375 0.37734398750000003 0.198407265625
0 0.29947497031250003 0.1789923390625 0.289266659375 0.329252209375 0.37364170625000004 0.3482934640625 0.3747381953125 0.19943436875 0.29947497031250003 0.1789923390625
1 0.9615437078125 0.4674921625 0.8813710484374999 0.44922724843750006 0.889496703125 0.613878065625 0.9757065828125 0.6360545515625 0.9615437078125 0.4674921625
0 1 0.4775607578125 0.96549359375 0.46747449531249996 0.976971465625 0.6431893921875 0.97938848125 0.64406056875 1 0.5613922812500001 1 0.4775607578125
1 0.625607909375 0.3913775265625 0.54721634375 0.373002959375 0.546244246875 0.5318475031250001 0.6334145906249999 0.5501717765625 0.625607909375 0.3913775265625
1 0.8756515890625 0.45630605468749996 0.791234371875 0.4354796 0.8050452796875 0.59691364375 0.886898140625 0.6105023843749999 0.8756515890625 0.45630605468749996
1 0.706927996875 0.4143806875 0.62884355625 0.39390028125 0.6332838062499999 0.5487752718750001 0.7180529890625 0.5767300734374999 0.706927996875 0.4143806875
0 0.7101185484375 0.41743664375 0.7200521609375 0.5779104703125 0.802983446875 0.597905615625 0.7880996265625 0.43530099531250005 0.7101185484375 0.41743664375
1 0.46043276562499996 0.5172717687499999 0.544684390625 0.533504428125 0.5437562484375 0.3716515625 0.46302392968749995 0.353568575 0.46142751249999997 0.37615513125 0.46043276562499996 0.5172717687499999
1 0.013756487500000001 0.383433459375 0.0103513421875 0.4065070546875 0.099933584375 0.4277065140625 0.11665662968749999 0.2783167203125 0.04497235625 0.2582334515625 0.013756487500000001 0.383433459375
0 0.2030640734375 0.31029637656250003 0.118030728125 0.2855683203125 0.10353018437499999 0.42860324843750003 0.19218019375 0.44843437656249996 0.2030640734375 0.31029637656250003
0 0.374121365625 0.35390692968750004 0.2899528578125 0.331765584375 0.28340537499999996 0.4724519359375 0.3718948625 0.49315094843749996 0.374121365625 0.35390692968750004
0 0.289049715625 0.33059910625 0.2048728953125 0.3090373265625 0.1946440890625 0.4513204953125 0.2816281203125 0.47527985156249997 0.289049715625 0.33059910625
0 0.45621254375 0.3757384515625 0.37538605625 0.3557933328125 0.3724148140625 0.4925986421875 0.45738499062500004 0.5151479796875 0.45621254375 0.3757384515625
1 0.9281883750000001 0.8494129734375001 0.9209824187500001 0.7508421625 0.8481514390625 0.729081334375 0.8499445781249999 0.9280463156250001 0.9053998890624999 0.9408126015624999 0.9281883750000001 0.8494129734375001
1 0.18419782812500002 0.56616125625 0.0933573296875 0.540019190625 0.0734772421875 0.7372825921875 0.17033559843749999 0.762521009375 0.18419782812500002 0.56616125625
1 0.7685019 0.7087870578125 0.7663121453125 0.9110056109375 0.8478157234375001 0.9280599875 0.8436402546874999 0.7293807640625001 0.7685019 0.7087870578125
1 0.2843472796875 0.5915570953125 0.2724623015625 0.789072971875 0.3674372265625 0.8132973359375001 0.374947671875 0.609364875 0.2843472796875 0.5915570953125
0 0 0.7205466859375 0.07298491406249999 0.734823503125 0.090450728125 0.5407399421875 0 0.5205590546875001 0 0.7205466859375
0 0.6579266875 0.6842654828125 0.6584817515625 0.8847739703125 0.746720525 0.9078632828125001 0.7436952890625 0.7045707265625001 0.6579266875 0.6842654828125
1 0.37670234375 0.6157913984375 0.36823575937499997 0.8113186000000001 0.46155114687500004 0.832406909375 0.46516405625 0.6416585828125 0.37670234375 0.6157913984375
0 0.18835424375 0.5663170890625 0.1727495640625 0.765300709375 0.271427928125 0.7893595296875 0.280532575 0.59616924375 0.18835424375 0.5663170890625
1 0.5573872984375 0.663552378125 0.5620636203125 0.863456521875 0.6572307281249999 0.8844620546874999 0.6552903890625 0.6841622828125 0.5573872984375 0.663552378125
0 0.464031778125 0.810158175 0.46393186249999996 0.8313671156250001 0.559065346875 0.8610755921875001 0.554695925 0.66289246875 0.4677781859375 0.642081153125 0.464031778125 0.810158175
1 0.1385037515625 0 0.1352437109375 0.0334620203125 0.21541991249999998 0.052600778125000004 0.2189055171875 0 0.1385037515625 0
1 0.21933959375 0 0.2157940828125 0.053971190625 0.295970284375 0.07310995 0.2994373640625 0 0.21933959375 0
1 0.8906428125 1 0.9056200734375001 0.9399294875 0.847719946875 0.9294090515625 0.8503086421875 1 0.8906428125 1
0 0.30029215 0 0.29628643125 0.07450844375 0.37585099375 0.09701203124999999 0.37727995000000003 0 0.30029215 0
1 0.3785628953125 0 0.37608546875000004 0.0970704921875 0.4529406296875 0.118454234375 0.45304010625 0.0091764875 0.42129518906249996 0 0.3785628953125 0
1 0.533267675 0.03495561875 0.45350380156250003 0.0088320421875 0.453265646875 0.1180909515625 0.5322836171875001 0.13779234375 0.533267675 0.03495561875
1 0.7529117578125 1 0.74801830625 0.9102752453124999 0.6592774890624999 0.88759383125 0.661705384375 1 0.7529117578125 1
1 0.6591870328125 1 0.6559290109375 0.8873148046875 0.5627632859375 0.8693449984375 0.5650727921875001 1 0.6591870328125 1
1 0.8481437125 1 0.8444259984375 0.9278492249999999 0.754199646875 0.9093222984375 0.7574467578124999 1 0.8481437125 1
1 0.5617836390625001 1 0.5582217484374999 0.86699311875 0.46901670937500006 0.8414486828125 0.46525110625000005 1 0.5617836390625001 1
1 0.0754226109375 0.7420224609375 0.0598108953125 0.90555534375 0.158722775 0.9302168453125 0.1663696578125 0.7652539484374999 0.0754226109375 0.7420224609375
1 0.16928313749999999 0.7680089031249999 0.1620533421875 0.93104725 0.26137934218750003 0.955812003125 0.2661801171875 0.7917552796875 0.16928313749999999 0.7680089031249999
1 0.26784275156250004 0.792582575 0.26245257187500004 0.9560795890625 0.363620303125 0.9813035375 0.366038953125 0.8190765656250001 0.26784275156250004 0.792582575
1 0.46297368437499997 1 0.4647593203125 0.8404587421875 0.3689789984375 0.81844476875 0.36401285 0.981401409375 0.4386077234375 1 0.46297368437499997 1
1 0 0.8906428125 0.0562723984375 0.9046730984375 0.073427684375 0.7420809125 0 0.7257362515625 0 0.8906428125
1 0.7601160234375001 0.08530701093750001 0.7621841796875 0.20301312968750002 0.8365847750000001 0.2202134234375 0.831542259375 0.10084343124999999 0.7601160234375001 0.08530701093750001
1 0.5323310671875 0.13735985625 0.6073510859375 0.15485679375 0.6037092921875 0.05385164375 0.5343831984375 0.03523375 0.5323310671875 0.13735985625
1 0.8335208578125 0.10201168125 0.8368983828125 0.22157894687500002 0.9121718203125001 0.241759109375 0.895573375 0.12018283125 0.8335208578125 0.10201168125
1 0.6804040031249999 0.072449453125 0.68493539375 0.17902833437500001 0.7610370421875 0.200027396875 0.7558349093750001 0.087366909375 0.6804040031249999 0.072449453125
1 0.6774645234375 0.07268520625 0.6048643593749999 0.052966484375 0.608196571875 0.15671956874999998 0.6840095359375 0.17828778125 0.6774645234375 0.07268520625
1 1 0.14873908593750002 0.96983224375 0.139619009375 0.9888361171875 0.262223525 1 0.26500699375000003 1 0.14873908593750002
0 0.9109082390625 0.2461685734375 0.9868526390625 0.2617289890625 0.9706449390625 0.16589747500000002 0.965623959375 0.1389982625 0.9004838328125 0.12410686562499999 0.9109082390625 0.2461685734375