1 0.894566621875 0.06203969687500001 0.885687021875 0.049208153125 0.8146653875000001 0.068257353125 0.883803071875 0.1738485640625 0.9236555109375001 0.16348470937499998 0.894566621875 0.06203969687500001
1 0.73671098125 0.093573359375 0.8109829671875 0.19938714531249999 0.8816629234375 0.1776248125 0.8067855078124999 0.0720050015625 0.73671098125 0.093573359375
0 0.5583282015625 0.150988134375 0.48208157500000004 0.1706615125 0.477158684375 0.172073128125 0.5463949421875001 0.2803750984375 0.6258469890625 0.2548088296875 0.5583282015625 0.150988134375
1 0.5629193531250001 0.147928353125 0.6298018265625001 0.2514712390625 0.7143086171874999 0.23322003906250002 0.642382825 0.12525867968749999 0.5629193531250001 0.147928353125
1 0.646149334375 0.122846234375 0.719431365625 0.23492258124999998 0.8035090593750001 0.210315296875 0.728334603125 0.098799928125 0.646149334375 0.122846234375
0 0.3989662609375 0.19621825312500002 0.4654522515625 0.3072944984375 0.5470618671875 0.28110955937500004 0.4780771078125 0.1735335828125 0.3989662609375 0.19621825312500002
1 0.311929578125 0.22377606874999997 0.378226921875 0.336322940625 0.46325728593750004 0.309853059375 0.396937296875 0.196641390625 0.311929578125 0.22377606874999997
0 0 0.3795182703125 0.036926559375 0.45715537812499996 0.1235686390625 0.4316889328125 0.055858590625 0.29480934375 0 0.3102500125 0 0.3795182703125
0 0.0565441515625 0.2954898140625 0.12645492187500001 0.434395334375 0.215631165625 0.40962157968749996 0.14809739375 0.27099145 0.0565441515625 0.2954898140625
0 0.2280772484375 0.2471805453125 0.304705628125 0.3864495234375 0.38794721718749997 0.361884440625 0.3084986890625 0.22148890625 0.2280772484375 0.2471805453125
0 0.1483181875 0.2700510875 0.21695531093749998 0.410219640625 0.30234527031249997 0.38364664375 0.22627613281249997 0.2494511109375 0.1483181875 0.2700510875
0 0.9583047406249999 0.2843209328125 0.8903438687499999 0.18639663125 0.8091177999999999 0.21149170781249998 0.9016166953125 0.3550905125 0.972900878125 0.3352237109375 0.9583047406249999 0.2843209328125
1 0.550210578125 0.2919242453125 0.4705222203125 0.315999128125 0.55187126875 0.45909403906249996 0.6393925125 0.43043079375 0.550210578125 0.2919242453125
1 0.807661690625 0.22080617187499998 0.72130994375 0.24579844999999997 0.8172333484375001 0.383567371875 0.897543134375 0.353405040625 0.807661690625 0.22080617187499998
1 0.6349164 0.27048878906249996 0.5544129859375 0.2925143546875 0.638552590625 0.4292448609375 0.7289091140624999 0.410469415625 0.6349164 0.27048878906249996
1 0.639354428125 0.27158088125 0.731309790625 0.41049441875000003 0.8159010125 0.385524890625 0.7184112171875 0.247260421875 0.639354428125 0.27158088125
1 0.467506778125 0.49041904062499997 0.5513324953125001 0.46138869062500004 0.46672518749999997 0.3165766828125 0.385092271875 0.3421247046875 0.3953541234375 0.3632264234375 0.467506778125 0.49041904062499997
1 0 0.5702704187500001 0.0147388171875 0.621670784375 0.0984217578125 0.5965843828125 0.036067096874999996 0.45382535625 0 0.46304903125 0 0.5702704187500001
0 0.129973521875 0.43781511249999994 0.0410507046875 0.4596238578125 0.10210565625000001 0.5955280421875 0.19173148281250002 0.5674517109375 0.129973521875 0.43781511249999994
1 0.305680246875 0.388437515625 0.218870553125 0.412120728125 0.28582958281250004 0.5418007515625 0.37576093125 0.5145865781250001 0.305680246875 0.388437515625
0 0.21745826406250002 0.411541 0.130941115625 0.4357487796875 0.195431084375 0.56876740625 0.285702303125 0.5452590890625 0.21745826406250002 0.411541
1 0.3904699140625 0.3655512421875 0.3077888390625 0.3894763984375 0.375940521875 0.5138216953125 0.46367906562499994 0.49008984531250005 0.3904699140625 0.3655512421875
1 1 0.4619116265625 0.9242338703125 0.47990347343749995 1 0.608614728125 1 0.4619116265625
1 0.24552196093749998 0.677264021875 0.1506685734375 0.70080876875 0.23497677968750003 0.8881768921875001 0.3347497234375 0.86070658125 0.24552196093749998 0.677264021875
1 1 0.6141824359375 0.9203503656249999 0.48250690625 0.8424256953124999 0.5029060999999999 0.9451354296875 0.685567228125 1 0.6675427375 1 0.6141824359375
1 0.348322634375 0.648231809375 0.4399188875 0.8316889265625 0.53748086875 0.8042830359375 0.438647175 0.6173297875 0.348322634375 0.648231809375
0 0.053689295312499996 0.732699928125 0.1342160078125 0.9202108265625 0.23326319375 0.8862242046875 0.1484396015625 0.7029600046875 0.053689295312499996 0.732699928125
1 0.730744221875 0.538118690625 0.8350260234375 0.7178242171875 0.9259701687499999 0.692885521875 0.8180359671874999 0.5119591546875 0.730744221875 0.538118690625
1 0.4435444140625 0.6221906765624999 0.53717151875 0.8020935046875 0.6316246015625 0.77273128125 0.5361259890625 0.5996302499999999 0.4435444140625 0.6221906765624999
0 0.24932351874999997 0.6752528718749999 0.3383495453125 0.8619525843750001 0.4391412234375 0.832481475 0.34729493125 0.6543462453125 0.24932351874999997 0.6752528718749999
0 0.630018290625 0.5715563078125 0.7376767015625 0.748586484375 0.8337446328125001 0.71819165 0.7283307421874999 0.5393903921875001 0.630018290625 0.5715563078125
1 0.622329175 0.7514752171875 0.63321765625 0.7705658046874999 0.73376020625 0.7480008421875 0.6272673515625 0.5723567671875001 0.538684928125 0.5986567125 0.622329175 0.7514752171875
1 0 0.1834747203125 0.00869355625 0.20112863593750002 0.090375103125 0.1768161625 0.0546835515625 0.10754271875000002 0 0.12322297499999998 0 0.1834747203125
0 0.17425765625 0.1569325625 0.13405687500000002 0.084782784375 0.055560353124999996 0.1072913 0.09138199687500001 0.17790795312500002 0.17425765625 0.1569325625
1 0.2543683375 0.136285215625 0.211891875 0.062463957812500005 0.1351724546875 0.084462896875 0.17449782187500001 0.1568636953125 0.2543683375 0.136285215625
1 0.3354071640625 0.11258290156249999 0.293883565625 0.038953218750000004 0.2123306015625 0.0623381546875 0.254471259375 0.1357908984375 0.3354071640625 0.11258290156249999
1 1 0.8043129921875 0.9283804171875 0.6943790640625 0.8371979656249999 0.71994374375 0.9422243796875 0.8933439171875 1 0.876777025 1 0.8043129921875
1 0.74135098125 0.7535103703125 0.8424723999999999 0.9219473375 0.9402538890625 0.893908946875 0.8340559203125 0.721426178125 0.74135098125 0.7535103703125
1 1 0.668174134375 0.933420809375 0.6903246390625 1 0.7968131109375001 1 0.668174134375
1 0.6429880046875 0.7769843187500001 0.738344665625 0.9518054843750001 0.8396337781250001 0.9227613 0.7360679625000001 0.753749478125 0.6429880046875 0.7769843187500001
1 0.402241584375 1 0.3326139375 0.865212353125 0.23917170468750001 0.8914250140625001 0.288713375 1 0.402241584375 1
1 0.5232456609375 1 0.43568334999999997 0.83734795625 0.3366481234375 0.8661776343750001 0.40611697500000005 1 0.5232456609375 1
1 0.5702704187500001 1 0.6346509671875 0.981539175 0.5392204890625 0.8101945828125 0.4375999859375 0.8372301546875001 0.5244518140625 1 0.5702704187500001 1
1 0.5415254453125 0.808105890625 0.634625465625 0.9815464875 0.7364489937500001 0.9523490593749999 0.638664315625 0.7782989609375 0.5415254453125 0.808105890625
1 0.28517982656249996 1 0.2374160671875 0.8925099031249999 0.1363207359375 0.9242964703125001 0.1677376234375 1 0.28517982656249996 1
1 0.54367520625 0 0.5749770734374999 0.052151698437500005 0.6504848296875 0.029088104687499998 0.632037821875 0 0.54367520625 0
1 0.411441603125 0.08905224375000001 0.36698803281250003 0.01799085 0.2947980671875 0.0386909890625 0.33522578125 0.11217010937500001 0.411441603125 0.08905224375000001
1 0.632935528125 0 0.6514723828125 0.0301516109375 0.7293039265625 0.009311278125 0.722100240625 0 0.632935528125 0
1 0.448608575 0 0.4934078515625 0.07059896875 0.57240469375 0.0500651296875 0.5403788734375 0 0.448608575 0
1 0.42972958125 0 0.368128034375 0.017663959375 0.41316268437500003 0.0902868640625 0.4921956890625 0.070413340625 0.4455771421875 0 0.42972958125 0