1 1 0.2784890828125 0.957340046875 0.271744240625 0.9772357453125 0.3941089328125 1 0.39788613125 1 0.2784890828125
1 0.8771872078125 0.2633042859375 0.901606403125 0.3879205015625 0.9738033734375 0.39664165625000003 0.9487627312500001 0.2719575234375 0.8771872078125 0.2633042859375
1 0.6939799578125 0.24352844375 0.61761724375 0.23070848281249998 0.6126303281250001 0.23000761718749999 0.6315308265625 0.3548437578125 0.713129146875 0.3636576875 0.6939799578125 0.24352844375
1 0.6993277875 0.242618025 0.7180163984375 0.36224372968749996 0.8012311750000001 0.37964068125 0.77977831875 0.25403530625 0.6993277875 0.242618025
1 0.7841265109375 0.2533761140625 0.8051526015625001 0.38321539531250004 0.89052304375 0.394738271875 0.867572584375 0.26464601718749997 0.7841265109375 0.2533761140625
1 0.5327317796875 0.22042204375000002 0.5480523828125 0.34664812968750003 0.6318363328125 0.3557692296875 0.6128715203125 0.23168495 0.5327317796875 0.22042204375000002
1 0.44352346562499995 0.210363834375 0.4580866390625 0.33783395625 0.545057590625 0.34806645468749997 0.5307398578125 0.21999083593750002 0.44352346562499995 0.210363834375
0 0.18507916875 0.171759575 0.099348246875 0.15887471875 0.1031655953125 0.30984838125 0.191183284375 0.32162524375 0.18507916875 0.171759575
1 0.1854230015625 0.1726440546875 0.19269420625 0.32520684375000003 0.28271156406250003 0.33861791406249997 0.27746567031249997 0.1872521296875 0.1854230015625 0.1726440546875
0 0.358836365625 0.1978518765625 0.37199712812499997 0.35342533125000003 0.45659956875 0.3646519359375 0.441355678125 0.20694072812500003 0.358836365625 0.1978518765625
0 0.278039978125 0.186496684375 0.2836620265625 0.339683659375 0.37099724843750004 0.34996735 0.3563105359375 0.1991692125 0.278039978125 0.186496684375
1 1 0.5230029296875001 0.978095075 0.4079808046875 0.895091415625 0.3980351703125 0.9207786406249999 0.5638356640625 0.99440931875 0.5747431703125 1 0.5349634046875 1 0.5230029296875001
1 0.6303413296875 0.3667303484375 0.54912696875 0.35648393125 0.564999015625 0.5173764953125 0.6550845890625 0.526636571875 0.6303413296875 0.3667303484375
1 0.8900593890625 0.40581007187499996 0.8024920953124999 0.39372382031250003 0.8335865625000001 0.55566236875 0.91779294375 0.560695553125 0.8900593890625 0.40581007187499996
1 0.71500796875 0.38134996718749997 0.633880703125 0.3689392078125 0.6548041687499999 0.525236909375 0.743483734375 0.5445012609375001 0.71500796875 0.38134996718749997
1 0.718558321875 0.384103359375 0.745630421875 0.5454830828125 0.8316070234374999 0.5568861828125 0.7993034875 0.3938770546875 0.718558321875 0.384103359375
1 0.47668519218750005 0.5117660484375001 0.5635976031250001 0.5192199140625 0.545484940625 0.3554846859375 0.46193469687500005 0.3457828390625 0.4627171546875 0.3688159875 0.47668519218750005 0.5117660484375001
1 0.012980115625 0.372678278125 0.009837832812499999 0.4476042390625 0.102667253125 0.4595176953125 0.10372482187500001 0.3065172625 0.0241798828125 0.292987790625 0.012980115625 0.372678278125
0 0.1944879734375 0.329681171875 0.105883690625 0.3137112109375 0.1063990625 0.4600421671875 0.19814067500000002 0.470669878125 0.1944879734375 0.329681171875
0 0.37207789375 0.3555984203125 0.2846225609375 0.3421546828125 0.29293036250000004 0.48526086562500004 0.38460175625000004 0.496784190625 0.37207789375 0.3555984203125
0 0.2835855828125 0.34107016093750003 0.1961833421875 0.32821396875 0.2009382578125 0.47332878437500003 0.29143338281250003 0.4883127765625 0.2835855828125 0.34107016093750003
1 0.4573998921875 0.36894989375 0.3735568375 0.357373153125 0.38506889375000003 0.49616971875000004 0.4733781203125 0.5099410203125 0.4573998921875 0.36894989375
1 0.9726303843749999 0.72970834375 0.9671482625 0.6991213703125 0.8911971015625 0.6848547296875 0.91412235625 0.886064196875 0.9500395234375001 0.8904506624999999 0.9726303843749999 0.72970834375
1 0.20256138906249999 0.5906884359375 0.1079352375 0.57390594375 0.10876532812499999 0.7757024125 0.2093804734375 0.7909289546875 0.20256138906249999 0.5906884359375
1 0.8085070562500001 0.6727991484375 0.8277502906249999 0.877726415625 0.9119712421875 0.8863048796875 0.8866674484375 0.6856385171875 0.8085070562500001 0.6727991484375
1 0.3065209875 0.6057236421875001 0.3154620203125 0.8069237499999999 0.41406515625000007 0.82132451875 0.4000200078125 0.6140954125 0.3065209875 0.6057236421875001
0 0.0080623765625 0.5637621625 0.0054382234375 0.76417551875 0.10800658437499999 0.7732656812500001 0.10507274375 0.5749452328125 0.0080623765625 0.5637621625
1 0.69409835 0.6597598328125 0.7159355203125 0.862663625 0.8076070421875 0.876633225 0.782976771875 0.6711744921875 0.69409835 0.6597598328125
1 0.40247613906249996 0.6204136328125001 0.4146626203125 0.819236475 0.5112549703125 0.8306396312500001 0.49466784375 0.6371713531250001 0.40247613906249996 0.6204136328125001
0 0.20678063125 0.590403284375 0.21211627656249998 0.793485459375 0.314446534375 0.8073240343749999 0.30315319218750003 0.610798728125 0.20678063125 0.590403284375
1 0.5902413531249999 0.64950623125 0.6161815546875 0.8513591375 0.7146374640625 0.8624811953125 0.6914217390624999 0.65993628125 0.5902413531249999 0.64950623125
0 0.5114024203125 0.807854221875 0.5135518703125 0.82933343125 0.61289725 0.8492685468750001 0.587449984375 0.649125025 0.49735592500000003 0.63732054375 0.5114024203125 0.807854221875
1 0.0961161640625 0 0.096537421875 0.056684703125 0.17963738125 0.0675145015625 0.1770471203125 0 0.0961161640625 0
1 0.177479903125 0 0.180161134375 0.06886181875 0.26326109531249997 0.0796916171875 0.258705115625 0 0.177479903125 0
0 0.2596077328125 0 0.2637291578125 0.08107354375 0.34656770937500003 0.0953745359375 0.33798652812499996 0 0.2596077328125 0
1 0.3392622625 0 0.34681099843749996 0.095408728125 0.426791146875 0.10886486875000001 0.4154792859375 0 0.3392622625 0
1 0.41595019375 0 0.42708123750000004 0.10846250312500001 0.5090697703125 0.119985240625 0.4991527984375 0.015784821875 0.4257671546875 0 0.41595019375 0
1 0.828572684375 1 0.809175209375 0.8789364234375 0.717039334375 0.8654332140625 0.7340876609375 1 0.828572684375 1
1 0.73166153125 1 0.7136239546875001 0.8655075703125 0.6175138390625 0.8572451437499999 0.6350315859375 1 0.73166153125 1
1 0.9263653406250001 1 0.9085214 0.88645273125 0.8153242765625001 0.87731315625 0.8326389453124999 1 0.9263653406250001 1
1 0.6317588203125 1 0.6126721609375 0.8553484015624999 0.5197631 0.8389965859374999 0.5327883140624999 1 0.6317588203125 1
1 0.11123531093750001 0.7802930109374999 0.112830371875 0.9505006437500001 0.21560896718749997 0.9649452328124999 0.20566035624999998 0.7941179421875 0.11123531093750001 0.7802930109374999
1 0.2088986109375 0.7965961734375 0.219070890625 0.9654317750000001 0.322177203125 0.979922421875 0.3093944890625 0.8103082953125 0.2088986109375 0.7965961734375
1 0.311163425 0.81096855625 0.323279371875 0.9800773218750001 0.42830615156249996 0.9948378734375 0.4132645453125 0.8273234875 0.311163425 0.81096855625
1 0.5304642203125 1 0.5153532546874999 0.838448178125 0.41617029531250005 0.8263706765625001 0.42866532812499997 0.9948883515625001 0.465036596875 1 0.5304642203125 1
1 0.0056956031249999995 0.768682221875 0.001478559375 0.9348511671875 0.10912895468749999 0.94998044375 0.10922436718749999 0.780564746875 0.0056956031249999995 0.768682221875
1 0.7338704125 0.0425805625 0.74845138125 0.1615071640625 0.825505721875 0.17099019375 0.8077407140625 0.050696284375 0.7338704125 0.0425805625
1 0.5090718562500001 0.119542403125 0.586783996875 0.12925970625 0.5723840015625 0.0274061921875 0.5003102593750001 0.015947492187500002 0.5090718562500001 0.119542403125
1 0.8098653140625001 0.051668006249999995 0.82596771875 0.172339015625 0.9042208140625 0.18474538437500002 0.8745370687499999 0.0634495359375 0.8098653140625001 0.051668006249999995
1 0.6519062984375 0.038059393749999997 0.667797228125 0.1454600734375 0.7469746515625 0.15860711562500002 0.72976019375 0.045121854687500004 0.6519062984375 0.038059393749999997
1 0.648959096875 0.03861125 0.573458009375 0.02638711875 0.5878365578125 0.13105519062499998 0.6667824765625 0.14480911093749999 0.648959096875 0.03861125
1 1 0.08444840625 0.951685353125 0.0752109203125 0.9839104234375 0.19729128125 1 0.19955252343750002 1 0.08444840625
1 0.9034110484375001 0.1893434671875 0.9818523812500001 0.1970020421875 0.9552955015625001 0.10172446875 0.9473643328125 0.07503099375 0.87991859375 0.066898365625 0.9034110484375001 0.1893434671875