1 0.9149606234375 0.11680247968749999 0.883524728125 0.0697557734375 0.8136048046875001 0.08721218593749999 0.8794313765625 0.1914304453125 0.9315810734375001 0.17883084375 0.9149606234375 0.11680247968749999
1 0.7367801734375 0.1106761265625 0.8076325546875 0.21519443124999998 0.8772666796875 0.1950832796875 0.8058176906250001 0.090744628125 0.7367801734375 0.1106761265625
0 0.560991946875 0.1638649734375 0.4859420984375 0.1818466875 0.48109392968750003 0.1831457515625 0.5469681875 0.290012515625 0.6252644968750001 0.266328334375 0.560991946875 0.1638649734375
1 0.565544853125 0.1609512171875 0.6291990453125 0.263133059375 0.7123153234374999 0.24667310156250002 0.6438001203125 0.140095596875 0.565544853125 0.1609512171875
1 0.6475334890625 0.1378006453125 0.7173031234375 0.24841807500000002 0.8001136578124999 0.2257448078125 0.728479990625 0.1156446609375 0.6475334890625 0.1378006453125
0 0.4040572390625 0.2054625515625 0.46718716406249994 0.31499394999999997 0.5476082953125 0.2907404234375 0.4819673265625 0.18458660625 0.4040572390625 0.2054625515625
1 0.31829471875 0.2309691890625 0.3812133125 0.3419335390625 0.464990721875 0.31745689062500004 0.4020619328125 0.2058430375 0.31829471875 0.2309691890625
0 0 0.356258284375 0.044679103125 0.4544218921875 0.1300173375 0.4309510140625 0.06615359531250001 0.2962042484375 0 0.3132562953125 0 0.356258284375
0 0.066812934375 0.2968797359375 0.1327960796875 0.43364017656250003 0.2206044140625 0.4108865 0.15694493125 0.27443325937499996 0.066812934375 0.2968797359375
0 0.23572665312500002 0.252471603125 0.30828415468750003 0.38969516249999997 0.39027483749999997 0.3670496359375 0.31497489375 0.22868062031249997 0.23572665312500002 0.252471603125
0 0.1571781890625 0.2735186 0.221890828125 0.4114918109375 0.3060223734375 0.3869202703125 0.23392124218750002 0.2546596796875 0.1571781890625 0.2735186
0 0.97334819375 0.334707859375 0.885612784375 0.203788365625 0.8055870515624999 0.226983871875 0.8936140296874999 0.3686909625 0.9766676562500001 0.3470962609375 0.97334819375 0.334707859375
1 0.8891050281249999 0.2018336859375 0.9724484 0.33134978125000003 0.934972784375 0.1914888765625 0.8891050281249999 0.2018336859375
1 0.5504979015625 0.301351140625 0.4719969828125 0.32357525468750004 0.5491100953125 0.46461069374999997 0.63536725 0.4380324640625 0.5504979015625 0.301351140625
1 0.8039925968749999 0.23605551406249997 0.718947340625 0.259068071875 0.8104342796875 0.39513774687500003 0.8896537562500001 0.366979559375 0.8039925968749999 0.23605551406249997
1 0.633866584375 0.28178512499999997 0.5546041515625 0.3019950546875 0.6345658078125 0.4368609296875 0.723422234375 0.41998331406249995 0.633866584375 0.28178512499999997
1 0.6381946046875 0.28292299375 0.7257736078125 0.420046403125 0.8090937531250001 0.3970277 0.7160812375 0.2604489125 0.6381946046875 0.28292299375
1 0.4658974546875 0.49383884531250005 0.54854090625 0.46684262343749994 0.468266803125 0.324078034375 0.38783433125 0.34770926874999997 0.3975068171875 0.3684793421875 0.4658974546875 0.49383884531250005
1 0 0.565826246875 0.0135784828125 0.6165018359375 0.1024084859375 0.5915579156249999 0.043897184374999995 0.45115645156250006 0 0.4615749546875 0 0.565826246875
0 0.13618140625 0.43703610312499996 0.048674809375 0.45689867812499996 0.1060364703125 0.5905858015625001 0.19434479843750002 0.5646145687499999 0.13618140625 0.43703610312499996
1 0.3092030875 0.3916520375 0.2237328125 0.41337898125 0.286990653125 0.5410836406249999 0.3755827359375 0.515959184375 0.3092030875 0.3916520375
0 0.22235971718749997 0.4127901515625 0.137166575 0.43503402187500007 0.1979453890625 0.5659588796875 0.286803596875 0.5444584796874999 0.22235971718749997 0.4127901515625
1 0.3926800734375 0.3706707234375 0.3112500375 0.3927004234375 0.375772465625 0.5152152078125 0.4621535703125 0.4934557375 0.3926800734375 0.3706707234375
1 1 0.4916118 0.9887547640625 0.4744309109375 0.9135201125 0.490928834375 1 0.643555559375 1 0.4916118
1 0.24506034687499997 0.6727072734374999 0.151712559375 0.6941694265625 0.230926196875 0.8784830765624999 0.3291642265625 0.8532670625 0.24506034687499997 0.6727072734374999
1 1 0.6484587 0.9096686843749999 0.49340838906249995 0.83296185 0.51207179375 0.9302874453125 0.692085753125 1 0.6705348796874999 1 0.6484587
1 0.3462926609375 0.6460149203125 0.432716571875 0.8266270828125 0.5287874671874999 0.80143835625 0.43533644374999997 0.6172958015625001 0.3462926609375 0.6460149203125
0 0.0561316203125 0.7237471765625 0.131638140625 0.9081393203125 0.229282696875 0.8765487703125 0.1494901484375 0.6962340890625 0.0561316203125 0.7237471765625
1 0.7229179984375 0.5446558984375 0.8218369703124999 0.7218091921875 0.9113802046874999 0.6989229406249999 0.8089051734374999 0.52051871875 0.7229179984375 0.5446558984375
1 0.612223515625 0.74886014375 0.62254615 0.76767654375 0.7214496609375 0.7472627546874999 0.6202913859375 0.57403964375 0.533037265625 0.598293134375 0.612223515625 0.74886014375
1 0.44004636562500005 0.622121109375 0.5285238999999999 0.7992954046875 0.621584440625 0.772146334375 0.5311508203125 0.6015834953125 0.44004636562500005 0.622121109375
0 0.24882081562499997 0.670804728125 0.33266832343749997 0.854541715625 0.4319404390625 0.8273884390624999 0.34517560468749997 0.6519688 0.24882081562499997 0.670804728125
0 0.6236387609375 0.57568333125 0.7259138765625 0.750278675 0.8205750296875 0.7221473281249999 0.7205306984375001 0.5458587703125 0.6236387609375 0.57568333125
1 0 0.158103615625 0.021637753125 0.20396997031250003 0.10209558437499999 0.1815459734375 0.06169552968749999 0.0998052390625 0 0.11633650625 0 0.158103615625
0 0.1846297640625 0.16348200156249998 0.13937481406250002 0.0789911375 0.0626529875 0.0995486890625 0.10306230000000001 0.182628271875 0.1846297640625 0.16348200156249998
1 0.2634826 0.144611509375 0.215819196875 0.0585079265625 0.14063585781250001 0.0786532421875 0.184866284375 0.1634186265625 0.2634826 0.144611509375
1 0.3432997859375 0.1227729453125 0.2966976640625 0.03683660625 0.21627054218750003 0.058386989062500005 0.2635923421875 0.144130490625 0.3432997859375 0.1227729453125
1 1 0.8377318718750001 0.9137144734374999 0.7004201375 0.8239264921875 0.7239137906249999 0.92405356875 0.8955477796875 1 0.8758439906250001 1 0.8377318718750001
1 0.8208216500000001 0.72531069375 0.7294245921875 0.7551457921875 0.8270459593749999 0.9240043515625 0.9225386203125 0.896774859375 0.8208216500000001 0.72531069375
1 1 0.671083646875 0.9187254140625001 0.6965423984375 1 0.8314178906249999 1 0.671083646875
1 0.7242447656250001 0.7552941609375 0.632639909375 0.7764822734375 0.7251225578125 0.9529569499999999 0.8263723140625 0.928290621875 0.7242447656250001 0.7552941609375
1 0.397544409375 1 0.3269906453125 0.8576323140625 0.23497718281250002 0.8817222812500001 0.28655037499999997 1 0.397544409375 1
1 0.5152850421874999 1 0.42846517031250003 0.8320846015625 0.33092533125 0.8586398531249999 0.4013339765625 1 0.5152850421874999 1
1 0.56582625 1 0.625086015625 0.98412139375 0.5303850796875 0.80723870625 0.43034492812499997 0.8320004515624999 0.5164206734375 1 0.56582625 1
1 0.5326808 0.8052363359375001 0.624920540625 0.9841657328125001 0.725372609375 0.9572496812500001 0.6283804953125001 0.7776963015625 0.5326808 0.8052363359375001
1 0.282977615625 1 0.2332377046875 0.8827533375 0.133626359375 0.9121626515625 0.1683383765625 1 0.282977615625 1
1 0.5399986 0 0.579084421875 0.0676244375 0.653471571875 0.046320446875 0.6251516859375 0 0.5399986 0
1 0.41821132499999997 0.101021375 0.3679944671875 0.0177326859375 0.2977570765625 0.0365527375 0.3431295390625 0.12236695156249999 0.41821132499999997 0.101021375
1 0.6263584609375 0 0.6544198515625 0.047374815625 0.731043409375 0.0282791625 0.70988579375 0 0.6263584609375 0
1 0.4472562703125 0 0.49884240156250004 0.084323171875 0.5766020171874999 0.0655455671875 0.53617336875 0 0.4472562703125 0
1 0.43417374999999997 0 0.36917806249999996 0.0174155421875 0.41987511718750004 0.10225464687500001 0.4976582546875 0.0841223890625 0.44392136249999997 0 0.43417374999999997 0
1 0.7100409578125 0 0.732088003125 0.0328013125 0.8070384859375 0.009288356250000001 0.79961581875 0 0.7100409578125 0