1 0.63359375 0.24609375 0.1125 0.1640625
1 0.47421875 0.2875 0.1 0.1359375
1 0.54921875 0.2703125 0.1046875 0.14375
1 0.3921875 0.31171875 0.11875 0.146875
1 0.15546875 0.3734375 0.121875 0.15625
1 0.871875 0.1953125 0.1078125 0.1609375
1 0.7203125 0.234375 0.1125 0.1640625
0 0.3234375 0.334375 0.1109375 0.1515625
1 0.796875 0.2171875 0.109375 0.159375
0 0.2421875 0.3609375 0.1109375 0.159375
0 0.07265625 0.40859375 0.115625 0.1421875
1 0.54921875 0.4125 0.1109375 0.1640625
1 0.46015625 0.43671875 0.115625 0.1515625
0 0.2953125 0.48046875 0.1078125 0.1375
1 0.63359375 0.396875 0.11875 0.1640625
1 0.79765625 0.35625 0.115625 0.165625
0 0.21171875 0.50390625 0.115625 0.1515625
0 0.37734375 0.4640625 0.1109375 0.14375
1 0.88515625 0.33671875 0.1203125 0.175
0 0.71328125 0.38359375 0.1234375 0.153125
1 0.0515625 0.55234375 0.103125 0.1453125
0 0.13203125 0.5328125 0.1171875 0.146875
1 0.05234375 0.16171875 0.1 0.140625
1 0.0125 0.18125 0.025 0.140625
1 0.78125 0.0265625 0.103125 0.053125
1 0.3578125 0.0890625 0.1 0.146875
1 0.28203125 0.10859375 0.103125 0.1484375
1 0.88359375 0.6265625 0.121875 0.18125
1 0.95625 0.6109375 0.0875 0.16875
0 0.78984375 0.659375 0.1234375 0.1734375
0 0.13359375 0.1484375 0.1109375 0.15625
1 0.43203125 0.075 0.1015625 0.15
1 0.6515625 0.04765625 0.1 0.0953125
1 0.209375 0.13125 0.1078125 0.1578125
1 0.7015625 0.6859375 0.1328125 0.18125
0 0.1546875 0.8296875 0.140625 0.19375
0 0.61796875 0.71796875 0.1328125 0.1703125
0 0.34453125 0.7875 0.1296875 0.178125
1 0.2515625 0.81484375 0.1359375 0.178125
1 0.434375 0.77109375 0.140625 0.184375
1 0.5328125 0.7515625 0.1234375 0.1828125
1 0.50546875 0.06796875 0.1078125 0.1359375
1 0.58125 0.0578125 0.103125 0.115625
0 0.71875 0.03984375 0.10625 0.0796875
1 0.89765625 0.82421875 0.1265625 0.19375
1 0.959375 0.8015625 0.08125 0.196875
1 0.61171875 0.896875 0.1328125 0.1921875
1 0.80390625 0.84921875 0.13125 0.1921875
1 0.4140625 0.9265625 0.140625 0.146875
1 0.51796875 0.91328125 0.1390625 0.1734375
1 0.71328125 0.875 0.1375 0.1875
1 0.31796875 0.94140625 0.1296875 0.1171875
1 0.21875 0.953125 0.14375 0.09375