1 1 0.30808155625 0.9757856921875 0.22766325781250002 0.9054528062499999 0.223999990625 0.9371960421875001 0.34016136874999997 1 0.3439110953125 1 0.30808155625
1 0.8269505265625 0.22397673906249999 0.8633050265625 0.3418539140625 0.9341293078125 0.34295551875 0.8971659046875 0.2250757703125 0.8269505265625 0.22397673906249999
1 0.6474666250000001 0.22345573281250003 0.572189359375 0.21881796250000002 0.5672872250000001 0.218646775 0.5983183109375 0.33729598125 0.678258909375 0.3375338328125 0.6474666250000001 0.22345573281250003
1 0.6525541515625 0.222034153125 0.68284896875 0.33567264375 0.765230125 0.3440359953125 0.7316482343749999 0.2249026953125 0.6525541515625 0.222034153125
1 0.7357930421875001 0.22382511875 0.76939303125 0.3470907734375 0.853263675 0.3495623875 0.8177738140624999 0.22624755625 0.7357930421875001 0.22382511875
1 0.48891451406249997 0.21749130781249998 0.516619496875 0.33784593749999997 0.598708565625 0.33815881718749996 0.5676918078125001 0.22024227187499998 0.48891451406249997 0.21749130781249998
1 0.4014754890625 0.2168234421875 0.4285735546875 0.33845635937499996 0.5138630625 0.339519434375 0.486941040625 0.21727684531250002 0.4014754890625 0.2168234421875
0 0.147192378125 0.205747590625 0.0628337421875 0.201997140625 0.08191793750000001 0.3474193 0.168378790625 0.349867765625 0.147192378125 0.205747590625
1 0.1476155828125 0.20656694999999997 0.1702074015625 0.35317363125 0.258771834375 0.356997625 0.23826387656249998 0.21134162031249998 0.1476155828125 0.20656694999999997
0 0.3181659796875 0.21332728437499998 0.3467697046875 0.362244409375 0.429866209375 0.3645077671875 0.399026740625 0.2137372578125 0.3181659796875 0.21332728437499998
0 0.2387432046875 0.21055377968750003 0.2598011375 0.35793053124999996 0.34544872656250003 0.35900610781250003 0.31585352499999997 0.2148556921875 0.2387432046875 0.21055377968750003
1 0.9394422 0.353471578125 0.8580249484375001 0.3522832453125 0.8998050390625 0.509807309375 0.9878755531250001 0.5135372421875 0.9394422 0.353471578125
0 1 0.35689851093749997 0.943264440625 0.35264300937500004 0.9905701312499999 0.5201757296875 0.999557171875 0.5214084515625 1 0.508727515625 1 0.35689851093749997
1 0.5983774921875 0.3488965859375 0.5186628343749999 0.34723631250000003 0.550435009375 0.501015653125 0.6386424734375 0.50082373125 0.5983774921875 0.3488965859375
1 0.8539429203125 0.36030246875 0.7678868265625 0.357509525 0.8145111921874999 0.5107554203125 0.89659284375 0.50707738125 0.8539429203125 0.36030246875
1 0.68188198125 0.35443038437499996 0.6020311125 0.35067097187499996 0.6382281890625 0.49950038281250003 0.7260932703125 0.5091130921875 0.68188198125 0.35443038437499996
0 0.6856017328124999 0.3567295625 0.7282727765625 0.5098436421875 0.8127183859375 0.5121381078125 0.7648137140625 0.3579808625 0.6856017328124999 0.3567295625
1 0.464315746875 0.504552696875 0.5492653640625 0.5029381265625 0.5150330515625 0.3466405734375 0.43311118125 0.3457431171875 0.43621654374999996 0.3679090171875 0.464315746875 0.504552696875
1 0.0020068765625 0.4338030578125 0.0055529171875 0.48992691875 0.0966886984375 0.49201936562500004 0.08212015781250001 0.3441454203125 0.005308796875 0.3392484359375 0.0020068765625 0.4338030578125
0 0.172400978125 0.35731300625 0.0849445703125 0.35087436250000004 0.1003570640625 0.49214746875 0.190308075 0.49310846406250003 0.172400978125 0.35731300625
0 0.347069409375 0.364334971875 0.26098341875000003 0.3602196234375 0.28361559999999997 0.49758806875 0.3735898671875 0.4994211609375 0.347069409375 0.364334971875
0 0.2598683953125 0.3592773546875 0.17389371250000002 0.35572407031250003 0.19328900625 0.49539272343749996 0.2824765453125 0.500687384375 0.2598683953125 0.3592773546875
0 0.4310794859375 0.36857754531250003 0.348682896875 0.3658990234375 0.3739797484375 0.4987803390625 0.46092626875000003 0.5031254546875 0.4310794859375 0.36857754531250003
1 0.9915907609374999 0.749536625 0.9585097671874999 0.635763090625 0.883483728125 0.62968639375 0.926197053125 0.8216882671875 0.9890341703125 0.8227478125 0.9915907609374999 0.749536625
1 0.20682195937499998 0.6085732234375001 0.1134495015625 0.6019604968750001 0.13481959999999998 0.7967698765625 0.233834878125 0.801272559375 0.20682195937499998 0.6085732234375001
1 0.8021552296875001 0.6264284875 0.8416807734375 0.8223943640625 0.9241378499999999 0.8221388515625 0.8791758390625001 0.6309027046875 0.8021552296875001 0.6264284875
1 0.309057428125 0.612551965625 0.338223625 0.8059628859375 0.43520575937499995 0.809872071875 0.400480884375 0.611155978125 0.309057428125 0.612551965625
0 0.015671265625 0.6022914375 0.033554362500000004 0.7961153000000001 0.133836284375 0.7944934421875 0.1107825921875 0.6032545093749999 0.015671265625 0.6022914375
0 0.690001371875 0.6254369671875 0.7318333765625 0.8191855453124999 0.8220570796875 0.8233812171875 0.77725908125 0.627448334375 0.690001371875 0.6254369671875
1 0.40350400000000003 0.6170090015625 0.4355717046875 0.8077948671874999 0.5303005375 0.8090128859375 0.4945157421875 0.6238446718749999 0.40350400000000003 0.6170090015625
0 0.210879978125 0.6078699703125 0.23674553125000003 0.8034641859375 0.33728074218750004 0.8064524546875 0.30631235156250003 0.6177949625 0.210879978125 0.6078699703125
1 0.58835260625 0.6260658593749999 0.6340520171875 0.818383425 0.7305573875 0.8191409859375 0.687426584375 0.625878803125 0.58835260625 0.6260658593749999
0 0.5281212046875 0.7869919515625 0.53239236875 0.8075184484375001 0.6306575265625 0.816697396875 0.585609821875 0.6259807562499999 0.4971348265625 0.6237161718750001 0.5281212046875 0.7869919515625
1 0.1165141296875 0.003378790625 0.03809056875 0.0009424046875 0.04969630625 0.103587803125 0.131296953125 0.10562028906250001 0.1165141296875 0.003378790625
1 0.19671146875 0.00617934375 0.11691646250000001 0.0033683484375000004 0.131941609375 0.1068684078125 0.2135422578125 0.1089008953125 0.19671146875 0.00617934375
1 0.9828443874999999 1 0.9890761109374999 0.8215467750000001 0.9243229171875 0.8234628781250001 0.96875871875 1 0.9828443874999999 1
0 0.2748782765625 0.009547604687499999 0.1976728484375 0.005558396875 0.2141365 0.1101880859375 0.29583768906249996 0.11559953281249999 0.2748782765625 0.009547604687499999
1 0.3525138625 0.014817078124999999 0.276262759375 0.009325821875 0.2960768421875 0.115607884375 0.374923065625 0.120493240625 0.3525138625 0.014817078124999999
1 0.4355318375 0.0232592890625 0.3528920625 0.014388784375 0.37516306093749996 0.12007522500000001 0.455757715625 0.12288965156250001 0.4355318375 0.0232592890625
1 0.8710770609375 1 0.8238108562500001 0.825446609375 0.733184875 0.8217484609374999 0.7752038812500001 1 0.8710770609375 1
1 0.7731809968750001 1 0.72988405625 0.8221666140625 0.6359424375 0.8239329859375 0.676717203125 1 0.7731809968750001 1
1 0.9682675359375 1 0.9208111406249999 0.8226314828125 0.829601875 0.8232553140625001 0.87392783125 1 0.9682675359375 1
1 0.6738515375 1 0.6310591171875 0.8225921015625 0.53939385625 0.816221196875 0.573993021875 1 0.6738515375 1
1 0.13768006093750002 0.8009529734375 0.15924397343750002 0.9884053093749999 0.2614412546875 0.9919741171875 0.23055629375 0.804729703125 0.13768006093750002 0.8009529734375
1 0.2339456828125 0.80679478125 0.264892671875 0.99209464375 0.36661020624999996 0.9956466984375 0.3326910875 0.8098469406250001 0.2339456828125 0.80679478125
1 0.3344719046875 0.8103052343750001 0.367603928125 0.9956813999999999 0.4712839578125 0.9993019859375 0.4350416078125 0.8157470203124999 0.3344719046875 0.8103052343750001
1 0.5720806609375 1 0.5350662515625 0.8161387343750001 0.4377592328125 0.814532140625 0.4712585640625 0.9993010984374999 0.49127248593750006 1 0.5720806609375 1
1 0.0342629796875 0.8004417406250001 0.0489657890625 0.9845543109375001 0.15537039218749998 0.988270040625 0.13575980468749999 0.8014193374999999 0.0342629796875 0.8004417406250001
1 0.6656280203125 0.025336593750000004 0.6918726140625 0.1387164359375 0.767479759375 0.1400612859375 0.738011515625 0.025683790625 0.6656280203125 0.025336593750000004
1 0.45571460625000004 0.12246175156250001 0.531982821875 0.12396615468750001 0.50765353125 0.0270570234375 0.43666962187499997 0.023299020312499998 0.45571460625000004 0.12246175156250001
1 0.7401685953125 0.026406823437499997 0.7680647484375001 0.14131712031250002 0.84513103125 0.1453637484375 0.8040152781250001 0.031227220312499998 0.7401685953125 0.026406823437499997
1 0.5857705828124999 0.029281751562500003 0.6121094421875 0.13139710625 0.690146584375 0.136065340625 0.661905546875 0.02820775625 0.5857705828124999 0.029281751562500003
1 0.5829719421874999 0.030113596875 0.5085900375 0.0259639 0.533185396875 0.1255934859375 0.6110601359375 0.13087131406250002 0.5829719421874999 0.030113596875
1 0.879945621875 0.0347629640625 0.923603046875 0.1493994625 0.9969853375 0.1519620296875 0.9539402375 0.040996653125 0.879945621875 0.0347629640625
0 0.8448152406249999 0.149886659375 0.9215799921875 0.149328815625 0.8861448046874999 0.06000346250000001 0.87574161875 0.0350273703125 0.8095797203125 0.03401235625 0.8448152406249999 0.149886659375
1 1 0.041811273437500004 0.9572211296875001 0.040181140625 0.9973938 0.15068088125 1 0.15092581875 1 0.041811273437500004