1 1 0.2047270265625 0.941926834375 0.20169829374999998 0.97609449375 0.32729238125000004 1 0.3287220484375 1 0.2047270265625
1 0.85738550625 0.20168500156250002 0.8965189078125 0.3291335890625 0.97279141875 0.3303140046875 0.933002271875 0.202862725 0.85738550625 0.20168500156250002
1 0.6640942828124999 0.20114875312499997 0.5830267625000001 0.1961455484375 0.577747540625 0.19596119375 0.6111478906250001 0.3242453375 0.6972381515625 0.32449045 0.6640942828124999 0.20114875312499997
1 0.6695734015625 0.19961090937499998 0.7021815984375 0.32247735624999996 0.7908989390625 0.3315077546875 0.7547516265625 0.20270056875 0.6695734015625 0.19961090937499998
1 0.7592154515625 0.20153481874999998 0.795381628125 0.3348100875 0.8857039296875 0.3374698515625 0.8475025015625001 0.2041416953125 0.7592154515625 0.20153481874999998
1 0.4933459203125 0.194723678125 0.5231640390625001 0.32485230625 0.6115680375 0.325178215625 0.57818300625 0.1976862546875 0.4933459203125 0.194723678125
1 0.39918045625 0.194014746875 0.42834477499999996 0.32552560937499997 0.5201953046875001 0.32666218125 0.4912206640625 0.19449208906249998 0.39918045625 0.194014746875
0 0.12533743749999998 0.18207741718749998 0.034489796875 0.17803499218750002 0.0550201640625 0.33526905625 0.14813193593750001 0.33790339999999996 0.12533743749999998 0.18207741718749998
1 0.125793075 0.18296327968749998 0.1501007203125 0.3414775734375 0.2454776921875 0.34559887968749997 0.2234140734375 0.1881121875 0.125793075 0.18296327968749998
0 0.3094626140625 0.1902471171875 0.3402443 0.35125865625 0.429732940625 0.35369336093750003 0.39654379687499997 0.190678196875 0.3094626140625 0.1902471171875
0 0.22393039374999998 0.187260265625 0.24658603750000002 0.346607425 0.3388221921875 0.3477574609375 0.306972034375 0.19190005000000002 0.22393039374999998 0.187260265625
1 1 0.41301509062499997 0.9785114359374999 0.34168363749999997 0.8908310687500001 0.340411046875 0.9358014609374999 0.5107268046875 0.9998354140625001 0.5134406609375 1 0.5087275359375 1 0.41301509062499997
1 0.611209875 0.3367884234375 0.52536315 0.3350052921875 0.5595562984375 0.5012735984375001 0.654549446875 0.5010527703125 0.611209875 0.3367884234375
1 0.8864338078125 0.34908240468749996 0.79375798125 0.34607553593749996 0.8439459546875 0.5117648171875 0.9323425671875001 0.50777556875 0.8864338078125 0.34908240468749996
1 0.7011373890625 0.342759209375 0.61514429375 0.33870641562500003 0.6541034921875 0.4996219703125 0.7487264375 0.5100024015625 0.7011373890625 0.342759209375
0 0.70514295 0.345244621875 0.7510735000000001 0.510791975 0.8420150218750001 0.5132601109375 0.7904483875 0.34658563125 0.70514295 0.345244621875
1 0.4668114890625 0.5051110046875 0.558296384375 0.5033524375 0.5214542234375 0.3343616984375 0.43323037500000006 0.333403690625 0.4365712828125 0.3573699859375 0.4668114890625 0.5051110046875
1 0.055238434375 0.3317291609375 0.0056819046875 0.328564015625 0.0000447375 0.48999135312500003 0.070905390625 0.49161488750000004 0.055238434375 0.3317291609375
0 0.152462421875 0.34595291875 0.058279109375000006 0.3390043671875 0.0748559390625 0.49175284374999995 0.1717265875 0.49277833906249996 0.152462421875 0.34595291875
0 0.340566746875 0.353519021875 0.2478589234375 0.349082315625 0.2722114296875 0.4976078078125 0.3691069921875 0.49957625156249996 0.340566746875 0.353519021875
0 0.24665826562499998 0.34806366093749996 0.15407022812499999 0.344234665625 0.17493649218750001 0.4952477328125 0.27098428124999996 0.5009590984375001 0.24665826562499998 0.34806366093749996
0 0.43103893906249996 0.35809360468749996 0.342304121875 0.3552099 0.36952696406249996 0.49888330468750003 0.4631614796875 0.50356831875 0.43103893906249996 0.35809360468749996
1 0.9641767015625 0.8479424625 0.988140303125 0.8483447937499999 0.9951854906250001 0.646597046875 0.918206484375 0.6403478953125 0.9641767015625 0.8479424625
1 0.18949343125 0.6176215093749999 0.088938984375 0.6104856265625 0.1119236484375 0.8211190171875 0.21855532968750002 0.825972575 0.18949343125 0.6176215093749999
1 0.8306220109375 0.636837575 0.8731586140625 0.8487186812499999 0.96195901875 0.8484299656250001 0.9135670140625001 0.641663675 0.8306220109375 0.636837575
1 0.29959310625 0.6219080765625 0.3309738203125 0.8310282125 0.435416040625 0.8352403625000001 0.3980498296875 0.620384871875 0.29959310625 0.6219080765625
0 0 0.7891666671875 0.0028683421875 0.820426540625 0.11086503125 0.81865778125 0.08606671875 0.611885171875 0 0.6110222515625 0 0.7891666671875
0 0.7098404921875 0.6357824234375 0.754861325 0.8452657390624999 0.8520251546875001 0.8497886734375 0.8038104890625 0.6379440375 0.7098404921875 0.6357824234375
1 0.401304625 0.6267129687499999 0.43581045312500005 0.8329943406250001 0.537826434375 0.8342970218750001 0.49931671875 0.634090265625 0.401304625 0.6267129687499999
0 0.19386373437499999 0.6168605078125 0.2216895640625 0.8283418203125 0.32995833124999996 0.8315576984374999 0.2966360625 0.6275774515625 0.19386373437499999 0.6168605078125
1 0.6003719609375 0.63647775 0.6495579296875 0.844413209375 0.7534871843750001 0.8452177531249999 0.707067565625 0.636260546875 0.6003719609375 0.63647775
0 0.5354827703125 0.81048733125 0.5400794109375 0.8326808515625 0.6459025609375 0.8425907140625 0.5974181921875 0.636386146875 0.5021373031249999 0.63395093125 0.5354827703125 0.81048733125
1 0.0171556125 0 0.016005142187499998 0.032945165625 0.020356571875 0.0716323984375 0.10823431562500001 0.0738177 0.097613909375 0 0.0171556125 0
1 0.0980701671875 0 0.10892837656250001 0.07516712187499999 0.196806121875 0.0773524234375 0.1841931328125 0 0.0980701671875 0
0 0.185115553125 0 0.19744588125 0.0787441015625 0.2854313921875 0.08458287187499999 0.2687930640625 0 0.185115553125 0
1 0.2699928984375 0 0.2856889421875 0.084591865625 0.37059993750000003 0.0898622328125 0.35163221718750004 0 0.2699928984375 0
1 0.35210444218750003 0 0.370858459375 0.0894102171875 0.45765270156250004 0.0924411390625 0.43897359218750004 0 0.35210444218750003 0
1 0.8938045578124999 1 0.8539135343750001 0.852021603125 0.7563164062500001 0.848036675 0.7919754828125 1 0.8938045578124999 1
1 0.7894826187499999 1 0.7527615984375 0.8484892984375 0.6515929390624999 0.8504133578124999 0.686077146875 1 0.7894826187499999 1
1 0.9828443874999999 1 0.9846713421875 0.9476828390625001 0.9583763171875 0.848963121875 0.8601503781250001 0.849651403125 0.8976862406249999 1 0.9828443874999999 1
1 0.68260006875 1 0.6463341546875 0.8489642703125 0.547618196875 0.8420895953124999 0.5772073 1 0.68260006875 1
1 0.11500352968750001 0.8256415359375 0.1335274109375 0.9875072671874999 0.24154549531249997 0.9912793421874999 0.2150240078125 0.8297110890624999 0.11500352968750001 0.8256415359375
1 0.2186738234375 0.83194343125 0.2451777953125 0.9914061843749999 0.35408254375000003 0.9952092218749999 0.3250150890625 0.8352286609374999 0.2186738234375 0.83194343125
1 0.32693283125 0.83572391875 0.3553096953125 0.995252075 0.4661972109375 0.9991243531249999 0.43523837500000007 0.84159264375 0.32693283125 0.83572391875
1 0.5746174265625 1 0.5429576921875 0.8420010859374999 0.43816524531249995 0.8402786531249999 0.4668321765625 0.9991465265624999 0.4912724578125 1 0.5746174265625 1
1 0.0036308203125 0.8251043765625001 0.016200331249999998 0.983410115625 0.1297672703125 0.9873759609375 0.11293547968749999 0.826146078125 0.0036308203125 0.8251043765625001
1 0.793352415625 0.110960834375 0.7672081171875 0.009026340625 0.6881377125 0.0062651421875 0.7119291390625 0.10951813437499999 0.793352415625 0.110960834375
1 0.4400240328125 0 0.45760634062500005 0.0919784796875 0.5397415171875 0.0935936 0.516417759375 0.0002685484375 0.5087275359375 0 0.4400240328125 0
1 0.8769764703125 0.1166823765625 0.839265640625 0.011542645312499999 0.76903560625 0.0090901578125 0.79398221875 0.1123186109375 0.8769764703125 0.1166823765625
1 0.7100707296875 0.1066519109375 0.683864915625 0.006115932812500001 0.6007640546874999 0.0032139859375000003 0.6260310234375 0.101616184375 0.7100707296875 0.1066519109375
1 0.624901075 0.10104783125000001 0.597719940625 0.0031076828125 0.5176800625 0.0003126296875 0.5410363593749999 0.0953529609375 0.624901075 0.10104783125000001
1 1 0.0189085078125 0.9993136921874999 0.017131646875 0.9210490609375 0.014398584375 0.9614846015625 0.121034128125 1 0.12237911562499999 1 0.0189085078125
0 0.8433681796875 0.011685909375000001 0.8766357046875 0.121572796875 0.9593059265624999 0.120958046875 0.9211582500000001 0.0243808265625 0.9169589015625 0.014255753125000001 0.8433681796875 0.011685909375000001