1 1 0.291890803125 0.9311765515625 0.274750965625 0.94033175625 0.3983840453125 1 0.413727640625 1 0.291890803125
1 0.8520643078125 0.259357346875 0.8655295609375001 0.385627634375 0.9366917015625 0.40060798281250004 0.9226132859374999 0.2742158734375 0.8520643078125 0.259357346875
0 0.6712777953125 0.22368919375 0.5963229984375 0.20426256718750002 0.59141614375 0.20312973125 0.599364534375 0.32913811875 0.6798841640625 0.345030271875 0.6712777953125 0.22368919375
1 0.6766846234375 0.22324833437499997 0.684876053125 0.3440476453125 0.766257928125 0.368631040625 0.7558339328125 0.24163389375 0.6766846234375 0.22324833437499997
1 0.7602230328124999 0.24135618124999997 0.7698528734375001 0.372533928125 0.8538941718749999 0.39145348125 0.8423693312499999 0.259856003125 0.7602230328124999 0.24135618124999997
1 0.512657071875 0.186617015625 0.516918046875 0.31369805156249997 0.5995882156250001 0.330086696875 0.591510228125 0.2048217015625 0.512657071875 0.186617015625
1 0.4246648515625 0.1688220640625 0.42806285624999996 0.2970763875 0.5138110375 0.314849965625 0.5107103125 0.1860138421875 0.4246648515625 0.1688220640625
0 0.17056859687499998 0.1078398 0.0862868953125 0.08753203281250001 0.076931496875 0.2382638984375 0.16358783125 0.25766719375 0.17056859687499998 0.1078398
0 0.1708340328125 0.1087508828125 0.164780846875 0.26136685000000004 0.253286809375 0.28257241718750004 0.261253275 0.131325415625 0.1708340328125 0.1087508828125
0 0.34139050000000004 0.1489767515625 0.34094206250000003 0.30510523749999996 0.4242441046875 0.3236627109375 0.42280365781249996 0.16522304999999998 0.34139050000000004 0.1489767515625
0 0.2618912390625 0.13062290000000001 0.25414076875 0.2837169453125 0.3402473734375 0.30157326875 0.3387594703125 0.150068934375 0.2618912390625 0.13062290000000001
1 0.9399787999999999 0.4122780265625 0.858157815625 0.3951359921875 0.869296828125 0.56254435625 0.9573234968750001 0.5835581375000001 0.9399787999999999 0.4122780265625
1 1 0.42750660937499996 0.9439938515625 0.41218885624999996 0.9587340890625 0.5907960171875 0.9897487125 0.601371009375 1 0.5569678046875 1 0.42750660937499996
1 0.5971435796875 0.34087580625 0.5171312968749999 0.32359008125 0.518920234375 0.485253740625 0.6078559375 0.50233005625 0.5971435796875 0.34087580625
1 0.8524673093749999 0.4024427390625 0.766286621875 0.3827704875 0.7831488906249999 0.5468028703125001 0.8665961703124999 0.559155971875 0.8524673093749999 0.4024427390625
1 0.6802138515625 0.3628189765625 0.60047696875 0.3433847359375 0.6076985703125 0.500911278125 0.694361684375 0.5278312578125 0.6802138515625 0.3628189765625
1 0.6835107218750001 0.3658713265625 0.6964146343750001 0.5289964390625 0.7810702218750001 0.5478495 0.7630967921875 0.38264523437500003 0.6835107218750001 0.3658713265625
1 0.43143145625 0.4719675859375 0.5173634890625001 0.48696800468749996 0.5135902171875 0.322277215625 0.43120347968750006 0.30533040312500004 0.4299754875 0.32834409999999997 0.43143145625 0.4719675859375
1 0.0777789203125 0.23499419531250001 0.0497229296875 0.22765852656250002 0.015286242187499998 0.376820209375 0.0633905109375 0.3873202421875 0.0777789203125 0.23499419531250001
0 0.1661778234375 0.2659804890625 0.07930258125 0.24234892812500003 0.06706241093750001 0.3881679671875 0.157528653125 0.4067510453125 0.1661778234375 0.2659804890625
1 0.34083312656250003 0.307277096875 0.2548822828125 0.28626228125000003 0.25068594843750003 0.4295479765625 0.341004178125 0.4490171390625 0.34083312656250003 0.307277096875
0 0.2539437765625 0.28509150625 0.167994615625 0.2646666296875 0.1600838484375 0.409643659375 0.24892867187499998 0.43245780156249997 0.2539437765625 0.28509150625
1 0.4246667875 0.328014065625 0.3421517609375 0.309173975 0.34152309375 0.44844571875000006 0.428296028125 0.469861271875 0.4246667875 0.328014065625
1 0.9214063015624999 0.8973945140625 0.9036990734374999 0.7013566375 0.82928035 0.68052470625 0.8345818046875 0.882966578125 0.92053284375 0.9011778734375 0.9214063015624999 0.8973945140625
1 0.1514722359375 0.5266981859375 0.058668857812499996 0.5017323453125 0.041908067187499995 0.7028332625 0.140813259375 0.7267710515625 0.1514722359375 0.5266981859375
1 0.7479556781250001 0.6613080874999999 0.7492650984375 0.8671327046874999 0.8324178984374999 0.8830188640625 0.8246996203125001 0.680910725 0.7479556781250001 0.6613080874999999
1 0.25372583125000003 0.55073685625 0.2450970984375 0.7519505984375 0.3420699078125 0.7748903984375 0.3461394125 0.5672257453125 0.25372583125000003 0.55073685625
0 0 0.6929978640625001 0.041364584375 0.700339675 0.0557266765625 0.502518196875 0 0.49110361718749995 0 0.6929978640625001
1 0.63511878125 0.638347015625 0.6391886234374999 0.8423819328125 0.7292937765625 0.864288071875 0.722664140625 0.657464503125 0.63511878125 0.638347015625
1 0.44076858750000003 0.7675387734375 0.4410378203125 0.789123584375 0.5382677 0.8176413625000001 0.5303609265625 0.6160415718750001 0.4416385328125 0.5964297953125001 0.44076858750000003 0.7675387734375
1 0.348035528125 0.5737339890625 0.342847084375 0.772862371875 0.4380780203125 0.7926407140625 0.438415884375 0.5984629765625 0.348035528125 0.5737339890625
0 0.155700275 0.5267818515625 0.1433158390625 0.72955626875 0.2440505875 0.7522608546875 0.24992852812500002 0.55549910625 0.155700275 0.5267818515625
0 0.5325506515625 0.619080696875 0.5407995031249999 0.8224263296875 0.6379114078125 0.8420870640624999 0.6324369765625 0.6382895109375 0.5325506515625 0.619080696875
1 0.8977179578125 1 0.9210561937499999 0.89891099375 0.8323441203125 0.8843934453125 0.8385694125 1 0.8977179578125 1
0 0.2577117921875 0 0.256823109375 0.02435365625 0.3381000203125 0.0458200828125 0.337987053125 0 0.2577117921875 0
1 0.33872068125 0 0.338339403125 0.045875348437500005 0.4168424234375 0.0662510140625 0.41576446718750004 0 0.33872068125 0
1 0.4161781890625 0 0.41716647812499996 0.0658754640625 0.497838746875 0.08450012500000001 0.49719485781249995 0 0.4161781890625 0
1 0.7402156515625 1 0.730655240625 0.86671918125 0.640046853125 0.8452371859375001 0.646047321875 1 0.7402156515625 1
1 0.64378076875 1 0.6366379875 0.8450135890625001 0.5416137187500001 0.8284060546875001 0.5475936453125 1 0.64378076875 1
1 0.8370173671875 1 0.8289683 0.882865478125 0.7369223875 0.865638015625 0.7440417015625 1 0.8370173671875 1
1 0.5445994640625 1 0.5369557781250001 0.82609455 0.44582541718749996 0.8017074 0.44452816406249995 1 0.5445994640625 1
1 0.043968553125 0.7076216671875 0.0286152421875 0.9043243078125001 0.1310568390625 0.9279748140624999 0.1368293609375 0.729623675 0.043968553125 0.7076216671875
1 0.1398393 0.7323747078125 0.134517628125 0.9287737999999999 0.236378678125 0.9522902765625 0.23875767187500002 0.7547934453125 0.1398393 0.7323747078125
1 0.24046233125 0.7556053640625 0.23736213125 0.9525173234375 0.34119691093750004 0.976489471875 0.3407494984375 0.7807967609375 0.24046233125 0.7556053640625
1 0.343727234375 0.7801008281249999 0.34112414062499996 0.976472671875 0.4426747125 0.99991746875 0.44148015 0.8007767359375 0.343727234375 0.7801008281249999
1 0 0.897717959375 0.024708520312500003 0.9034223703125001 0.0419415796875 0.7077171046874999 0 0.69914779375 0 0.897717959375
1 0.808625190625 0.162890196875 0.8023115437499999 0.056642065625 0.728972421875 0.0397103953125 0.7326905640625 0.146727528125 0.808625190625 0.162890196875
1 0.4981224953125 0 0.497879421875 0.0840591546875 0.574448925 0.10051253906249999 0.5692493390625 0.0028354156249999997 0.5569678046875 0 0.4981224953125 0
1 0.885841903125 0.18345351875 0.8686795546875 0.071964328125 0.8040977796875 0.05705445 0.8089678703125 0.1642741546875 0.885841903125 0.18345351875
1 0.7314722109375 0.143709809375 0.724822159375 0.038752231250000005 0.64760578125 0.020925425 0.6537419203125 0.123712028125 0.7314722109375 0.143709809375
1 0.6527877656250001 0.1229751 0.6446534515625 0.0202438265625 0.5704472640625 0.003111978125 0.5753409921875 0.102392928125 0.6527877656250001 0.1229751
1 1 0.1022820421875 0.9445720234375001 0.08948548437500001 0.9641348234375 0.2028970828125 1 0.2111772109375 1 0.1022820421875
1 0.8728254718749999 0.0729214890625 0.8846344687500001 0.18796352968750002 0.9621098203124999 0.20242957499999997 0.9439579874999999 0.10519997656249999 0.9405578437500001 0.0885587390625 0.8728254718749999 0.0729214890625