1 0.8070977625 0.1386805484375 0.8707427953125 0.2393054140625 0.9419025375000001 0.2221088 0.8747687734375 0.12178289375 0.8070977625 0.1386805484375
1 0.7327418421874999 0.161384296875 0.801250203125 0.2622962859375 0.8686460640625 0.242834684375 0.7995602671875 0.1420965328125 0.7327418421874999 0.161384296875
0 0.562602728125 0.21285079062499998 0.4899671921875 0.23025854375 0.4852749140625 0.23151583593749997 0.5489646765625 0.3346987546875 0.6247448624999999 0.3117815015625 0.562602728125 0.21285079062499998
1 0.567010140625 0.210034090625 0.6285540390625 0.30869322499999996 0.7089946703125001 0.2927509703125 0.6427491 0.1898488453125 0.567010140625 0.210034090625
1 0.646363115625 0.187630259375 0.7138204499999999 0.2944337078125 0.793968525 0.27249045 0.7247070843750001 0.1661876140625 0.646363115625 0.187630259375
0 0.41071439375 0.253111725 0.47174704062500006 0.358869759375 0.549583725 0.33540146875 0.486119334375 0.23290703124999998 0.41071439375 0.253111725
1 0.32770816406250003 0.2777931890625 0.38853554218749997 0.3849353640625 0.469620225 0.3612497796875 0.40878332500000003 0.25348028125 0.32770816406250003 0.2777931890625
0 0.0836757125 0.34093528125 0.0026957624999999997 0.36181085 0.0628104796875 0.49376235468749996 0.1454050390625 0.47104736875000003 0.0836757125 0.34093528125
0 0.0843133953125 0.3415873546875 0.148092603125 0.473643234375 0.23307710781250002 0.4516196484375 0.17154635000000001 0.319859240625 0.0843133953125 0.3415873546875
0 0.2477953515625 0.298605440625 0.3179363359375 0.43110512500000003 0.397291021875 0.4091890953125 0.324496778125 0.275584528125 0.2477953515625 0.298605440625
0 0.17177256093749999 0.31897568593750003 0.2343216515625 0.4522036046875 0.31574908281249997 0.42842617968749996 0.246047084375 0.3007197734375 0.17177256093749999 0.31897568593750003
0 0.876717975 0.25123810625 0.7992644828125 0.273684290625 0.8843729359375001 0.41050618125 0.9688624578124999 0.38853665937500004 0.876717975 0.25123810625
1 0.97333360625 0.39403235937500003 0.988582371875 0.391562584375 0.946463925 0.2343744015625 0.8800984734374999 0.24934830312499998 0.97333360625 0.39403235937500003
1 0.5523743515625 0.3456483640625 0.4763969453125 0.3671555125 0.550944375 0.503334496875 0.6344298359375 0.47761776562499997 0.5523743515625 0.3456483640625
1 0.797716690625 0.2824470515625 0.7154058890624999 0.3047192078125 0.803865559375 0.43609431406250004 0.8805414812500001 0.40885532031249994 0.797716690625 0.2824470515625
1 0.6330608890625 0.3267059671875 0.5563476374999999 0.34626810468749997 0.6336549015624999 0.4764866578125 0.7196505140625 0.4601379453125 0.6330608890625 0.3267059671875
1 0.6372485234374999 0.32780268125 0.721925909375 0.4601976296875 0.8025673203125001 0.4379204546875 0.712631615625 0.30605442968749996 0.6372485234374999 0.32780268125
1 0.4704036875 0.5316090531250001 0.550392378125 0.5054905265625 0.47278696875000004 0.36764311250000004 0.3949396421875 0.3905103640625 0.40428867031250004 0.4105661328125 0.4704036875 0.5316090531250001
1 0 0.565826246875 0.0005447562500000001 0.5678593046875 0.031683051562499995 0.6505902906250001 0.11860229687499999 0.6261853890625 0.062055553124999996 0.490608821875 0 0.505341159375 0 0.565826246875
0 0.151366784375 0.47692140937499994 0.0666758140625 0.49615244687500004 0.122113625 0.6252445328125 0.20758368749999997 0.60011298125 0.151366784375 0.47692140937499994
1 0.31882454843749997 0.4329946953125 0.2361031390625 0.4540253609375 0.2972498859375 0.5773361 0.3829940890625 0.5530222625000001 0.31882454843749997 0.4329946953125
0 0.23477470312499998 0.4534573671875 0.1523212015625 0.4749871609375 0.2110672734375 0.6014094734375 0.2970670734375 0.5805958140625 0.23477470312499998 0.4534573671875
1 0.399616646875 0.4126852671875 0.320804828125 0.43400619687499997 0.3831780890625 0.5523035859375 0.466780925 0.531241021875 0.399616646875 0.4126852671875
1 1 0.548614196875 0.9763845578125 0.5125851609375001 0.9035709765625001 0.5285598859375 0.9995304968750001 0.6977055359375 1 0.6975706234375 1 0.548614196875
1 0.2566036734375 0.7044880578125 0.1662593140625 0.7252671687500001 0.2428163703125 0.903245603125 0.33789503125000003 0.8788381921875 0.2566036734375 0.7044880578125
1 0.825603246875 0.5490238859375001 0.9196895859374999 0.72283978125 0.99771049375 0.698727621875 0.8998426171875 0.5309568328125 0.825603246875 0.5490238859375001
1 0.3545806984375 0.67865311875 0.43811712812500003 0.8530526015625 0.5310986328125 0.8286727015625001 0.44076392656249996 0.650867109375 0.3545806984375 0.67865311875
0 0.0737496046875 0.753885978125 0.1467192296875 0.9319421999999999 0.2412269796875 0.9013782140625001 0.1641075796875 0.7272625234375 0.0737496046875 0.753885978125
1 0.7190961328125 0.5805541109375 0.8147259124999999 0.7516061609375 0.901389353125 0.7294536015624999 0.8023190328125 0.557195228125 0.7190961328125 0.5805541109375
1 0.44531916093749996 0.6555251578125 0.5308447187499999 0.82660305625 0.6209141390624999 0.8003313500000001 0.5334921484375 0.6356402140624999 0.44531916093749996 0.6555251578125
0 0.2602437046875 0.70264846875 0.34128527656249996 0.8800674578125 0.4373656578125 0.8537883765625001 0.353496546875 0.6844043109375 0.2602437046875 0.70264846875
0 0.6230067953125 0.6105750765625 0.7218856890625001 0.7791547249999999 0.8135045468750001 0.7519334234375 0.71678529375 0.5817171859375 0.6230067953125 0.6105750765625
1 0.6124840593750001 0.7801445484375 0.622463275 0.798313 0.7181833671875 0.778543496875 0.6203845140625 0.6112886359374999 0.535935525 0.6347605328125 0.6124840593750001 0.7801445484375
1 0 0.26193735937499996 0.039675376562499996 0.250880578125 0 0.16673875625 0 0.26193735937499996
1 0 0.1657997 0.040646748437500005 0.2518738734375 0.11851797187499999 0.2301726265625 0.07288178437500001 0.1379362046875 0 0.15744091875 0 0.1657997
0 0.1478869921875 0.11849180781249999 0.07361279375 0.13707087499999998 0.1194528890625 0.23121745625 0.1983961609375 0.212681434375 0.1478869921875 0.11849180781249999
1 0.2229387 0.1009985265625 0.1491341125 0.1178813484375 0.1986250765625 0.212620096875 0.27471233281249996 0.19441321875 0.2229387 0.1009985265625
1 0.3040052609375 0.08494646875 0.223173078125 0.10048415 0.2748187875 0.1939485640625 0.351963290625 0.17327775781250002 0.3040052609375 0.08494646875
1 0.8167468265625001 0.753637790625 0.907219915625 0.9085238421874999 0.999808490625 0.8837148078125001 0.9036474328124999 0.7308984359374999 0.8167468265625001 0.753637790625
1 0.7252804234375 0.78385379375 0.812187384375 0.9339877328125 0.905254571875 0.9090504546875 0.81374151875 0.7549886531250001 0.7252804234375 0.78385379375
1 1 0.708632034375 0.9947021953125 0.7001563890625 0.9084986015625001 0.7271504249999999 1 0.8787958984375001 1 0.708632034375
1 0.6316102375 0.80451335625 0.7134242484375 0.960451234375 0.8093734093749999 0.934741734375 0.7202678125 0.78399985625 0.6316102375 0.80451335625
1 0.39380608437500003 1 0.335789325 0.8830555578125001 0.2467347953125 0.906372053125 0.2875960265625 1 0.39380608437500003 1
1 0.5073347312500001 1 0.43400012656250003 0.8583260515625 0.33959639375 0.8840266 0.39742271093750003 1 0.5073347312500001 1
1 0.565826246875 1 0.6144849812500001 0.98696193125 0.53264155625 0.834274159375 0.43581922031250003 0.858243771875 0.5085301640625 1 0.565826246875 1
1 0.5348641984375 0.8323389328124999 0.61464180625 0.9869199109375 0.7114708765625 0.9609746390625 0.6274877437499999 0.805688203125 0.5348641984375 0.8323389328124999
1 0.284381353125 1 0.2450509484375 0.9073688328125 0.1486410921875 0.9358271015625 0.1740198640625 1 0.284381353125 1
1 0.5900958875 0 0.5225289734375 0.0202994203125 0.5801621484374999 0.119886546875 0.6521581609375 0.0992702984375 0.5913835078125 0 0.5900958875 0
1 0.351798759375 0.1728857171875 0.42446699375 0.152228934375 0.37340931875 0.06765808906250001 0.30509433750000003 0.0846546515625 0.351798759375 0.1728857171875
1 0.5935942125 0 0.6530752515625 0.10028816562500001 0.7272342640625 0.0818036640625 0.6659340968749999 0 0.5935942125 0
1 0.4480368171875 0.047147046875 0.502502815625 0.13605789375 0.5777610265625001 0.11787997812499999 0.519833459375 0.024091325 0.4480368171875 0.047147046875
1 0.4456267140625 0.048743621875 0.37398026875 0.0663535828125 0.42607639375 0.1534192109375 0.50135701875 0.1358645953125 0.4456267140625 0.048743621875
1 0.7537793203125001 0 0.8027214875 0.062901896875 0.872962378125 0.0440809078125 0.8382250156250001 0 0.7537793203125001 0
1 0.6702392484375 0 0.7282427109375 0.08617085937499999 0.8007850375000001 0.0634207671875 0.750018915625 0 0.6702392484375 0
1 0.8407459656249999 0 0.8729788640624999 0.0427515171875 0.8939608874999999 0.0384303953125 0.88366349375 0 0.8407459656249999 0