1 0.985814984375 0.2796844390625 0.9484335828124999 0.1904316296875 0.8774111421875 0.194174459375 0.921567521875 0.3076984234375 0.9875659109375 0.304723859375 0.985814984375 0.2796844390625
1 0.798568878125 0.2024425828125 0.847537684375 0.3172058625 0.9187829031250001 0.31083369375 0.8692023046875 0.1961321359375 0.798568878125 0.2024425828125
0 0.6182582125 0.22087569999999998 0.5421671406249999 0.2241602578125 0.5372258375000001 0.2245057875 0.5809299343750001 0.3406081171875 0.6612393796875 0.33240400000000003 0.6182582125 0.22087569999999998
1 0.6232173734375 0.2189080140625 0.6656524734375 0.330046540625 0.749271721875 0.3297601859375 0.7029546890625 0.2134401984375 0.6232173734375 0.2189080140625
1 0.707003434375 0.21191820312499998 0.753775375 0.332394084375 0.8382678406249999 0.3260223890625 0.7895927046875 0.20569664062499998 0.707003434375 0.21191820312499998
1 0.4583940421875 0.2316210359375 0.49893797500000003 0.34979060156249997 0.5814130578125 0.3414350484375 0.53780078125 0.2260683765625 0.4583940421875 0.2316210359375
1 0.370508484375 0.240184484375 0.41057798749999996 0.359704315625 0.49634655624999996 0.35176554375 0.45638941875 0.23161369375000002 0.370508484375 0.240184484375
0 0.11396150468749999 0.2558981546875 0.028843793750000003 0.26103468125 0.06337916875 0.4053366890625 0.150470534375 0.3986681203125 0.11396150468749999 0.2558981546875
0 0.1144731234375 0.256677859375 0.1526563921875 0.40180120468749997 0.2420057546875 0.3962944515625 0.2060157828125 0.2519075375 0.1144731234375 0.256677859375
0 0.2864712859375 0.245466059375 0.3309364875 0.392279090625 0.4146294765625 0.385779621875 0.36772303906250003 0.2373379359375 0.2864712859375 0.245466059375
0 0.20641390781250002 0.2510642171875 0.24313808125 0.3971243859375 0.3292675890625 0.38916037187499997 0.2843104203125 0.2472481265625 0.20641390781250002 0.2510642171875
1 0.9252300421875 0.3208533609375 0.8433371421875 0.3282571109375 0.9019450000000001 0.48233837812499997 0.99078838125 0.4767891515625 0.9252300421875 0.3208533609375
1 1 0.4825396140625 0.988483321875 0.3178434484375 0.9289811484375001 0.319615978125 0.994196140625 0.4831839171875 1 0.483368434375 1 0.4825396140625
1 0.5822153953125 0.3522739125 0.5019825328125 0.3590229859375 0.5501436765625 0.51039351875 0.6387101125 0.500883821875 0.5822153953125 0.3522739125
1 0.8400850859375 0.336756865625 0.7533638125000001 0.3430360859375 0.8163846296875 0.4923011796875 0.8984304765625 0.4799309140625 0.8400850859375 0.336756865625
1 0.6666637625 0.3490219296875 0.586072253125 0.35367332500000004 0.6381541875 0.49959608125 0.727412978125 0.49998755937499995 0.6666637625 0.3490219296875
0 0.6706425 0.3509423828125 0.729679065625 0.5004924046875 0.8147302468750001 0.493881740625 0.7503273015625 0.3438349125 0.6706425 0.3509423828125
1 0.4640279578125 0.523048378125 0.5491721843749999 0.5124513703125 0.49827418124999995 0.35880695937499996 0.4159052359375 0.366556675 0.42136658125000004 0.3885310875 0.4640279578125 0.523048378125
1 0 0.517460384375 0.002744315625 0.5567059265625 0.09349567812500001 0.5492671328125 0.063236253125 0.402021290625 0 0.40461540625000003 0 0.517460384375
0 0.155296875 0.4057343828125 0.0667839671875 0.4084933515625 0.0971933546875 0.549008565625 0.1876326796875 0.54047473125 0.155296875 0.4057343828125
1 0.33145842812500004 0.394350871875 0.24456736874999999 0.39930270156250003 0.2818148171875 0.53512665625 0.372369665625 0.52746783125 0.33145842812500004 0.394350871875
0 0.24334796718749999 0.39847240156249997 0.1566280984375 0.40397799687499997 0.1908678421875 0.5424582078125 0.2809984203125 0.538365365625 0.24334796718749999 0.39847240156249997
1 0.416278090625 0.389746315625 0.3332441515625 0.3957541375 0.37269349687500003 0.5267818828124999 0.46047306718750003 0.5219703484375 0.416278090625 0.389746315625
1 1 0.6661157156249999 0.974213928125 0.6028693546875 0.8982230859375001 0.6046795875 0.961412021875 0.7933524171874999 1 0.7899520515625 1 0.6661157156249999
1 0.2164206046875 0.6549063328125 0.12194781562499998 0.658115009375 0.163998471875 0.8518669390625 0.263915340625 0.8459392203125 0.2164206046875 0.6549063328125
1 0.816200596875 0.60999164375 0.876606984375 0.8029895874999999 0.9593915859375001 0.7940232734375 0.8940252234375 0.60635839375 0.816200596875 0.60999164375
1 0.3195161390625 0.6481113296875 0.369248615625 0.8396327515625 0.46706087656250006 0.8333226249999999 0.4111851390625 0.6370504734375 0.3195161390625 0.6481113296875
0 0.0237841515625 0.6687754609375001 0.0622286578125 0.8619041031249999 0.1627703390625 0.84968034375 0.1194061984375 0.659698675 0.0237841515625 0.6687754609375001
1 0.7034597375 0.6208398609375 0.7659481640625 0.8113632390625 0.8570032140625001 0.8060552 0.7913051890625 0.6136473375 0.7034597375 0.6208398609375
1 0.4148398359375 0.6426202375 0.46720886562499997 0.831193975 0.5624737171875 0.8224141093749999 0.506965325 0.63988521875 0.4148398359375 0.6426202375
0 0.220421746875 0.6537701359375 0.267070134375 0.8478369171875 0.36835341875 0.8402249218750001 0.31731337187499997 0.6536765515625 0.220421746875 0.6537701359375
0 0.60144039375 0.63220890625 0.6676616171875 0.8208839796875 0.76466198125 0.811453178125 0.7009205765625001 0.621556371875 0.60144039375 0.63220890625
0 0.5579577015625 0.8004877468749999 0.5644165984375 0.820689525 0.6640743437500001 0.8195460999999999 0.5986768234375 0.6324129765625 0.5095820890625 0.6394792953125 0.5579577015625 0.8004877468749999
1 0 0.1396018265625 0.0052493578125 0.1634069078125 0.0874156546875 0.156833140625 0.061763751562500004 0.055523393750000004 0 0.06008176875 0 0.1396018265625
1 0.1426018828125 0.0498706421875 0.062166709375 0.055470392187499995 0.0881949953125 0.158020853125 0.1703612953125 0.1514470875 0.1426018828125 0.0498706421875
1 1 0.789888246875 0.9597173796874999 0.7953359046874999 1 0.9054121593750001 1 0.789888246875
0 0.2214607515625 0.0450035578125 0.1435017703125 0.0491443265625 0.171094128125 0.1526794390625 0.2537185125 0.14949482187500002 0.2214607515625 0.0450035578125
1 0.2999870453125 0.04210550625 0.2228277453125 0.0446341796875 0.2539595765625 0.1494779640625 0.33366111875 0.1460655609375 0.2999870453125 0.04210550625
1 0.3842541859375 0.0418312359375 0.3003216078125 0.04163463125 0.3338579671875 0.145619621875 0.41509658906249997 0.1399388640625 0.3842541859375 0.0418312359375
1 0.767576340625 0.8137991906250001 0.8250486406249999 0.978491334375 0.9222389109375 0.9716951281249999 0.8589828140625 0.807948075 0.767576340625 0.8137991906250001
1 0.670146678125 0.8262680484375 0.7250094828125 0.9854867531249999 0.8229101562500001 0.9786408718749999 0.7643055234375 0.81456855625 0.670146678125 0.8262680484375
1 1 0.9095277734374999 0.9561026375000001 0.794870309375 0.8645671421875001 0.8051316296875 0.9252811171875001 0.971482396875 1 0.9662575421874999 1 0.9095277734374999
1 0.5723679500000001 0.8287063609375 0.6213893781250001 0.9927325765624999 0.7219606078125 0.9856999515625 0.6651006484375 0.8254346890625 0.5723679500000001 0.8287063609375
1 0.30221748437499996 1 0.260988034375 0.84976394375 0.167313328125 0.85577366875 0.19941106718749999 1 0.30221748437499996 1
1 0.40975420468749996 1 0.36410278125 0.8441250796875 0.26461024375000003 0.8514837468750001 0.30568840937499997 1 0.40975420468749996 1
1 0.5171105515625001 1 0.467516921875 0.8392510890624999 0.365939690625 0.8443981015625001 0.4108864484375 1 0.5171105515625001 1
1 0.5174603765625 1 0.619216628125 0.9928845109375001 0.5680130265625001 0.8290804765625 0.470117834375 0.8377416906249999 0.5174254453125 1 0.5174603765625 1
1 0.1958871265625 1 0.1654341015625 0.8564457265625001 0.0633975671875 0.8661823421875001 0.0883293296875 1 0.1958871265625 1
1 0.6155592234375 0.0196182609375 0.6538993484375 0.13092433750000002 0.7299737015625001 0.12429173906249999 0.6882906281250001 0.012322353125000001 0.6155592234375 0.0196182609375
1 0.41500806875 0.13951288125 0.49176319843750005 0.132970996875 0.4570873390625 0.0380347671875 0.3854010625 0.0417510390625 0.41500806875 0.13951288125
1 0.6905333984375 0.0128220046875 0.7306939328125 0.1254935203125 0.8085192359375 0.121425221875 0.755164040625 0.0109285140625 0.6905333984375 0.0128220046875
1 0.5357753828125 0.032022365625 0.573019678125 0.131984628125 0.6518857125 0.1284392203125 0.6121241859375 0.022900278125 0.5357753828125 0.032022365625
1 0.5330526234375 0.0331549296875 0.45791234531249997 0.036835995312499994 0.4931429328125 0.13448133125 0.5719102890625 0.1315664265625 0.5330526234375 0.0331549296875
1 0.8317945312499999 0.0064661640625 0.8877551671875 0.11719746874999999 0.9617237968750001 0.112025078125 0.9067661046875 0.004922831250000001 0.8317945312499999 0.0064661640625
1 0.8086800984375 0.126009340625 0.8857159484375 0.1173400640625 0.8406879421875001 0.031207334375 0.8276003968750001 0.00717623125 0.761046759375 0.0131430765625 0.8086800984375 0.126009340625
1 0.9619986140625001 0.1106928984375 0.9739888015625 0.1105621453125 0.9662575640625001 3e-7 0.9099749156250001 0.0037557625 0.9619986140625001 0.1106928984375