1 1 0.3472680640625 0.9562734875000001 0.33136730625 0.9525623015625 0.4531199390625 1 0.47078015781250004 1 0.3472680640625
1 0.8804681890625 0.308172028125 0.8807026265625 0.4329458203125 0.948774 0.45491793437499994 0.9479522875 0.3299619109375 0.8804681890625 0.308172028125
1 0.7072889531250001 0.2546868140625 0.6359633734375 0.2279791125 0.6312798703125 0.22636645312499998 0.626144909375 0.3503157640625 0.7032757468749999 0.3741432328125 0.7072889531250001 0.2546868140625
1 0.7126227203125 0.254813246875 0.7082591546875 0.37369751406249996 0.7853429656250001 0.40610656718750004 0.7881577531249999 0.2809359453125 0.7126227203125 0.254813246875
1 0.79247933125 0.2811169140625 0.788459453125 0.4102908 0.8687247984375001 0.437439459375 0.870934115625 0.307660134375 0.79247933125 0.2811169140625
1 0.5559346703125 0.20211403749999998 0.5470830296875 0.32673147343750003 0.62626651875 0.351265728125 0.63119855625 0.228029471875 0.5559346703125 0.20211403749999998
1 0.47168958125 0.1756571125 0.4618736359375 0.301332096875 0.5439259453124999 0.32753686875 0.554092275 0.201324009375 0.47168958125 0.1756571125
0 0.22939702187500002 0.08988073125 0.14903875312499998 0.0613507890625 0.12444545 0.207675534375 0.2072190890625 0.235566390625 0.22939702187500002 0.08988073125
1 0.22956331406250002 0.0907983578125 0.20800698906249998 0.23930449375 0.292405171875 0.26914707656250003 0.315692690625 0.12217581875000001 0.22956331406250002 0.0907983578125
0 0.39226925625 0.147682878125 0.37583527031249997 0.3001989234375 0.4554146171875 0.32691758593750003 0.47023780156250006 0.171948490625 0.39226925625 0.147682878125
0 0.3163886765625 0.12155509843750001 0.29312320000000003 0.270353471875 0.3755176203125 0.2966760375 0.3895838625 0.1484789609375 0.3163886765625 0.12155509843750001
1 0.9507936265625 0.4666601828125 0.872517940625 0.4414772671875 0.8662624109375001 0.6062097343749999 0.9502114265625 0.6358155203125 0.9507936265625 0.4666601828125
0 1 0.4846311359375 0.9547300218749999 0.4669868390625 0.9508496546874999 0.64303345 0.9756158453125 0.65448803125 1 0.583671303125 1 0.4846311359375
1 0.6227699921875 0.3615564546875 0.5462781796875 0.33641953125 0.5314655671875 0.4945749015625 0.6167071359375 0.520426840625 0.6227699921875 0.3615564546875
1 0.8662032859375 0.448030653125 0.783922446875 0.41992600468749997 0.783610896875 0.5819494421875 0.8639679453125 0.60262041875 0.8662032859375 0.448030653125
1 0.701775775 0.39155959375 0.625773453125 0.3643516140625 0.6166985656249999 0.5190242515625 0.698708753125 0.5542607984375 0.701775775 0.39155959375
0 0.704687840625 0.3948819953125 0.7005974390625 0.5556109421875 0.7814704546875 0.5827579375 0.7808151984375 0.41947486874999995 0.704687840625 0.3948819953125
1 0.447250984375 0.4725756671875 0.5297672375 0.4960895703125 0.5429490328125001 0.334771709375 0.4640999625 0.3097212484375 0.460541071875 0.33208272031249997 0.447250984375 0.4725756671875
1 0.125609325 0.2045678515625 0.078967921875 0.18698919687499999 0.0297195703125 0.3300167953125 0.09592973593750001 0.3519316625 0.125609325 0.2045678515625
0 0.20890075156250001 0.24395672031250001 0.1263461765625 0.2119116171875 0.099434496875 0.35313844843750003 0.18601876875 0.38062047187500003 0.20890075156250001 0.24395672031250001
0 0.3755062078125 0.302309946875 0.293587734375 0.2729170875 0.27480354375 0.41249743437499997 0.3611522625 0.4408300484375 0.3755062078125 0.302309946875
0 0.2927896921875 0.2716763328125 0.210812425 0.24286010937500002 0.1882217453125 0.38371035 0.27278658125 0.415159690625 0.2927896921875 0.2716763328125
0 0.45538226406250004 0.3312131125 0.37660167499999997 0.30429939687499996 0.3617183734375 0.44032515937500005 0.44439990781249994 0.4701943296875 0.45538226406250004 0.3312131125
1 0.8831523375 0.9230215562499999 0.88569110625 0.745396803125 0.8150338500000001 0.71737114375 0.7994792265624999 0.915735284375 0.8770060718750001 0.9408716078125 0.8831523375 0.9230215562499999
1 0.16780620468750002 0.49720365468749994 0.0795898125 0.46324379843749997 0.0425927359375 0.6580238890625 0.1368828453125 0.6916080265625 0.16780620468750002 0.49720365468749994
1 0.7374561640625 0.690212178125 0.717650234375 0.891470378125 0.7973572812499999 0.9155633640625 0.8105137359375 0.7172762578125 0.7374561640625 0.690212178125
1 0.2653611640625 0.5312314546875 0.23630676875 0.7269598796875 0.32880899218750004 0.7593696734375001 0.3540647453125 0.5568678140625 0.2653611640625 0.5312314546875
0 0 0.643342740625 0.04231660625 0.6555312484375 0.0766314546875 0.46370847968750006 0 0.43943262812499995 0 0.643342740625
0 0.6294389203125 0.6561466515625 0.6125164078124999 0.8559405203124999 0.6984070390625 0.8866324859375 0.7131114296875001 0.6838498515625 0.6294389203125 0.6561466515625
1 0.35525263125 0.5634228125 0.3297769453125 0.7574680640625 0.42089927187500004 0.786609096875 0.44112324531249997 0.5969015125 0.35525263125 0.5634228125
0 0.171933221875 0.49772115 0.1390453578125 0.6945875406249999 0.23525135625 0.7271551953125 0.26115900000000003 0.5354935796875 0.171933221875 0.49772115
1 0.5310873796875 0.62674978125 0.5183231140625 0.8263007953124999 0.611297328125 0.8555207578124999 0.6268216484375 0.6558140734375 0.5310873796875 0.62674978125
0 0.4253095703125 0.764661228125 0.423361553125 0.7857807546875 0.5155437609375 0.8236676109375001 0.5284637625 0.6258578140625 0.4436905984375 0.5975503093750001 0.4253095703125 0.764661228125
1 0.856646534375 1 0.8776755828124999 0.938927209375 0.7971442890625 0.9168989453125 0.7929348593750001 1 0.856646534375 1
0 0.32475834375 0 0.32231864374999997 0.017190896875 0.3996191203125 0.046543359374999996 0.4043828453125 0 0.32475834375 0
1 0.4051281828125 0 0.3998476078125 0.046622034374999996 0.4745465953125 0.0746227734375 0.4811436984375 0 0.4051281828125 0
1 0.48156470156250003 0 0.47490203906249995 0.07428919687499999 0.551902234375 0.10080249062499999 0.5616940968749999 0 0.48156470156250003 0
1 0.6958544296875 1 0.699489665625 0.889148378125 0.6130633484375 0.8588190046875 0.60377856875 1 0.6958544296875 1
1 0.601469678125 1 0.60975193125 0.8582491984375 0.5185069015625 0.832227846875 0.5068124296875001 1 0.601469678125 1
1 0.790957878125 1 0.7939988234375 0.91505796875 0.7057305390625 0.8887377984375 0.6999985453125 1 0.790957878125 1
1 0.5038602921875001 1 0.5141876265625 0.8294890953125 0.427548384375 0.7962671296875 0.40573546875 0.9919507234375 0.4274835140625 1 0.5038602921875001 1
1 0.0441175953125 0.6629152703125001 0.007874903125 0.8593580812500001 0.1059320203125 0.893121853125 0.1326938046875 0.6939849125 0.0441175953125 0.6629152703125001
1 0.1353560875 0.6969833109375 0.10924682968749999 0.8942632343750001 0.20655829374999998 0.9277702578125 0.2298147125 0.7290844515625 0.1353560875 0.6969833109375
1 0.23139891562499998 0.7300535078125 0.2074755546875 0.928086096875 0.3066887453125 0.9622479374999999 0.32691234687500004 0.7650050453125 0.23139891562499998 0.7300535078125
1 0.32989626875 0.7646318921875 0.306528890625 0.9621928953125 0.40356912500000003 0.995606528125 0.423393475 0.7949099015625001 0.32989626875 0.7646318921875
1 0 0.8566465328125 0.004089853125 0.8580547828125 0.042125165625 0.6627996281249999 0 0.649477853125 0 0.8566465328125
1 0.8478619640625 0.20943152656250003 0.8531205859375 0.092778828125 0.7834139234374999 0.0687769 0.7752435875 0.185812246875 0.8478619640625 0.20943152656250003
1 0.5628049171875 0 0.5519871953125 0.10037578437500001 0.6251967828125 0.1243445671875 0.630372025 0.02340636875 0.5661765265625001 0 0.5628049171875 0
1 0.8549928296875 0.09342349375 0.8480553640625 0.21081918593750001 0.9212835453125001 0.23748307031250002 0.9153443328125 0.11492277656250001 0.899721375 0.10882476562500001 0.8549928296875 0.09342349375
1 0.7051539828125 0.048617792187499995 0.700379171875 0.1551860453125 0.7743610390625 0.182737896875 0.778997709375 0.07005272031250001 0.7051539828125 0.048617792187499995
1 0.7022051421875 0.048596456249999996 0.63159984375 0.022625248437500002 0.6258767 0.12627394218750002 0.699521378125 0.154367615625 0.7022051421875 0.048596456249999996
0 0.9196404625 0.24176562656249997 0.9939396921875 0.26388582031249996 0.9861459328125 0.16700638125 0.9834884828125 0.139771921875 0.919894103125 0.11925985312500001 0.9196404625 0.24176562656249997