1 1 0.295274571875 0.93637815625 0.28177357187499996 0.9496609265625 0.4021713875 1 0.4132536921875 1 0.295274571875
1 0.8583396328124999 0.2693878046875 0.8759367140625001 0.39221634375000003 0.9461725921875 0.40446424218750004 0.9279705828125 0.281537253125 0.8583396328124999 0.2693878046875
1 0.6799896484375 0.24060479687499997 0.6058831921875 0.2241426828125 0.6010367203125 0.22320062499999999 0.6132201328125 0.3459577859375 0.69265478125 0.35878325312500003 0.6799896484375 0.24060479687499997
1 0.6852710015625 0.23999374218749997 0.6975107406250001 0.3576571328125 0.7780933437499999 0.378939103125 0.7634502359375 0.2552993203125 0.6852710015625 0.23999374218749997
1 0.767740275 0.254881546875 0.781751278125 0.382629409375 0.8647415234375 0.39829288749999997 0.8488594624999999 0.2701985515625 0.767740275 0.254881546875
1 0.5233051296875 0.2097104796875 0.5319136359375001 0.33363807031250003 0.613472359375 0.346876415625 0.6011879296875 0.2248493625 0.5233051296875 0.2097104796875
1 0.43648365 0.19527695625 0.444287696875 0.3203788640625 0.528910084375 0.33486649218750003 0.5213769625 0.2091866375 0.43648365 0.19527695625
0 0.185433334375 0.1442288875 0.1021591421875 0.1272181203125 0.098253784375 0.2746910703125 0.18382269843750002 0.29073946093749997 0.185433334375 0.1442288875
1 0.1857251578125 0.14510951562500002 0.1851205171875 0.2943115984375 0.27256428593750004 0.3120577625 0.2750910171875 0.164128284375 0.1857251578125 0.14510951562500002
0 0.35421243125 0.178684028125 0.35922098125 0.33112815156250003 0.44147438906250003 0.3464628265625 0.434534771875 0.191825396875 0.35421243125 0.178684028125
0 0.275691478125 0.1634211015625 0.27344079374999997 0.3131466421875 0.35841719375 0.3277030796875 0.3516730828125 0.17983823593749998 0.275691478125 0.1634211015625
1 0.949799965625 0.415747953125 0.869046846875 0.4017456984375 0.8858005015625 0.5648152953125 0.97276804375 0.58239023125 0.949799965625 0.415747953125
1 1 0.426454121875 0.9537301546875 0.415526753125 0.9744024687499999 0.5894094890625 0.99100421875 0.5944238093750001 1 0.548144525 1 0.426454121875
1 0.61145396875 0.3574915609375 0.5324677109375 0.343288590625 0.5398612203125001 0.5010619843749999 0.6275818953125001 0.514762378125 0.61145396875 0.3574915609375
1 0.8637271671875 0.4090694328125 0.7786148296875 0.39274256875 0.8008574046874999 0.5523249671875 0.883036603125 0.561597425 0.8637271671875 0.4090694328125
1 0.6935984656249999 0.37613945625 0.6148070296875 0.35982967499999996 0.627378228125 0.513382475 0.7132160671875 0.5367692203125001 0.6935984656249999 0.37613945625
1 0.6969347124999999 0.37900933281250004 0.715267871875 0.53783820625 0.7988575828125 0.55341624375 0.7754855796875 0.392726853125 0.6969347124999999 0.37900933281250004
1 0.4536902578125 0.49101360625 0.538395990625 0.5027876390625 0.5289529234375 0.3421251359375 0.44765238281249997 0.3283323796875 0.44725242343750005 0.3508418109375 0.4536902578125 0.49101360625
1 0.0989698625 0.271470528125 0.0377341078125 0.257730321875 0.0089369515625 0.40587884843750005 0.09018960000000001 0.4206680359375 0.0989698625 0.271470528125
0 0.186650034375 0.2987692484375 0.1007191296875 0.278600090625 0.09381631406249999 0.4213729984375 0.183088940625 0.4364933171875 0.186650034375 0.2987692484375
0 0.3591900453125 0.3332521890625 0.2742560265625 0.31560689375 0.2751448609375 0.455637740625 0.36430341093749996 0.47162809531249994 0.3591900453125 0.3332521890625
0 0.273295775 0.314495215625 0.188383990625 0.297425821875 0.1856930421875 0.439232025 0.2735249015625 0.4585373296875 0.273295775 0.314495215625
1 0.44204030000000005 0.3506969578125 0.3605480203125 0.33506006875 0.3647918203125 0.47105287812499996 0.4505451765625 0.48906195312499995 0.44204030000000005 0.3506969578125
1 0.9426195109375 0.8433415500000001 0.92434589375 0.699189159375 0.8507155624999999 0.681337128125 0.8629729609375 0.8788051734375 0.9333230468749999 0.8911677125 0.9426195109375 0.8433415500000001
1 0.18134120781250002 0.553800746875 0.08955631562500001 0.53252698125 0.08015390156249999 0.7294229359375 0.1778804921875 0.7494891499999999 0.18134120781250002 0.553800746875
1 0.770376259375 0.6652928625000001 0.77884094375 0.8661968734375 0.8608549390625001 0.878928515625 0.8462415734375 0.6818670421874999 0.770376259375 0.6652928625000001
1 0.28235154375 0.5738535812500001 0.2809195390625 0.7705879984374999 0.376718271875 0.7897444296875 0.373458784375 0.5868642703125 0.28235154375 0.5738535812500001
0 0 0.715721809375 0.07953447500000001 0.7270065921875 0.0867014625 0.5333925093749999 0 0.5187573765625 0 0.715721809375
1 0.659035721875 0.6466456765624999 0.6701421703125 0.8457101703125 0.7591770140625 0.8640868765624999 0.7454655875 0.6623853296875 0.659035721875 0.6466456765624999
1 0.3755433875 0.593154959375 0.377408859375 0.7877384890625 0.47139086875 0.803866565625 0.4649463296875 0.6142784359375 0.3755433875 0.593154959375
0 0.185486078125 0.5537411718749999 0.1804293015625 0.7521247640625 0.279905165625 0.7709258671875 0.2787977296875 0.578629859375 0.185486078125 0.5537411718749999
1 0.5578837812499999 0.6312626265625 0.5730600953125 0.829514546875 0.668880671875 0.845464959375 0.6564065140625 0.64667913125 0.5578837812499999 0.6312626265625
0 0.472688625 0.7816469828125 0.47370554374999996 0.8027113640625 0.5699507453125 0.8273050171874999 0.5551704609375 0.6307461437499999 0.467570278125 0.6145632375 0.472688625 0.7816469828125
1 0.105796765625 0 0.1045803859375 0.027385884375000002 0.185383021875 0.0422556328125 0.1859476765625 0 0.105796765625 0
1 0.1863852078125 0 0.18582755 0.0435970796875 0.26663018906249997 0.058466828125 0.26631072499999997 0 0.1863852078125 0
1 0.91216819375 1 0.9336261718750001 0.88960826875 0.8608306265625 0.88027299375 0.8715987265624999 1 0.91216819375 1
0 0.2670707421875 0 0.2670184453125 0.059839151562500005 0.34738946249999997 0.0780815140625 0.34440539375 0 0.2670707421875 0
1 0.3454857578125 0 0.34762589843749997 0.07812747187499999 0.42524144374999995 0.09539759375 0.4202716515625 0 0.3454857578125 0
1 0.4207168796875 0 0.425545796875 0.09502011406250001 0.5052253234374999 0.1105082453125 0.5007917609375 0.0083466984375 0.469908290625 0 0.4207168796875 0
1 0.77502030625 1 0.7605955843750001 0.8664148984375 0.671082553125 0.8484690968749999 0.6824085515625 1 0.77502030625 1
1 0.6801866140625 1 0.667735296875 0.8483646874999999 0.574066384375 0.835325384375 0.5857241828124999 1 0.6801866140625 1
1 0.87017885 1 0.857470228125 0.8788940171874999 0.7666973968749999 0.8651499671874999 0.7787083140625 1 0.87017885 1
1 0.5827586328125001 1 0.5694226312499999 0.8332242687500001 0.47929688437499995 0.8124595875 0.48476730312500005 1 0.5827586328125001 1
1 0.082339515625 0.73402904375 0.074162453125 0.9265839140625 0.175343415625 0.9462515 0.1740772515625 0.752407284375 0.082339515625 0.73402904375
1 0.177121896875 0.754992571875 0.1787616171875 0.9469159312500001 0.279369178125 0.9664720609374999 0.27480839218750003 0.773575284375 0.177121896875 0.754992571875
1 0.2765066734375 0.7743110140625 0.2803405296875 0.966660871875 0.3828975328125 0.9865959328124999 0.3756308421875 0.7955549609375 0.2765066734375 0.7743110140625
1 0.48287267343750007 1 0.47500761875 0.8116961484375 0.3785236609375 0.7947760328125 0.38282565625 0.9865819625000001 0.45185547656249997 1 0.48287267343750007 1
1 0 0.91216819375 0.0703038046875 0.9258338687500001 0.0803571453125 0.734189940625 0 0.7206665109375 0 0.91216819375
1 0.729212553125 0.04664629375 0.737466496875 0.16341489843749998 0.8124189390625001 0.1766576578125 0.8011171875 0.058390282812500006 0.729212553125 0.04664629375
1 0.5052497828125 0.110076365625 0.5808343203125 0.12358173750000001 0.5718932921875 0.023477346875 0.501916625 0.00856535 0.5052497828125 0.110076365625
1 0.803147878125 0.059448270312499996 0.8128029328125 0.1779973734375 0.8887809171875001 0.19415396406250002 0.8658620156250001 0.0742917046875 0.803147878125 0.059448270312499996
1 0.6492025078125 0.037989471875 0.6593222875 0.14358238125 0.7361676515625 0.1605093890625 0.72506020625 0.0489123875 0.6492025078125 0.037989471875
1 0.64628940625 0.038375121875 0.5729962796875 0.02253888125 0.5817738359375 0.12538776875 0.658361846875 0.1428947921875 0.64628940625 0.038375121875
1 1 0.1043197765625 0.9407910921875 0.0897618734375 0.966158115625 0.2105210875 1 0.21709928281250002 1 0.1043197765625
1 0.8877554375000001 0.198597453125 0.9641580328125 0.2101323109375 0.9429831265624999 0.11581293906250001 0.9365701312500001 0.089362490625 0.8709556875000001 0.0779348546875 0.8877554375000001 0.198597453125