1 0.8944074734375 0.25344320625 0.924118578125 0.3701408859375 0.9978203421874999 0.3758336703125 0.9646657109375001 0.2583333921875 0.8944074734375 0.25344320625
1 0.815917553125 0.2520499046875 0.8502092749999999 0.3705435984375 0.9210035453125001 0.372881090625 0.8861030578125 0.25437419375000003 0.815917553125 0.2520499046875
1 0.6364700812499999 0.24839655 0.5612852203124999 0.2424457171875 0.5563868203125 0.24218900312499997 0.5853424671874999 0.361361703125 0.6652667390625 0.36299467500000004 0.6364700812499999 0.24839655
1 0.64158164375 0.2470639765625 0.6698885828125001 0.361213878125 0.7521112296875 0.3710137046875 0.720613615625 0.2513124640625 0.64158164375 0.2470639765625
1 0.7247766 0.25030738750000003 0.7562201890625 0.37414066875 0.840034921875 0.378075653125 0.806702609375 0.2541602203125 0.7247766 0.25030738750000003
1 0.47804621249999996 0.23966591875 0.503646496875 0.3604857359375 0.5857176046875 0.36223121875 0.556763496875 0.2437913171875 0.47804621249999996 0.23966591875
1 0.3906321609375 0.23747213281250001 0.41560331093749997 0.3595594515625 0.5008612765625 0.362110871875 0.4760767828125 0.239417046875 0.3906321609375 0.23747213281250001
0 0.136581078125 0.2219601171875 0.05230074375 0.2167379765625 0.06884406875 0.362471053125 0.1552490203125 0.3664280953125 0.136581078125 0.2219601171875
1 0.13698991875 0.22278673593749998 0.1570196578125 0.36976537187499997 0.24550386249999998 0.3751344453125 0.22754107812500002 0.2291427109375 0.13698991875 0.22278673593749998
0 0.30739635625 0.23252255625 0.33339676093750004 0.38191620312499996 0.416441109375 0.3856294515625 0.3882376453125 0.2343436828125 0.30739635625 0.23252255625
0 0.22803408281249998 0.2283633546875 0.2465167296875 0.376085171875 0.332132503125 0.37865534218749997 0.3050575796875 0.2340103734375 0.22803408281249998 0.2283633546875
1 0.9261320968750001 0.383488271875 0.8447479859374999 0.3808791921875 0.883772540625 0.539108428125 0.97176454375 0.544374834375 0.9261320968750001 0.383488271875
1 1 0.38921023125 0.929968215625 0.38272653437500004 0.9743428546875 0.5510593390625 0.99781956875 0.5546980593749999 1 0.5130929515625 1 0.38921023125
1 0.5851991812499999 0.372961575 0.5055256390625 0.36991034218749996 0.5346091546875 0.5242207624999999 0.6228065359375 0.5255683015625 0.5851991812499999 0.372961575
1 0.8405266250000001 0.388825953125 0.75453238125 0.3845315484375 0.7984751375 0.5385678109375001 0.8806084765625 0.5363228546875 0.8405266250000001 0.388825953125
1 0.6685943734375 0.379951884375 0.5888212765625 0.37479945468750003 0.6224154109375 0.524237925 0.71009934375 0.535382628125 0.6685943734375 0.379951884375
1 0.6722734328125 0.3823156296875 0.71226576875 0.5361511046875 0.796658471875 0.539919 0.7514515109375 0.38494918125 0.6722734328125 0.3823156296875
1 0.44844128124999993 0.5262542796874999 0.5334061375 0.5261225296875 0.50190680625 0.36925134531250003 0.42001307499999996 0.366924290625 0.4227311171875 0.3891410125 0.44844128124999993 0.5262542796874999
1 0 0.5040283765625 0.0810889578125 0.5073068796875 0.06910339374999999 0.3592012015625 0.0069575640625 0.35414881249999997 0 0.48690704374999993 0 0.5040283765625
0 0.159140659375 0.3739423984375 0.071809940625 0.365978409375 0.08475453125 0.507498984375 0.1746750703125 0.510029696875 0.159140659375 0.3739423984375
0 0.3336599375 0.384011678125 0.24765887968750003 0.37839455 0.267890203125 0.516137059375 0.3578187765625 0.519540140625 0.3336599375 0.384011678125
0 0.2465604703125 0.377432965625 0.16066089687500001 0.37237975625 0.17761568125 0.51236563125 0.2666972328125 0.5192160234375 0.2465604703125 0.377432965625
1 0.41758317500000003 0.389719784375 0.3352458828125 0.38560365 0.35821978125 0.5189062171875001 0.4450772265625 0.5247681 0.41758317500000003 0.389719784375
1 0.9836268 0.8255122421875001 0.9402700953125 0.6660695624999999 0.865361534375 0.6586844078125 0.9047174609375 0.8514024875 0.9821306828124999 0.854059846875 0.9836268 0.8255122421875001
1 0.1891713015625 0.6257650765625 0.0959284734375 0.6175237828125 0.11389542500000001 0.8126764515625 0.21281703749999997 0.8189065031249999 0.1891713015625 0.6257650765625
1 0.78410228125 0.65400761875 0.820201728125 0.8506334656250001 0.9026507078125 0.8518170656249999 0.8610330749999999 0.65982535 0.78410228125 0.65400761875
1 0.2913217609375 0.6315274671875 0.3171080296875 0.8254179515625 0.41400716718749997 0.8310191124999999 0.38275565624999996 0.63172725 0.2913217609375 0.6315274671875
0 0 0.6407922515625 0.01265703125 0.8102546531250001 0.11295198749999999 0.810383203125 0.0932393859375 0.6187710546875 0 0.6161989828125 0 0.6407922515625
1 0.671982809375 0.6510588953124999 0.7104270625 0.8455080328125 0.8005637999999999 0.8512776875 0.7591921265625 0.6545928125 0.671982809375 0.6510588953124999
1 0.3856761609375 0.6376321453125 0.41440931093750005 0.8289486109374999 0.5091024578125001 0.8318196906249999 0.47655474218749994 0.646055146875 0.3856761609375 0.6376321453125
0 0.19324097499999998 0.6251327515625 0.21568899843749997 0.82114859375 0.3161567453125 0.8258909890625 0.288485596875 0.6367217578125001 0.19324097499999998 0.6251327515625
1 0.57033855 0.6499136765625 0.612674596875 0.842999515625 0.7091520484375 0.8454412124999999 0.6694007046875 0.651455728125 0.57033855 0.6499136765625
0 0.5073077734375 0.809764075 0.5112200515625 0.8303619890625 0.60931005 0.8412545031249999 0.5675976703125001 0.6497807171875001 0.4791756734375 0.6459723765625001 0.5073077734375 0.809764075
1 0.109439325 0.0190867296875 0.0310702296875 0.015282034375 0.0408827890625 0.118114346875 0.1224355359375 0.12157065156249999 0.109439325 0.0190867296875
1 0.1895755734375 0.0232864921875 0.109841778125 0.0190833109375 0.12305831406250001 0.12282983125 0.20461106093749998 0.126286134375 0.1895755734375 0.0232864921875
1 0.9744822828125 1 0.9822291578125 0.8521808328124999 0.9028126406249999 0.8531441203125001 0.9370635734375 1 0.9744822828125 1
0 0.26767169218750003 0.0280184375 0.19054764375 0.022682415625 0.205182746875 0.1275835015625 0.2867770515625 0.13442000625 0.26767169218750003 0.0280184375
1 0.34520348749999996 0.0346420375 0.2690598328125 0.0278208515625 0.287016021875 0.13443253125000001 0.365764975 0.14069320000000002 0.34520348749999996 0.0346420375
1 0.42806148281249995 0.044531825000000004 0.34558910625 0.034220409375 0.3660122296875 0.1402794359375 0.44654549218749995 0.1445000046875 0.42806148281249995 0.044531825000000004
1 0.8392512421875 1 0.8022812640625 0.8533733734375 0.7117336296875 0.8480941453125 0.7447548015625001 1 0.8392512421875 1
1 0.74253245625 1 0.708426015625 0.8484546281249999 0.6144678765625 0.848581225 0.6467608765625 1 0.74253245625 1
1 0.9360964734375001 1 0.8993159078125 0.8522515625 0.8081096453125 0.8512834781249999 0.8426592921875 1 0.9360964734375001 1
1 0.6436649453125 1 0.6096087015625 0.8471553187499999 0.5180685875 0.839185603125 0.5454473546874999 1 0.6436649453125 1
1 0.11668244531250001 0.816908834375 0.13270521562499998 0.98143706875 0.2336595234375 0.986727859375 0.20947861875 0.822305903125 0.11668244531250001 0.816908834375
1 0.21283144843750001 0.82442981875 0.237059996875 0.9869060718749999 0.3383362046875 0.9922137328125 0.31150854843750003 0.8292048578125 0.21283144843750001 0.82442981875
1 0.31328109375 0.8296941609375 0.339418809375 0.9922704687499999 0.44258139375 0.997676990625 0.413740509375 0.8368903015625 0.31328109375 0.8296941609375
1 0.543236146875 1 0.5137430843749999 0.8390276249999999 0.41647892343750004 0.8357230359375001 0.442934196875 0.9976954812500001 0.4869070328125 1 0.543236146875 1
1 0.0132900359375 0.8145928031249999 0.023329865625 0.9757049500000001 0.129069496875 0.9812465296875 0.114754340625 0.8173416140624999 0.0132900359375 0.8145928031249999
1 0.658086365625 0.050624546874999996 0.6823482109375 0.1644451515625 0.7579203718749999 0.167109321875 0.730452778125 0.05223495625 0.658086365625 0.050624546874999996
1 0.4465098546875 0.1440714171875 0.5227401984375 0.14690665625 0.5001059109375 0.049587679687500004 0.4291983984375 0.044591409375 0.4465098546875 0.1440714171875
1 0.7325969109375 0.05299552656249999 0.7584833546875 0.1683751765625 0.8354672734375 0.17376617968750002 0.7963497421875 0.058929465624999997 0.7325969109375 0.05299552656249999
1 0.5781722390625 0.0531753984375 0.602724928125 0.155734878125 0.6806687124999999 0.16176433750000002 0.65431435 0.053430306250000004 0.5781722390625 0.0531753984375
1 0.5753595078125 0.0539582734375 0.501061353125 0.048511065625 0.5239141921875 0.1485547265625 0.60168495625 0.155190853125 0.5753595078125 0.0539582734375
1 0.8722068140625 0.06378983906249999 0.9138569078125001 0.17917080624999998 0.9871832968750001 0.183013678125 0.9460813671875 0.07131396250000001 0.8722068140625 0.06378983906249999
1 0.835072596875 0.178282890625 0.91183539375 0.1790648625 0.8779645468749999 0.089134684375 0.8679988359375 0.06398083437499999 0.8018647281250001 0.0618112890625 0.835072596875 0.178282890625
1 1 0.0733704296875 0.949375990625 0.070555834375 0.98761405625 0.1817398546875 1 0.18312238125 1 0.0733704296875