1 0.809018721875 0.1627505765625 0.8684279796875 0.27327689843749997 0.9442732515625 0.26047452656250003 0.8811850703124999 0.1500037203125 0.809018721875 0.1627505765625
1 0.7294228953124999 0.181106428125 0.7939094828125 0.29229546875 0.8659736359375 0.2768322765625 0.8008691000000001 0.1657831796875 0.7294228953124999 0.181106428125
0 0.5473291031249999 0.22259929218750002 0.46992143437499995 0.23551418124999998 0.46491123125 0.23648806718749998 0.52418156875 0.3497074328125 0.6052859484375 0.3312327546875 0.5473291031249999 0.22259929218750002
1 0.55215395625 0.2199645984375 0.609503403125 0.328268121875 0.6949866328125001 0.3174732359375 0.6330166703125 0.20435949375 0.55215395625 0.2199645984375
1 0.636966365625 0.20229484062499997 0.699923221875 0.31960062031250003 0.7855356718750001 0.30247413125 0.7206512218750001 0.1855608828125 0.636966365625 0.20229484062499997
0 0.3851813984375 0.2536638515625 0.4414792515625 0.369393753125 0.524779465625 0.35049224687499997 0.46569537499999997 0.2380135203125 0.3851813984375 0.2536638515625
1 0.29637387187500003 0.2734574453125 0.352356 0.390627503125 0.43907684687500004 0.3717384921875 0.3831303078125 0.2539081140625 0.29637387187500003 0.2734574453125
0 0 0.472860246875 0.0029962359375000002 0.48089034374999995 0.09122937187499999 0.4631339125 0.035970245312499996 0.3217446703125 0 0.3283811984375 0 0.472860246875
0 0.0365913578125 0.3224776203125 0.093858159375 0.46606278906250004 0.18454643125 0.4492106578125 0.12961519531250001 0.306102984375 0.0365913578125 0.3224776203125
0 0.21109019999999998 0.289412165625 0.2749937609375 0.433935971875 0.35977253125 0.41677925 0.2931678390625 0.2708968390625 0.21109019999999998 0.289412165625
0 0.1299165125 0.3051907328125 0.1858086578125 0.4499170078125 0.27289547812500003 0.4309568546875 0.2091039234375 0.291505625 0.1299165125 0.3051907328125
0 0.8738249343750001 0.28626711875 0.7910006578125001 0.3041223375 0.8702805250000001 0.45430128437499995 0.960445984375 0.43746927500000005 0.8738249343750001 0.28626711875
1 0.9647338484375 0.44357958125 0.9978084296875 0.44058082656249997 0.964874559375 0.2711507515625 0.8775059515624999 0.28453084375 0.9647338484375 0.44357958125
1 0.526960534375 0.36147363125 0.4457518375 0.3784509859375 0.514007378125 0.5271704015625 0.603392478125 0.506323809375 0.526960534375 0.36147363125
1 0.78874160625 0.3132213171875 0.7008381 0.33053318125 0.7840266640625 0.47523360937500003 0.8663839609374999 0.45228118593750005 0.78874160625 0.3132213171875
1 0.612919471875 0.34754241874999997 0.531080678125 0.3624200546875 0.602662284375 0.505076984375 0.693998275 0.4942668515625 0.612919471875 0.34754241874999997
1 0.6172296671875 0.3490062703125 0.6963792203125 0.4944984203125 0.782533084375 0.477057428125 0.6978328640625 0.33173130624999997 0.6172296671875 0.3490062703125
1 0.42752345937499997 0.5509249578125 0.5132721140625 0.5293964578125 0.4419321125 0.3786958609375 0.3586644 0.3969645984375 0.367008075 0.4187463328125 0.42752345937499997 0.5509249578125
1 0 0.5481445265625 0.01622970625 0.6316391265625 0.051863259375000005 0.624268975 0.002433921875 0.4775184765625 0 0.477919209375 0 0.5481445265625
0 0.0970523328125 0.46975262031250004 0.0068746203125 0.4836902375 0.05561249687499999 0.623540196875 0.14703553281249998 0.6034561453125 0.0970523328125 0.46975262031250004
1 0.27578761093750004 0.43598870312500004 0.18754384531249998 0.45196470624999996 0.24268630156249998 0.5861592828125 0.33433731875 0.566955375 0.27578761093750004 0.43598870312500004
0 0.18619251718750002 0.45126891875 0.098193340625 0.4677896171875 0.15059316875 0.605077825 0.24225787968749998 0.589573225 0.18619251718750002 0.45126891875
1 0.3619565046875 0.420627921875 0.2777900453125 0.4371991875 0.33458240781250004 0.56621335625 0.4237524796875 0.5502692062500001 0.3619565046875 0.420627921875
1 1 0.6412906078125 0.95932060625 0.5684611187499999 0.8818303859375 0.5798560046875 0.9701373734375001 0.7648275953125 1 0.7584607015625 1 0.6412906078125
1 0.190841075 0.7168406703125 0.09462451250000001 0.731986615625 0.1619504640625 0.9248061578125 0.2633935078125 0.9061963921875 0.190841075 0.7168406703125
1 0.798611025 0.59558885625 0.88461513125 0.7853321140625 0.9681552375000001 0.765767265625 0.87774786875 0.5820997218749999 0.798611025 0.59558885625
1 0.2954261421875 0.6969449296875 0.3703284796875 0.88651910625 0.4695710953125 0.8677826765625 0.38778959999999996 0.67412269375 0.2954261421875 0.6969449296875
0 0.092223928125 0.7339250390625 0.0384159078125 0.7457772406250001 0.0768408953125 0.9434566625 0.160419965625 0.922724728125 0.092223928125 0.7339250390625
1 0.6846702421875 0.620840184375 0.772493084375 0.8077918421874999 0.8649507406250001 0.790928659375 0.7736088328124999 0.6024533265625001 0.6846702421875 0.620840184375
1 0.5579329078125 0.8203312546875001 0.5670742984375 0.8401752796874999 0.66885285625 0.8264897421875 0.5784803671875001 0.6433698015625 0.48824827187500003 0.6617845265625 0.5579329078125 0.8203312546875001
1 0.39222645625 0.679358465625 0.4694552578125 0.8655876609375 0.5657825796875 0.8446459953125001 0.48610183906250004 0.66499161875 0.39222645625 0.679358465625
0 0.1947905109375 0.7151764484375 0.2668581796875 0.907740459375 0.369487275 0.887237 0.2938718765625 0.702911721875 0.1947905109375 0.7151764484375
0 0.581759953125 0.645277471875 0.6731684062500001 0.82987051875 0.77118896875 0.8080453359374999 0.682163325 0.6218916828125 0.581759953125 0.645277471875
1 0 0.2243602875 0.080540740625 0.20786560937499998 0.0394006671875 0.1074956109375 0 0.115141771875 0 0.2243602875
0 0.11944037968750001 0.09261505625000001 0.0402298328125 0.10663997343750001 0.0814449109375 0.2090335828125 0.16554687968749998 0.195400328125 0.11944037968750001 0.09261505625000001
1 0.1993871140625 0.079789496875 0.12079207031250001 0.0920656984375 0.1657913046875 0.1953528171875 0.246875428125 0.1818537578125 0.1993871140625 0.079789496875
1 0.2855344734375 0.0689255921875 0.199670171875 0.07926603125000001 0.24702077500000003 0.1813730828125 0.329392178125 0.1653617046875 0.2855344734375 0.0689255921875
1 0.7744640171875 0.8100779812500001 0.84011101875 0.9432474624999999 0.9376018078125 0.9242971734375001 0.8672129125 0.7926153953124999 0.7744640171875 0.8100779812500001
1 0.6763857421874999 0.8350633265624999 0.7388013765625 0.9629400625000001 0.8377100562500001 0.9437141625000001 0.7712154546875001 0.8112754109375 0.6763857421874999 0.8350633265624999
1 1 0.8331916749999999 0.9648978796875 0.7670463859375001 0.8725706015625001 0.7890343718749999 0.9412882734375 0.923580596875 1 0.9121681921875 1 0.8331916749999999
1 0.576691428125 0.8498368234375 0.6350358328125 0.983110040625 0.7354208203125 0.963597175 0.6711204562499999 0.8348450156249999 0.576691428125 0.8498368234375
1 0.2976862796875 1 0.2608797703125 0.91047461875 0.1658310125 0.9283842515625 0.1912605625 1 0.2976862796875 1
1 0.4123065375 1 0.3656296078125 0.8917585562499999 0.264800153125 0.9117780953124999 0.30127796875 1 0.4123065375 1
1 0.527369984375 1 0.470781646875 0.8737869359375001 0.36754252187500003 0.8918070015625 0.41372423593749996 1 0.527369984375 1
1 0.5481445218750001 1 0.6324417171875 0.9836142859375 0.572284515625 0.8507662921874999 0.47325219374999994 0.8719169953125 0.5283014453125 1 0.5481445218750001 1
1 0.1883060421875 1 0.163993446875 0.9293074125 0.0777901171875 0.9483399859375 0.08783180625 1 0.1883060421875 1
1 0.519306834375 0.0171634234375 0.5724892968749999 0.1261525640625 0.6494596171875 0.1098165828125 0.5927749921875 0.0005691 0.519306834375 0.0171634234375
1 0.32924817812499996 0.164937278125 0.4069261296875 0.148608546875 0.35954594218749997 0.055896478125 0.286697340625 0.0686995546875 0.32924817812499996 0.164937278125
1 0.60036124375 0 0.5951314375 0.0007982890625000001 0.650347059375 0.11095488125 0.7294299875 0.0970208515625 0.6669526828125 0 0.60036124375 0
1 0.43926718749999993 0.03986635 0.4899050375 0.1373946828125 0.5701179749999999 0.12386456875 0.5162057109375 0.02095053125 0.43926718749999993 0.03986635
1 0.4366247234375 0.041366296875 0.360239221875 0.054567182812500004 0.408526790625 0.14997949375 0.48871795 0.1371064265625 0.4366247234375 0.041366296875
1 0.7545070859375 0 0.8099355796875001 0.0827466140625 0.8849356171875 0.06816808437500001 0.8386615171875 0 0.7545070859375 0
1 0.6717294359375 0 0.7301699078125 0.1016876609375 0.8078679265625001 0.0831485265625 0.7510054 0.0007377328125 0.7504776421875 0 0.6717294359375 0
1 0.8417738453125001 0 0.8850494640625 0.0667714890625 0.9241301921874999 0.061539153125 0.91216819375 0 0.8417738453125001 0