1 1 0.3341695515625 0.9615157671875 0.320175309375 0.95770253125 0.4455985421875 1 0.46134481406249994 1 0.3341695515625
1 0.8834058312499999 0.2962740296875 0.883658334375 0.424809859375 0.9537993171875 0.447450415625 0.952941684375 0.31872680937500003 0.8834058312499999 0.2962740296875
1 0.7049615499999999 0.24116100937499999 0.6314670984374999 0.2136417984375 0.6266411921875 0.2119801046875 0.621361128125 0.3396661203125 0.70083691875 0.3642187703125 0.7049615499999999 0.24116100937499999
1 0.7104573421875 0.2412917234375 0.7059716593750001 0.36376005 0.7853997500000001 0.39715301875 0.788289059375 0.2682086640625 0.7104573421875 0.2412917234375
1 0.792741921875 0.26839546875 0.78861126875 0.40146368125 0.8713170703124999 0.42943793125 0.8735821140625 0.29574586406250003 0.792741921875 0.26839546875
1 0.5490052390625 0.1869898546875 0.5398956578125 0.315363815625 0.6214865125 0.3406447375 0.6265575546875 0.213693259375 0.5490052390625 0.1869898546875
1 0.46219886718750003 0.1597278453125 0.45209578281249996 0.28919115624999997 0.536642746875 0.31619321718750004 0.547106809375 0.1861758453125 0.46219886718750003 0.1597278453125
0 0.21253909843750002 0.07134399531249999 0.1297374296875 0.0419468078125 0.10440993125 0.19268118750000002 0.189700284375 0.22142023281249998 0.21253909843750002 0.07134399531249999
1 0.21271052343750002 0.0722893046875 0.1905124453125 0.2252711109375 0.27747685781250003 0.2560208703125 0.3014588484375 0.1046203734375 0.21271052343750002 0.0722893046875
0 0.38036368125000003 0.1309032015625 0.36344388437499997 0.2880162703125 0.445442815625 0.3155474984375 0.46070266406249993 0.1559072765625 0.38036368125000003 0.1309032015625
0 0.30217592031249996 0.103980996875 0.27821680312499997 0.2572637015625 0.3631162765625 0.2843871390625 0.3775967859375 0.1317230546875 0.30217592031249996 0.103980996875
1 0.95588131875 0.4595468796875 0.875225784375 0.43359781562500005 0.8687946906249999 0.6032965296875 0.9552962718750001 0.6338023125000001 0.95588131875 0.4595468796875
1 1 0.475497934375 0.9599373124999999 0.45988372968749996 0.9559545187499999 0.641237925 0.9768506609375001 0.6509018671875 1 0.5836713046875001 1 0.475497934375
1 0.61788468125 0.3512454296875 0.539067209375 0.325343903125 0.5238185328125 0.48826646562500003 0.6116515984374999 0.5149053343750001 0.61788468125 0.3512454296875
1 0.868719896875 0.44034823593750005 0.7839372953125 0.41138899531249995 0.7836304921874999 0.578297525 0.8664302156250001 0.59959879375 0.868719896875 0.44034823593750005
1 0.6992929125 0.3821601140625 0.6209796203125 0.354125128125 0.6116426453125 0.51346045625 0.6961470000000001 0.5497666015625 0.6992929125 0.3821601140625
1 0.702293725 0.38558294375 0.698093171875 0.55115761875 0.781425103125 0.5791302078125 0.7807356234375 0.4109239859375 0.702293725 0.38558294375
1 0.43704398437499997 0.46559655468749994 0.5220687484375001 0.489826653125 0.5356367953125 0.32364610625 0.45439047187500003 0.297833440625 0.45072543906250007 0.3208688140625 0.43704398437499997 0.46559655468749994
1 0.1056088875 0.1894799078125 0.0812689078125 0.1803066484375 0.03087360625 0.32666523125 0.0750407 0.3412842375 0.1056088875 0.1894799078125
0 0.191433765625 0.230063684375 0.106368765625 0.1970451578125 0.078652025 0.342527715625 0.167868721875 0.370845934375 0.191433765625 0.230063684375
0 0.3631050125 0.2901909125 0.2786956703125 0.2599046546875 0.259353146875 0.403691796875 0.3483272125 0.4328862328125 0.3631050125 0.2901909125
0 0.277873278125 0.25862642187499996 0.193403409375 0.2289341765625 0.17013888593749998 0.37402916875000003 0.257275153125 0.40643414531250005 0.277873278125 0.25862642187499996
1 0.44540985468749994 0.319972534375 0.36423393125 0.2922404421875 0.34891047343750003 0.4323661703125 0.4341060984375 0.46314316718750004 0.44540985468749994 0.319972534375
1 0.8864561578125001 0.9134265671874999 0.88882574375 0.7466818875000001 0.8160198031249999 0.7178050390624999 0.8000101015625001 0.9221486296875 0.8750727421875 0.9464864046875 0.8864561578125001 0.9134265671874999
1 0.1491131734375 0.49094258281250003 0.0582142109375 0.45595107500000004 0.0201104265625 0.6566006734375 0.11726756093749999 0.691205665625 0.1491131734375 0.49094258281250003
1 0.736083296875 0.6898204078125 0.7156934078125 0.8971449421875001 0.7978236843750001 0.9219713390625 0.81136238125 0.7177068953125 0.736083296875 0.6898204078125
1 0.24963436875 0.5260049 0.2197146078125 0.7276321218749999 0.31502944843749997 0.76102720625 0.3410345875 0.55242199375 0.24963436875 0.5260049
0 0 0.6483221328125001 0.0198256890625 0.6540328546875 0.05516603437499999 0.45642950625 0 0.43895320625 0 0.6483221328125001
1 0.6247820187500001 0.65471830625 0.6073630046875 0.8605346125000001 0.695865271875 0.892159496875 0.710998525 0.6832641171875 0.6247820187500001 0.65471830625
1 0.3422591296875 0.559174734375 0.3160266359375 0.7590683484375 0.40991937656250005 0.7890959953125 0.43074102031250006 0.5936703703124999 0.3422591296875 0.559174734375
0 0.153365596875 0.4914760421875 0.119496021875 0.6942752046875 0.2186271546875 0.727833234375 0.2453049375 0.5303951625 0.153365596875 0.4914760421875
1 0.5234404515625 0.6244264734375 0.51030596875 0.8299929703125001 0.6061068578125 0.8601020875 0.6220852171875 0.6543754734375 0.5234404515625 0.6244264734375
0 0.4144617140625 0.76648676875 0.412456378125 0.7882428921875 0.5074419625 0.8272801484375 0.5207370640625 0.6235073843750001 0.4333864125 0.5943389546875 0.4144617140625 0.76648676875
1 0.856646534375 1 0.87568553125 0.9447067359375 0.7976043421875 0.9233471703125 0.79372720625 1 0.856646534375 1
1 0.3911967765625 0 0.38816336093750003 0.02679596875 0.4651338015625 0.0556475015625 0.4700497484375 0 0.3911967765625 0
1 0.47045638125 0 0.4655000125 0.0553039015625 0.5448414296874999 0.0826233421875 0.55286216875 0 0.47045638125 0
1 0.6935377093749999 1 0.6969810046875 0.8947513390624999 0.6079268124999999 0.8634999328124999 0.5989594890625 1 0.6935377093749999 1
1 0.5965148703125001 1 0.604514759375 0.86291265625 0.5104958609375 0.836098740625 0.4990826046875 1 0.5965148703125001 1
1 0.7915571421875 1 0.7943631718749999 0.9214504124999999 0.703411409375 0.894328928125 0.6979752453125 1 0.7915571421875 1
1 0.49595917656250005 1 0.5060451453125 0.8332770343749999 0.4167713046875 0.7990458078125 0.3951936640625 0.9927226250000001 0.41632869531249994 1 0.49595917656250005 1
1 0 0.856646534375 0.0870303421875 0.886613484375 0.11295148749999999 0.6936538484375 0.021682032812499998 0.6616396671875 0 0.779187496875 0 0.856646534375
1 0.1156948984375 0.696742884375 0.09042214062500001 0.8877813734375 0.19051317031249998 0.9222454796875 0.21302554062499998 0.7298201828125 0.1156948984375 0.696742884375
1 0.21465795000000001 0.7308185953125 0.19150247812500001 0.9225861249999999 0.2935163 0.9577123015625 0.3130756859375 0.7668323218750001 0.21465795000000001 0.7308185953125
1 0.3161502125 0.76644818125 0.293537871875 0.9577197296875 0.3932976703125 0.99206978125 0.4124900703125 0.7976472921875 0.3161502125 0.76644818125
1 0.849800525 0.1945535734375 0.8543615828125001 0.0932061375 0.7820807750000001 0.068317859375 0.77497428125 0.17021578906249998 0.849800525 0.1945535734375
1 0.553781078125 0 0.5449289359375 0.0821837765625 0.62036438125 0.10688165624999998 0.625106028125 0.014267118749999998 0.5836713062500001 0 0.553781078125 0
1 0.9254547640625 0.22345732968749998 0.9202316859374999 0.11588703281249998 0.8560321500000001 0.093781359375 0.8499999234375 0.195983090625 0.9254547640625 0.22345732968749998
1 0.7740646546875001 0.167048665625 0.7781748734375 0.06697295 0.7022096984374999 0.0408160421875 0.6978331546875001 0.13865961875 0.7740646546875001 0.167048665625
1 0.6969492359375 0.13781643906250002 0.699426975 0.039857873437500003 0.626259940625 0.01466444375 0.62106511875 0.1088692625 0.6969492359375 0.13781643906250002
1 1 0.24668771875 0.9922811765624999 0.150861409375 0.9912536015625 0.1403418390625 0.9239819515625 0.117178353125 0.9237621468749999 0.227868865625 1 0.2505671890625 1 0.24668771875