1 0.8148257578125 0.1242520734375 0.8719263546875 0.23513513281249998 0.9474732953125 0.22373677656250002 0.8867179765625 0.112844615625 0.8148257578125 0.1242520734375
1 0.735458321875 0.14110415781250002 0.797590121875 0.25273455624999996 0.8694276000000001 0.2386257171875 0.8066796703125 0.12712360312499998 0.735458321875 0.14110415781250002
0 0.553895646875 0.1791598890625 0.47679505625 0.190642771875 0.4718023546875 0.19152312031250002 0.5287186296875 0.305080196875 0.6095863453125 0.2881363765625 0.553895646875 0.1791598890625
1 0.558732853125 0.176625728125 0.613825984375 0.2852636984375 0.6989104187499999 0.2760288421875 0.6393111625000001 0.16252957343750002 0.558732853125 0.176625728125
1 0.6432693828125 0.16054664999999999 0.70377663125 0.27822936249999997 0.7890983828125 0.26270418281249996 0.7266699671875 0.14537790625 0.6432693828125 0.16054664999999999
1 0.3923221421875 0.20720006875000002 0.44624305 0.323200271875 0.5292989296874999 0.3058706203125 0.4725548796875 0.193052871875 0.3923221421875 0.20720006875000002
1 0.303781259375 0.225320090625 0.3573638140625 0.34274606093750004 0.44381671875000006 0.3254885875 0.3902808734375 0.20740698906250002 0.303781259375 0.225320090625
0 0 0.40132418124999997 0.008839621875 0.4263488390625 0.0967749796875 0.4102433859375 0.0443273421875 0.2687601375 0 0.27614073125 0 0.40132418124999997
0 0.0449315921875 0.269499421875 0.09933538125 0.41320013906249997 0.189693515625 0.3980363078125 0.13760110625 0.254850946875 0.0449315921875 0.269499421875
0 0.21880620624999997 0.2396864671875 0.279785209375 0.3844359890625 0.3642795015625 0.3688662 0.3006412234375 0.22271925312500002 0.21880620624999997 0.2396864671875
0 0.1379160625 0.2539495828125 0.1909349546875 0.39876035781249997 0.27775255312499997 0.381438575 0.21679748281250003 0.2417323203125 0.1379160625 0.2539495828125
1 0.8770628125 0.24813958125000002 0.7944976265625 0.2644377109375 0.8706504453124999 0.4150761625 0.9604889999999999 0.39992319374999996 0.8770628125 0.24813958125000002
1 0.9646423687500001 0.40607075468750004 0.990814065625 0.40415964843749996 0.9610938093750001 0.235607696875 0.88074854375 0.24647831875 0.9646423687500001 0.40607075468750004
1 0.5312760703125 0.316822428125 0.45033052500000004 0.3322763296875 0.51555953125 0.4812716390625 0.6046921609375 0.46211519531249995 0.5312760703125 0.316822428125
1 0.7920974109375 0.2734411421875 0.70449708125 0.2891105234375 0.7846261625000001 0.4343725125 0.8668152984375 0.41300043750000004 0.7920974109375 0.2734411421875
1 0.6168869421875 0.30447888437500004 0.53535175 0.3178350015625 0.6039884203125 0.46086329687500005 0.6948858546875 0.45171554062499997 0.6168869421875 0.30447888437500004
1 0.6211424671875 0.306009015625 0.6972465296875 0.45198728125 0.78311140625 0.43615899531249996 0.7014917765625001 0.2902487609375 0.6211424671875 0.306009015625
1 0.4292581875 0.5033688078125 0.5147909796875 0.48347112656249996 0.4465327078125 0.3324529578125 0.3635199984375 0.3491543125 0.37143170625 0.3709475703125 0.4292581875 0.5033688078125
1 0 0.5437443296875 0.0061969359375 0.5788889 0.0549046296875 0.5696975390625 0.0083391921875 0.4229879296875 0 0.424211675 0 0.5437443296875
0 0.10244420000000001 0.416923034375 0.012643292187499999 0.4291992359375 0.0586407703125 0.56903875625 0.14978427656249999 0.550675759375 0.10244420000000001 0.416923034375
1 0.2805382984375 0.3864899390625 0.1926230296875 0.40082575 0.245078628125 0.5351566421875 0.33643340781250003 0.517672346875 0.2805382984375 0.3864899390625
0 0.19129291875 0.4001106421875 0.10361119218749999 0.414992065625 0.153289671875 0.5523496015625 0.244594375 0.5385420546875 0.19129291875 0.4001106421875
1 0.366382296875 0.3727293078125 0.28250620625 0.38772794843749997 0.336689590625 0.516939184375 0.42552428593749997 0.5026512125 0.366382296875 0.3727293078125
1 1 0.6101540671875 0.9571166874999999 0.5300880234374999 0.8799602765625 0.5400588296875 0.9644796296875 0.7254332 1 0.718505346875 1 0.6101540671875
1 0.1913386734375 0.6641267875 0.0955194171875 0.6774983640625 0.15906614218749998 0.87030575 0.26013575625 0.8535830171875001 0.1913386734375 0.6641267875
1 0.7970392359375 0.5542407703125 0.8791893296875 0.7443171640624999 0.962494875 0.726332446875 0.8758670578125001 0.5422173906250001 0.7970392359375 0.5542407703125
1 0.2955509578125 0.6461809 0.36667811562499997 0.8358952921875 0.4655645265625 0.8190082328124999 0.3876755828125 0.625113028125 0.2955509578125 0.6461809
0 0.09310188750000001 0.6793828984375 0.0262968546875 0.6928812062499999 0.0611181390625 0.890362521875 0.1575819359375 0.8682104109375001 0.09310188750000001 0.6793828984375
1 0.6834430375 0.57734578125 0.7674474765625 0.7646795546875 0.8595630890624999 0.74953565625 0.772089875 0.5606261156250001 0.6834430375 0.57734578125
1 0.3919919796875 0.6303940484375 0.46548726093750004 0.816824721875 0.5615162765624999 0.7976950828125 0.48547265624999997 0.617755865625 0.3919919796875 0.6303940484375
0 0.1952897453125 0.662541825 0.2635501578125 0.8551781 0.36583030625 0.8365940671875001 0.293904621875 0.6520837640625 0.1952897453125 0.662541825
1 0.5808159093749999 0.5998344859375 0.6684220359374999 0.7848868328124999 0.7661479156250001 0.7649087031249999 0.6809351671874999 0.5783470015625001 0.5808159093749999 0.5998344859375
0 0.554571953125 0.7758496515625 0.5633092734375 0.7957310796875 0.6646273500000001 0.7839080859374999 0.57802475 0.6003378671874999 0.4880927703125 0.6170626296874999 0.554571953125 0.7758496515625
1 0 0.151172325 0.007620776562500001 0.171843825 0.090553115625 0.15636165625 0.057067887500000004 0.0703875765625 0 0.080450184375 0 0.151172325
0 0.1751924734375 0.14545836406249998 0.137062940625 0.056282290624999995 0.0580538875 0.0702137171875 0.0914309984375 0.1575382296875 0.1751924734375 0.14545836406249998
1 0.256198003125 0.13341619375 0.2157862765625 0.0424012421875 0.138361578125 0.05605330468750001 0.17543604375 0.145415415625 0.256198003125 0.13341619375
1 0.338434303125 0.1184674546875 0.299075884375 0.0277150359375 0.2162510765625 0.042319284375 0.256350628125 0.132941021875 0.338434303125 0.1184674546875
1 0.7693655828125 0.7669860390625 0.85343479375 0.945393215625 0.9522666484375 0.92796649375 0.8617807609374999 0.7512515171875 0.7693655828125 0.7669860390625
1 0.671527990625 0.7901038453125 0.75228060625 0.9632294281249999 0.8514131718750001 0.9457496828125 0.766118625 0.7681193328125 0.671527990625 0.7901038453125
1 1 0.807746146875 0.9592377781250001 0.727546775 0.8671634453125 0.747786171875 0.9549806609375 0.9274879390624999 1 0.919549815625 1 0.807746146875
1 0.572261178125 0.80304450625 0.6468057015625 0.9818275 0.7493729124999999 0.9637421328125001 0.6663024703125 0.7897948890625 0.572261178125 0.80304450625
1 0.3131276984375 1 0.257565571875 0.8577909578125 0.1628585671875 0.873929590625 0.2051462890625 1 0.3131276984375 1
1 0.4271832953125 1 0.3619211953125 0.8410203546874999 0.26143670937499996 0.8591548937500001 0.31679186718749996 1 0.4271832953125 1
1 0.5414535609375 1 0.4666634546875 0.8249966343749999 0.36382019374999996 0.8411019234375001 0.428362840625 1 0.5414535609375 1
1 0.54374433125 1 0.6448441765624999 0.9821733703125 0.5678684031250001 0.803891253125 0.46914929375 0.8231813828125001 0.5414843515625 1 0.54374433125 1
1 0.2016284875 1 0.1610176765625 0.87481495625 0.0619164453125 0.89488994375 0.06766788124999999 0.9275079578125001 0.0892111046875 1 0.2016284875 1
1 0.5414916062499999 0 0.5805438140625 0.0837471765625 0.6572689328125 0.06885664375 0.6230703984375 0 0.5414916062499999 0
1 0.4157263765625 0.103172165625 0.37249818281249997 0.0147687046875 0.30016688125 0.0275226640625 0.33829859375 0.1180431296875 0.4157263765625 0.103172165625
1 0.624573634375 0 0.6581307125 0.0700034328125 0.736912646875 0.057536954687499996 0.70128624375 0 0.624573634375 0
1 0.456255665625 0 0.4522255109375 0.000710625 0.49833082656250005 0.0934771578125 0.5782280906249999 0.081431853125 0.5373848406249999 0 0.456255665625 0
1 0.49715682031249997 0.0931699390625 0.44922153125 0.0012403078125 0.3737170640625 0.014553782812499999 0.41729249218750003 0.10456262812499999 0.49715682031249997 0.0931699390625
1 0.7882675671875 0 0.81711336875 0.0447572296875 0.891851428125 0.031578893749999996 0.8712225765625 0 0.7882675671875 0
1 0.7032751828125 0 0.7375671796875001 0.0621879296875 0.8150529375 0.0451205390625 0.7850863421875001 0 0.7032751828125 0