1 0.913182675 0.2076324046875 0.9266689749999999 0.2033599359375 0.8873552953124999 0.0891847171875 0.838133109375 0.10519224375 0.913182675 0.2076324046875
1 0.7610874609375 0.1347518296875 0.8413106328125 0.2371441109375 0.9112291328125 0.2115398953125 0.8304074515625001 0.10937453281250001 0.7610874609375 0.1347518296875
1 0.5847571265625 0.20187470468750002 0.509132403125 0.225674353125 0.504257084375 0.227353059375 0.5795479765625 0.33251173437500003 0.65808619375 0.302621490625 0.5847571265625 0.20187470468750002
1 0.5892124515625 0.198557490625 0.6618872046875001 0.2990587890625 0.745891153125 0.27625129843749996 0.667914125 0.17157709375000002 0.5892124515625 0.198557490625
1 0.67157433125 0.1689539234375 0.7511307890625 0.277691078125 0.83436985625 0.24851978749999998 0.7529402234375 0.140446371875 0.67157433125 0.1689539234375
1 0.42691070781249996 0.25574875 0.4995820875 0.363840415625 0.5802570234375 0.333214440625 0.5052570734375 0.22877193125 0.42691070781249996 0.25574875
1 0.340851528125 0.28804116875 0.4134104015625 0.397620471875 0.49750954375 0.3665272921875 0.424893025 0.256281209375 0.340851528125 0.28804116875
0 0.0871294671875 0.3729560828125 0.002928225 0.40105180156250003 0.076613090625 0.53707998125 0.1623852671875 0.5069098046875 0.0871294671875 0.3729560828125
1 0.0878544171875 0.3736035546875 0.165429071875 0.5094765203125 0.253785390625 0.479868334375 0.178614971875 0.344146375 0.0878544171875 0.3736035546875
0 0.2577759328125 0.315991978125 0.3421234125 0.4518748921875 0.424524090625 0.422790221875 0.3372821828125 0.2859245015625 0.2577759328125 0.315991978125
0 0.178787615625 0.3431898375 0.2551480390625 0.4803992328125 0.3396033 0.449183428125 0.25608425156250003 0.31836865625 0.178787615625 0.3431898375
1 0.9419138828125 0.2476343625 0.920417003125 0.21989460468750002 0.840070496875 0.24940521875 0.9406010531250001 0.38879939375 0.9853440859375 0.37376483125000004 0.9419138828125 0.2476343625
1 0.583990071875 0.3439143515625 0.5051360265625 0.372318575 0.5944303046875 0.51179608125 0.6809186515625 0.47836731875 0.583990071875 0.3439143515625
1 0.8390952390624999 0.258841246875 0.75359008125 0.288519634375 0.8572577062500001 0.4218749359375 0.93641714375 0.38732127968749996 0.8390952390624999 0.258841246875
1 0.6680270578124999 0.3178968453125 0.5882460515625 0.3442850484375 0.680011990625 0.4772201296875 0.76986964375 0.45357653593749997 0.6680270578124999 0.3178968453125
1 0.6725462640625001 0.3187594671875 0.77228455 0.4534747046875 0.856020903125 0.423912278125 0.750752459375 0.29014189375 0.6725462640625001 0.3187594671875
1 0.5112553421875 0.5477323953125001 0.594009021875 0.5141302046875 0.5013488625 0.3730996890625 0.4206170828125 0.40308693125 0.43204125937500004 0.4237469265625 0.5112553421875 0.5477323953125001
1 0 0.583671303125 0.0017032437500000002 0.5886178828124999 0.055529062500000004 0.7062064593749999 0.14575435625 0.6739239765625 0.07557429375 0.5337794796875001 0 0.55738535625 0 0.583671303125
0 0.169146025 0.5127265859375 0.08088893593749999 0.539342171875 0.1494026546875 0.672667765625 0.23803770625 0.6397174296875 0.169146025 0.5127265859375
1 0.3432075765625 0.45382085468750005 0.25717332656249997 0.48220813281249997 0.3312963390625 0.6089675609375 0.4202837890625 0.5768673515625 0.3432075765625 0.45382085468750005
0 0.255723021875 0.48170031562500004 0.1700104140625 0.510599196875 0.2418262421875 0.6408437734375 0.3313498203125 0.612449175 0.255723021875 0.48170031562500004
1 0.4272527421875 0.4263411578125 0.34538201874999996 0.4547532 0.4204242171875 0.5760893109375 0.5073897625 0.5476040453125 0.4272527421875 0.4263411578125
1 0.297878946875 0.747210490625 0.2037504578125 0.7758840124999999 0.298342621875 0.9596900515625 0.39721118125 0.9268120234375001 0.297878946875 0.747210490625
1 1 0.5657244703125001 0.966120459375 0.515834665625 0.8888467421874999 0.540452346875 1 0.71588449375 1 0.5657244703125001
1 0.399709584375 0.7126029734375 0.5014238171875001 0.8920938812499999 0.5980728984375 0.8593975046875 0.4888988578125 0.6767764781250001 0.399709584375 0.7126029734375
0 0.10792253593750001 0.8130562984375 0.1987203484375 0.9972057734374999 0.2965173671875 0.957818640625 0.20162235625 0.778163415625 0.10792253593750001 0.8130562984375
1 0.7784117765625 0.5817394499999999 0.8926829875 0.7567899703125 0.982808065625 0.7269225625 0.86480075 0.5508385140625001 0.7784117765625 0.5817394499999999
1 0.494077471875 0.6814016421875 0.5976470109375 0.8572138562499999 0.691067825 0.8227161984375 0.5859735703125 0.6538372906250001 0.494077471875 0.6814016421875
0 0.3015954453125 0.74498868125 0.40089574531250005 0.92787361875 0.50068355 0.892931346875 0.39899714375 0.7188010109375 0.3015954453125 0.74498868125
1 0.6788981749999999 0.6206637296874999 0.7964238031249999 0.7928475328125 0.8914139796875 0.757226925 0.7760520296875 0.5831448703125 0.6788981749999999 0.6206637296874999
0 0.6806071765625 0.8018500140624999 0.6925558390625 0.820456115625 0.7924555062499999 0.7924662062500001 0.67617443125 0.6216134953125 0.5884952 0.6527237703125001 0.6806071765625 0.8018500140624999
1 0 0.21912535156250001 0.034795667187500004 0.281321428125 0.11564116093750001 0.2525730734375 0.060304753125 0.1577496515625 0 0.17849349375 0 0.21912535156250001
0 0.1382853140625 0.1316108328125 0.061013521875 0.156775825 0.1167107546875 0.2536168390625 0.19893186875 0.228158384375 0.1382853140625 0.1316108328125
1 0.2164630609375 0.107544621875 0.1395601359375 0.1308706875 0.1991697140625 0.2280764875 0.2783903375 0.20317576406249999 0.2164630609375 0.107544621875
1 0.30112174375 0.0845748171875 0.21667234375 0.1069802953125 0.27846787812499996 0.2026736375 0.3586216640625 0.175074475 0.30112174375 0.0845748171875
1 1 0.748444975 0.9853096421875 0.728295790625 0.8949778187499999 0.7588047765625 0.9688071046875001 0.867387109375 1 0.856646534375 1 0.748444975
1 0.8003761859375 0.79760066875 0.870297596875 0.901306653125 0.9663349437500001 0.8682383421875001 0.8918966421875 0.760460465625 0.8003761859375 0.79760066875
1 0.7027155109375001 0.8263886515625 0.7700843125 0.935812853125 0.8668392234375 0.9024974671875 0.795077284375 0.7981203031249999 0.7027155109375001 0.8263886515625
1 0.43540070625 1 0.3953003 0.9314522984375 0.30273053125 0.9627318718750001 0.32215822968749996 1 0.43540070625 1
1 0.5594868109375 1 0.497462390625 0.8980039718749999 0.3994068359375 0.9322088578125 0.43924720156249997 1 0.5594868109375 1
1 0.5836713062500001 1 0.6667770187500001 0.9713844078125 0.6001320296875 0.8652453375 0.4993831609375 0.89778425 0.561024859375 1 0.5836713062500001 1
1 0.6023398046875 0.8630247593749999 0.6678338953125 0.9710204953125 0.7673317109375 0.9367606500000001 0.698437528125 0.8279382328124999 0.6023398046875 0.8630247593749999
1 0.5277669359375 0 0.5963101046875 0.10168498125 0.6710141125 0.0745179703125 0.61807034375 0 0.5277669359375 0
1 0.35841765 0.1746693015625 0.433830684375 0.147410315625 0.373332340625 0.0611369890625 0.3022533046875 0.08418519062499999 0.35841765 0.1746693015625
1 0.6199678828125 0 0.6720627765625 0.0755343390625 0.74921971875 0.050478335937499993 0.7057376171875 0 0.6199678828125 0
1 0.4508319171875 0.033890709375 0.51526981875 0.1245341328125 0.5936144109375 0.09972446562500001 0.525139778125 0.004142584375 0.4508319171875 0.033890709375
1 0.4483998859375 0.0357645828125 0.373838259375 0.0597075109375 0.4356258015625 0.148559825 0.51404139375 0.12441171875000001 0.4483998859375 0.0357645828125
1 0.707836025 0 0.750619090625 0.055051749999999997 0.82574004375 0.025574634375 0.8022521093750001 0 0.707836025 0