1 1 0.34627238125000004 0.9552972515624999 0.335140759375 0.9646152046875001 0.4602755015625 1 0.4693732953125 1 0.34627238125000004
1 0.875116846875 0.3195351234375 0.8888036203125 0.44734042812499997 0.960926946875 0.46252522812499997 0.9466187312500001 0.33459642968750003 0.875116846875 0.3195351234375
0 0.6918892234375 0.2833765265625 0.6159208406250001 0.2636903296875 0.6109476765624999 0.262542184375 0.6190433609375 0.39008064062500003 0.7006502265625 0.40619130468750003 0.6918892234375 0.2833765265625
1 0.6973685734374999 0.28293205781249997 0.7057088890625 0.4051983703125 0.788192378125 0.4301059125 0.7775875046875 0.3015659140625 0.6973685734374999 0.28293205781249997
1 0.7820355015625 0.30128624375 0.79183689375 0.4340572671875 0.8770137296874999 0.45323316093750005 0.8652917375 0.3200367109375 0.7820355015625 0.30128624375
0 0.5311248296875 0.245804 0.5354838859375 0.37442692499999997 0.6192703546875 0.391040790625 0.6110435703125 0.2642546953125 0.5311248296875 0.245804
1 0.4419443375 0.22776507031249998 0.44542919999999997 0.35757522812500003 0.5323354890625 0.37559180468750003 0.5291517140625001 0.2451928890625 0.4419443375 0.22776507031249998
0 0.184413603125 0.16596195 0.0989926859375 0.145380934375 0.0895599703125 0.29793702031249997 0.1773871421875 0.317603359375 0.184413603125 0.16596195
0 0.1846829 0.1668841609375 0.178597378125 0.321348246875 0.26829961562500004 0.34283930156250003 0.27632456875 0.189761390625 0.1846829 0.1668841609375
0 0.35754445625 0.2076524390625 0.3571401375 0.3656734265625 0.4415676640625 0.3844826125 0.4400569734375 0.224121828125 0.35754445625 0.2076524390625
0 0.27697088124999997 0.1890505640625 0.26916541875 0.343997978125 0.3564349765625 0.36209841875 0.3548784171875 0.20875701875 0.27697088124999997 0.1890505640625
0 0.9810256515625 0.639154734375 0.96426196875 0.474337796875 0.88133585625 0.45696168437500007 0.8926783374999999 0.626403003125 0.9792013078125 0.6470568390625 0.9810256515625 0.639154734375
1 1 0.4829083890625 0.968330953125 0.4742488359375 0.981749896875 0.636017684375 1 0.5569678031249999 1 0.4829083890625
1 0.6167963265624999 0.401959903125 0.535703178125 0.3844389375 0.53756808125 0.5480629140625 0.6277045078125 0.565374796875 0.6167963265624999 0.401959903125
1 0.8755712203125 0.464355175 0.7882260015625 0.444416771875 0.8053675703125001 0.610443028125 0.889940296875 0.622972678125 0.8755712203125 0.464355175
1 0.700990059375 0.42419575781249996 0.620175321875 0.4045003171875 0.627544571875 0.5639387703125001 0.7153810296875001 0.591212915625 0.700990059375 0.42419575781249996
1 0.7043322171875 0.427286165625 0.7174619421874999 0.5923928828125 0.803261303125 0.6115016765625 0.7849932609375 0.444288975 0.7043322171875 0.427286165625
1 0.44889924062500003 0.5345875999999999 0.535990965625 0.54979745625 0.5321140875 0.3831090171875 0.44861468125000004 0.36593030937500004 0.44737757968749997 0.3892225921875 0.44889924062500003 0.5345875999999999
1 0.0904177328125 0.2946279515625 0.0374581296875 0.2807832125 0.002374084375 0.43274890781249997 0.0758848734375 0.4487959265625 0.0904177328125 0.2946279515625
0 0.18001461093749999 0.3260182640625 0.09196423125 0.3020723296875 0.07960639375 0.44965510625 0.17129441406249998 0.46849251093750005 0.18001461093749999 0.3260182640625
1 0.3570304328125 0.36787157812500004 0.2699177171875 0.34657440781250004 0.26571100468750003 0.4915957140625 0.35724930781249997 0.511329896875 0.3570304328125 0.36787157812500004
0 0.2689662203125 0.345389140625 0.1818553984375 0.324689059375 0.173884878125 0.47142100937500003 0.26393104843750004 0.49454025 0.2689662203125 0.345389140625
1 0.4419974265625 0.388886853125 0.3583674 0.369791875 0.3577750140625 0.510751715625 0.445721 0.5324547468749999 0.4419974265625 0.388886853125
1 0.9343440546874999 0.8413549437500001 0.9275875093750001 0.7669090656249999 0.8521619546875 0.7458007015625 0.8575996796875 0.9506983453125001 0.9066981171874999 0.961102659375 0.9343440546874999 0.8413549437500001
1 0.1651951265625 0.589891746875 0.0711365109375 0.56459345625 0.0542150546875 0.768126803125 0.15445715937499999 0.792386540625 0.1651951265625 0.589891746875
1 0.769738159375 0.7263250125 0.771131284375 0.9346451265625 0.855406709375 0.95075056875 0.8475197890624999 0.746189928125 0.769738159375 0.7263250125
1 0.268830665625 0.6142546624999999 0.2601505921875 0.817904815625 0.358434025 0.8411538453125 0.3624915234375 0.6309731171874999 0.268830665625 0.6142546624999999
0 0 0.756073978125 0.05366346875 0.7656028140625 0.068155040625 0.5653878875 0 0.551425034375 0 0.756073978125
1 0.655377434375 0.70304935625 0.659567503125 0.9095589625 0.7508906468750001 0.9317595953125 0.7441054874999999 0.7224267109375 0.655377434375 0.70304935625
1 0.45845678906250004 0.8337448015625 0.4587365734375 0.8555913578125001 0.557282321875 0.8844860656250001 0.549204534375 0.680439875 0.45928346875 0.6605618609375 0.45845678906250004 0.8337448015625
1 0.36441521250000003 0.6375608640625 0.35922099375 0.839101484375 0.455738125 0.8591501718749999 0.4560181640625 0.6626186546875 0.36441521250000003 0.6375608640625
0 0.16948001562499998 0.5899777859374999 0.1569942671875 0.795206325 0.25909011875 0.818218496875 0.264983859375 0.6190734234375 0.16948001562499998 0.5899777859374999
0 0.551424665625 0.6835165437499999 0.5598496859375001 0.8893298515625 0.658273028125 0.909260109375 0.6526595687500001 0.70299029375 0.551424665625 0.6835165437499999
1 0.10850759375 0 0.1051482953125 0.042099725 0.18809382187499998 0.06037581875 0.1910344546875 0 0.10850759375 0
1 0.1914777734375 0 0.1885040359375 0.0617806109375 0.2714495640625 0.08005670312499999 0.273842446875 0 0.1914777734375 0
1 0.8977179578125 1 0.9068204812499999 0.96057264375 0.8553323796875001 0.952141790625 0.8579279906249999 1 0.8977179578125 1
0 0.2747522328125 0 0.27180050625 0.08149145937499999 0.3541766234375 0.103244215625 0.35388898593749996 0 0.2747522328125 0
1 0.3552461234375 0 0.354419240625 0.10330022812499999 0.4339838359375 0.12394810781250001 0.432114378125 0.011392528124999999 0.389957275 0 0.3552461234375 0
1 0.515232653125 0.036507146875 0.4325858765625 0.0110294484375 0.43431212500000005 0.123568109375 0.516074559375 0.1424444546875 0.515232653125 0.036507146875
1 0.7570165375 1 0.7522711890625 0.9342206125000001 0.6604381828125 0.9124491046875001 0.6638648671875 1 0.7570165375 1
1 0.6610618859375 1 0.6569834343750001 0.9122217015625 0.5606767640625 0.8953823249999999 0.5643605171875 1 0.6610618859375 1
1 0.8553257109375 1 0.8519107 0.9505942171875 0.7586222140625 0.9331283546875 0.7621912515625 1 0.8553257109375 1
1 0.5606966421874999 1 0.55595548125 0.8930413046875 0.4635925546875 0.8683292578125 0.46277180937500006 1 0.5606966421874999 1
1 0.056304770312499995 0.772973915625 0.045772190625 0.9082853015625 0.146492990625 0.9315385296875001 0.1504206359375 0.7952724640625 0.056304770312499995 0.772973915625
1 0.153471909375 0.7980578140625 0.1498717921875 0.9323185875 0.2521396765625 0.9559289890624999 0.2537268828125 0.8207800875 0.153471909375 0.7980578140625
1 0.2554547125 0.8216023984374999 0.25337531874999997 0.956214259375 0.35744472968749996 0.9802405765625 0.3570977671875 0.847131384375 0.2554547125 0.8216023984374999
1 0.460027203125 1 0.459188590625 0.8673859140625 0.360115296875 0.846427971875 0.3583788375 0.9804562328124999 0.44303219374999997 1 0.460027203125 1
1 0 0.8977179578125 0.042438725 0.907515709375 0.0542505859375 0.773069859375 0 0.7619835578124999 0 0.8977179578125
1 0.7498479015624999 0.0843038375 0.754102621875 0.20550162656249998 0.8310629515624999 0.221884615625 0.8237139234375 0.099026359375 0.7498479015624999 0.0843038375
1 0.5161156390625 0.14199815 0.5937194734375 0.15867558125 0.5881449125 0.0547076328125 0.5163869234375 0.03677363125 0.5161156390625 0.14199815
1 0.8257734234375 0.1001941859375 0.8314106828125001 0.2232854578125 0.9093240140625 0.24272201249999997 0.890029875 0.1177983640625 0.8257734234375 0.1001941859375
1 0.6674939328125 0.07248893437500001 0.674085565625 0.18218176875 0.752866925 0.2024469359375 0.7454745296875 0.086502190625 0.6674939328125 0.07248893437500001
1 0.664469840625 0.07278441875 0.589318928125 0.05377524375 0.5946241328124999 0.16057905156250002 0.6731183515625 0.1814356015625 0.664469840625 0.07278441875
1 1 0.145869975 0.966884540625 0.1364868078125 0.9886753859375 0.262426425 1 0.26504091875 1 0.145869975
1 0.9081018000000001 0.2472863078125 0.9866230187499999 0.2619525984375 0.96819600625 0.16353851875 0.9625378265625001 0.1359228484375 0.8951596015625001 0.1217520625 0.9081018000000001 0.2472863078125