1 0.709375 0.27890625 0.0859375 0.1578125
1 0.53671875 0.27734375 0.078125 0.1296875
1 0.6171875 0.28046875 0.08125 0.1375
1 0.44609375 0.2796875 0.096875 0.1375
1 0.18984375 0.27734375 0.0984375 0.146875
1 0.9609375 0.28828125 0.078125 0.1546875
1 0.80078125 0.28984375 0.0859375 0.1578125
0 0.37109375 0.28359375 0.0859375 0.1453125
1 0.8828125 0.29375 0.0828125 0.1546875
0 0.28203125 0.28828125 0.084375 0.153125
0 0.096875 0.290625 0.09375 0.1328125
1 0.57890625 0.42421875 0.084375 0.1578125
1 0.48203125 0.425 0.09375 0.14375
0 0.303125 0.42421875 0.0875 0.128125
1 0.66875 0.43125 0.0921875 0.1578125
1 0.84609375 0.4359375 0.0890625 0.159375
0 0.2125 0.42578125 0.0921875 0.1421875
0 0.39140625 0.4296875 0.0890625 0.1359375
1 0.93984375 0.43984375 0.0921875 0.16875
0 0.753125 0.43984375 0.1 0.14375
1 0.0375 0.4296875 0.075 0.1375
0 0.12265625 0.43359375 0.0953125 0.1390625
1 0.14296875 0.05 0.0765625 0.1
1 0.0609375 0.05078125 0.071875 0.1015625
1 0.93203125 0.0625 0.0796875 0.1109375
1 0.47265625 0.0578125 0.0765625 0.115625
1 0.390625 0.05703125 0.078125 0.1140625
1 0.859375 0.73359375 0.090625 0.175
1 0.9515625 0.7390625 0.0921875 0.1640625
1 0.75625 0.74140625 0.0953125 0.1671875
0 0.228125 0.05859375 0.084375 0.1171875
1 0.55234375 0.06171875 0.075 0.121875
1 0.7890625 0.065625 0.0734375 0.121875
1 0.309375 0.0609375 0.08125 0.121875
1 0.659375 0.74453125 0.1046875 0.1734375
0 0.06484375 0.7421875 0.109375 0.1859375
0 0.56484375 0.75390625 0.1078125 0.159375
0 0.26953125 0.75078125 0.1015625 0.171875
1 0.1671875 0.753125 0.1078125 0.16875
1 0.36484375 0.7578125 0.1109375 0.175
1 0.4703125 0.76484375 0.09375 0.178125
1 0.63046875 0.06328125 0.08125 0.121875
1 0.7109375 0.06484375 0.0765625 0.121875
0 0.86015625 0.0671875 0.08125 0.121875
1 0.8203125 0.92265625 0.09375 0.1546875
1 0.92109375 0.9234375 0.1078125 0.153125
1 0.51015625 0.9203125 0.1015625 0.159375
1 0.71796875 0.92265625 0.1015625 0.1546875
1 0.29609375 0.91953125 0.109375 0.15625
1 0.409375 0.92109375 0.1078125 0.15625
1 0.61953125 0.925 0.1078125 0.15
1 0.19296875 0.9203125 0.1 0.15
1 0.08515625 0.91875 0.1140625 0.15