1 1 0.2859909140625 0.9995598609374999 0.28275160625 0.9295293546875 0.2678883328125 0.9429025093750001 0.38968978593750003 1 0.40226270625 1 0.2859909140625
1 0.8507172031250001 0.2553849328125 0.8684468265625 0.379644034375 0.9393786000000001 0.392010678125 0.9210380499999999 0.267652184375 0.8507172031250001 0.2553849328125
1 0.6705993218749999 0.22632751406249998 0.59575985625 0.2096987125 0.5908654 0.2087473265625 0.6031274140625 0.3329361078125 0.68334945625 0.3458838640625 0.6705993218749999 0.22632751406249998
1 0.6759335359375 0.225707465625 0.6882542171875 0.344742875 0.7696327078125 0.36624564843749996 0.754886784375 0.2411647796875 0.6759335359375 0.225707465625
1 0.7592197359374999 0.24074062343749997 0.7733258171874999 0.3699778421875 0.8571379125 0.3857955625 0.8411422421875001 0.256208471875 0.7592197359374999 0.24074062343749997
1 0.512363621875 0.1951265234375 0.5210146859375 0.3205006703125 0.603381834375 0.33386539375 0.591017540625 0.21041529531249997 0.512363621875 0.1951265234375
1 0.42468167343749996 0.18055448125 0.432519846875 0.3071169625 0.5179807624999999 0.32174451249999997 0.5104164171875001 0.194597228125 0.42468167343749996 0.18055448125
0 0.17114649531249998 0.1289969484375 0.08704809218750001 0.1118162765625 0.08305232343749999 0.261015559375 0.169468659375 0.27722179687500004 0.17114649531249998 0.1289969484375
1 0.1714409203125 0.12988777499999998 0.1707781671875 0.2808352625 0.25908745624999996 0.29875847499999997 0.2616910140625 0.14909780781249998 0.1714409203125 0.12988777499999998
0 0.341596096875 0.1637961875 0.3466013609375 0.318021678125 0.4296693875 0.3335070078125 0.42271457031250004 0.17706323125 0.341596096875 0.1637961875
0 0.2622977078125 0.1483821421875 0.25997232187499997 0.299859784375 0.34579075625 0.3145568265625 0.33903103125 0.1649647828125 0.2622977078125 0.1483821421875
1 0.9430381953125 0.40342510625 0.8614849515625 0.3892872578125 0.8783486953124999 0.5542584078125 0.9661770687500001 0.5720085578125 0.9430381953125 0.40342510625
1 1 0.41571906406250003 0.947007640625 0.40319994843750007 0.9678253359375001 0.5791093468749999 0.9925296875 0.5865759515625 1 0.548144525 1 0.41571906406250003
1 0.6013396156249999 0.34460540625 0.5215709140625 0.33026387968750004 0.5289830531249999 0.48988014375000005 0.617573421875 0.50371016875 0.6013396156249999 0.34460540625
1 0.8561096828125001 0.39669851562499997 0.7701545734375 0.38021038749999997 0.7925631734375 0.541651634375 0.875558365625 0.5510038625 0.8561096828125001 0.39669851562499997
1 0.6842964890625 0.3634427484375 0.6047252875 0.3469697 0.6173682046875 0.5023141953125 0.7040535859375 0.5259445281249999 0.6842964890625 0.3634427484375
1 0.68766499375 0.3663450296875 0.70612546875 0.5270253015625 0.790543034375 0.5427563734375 0.7669941328125 0.38019558125 0.68766499375 0.3663450296875
1 0.441956575 0.47974431093750003 0.527502615625 0.4916264953125 0.5180214953125 0.32908804375 0.435915296875 0.3151623359375 0.43550349375 0.337935196875 0.441956575 0.47974431093750003
1 0.08377666406249999 0.257757096875 0.03965381875 0.24785426250000003 0.010659065625 0.3970193359375 0.0748567921875 0.40870281249999996 0.08377666406249999 0.257757096875
0 0.1723213765625 0.28534451875 0.0855408796875 0.2649694421875 0.0785194109375 0.409414753125 0.16867670625 0.42468077187500003 0.1723213765625 0.28534451875
1 0.34656937656250003 0.320170571875 0.2607948234375 0.30234852968750003 0.2616436359375 0.44401698593749994 0.3516854109375 0.46016325625 0.34656937656250003 0.320170571875
0 0.25982538593750004 0.301224184375 0.1740730875 0.28398477187500004 0.1713058109375 0.4274506015625 0.26000651406249997 0.4469510578125 0.25982538593750004 0.301224184375
1 0.4302394625 0.33779046875 0.34794025781250004 0.32199912343750003 0.35217889062499996 0.4595811375 0.438780821875 0.4777709296875 0.4302394625 0.33779046875
1 0.9389458749999999 0.8622407671874999 0.9172314343749999 0.6901905671875 0.8428733234375001 0.6721554281250001 0.8551839812500001 0.8719289484375 0.9343587421875 0.8858395203124999 0.9389458749999999 0.8622407671874999
1 0.166870603125 0.5433609359375 0.07417814687499999 0.5218703734375 0.06461326875 0.7210726765625 0.16330707656250001 0.741339484375 0.166870603125 0.5433609359375
1 0.761738734375 0.6559515375 0.77021766875 0.8592025375000001 0.853044803125 0.8720544718750001 0.83835455 0.6726931 0.761738734375 0.6559515375
1 0.26888089375 0.5636130640625 0.2673659390625 0.76264915625 0.36411298593749997 0.7819962140625 0.360891828125 0.5767441359375 0.26888089375 0.5636130640625
0 0 0.709555384375 0.06398851093749999 0.7186282828125 0.07129453125 0.5227470234375 0 0.5107159171875 0 0.709555384375
1 0.649294765625 0.63712510625 0.6604424437499999 0.83851415 0.7503584484375 0.8570747265625 0.7365807453125 0.6530186921875 0.649294765625 0.63712510625
1 0.36299501562500003 0.5831076765625001 0.36481115625 0.7799665703125 0.4597244296875 0.7962504890625001 0.453281825 0.6044470234375 0.36299501562500003 0.5831076765625001
0 0.1710568109375 0.54329921875 0.1658803734375 0.7440050390625 0.2663413328125 0.7629913296875 0.26528998593750003 0.5684464515625 0.1710568109375 0.54329921875
1 0.547139828125 0.62159743125 0.562398228125 0.8221629781249999 0.65916845625 0.8382665109375 0.6466393390625 0.637159871875 0.547139828125 0.62159743125
0 0.4610428796875 0.773770553125 0.46206258125 0.7950809640625 0.559258653125 0.8199286890625 0.544399640625 0.6210758546874999 0.455931834375 0.604734240625 0.4610428796875 0.773770553125
1 0.1719363203125 0 0.17157976875 0.0271879265625 0.253182725 0.0422033984375 0.25296708125 0 0.1719363203125 0
1 0.9121681921875 1 0.9347387703125 0.883884446875 0.8530197796874999 0.8734146859375 0.8643419343750001 1 0.9121681921875 1
0 0.253627446875 0 0.253574375 0.0435916375 0.334740228125 0.062019323437499996 0.33239543125000004 0 0.253627446875 0
1 0.33330314687499996 0 0.3349790078125 0.062065737499999996 0.4133622609375 0.07951076875 0.40925453593750005 0 0.33330314687499996 0
1 0.4096825609375 0 0.41366977812499994 0.0791287671875 0.49413821249999995 0.09477024687499999 0.4900650765625 0 0.4096825609375 0
1 0.7668954968749999 1 0.751790346875 0.8594294828125 0.6613912390625 0.8413050203125 0.6731779953125 1 0.7668954968749999 1
1 0.6709735421875 1 0.6580106515625 0.8412005562499999 0.5634125203125 0.828041434375 0.5755061390625 1 0.6709735421875 1
1 0.8629896390624999 1 0.8496263624999999 0.8720207500000001 0.757953428125 0.858147628125 0.7705178953125 1 0.8629896390624999 1
1 0.5725600328125 1 0.5587232078125 0.8259173625 0.467706259375 0.8049412609375001 0.473319015625 1 0.5725600328125 1
1 0.0668190640625 0.725731896875 0.0583662703125 0.9235134468749999 0.160694546875 0.9434040484375 0.1594649 0.7442930796875 0.0668190640625 0.725731896875
1 0.162538996875 0.7469075453125 0.16415262656250001 0.9440762312500001 0.2658017453125 0.96383481875 0.2611928265625 0.7656735171875 0.162538996875 0.7469075453125
1 0.26290778124999997 0.7664172609375 0.26677151875 0.9640233234375 0.3703987 0.98416640625 0.36301268593749997 0.7878750906249999 0.26290778124999997 0.7664172609375
1 0.4714724671875 1 0.46337450156250004 0.8041703890624999 0.36593461718750003 0.7870860421875 0.37027887812500004 0.984143115625 0.45185547187499997 1 0.4714724671875 1
1 0 0.9121681921875 0.054440076562499995 0.9227502718749999 0.064816875 0.7258953671875 0 0.7149903390625 0 0.9121681921875
1 0.8043711 0.16158616406249998 0.793545659375 0.0477011484375 0.7206224171875 0.03352630625 0.7286760921875 0.14821467187499998 0.8043711 0.16158616406249998
1 0.491103396875 0 0.494163065625 0.09433330625 0.570496378125 0.107970265625 0.5615011640625001 0.0066980890625 0.5300745421874999 0 0.491103396875 0
1 0.8814882125000001 0.1792604640625 0.8588378015625 0.060392654687500005 0.7954585187500001 0.048072970312500005 0.8047584562500001 0.162941415625 0.8814882125000001 0.1792604640625
1 0.7105046328125 0.0315596078125 0.6395759984375 0.021352975 0.6497597984375 0.128177453125 0.7273653140625 0.145275628125 0.716215053125 0.0326696015625 0.7105046328125 0.0315596078125
1 0.6366337203125 0.02174415 0.5626154750000001 0.0057482625 0.57144463125 0.1097970921875 0.648790025 0.12748215937500001 0.6366337203125 0.02174415
1 1 0.08985003281250001 0.9608788828125 0.0802274328125 0.9343553578125 0.07507178125 0.9596310593749999 0.1957920203125 1 0.203638946875 1 0.08985003281250001
1 0.936258103125 0.0999841765625 0.9300333546875 0.07423166875000001 0.8824978515625 0.064991703125 0.8635258562500001 0.061688181249999995 0.880450959375 0.1837562875 0.9576111734375001 0.1953993953125 0.936258103125 0.0999841765625