1 1 0.410283309375 0.9924943171875 0.2852656296875 0.9199183265625 0.26595692187500003 0.9271947171875 0.397508234375 1 0.41687030312499995 1 0.410283309375
0 0.73380918125 0.218971325 0.65689470625 0.1946859078125 0.6518521609375 0.19323998125 0.6534052328125 0.3242137078125 0.736295159375 0.3451467015625 0.73380918125 0.218971325
1 0.7394555078125 0.21881480937500003 0.7415388328125 0.344405934375 0.8248624421875 0.37439008125 0.8207875375 0.24225465468750002 0.7394555078125 0.21881480937500003
1 0.825366784375 0.24221064218750002 0.8283930937499999 0.3786326765625 0.9147841078125 0.4028972765625 0.9098094515625 0.26593523750000003 0.825366784375 0.24221064218750002
1 0.5708261890624999 0.1717618890625 0.5684873828125 0.3036420578125 0.65358731875 0.3252087609375 0.65185986875 0.194997921875 0.5708261890624999 0.1717618890625
1 0.480266496875 0.1484429203125 0.47696773593749997 0.281490590625 0.565194875 0.304662834375 0.5688337859375 0.171028978125 0.480266496875 0.1484429203125
0 0.2192673 0.0711643734375 0.1327002328125 0.0454483703125 0.11494109374999999 0.201072553125 0.20402585 0.22598344531249998 0.2192673 0.0711643734375
0 0.2194948046875 0.0721229015625 0.2050694359375 0.2298821625 0.295981703125 0.25676271875 0.3123238625 0.1005277953125 0.2194948046875 0.0721229015625
0 0.3947223890625 0.1232619 0.3859385671875 0.28497095156249996 0.47158007812499997 0.30881943125 0.47852267499999995 0.144611359375 0.3947223890625 0.1232619
0 0.3130247390625 0.09983547499999999 0.29680880625 0.25799574999999997 0.38540428125 0.281273609375 0.3919280578125 0.124247228125 0.3130247390625 0.09983547499999999
1 1 0.428401334375 0.9190219140625 0.40694870937500005 0.9216875703125 0.580985925 0.9910632546875 0.6014365515625 1 0.5702704171875 1 0.428401334375
1 0.6504702421874999 0.33624950937500003 0.568182171875 0.31390107968750003 0.5614302359375001 0.481468246875 0.6530093906250001 0.5040951578125 0.6504702421874999 0.33624950937500003
1 0.9127148078125 0.41420186406250004 0.82413903125 0.3890387671875 0.8329364453125001 0.5598965406249999 0.9190595265624999 0.5773259546875 0.9127148078125 0.41420186406250004
1 0.7356903578125 0.3635923765625 0.6538031484375 0.33903357968750003 0.652921321875 0.5026167046875 0.7416126890625 0.5353145265625 0.7356903578125 0.3635923765625
1 0.7389563359375 0.366937346875 0.743685584375 0.5366355171875 0.8307189734374999 0.5608653421875001 0.82082843125 0.3887319234375 0.7389563359375 0.366937346875
1 0.4711538984375 0.46284790468750003 0.5597199734375 0.48315762968750003 0.5645695609375 0.312344484375 0.479794115625 0.290215309375 0.47729105 0.3139870890625 0.4711538984375 0.46284790468750003
1 0.11599656093749999 0.19773250625 0.0706593703125 0.183311075 0.026705962500000003 0.33659482343749997 0.09291840625 0.3547286828125 0.11599656093749999 0.19773250625
0 0.206276440625 0.23473899999999998 0.11718928437500001 0.20543588437500002 0.0966918421875 0.35581070000000004 0.189782415625 0.3800834421875 0.206276440625 0.23473899999999998
1 0.385709575 0.2872147375 0.2974443484375 0.2606736375 0.28544706875000003 0.40887072968749993 0.3783365140625 0.434053153125 0.385709575 0.2872147375
0 0.296530715625 0.25940872656249997 0.20823581249999998 0.233478834375 0.19228559843749998 0.3832217671875 0.2834645703125 0.41178746562499996 0.296530715625 0.25940872656249997
1 0.4717878390625 0.3133504796875 0.386979840625 0.289252928125 0.3789066015625 0.43349002499999995 0.468005415625 0.4604918953125 0.4717878390625 0.3133504796875
1 0.9506780515625 0.7422764953125001 0.950069275 0.7266919 0.87378715625 0.7009804859375001 0.8685156828125 0.9109849265625 0.8998960968749999 0.9193742125 0.9506780515625 0.7422764953125001
1 0.17709406249999998 0.5040007921874999 0.0819130109375 0.4729863734375 0.053769296875000004 0.680376871875 0.155350709375 0.7106650859375 0.17709406249999998 0.5040007921874999
1 0.790237128125 0.6765589750000001 0.780633921875 0.88984598125 0.8662625390625 0.9109189531249999 0.8690028515625 0.701126053125 0.790237128125 0.6765589750000001
1 0.2821522796875 0.5345794046875 0.262459503125 0.7425382515625001 0.36208450000000003 0.771685365625 0.37737955625 0.556790884375 0.2821522796875 0.5345794046875
0 0 0.6653736171875 0.05333694375 0.677763584375 0.07881141875 0.473637096875 0 0.4531344171875 0 0.6653736171875
1 0.67411538125 0.6465090874999999 0.6674782203125 0.8580953921875001 0.7600162484374999 0.8857904578125 0.7641399046874999 0.671173265625 0.67411538125 0.6465090874999999
1 0.379004709375 0.5636380609375 0.363000765625 0.7696276734375 0.46098271406249997 0.7954031171875 0.471678553125 0.5942726015625001 0.379004709375 0.5636380609375
0 0.18148656406250002 0.5043221921875001 0.1578048953125 0.7136892390625 0.26135465625 0.742801546875 0.277949565625 0.539301815625 0.18148656406250002 0.5043221921875001
0 0.5684758234375 0.6208567046875 0.56622135625 0.8319609874999999 0.6661656875 0.8577190281249999 0.6713294953125 0.6463006296875 0.5684758234375 0.6208567046875
0 0.4644092421875 0.772021184375 0.4635393375 0.7943959 0.5631345171875 0.8293355296874999 0.5656517234375 0.6200587609375 0.47442946875 0.5948171999999999 0.4644092421875 0.772021184375
1 0.398016003125 0 0.3970419390625 0.0162894734375 0.4775958375 0.041754990625 0.4790598453125 0 0.398016003125 0
1 0.4794565984375 0 0.4779528453125 0.041383946875 0.5608559390625001 0.0651560265625 0.563707115625 0 0.4794565984375 0
1 0.763591384375 1 0.7613025921875 0.8883844375000001 0.6682186296875 0.86110080625 0.6664855375000001 1 0.763591384375 1
1 0.6639683375 1 0.6646854875 0.8606799281249999 0.5667495406249999 0.8382006046875 0.5640942984375 1 0.6639683375 1
1 0.8642477859375 1 0.86268329375 0.91056855 0.7678777203125 0.8876123921874999 0.7680756718749999 1 0.8642477859375 1
1 0.5608306468750001 1 0.5620286453125 0.8355475125 0.468556625 0.80522544375 0.4572568 1 0.5608306468750001 1
1 0.055657007812500006 0.6854515875 0.029614709375 0.88526890625 0.1347391890625 0.915412865625 0.151055678125 0.71339895 0.055657007812500006 0.6854515875
1 0.154039315625 0.7164158578125 0.13828946250000002 0.9164308906249999 0.2429204515625 0.9464333437500001 0.2557153578125 0.7451312140625 0.154039315625 0.7164158578125
1 0.25744486875 0.7460669234374999 0.2439426359375 0.9467264500000001 0.3505923328125 0.9773077593749999 0.36039668593749996 0.777730478125 0.25744486875 0.7460669234374999
1 0.45519176093749997 1 0.46408733281250003 0.8040201265625001 0.3635304625 0.7771748765625001 0.35056621250000003 0.97730026875 0.429729584375 1 0.45519176093749997 1
1 0 0.876777025 0.025630179687499997 0.8841263609375 0.053543968750000004 0.6854379171875 0 0.6715367203125 0 0.876777025
1 0.8798828437499999 0.16361468437499999 0.879267534375 0.08860349687499999 0.8030293640625 0.066742553125 0.8017755109375001 0.1426560109375 0.8798828437499999 0.16361468437499999
1 0.5644375 0 0.5609217296875 0.0647014828125 0.63967381875 0.08599655625 0.6395410312500001 0.019863028125 0.5702704187500001 0 0.5644375 0
1 0.9590890468750001 0.18920318281249998 0.9509015375000001 0.1091442171875 0.880607778125 0.08898780625 0.8801654875 0.165067353125 0.9590890468750001 0.18920318281249998
1 0.8006692453124999 0.13946230625 0.799775171875 0.0658094296875 0.7202934359375 0.0430184078125 0.7208988171875 0.11443113906249999 0.8006692453124999 0.13946230625
1 0.7199458015625 0.1136147828125 0.7179542734375 0.0423476640625 0.6406327375 0.0201760703125 0.6405013515625 0.08799398124999999 0.7199458015625 0.1136147828125
1 1 0.12322297499999998 0.9532813890625 0.10982662968750001 0.9575931093750001 0.1938080828125 1 0.204057303125 1 0.12322297499999998