1 0.9723069875 0.3043261578125 0.9796412171875 0.3036097078125 0.964841096875 0.1830724078125 0.9198486984375001 0.18781379843749998 0.9723069875 0.3043261578125
1 0.8377804484375 0.200795271875 0.8953439453125001 0.318342321875 0.96956473125 0.30776333437500003 0.9113642750000001 0.1903144625 0.8377804484375 0.200795271875
1 0.6500658546875 0.229985053125 0.570603271875 0.23759484375 0.5654502953125 0.23822755 0.617576925 0.357465871875 0.701184365625 0.34447107187500003 0.6500658546875 0.229985053125
1 0.6551483515625 0.22765194375000003 0.705673878125 0.3417595390625 0.79318088125 0.3368783234375 0.7383073734375001 0.21755512968750002 0.6551483515625 0.22765194375000003
1 0.74246145625 0.215738821875 0.7980395640625 0.3393909421875 0.8861260265625001 0.328086678125 0.82856413125 0.20469610781249997 0.74246145625 0.215738821875
1 0.483329625 0.250000659375 0.5322622109374999 0.37157782031250003 0.618128059375 0.3583057234375 0.566137975 0.2398330734375 0.483329625 0.250000659375
1 0.3918121578125 0.263786978125 0.4403223921875 0.3868047125 0.5296583828125 0.3737888125 0.48123101874999996 0.2501027921875 0.3918121578125 0.263786978125
0 0.12415290937500001 0.29430450937499997 0.035344112500000004 0.304349025 0.07942419375000001 0.4536326046875 0.1702145578125 0.44187493906249997 0.12415290937500001 0.29430450937499997
1 0.12473127343749998 0.2950933234375 0.1726746859375 0.445037509375 0.2658923234375 0.43437329062499996 0.22028507656250002 0.2850804546875 0.12473127343749998 0.2950933234375
0 0.3041422875 0.2739242546875 0.35875377343750003 0.42529444375000003 0.445996415625 0.41390011875 0.38874020468750003 0.2609574421875 0.3041422875 0.2739242546875
0 0.22065542656249998 0.2841751515625 0.2671231328125 0.4351807234375 0.35683552500000004 0.42211860156250003 0.3019785140625 0.27590959375 0.22065542656249998 0.2841751515625
1 1 0.46941868593749997 0.9829413125 0.3304868328125 0.97686363125 0.31790705625000004 0.8915548203125001 0.3301501171875 0.9613687140625 0.48835992656249994 1 0.4839081015625 1 0.46941868593749997
1 0.61956368125 0.3696169265625 0.5359564109375 0.3810831765625 0.5946869078125 0.537025471875 0.6868650187500001 0.522210528125 0.61956368125 0.3696169265625
1 0.888618196875 0.33923291718750004 0.7981937968749999 0.35056241093749996 0.8723619015624999 0.5034848640625 0.9575577828125 0.4860303359375 0.888618196875 0.33923291718750004
1 0.707775484375 0.36158339375000004 0.6236775125 0.37087169375 0.686212353125 0.5208919062499999 0.779659428125 0.5164118375 0.707775484375 0.36158339375000004
0 0.712045528125 0.363377340625 0.782059053125 0.5168165796874999 0.870717175 0.5052313515625 0.79505945 0.3515656484375 0.712045528125 0.363377340625
1 0.5052468109375 0.555001125 0.5937831874999999 0.5392345703125 0.532063075 0.3810600296875 0.44627501093750005 0.39369161406250003 0.4531992734375 0.4164135421875 0.5052468109375 0.555001125
1 0 0.5117019734375 0.023240353124999998 0.6156744109375001 0.1188587015625 0.6027690156250001 0.0790923546875 0.45016711093749995 0 0.45757053281250004 0 0.5117019734375
0 0.17565464687500001 0.44901337343750003 0.0831614609375 0.45675309375 0.122714778125 0.60229555 0.2169068546875 0.5884003437499999 0.17565464687500001 0.44901337343750003
0 0.35941396718749996 0.42743631562499995 0.2687388890625 0.43738449375000005 0.31519159218750004 0.5776375921875 0.4095526875 0.56465275 0.35941396718749996 0.42743631562499995
0 0.26741691875 0.43658145 0.1769514625 0.4471003921875 0.22040207656250002 0.5903010578125001 0.314515121875 0.5810753015625 0.26741691875 0.43658145
0 0.4479400453125 0.41796543750000004 0.3613601921875 0.4288085890625 0.409853928125 0.5639163828125 0.501466709375 0.5540665046875 0.4479400453125 0.41796543750000004
1 1 0.6140015984375 0.9641983625 0.616732621875 1 0.7076040859375 1 0.6140015984375
1 0.2533291578125 0.7067055625 0.15462259218750002 0.7152429312499999 0.2092871296875 0.9159201796875 0.31354244375 0.9042359875000001 0.2533291578125 0.7067055625
1 1 0.7170375531250001 0.9598968234375 0.618721384375 0.8786389265624999 0.626791453125 0.9524746265624999 0.8256731531250001 1 0.817989709375 1 0.7170375531250001
1 0.36086384531250004 0.693938621875 0.4234461875 0.8918582546874999 0.525477625 0.8798887437499999 0.45620408437500004 0.6773286546875 0.36086384531250004 0.693938621875
0 0.0524624953125 0.7317892406250001 0.1033182765625 0.9320110843749999 0.207881465625 0.913696715625 0.15204938437499999 0.717041278125 0.0524624953125 0.7317892406250001
0 0.761231465625 0.644333109375 0.837110365625 0.8405083031249999 0.9321242390625001 0.8299588171875 0.8527823171875 0.63198521875 0.761231465625 0.644333109375
1 0.46033557031249994 0.6829634984374999 0.52551550625 0.8776505921875 0.6247448484375 0.8632332593750001 0.55661129375 0.6750509499999999 0.46033557031249994 0.6829634984374999
0 0.257454621875 0.705296034375 0.316948828125 0.9060512375 0.42254175624999996 0.892527678125 0.35886417656249997 0.69988961875 0.257454621875 0.705296034375
1 0.65507465 0.661833009375 0.7347589984375 0.8558673499999999 0.8357690874999999 0.8406729921875 0.7586131593750001 0.6452228640625 0.65507465 0.661833009375
0 0.6188126875 0.8405098796875 0.626683625 0.8613200828125 0.7309307171875 0.8546622749999999 0.6521932890625 0.66219820625 0.5593279 0.6744823281250001 0.6188126875 0.8405098796875
1 0 0.1842255671875 0.0052814765625 0.203363534375 0.090922075 0.1919750125 0.058503521875 0.08724488281250001 0 0.0946575625 0 0.1842255671875
1 0.1428045796875 0.0768940140625 0.0589223765625 0.0871672796875 0.0918030859375 0.1931766046875 0.17744368593749998 0.181788084375 0.1428045796875 0.0768940140625
0 0.22507717187499998 0.0674746765625 0.1437065484375 0.0760838015625 0.1782784734375 0.1830389890625 0.26458485 0.1751759578125 0.22507717187499998 0.0674746765625
1 0.3071099046875 0.060136384375 0.226487675 0.06701280937500001 0.264836240625 0.17514509218750002 0.348070809375 0.167203559375 0.3071099046875 0.060136384375
1 0.3952957125 0.05523233125 0.3074342 0.0596247484375 0.348252334375 0.166725590625 0.4329710390625 0.1563234421875 0.3952957125 0.05523233125
1 0.8389484578124999 0.8429710859374999 0.8853114328125 0.9564446171875 0.9846041062499999 0.9442530109374999 0.9343003062499999 0.8318334015625 0.8389484578124999 0.8429710859374999
1 0.7376560375000001 0.8613717328125 0.78123000625 0.969224209375 0.8826266890625 0.9567742625 0.8355672468750001 0.843956296875 0.7376560375000001 0.8613717328125
1 1 0.8186439703125 0.9399904953125 0.8285768515624999 0.9889527109375 0.9437190687499999 1 0.9423626328125 1 0.8186439703125
1 0.635446859375 0.8692831625 0.6757103109375 0.9821804000000001 0.7774854484375 0.969683984375 0.7323286375 0.8607751328125 0.635446859375 0.8692831625
1 0.34104483281250003 1 0.3106887375 0.9084032750000001 0.2129714890625 0.91983139375 0.2352629625 1 0.34104483281250003 1
1 0.4544567921875 1 0.4183070890625 0.89684649375 0.314574578125 0.91000655 0.3445997421875 1 0.4544567921875 1
1 0.5305813078125 1 0.56643458125 0.9955977718750001 0.52628085625 0.88607461875 0.42024475624999996 0.8970318828125 0.45590244843749994 1 0.5305813078125 1
1 0.5289202093750001 0.8843508265625 0.5677008375 0.9954422953125001 0.672680275 0.982552440625 0.6309092046875 0.869913690625 0.5289202093750001 0.8843508265625
1 0.23226132187499998 1 0.21104148281250001 0.92063841875 0.10477693749999999 0.936429071875 0.120095128125 1 0.23226132187499998 1
1 0.6361774 0.019288829687500002 0.682426 0.13379630625 0.7616870375 0.1226799109375 0.7119029703125 0.0076606765625000005 0.6361774 0.019288829687500002
1 0.432854971875 0.15588201875000002 0.5128335515625 0.144823359375 0.47132015000000005 0.047264734375 0.3964917171875 0.05508547968750001 0.432854971875 0.15588201875000002
1 0.7142779046875 0.00806125625 0.762506953125 0.1238994765625 0.8437416421874999 0.11537360156250001 0.781821534375 0.0025366703125000003 0.7142779046875 0.00806125625
1 0.55335098125 0.0366548828125 0.59782900625 0.1393382328125 0.6801817546875 0.1313031359375 0.632762428125 0.0229153765625 0.55335098125 0.0366548828125
1 0.550563378125 0.037990565625 0.47211776875 0.0459636625 0.51436071875 0.1463300453125 0.5966448421874999 0.13896088906249998 0.550563378125 0.037990565625
1 0.8654117671874999 0 0.9264440437499999 0.10660338750000001 0.9550210546875 0.103094571875 0.9423626328125 0 0.8654117671874999 0
0 0.8198650640625 0 0.7881006046875 0.004534428125 0.8441620109375 0.12016726562499999 0.9243174703125 0.10686449843750001 0.872452609375 0.019095878125 0.8607263015625 0 0.8198650640625 0