1 0.7796875 0.35234375 0.121875 0.1796875
1 0.603125 0.31328125 0.1078125 0.1484375
1 0.684375 0.33359375 0.1125 0.15625
1 0.51015625 0.2953125 0.128125 0.1609375
1 0.2484375 0.23828125 0.13125 0.1703125
1 0.9890625 0.41171875 0.021875 0.1640625
1 0.8703125 0.38359375 0.121875 0.1796875
0 0.4328125 0.284375 0.11875 0.1671875
1 0.946875 0.40390625 0.10625 0.1734375
0 0.33984375 0.26875 0.11875 0.1734375
0 0.15078125 0.23125 0.125 0.1546875
1 0.61484375 0.471875 0.1203125 0.1796875
1 0.51484375 0.45234375 0.125 0.165625
0 0.3328125 0.4125 0.1171875 0.15
1 0.7046875 0.49921875 0.128125 0.1796875
1 0.88515625 0.54140625 0.125 0.18125
0 0.2390625 0.39375 0.125 0.165625
0 0.42109375 0.43671875 0.11875 0.1578125
1 0.95703125 0.56171875 0.0859375 0.1859375
0 0.7890625 0.52578125 0.1328125 0.1671875
1 0.059375 0.36015625 0.1078125 0.15625
0 0.14609375 0.3828125 0.1265625 0.1609375
1 0.2515625 0.02734375 0.103125 0.0546875
1 0.16640625 0.01875 0.0984375 0.0375
1 0.5875 0.071875 0.1046875 0.140625
1 0.503125 0.0609375 0.10625 0.121875
1 0.83359375 0.84921875 0.13125 0.1984375
1 0.9046875 0.87109375 0.0828125 0.175
1 0.7265625 0.834375 0.1328125 0.190625
0 0.33671875 0.0453125 0.1140625 0.090625
1 0.6671875 0.09375 0.1046875 0.146875
1 0.9078125 0.14921875 0.103125 0.146875
1 0.41875 0.05703125 0.1125 0.1140625
1 0.6265625 0.81640625 0.14375 0.196875
0 0.04765625 0.68515625 0.0953125 0.2109375
0 0.52890625 0.80546875 0.14375 0.1859375
0 0.228125 0.7375 0.140625 0.1953125
1 0.1234375 0.71875 0.146875 0.19375
1 0.32421875 0.76640625 0.1515625 0.2015625
1 0.42890625 0.79609375 0.1328125 0.2015625
1 0.746875 0.11171875 0.1109375 0.1484375
1 0.828125 0.13046875 0.10625 0.146875
0 0.96171875 0.16484375 0.0765625 0.1484375
1 0.7578125 0.971875 0.11875 0.05625
1 0.84609375 0.9828125 0.1078125 0.034375
1 0.44375 0.93671875 0.125 0.1265625
1 0.6546875 0.96171875 0.125 0.0765625
1 0.22421875 0.8921875 0.1328125 0.1328125
1 0.33828125 0.91875 0.13125 0.1328125
1 0.5515625 0.95234375 0.13125 0.0953125
1 0.11796875 0.87109375 0.1234375 0.125
1 0.03828125 0.8453125 0.0765625 0.128125