1 0.8093829265625001 0.15057120156249998 0.8663834015624999 0.25206667656250004 0.9367614234375001 0.2389132953125 0.87633843125 0.1375314328125 0.8093829265625001 0.15057120156249998
1 0.7356011765625 0.168938046875 0.79733660625 0.27096236406249996 0.8641547953125001 0.25540527343749997 0.8018465171875 0.153521171875 0.7356011765625 0.168938046875
0 0.5668006515624999 0.2104924109375 0.4949705046875 0.22377652343749999 0.4903234515625 0.224764284375 0.5472365109374999 0.32875955156250003 0.6224201796875 0.3102570328125 0.5668006515624999 0.2104924109375
1 0.57124941875 0.20796759531250003 0.6262986109375 0.30743649687499996 0.7056763312500001 0.2959820375 0.6462528062499999 0.1921303140625 0.57124941875 0.20796759531250003
1 0.6498960640625 0.1901489125 0.7103030859375 0.297871540625 0.7897026453125 0.2805431609375 0.727508025 0.1732171078125 0.6498960640625 0.1901489125
0 0.4163986640625 0.24203903750000003 0.47058472656249994 0.348412696875 0.5478050734375 0.32947726875 0.4910768359375 0.2261657015625 0.4163986640625 0.24203903750000003
1 0.334067409375 0.2618947671875 0.38798206562500004 0.369609315625 0.4683856390625 0.35062770625 0.41449383749999996 0.2423001953125 0.334067409375 0.2618947671875
0 0.0925021109375 0.311072484375 0.0123448359375 0.3273159359375 0.06429198281250001 0.45921620625 0.14612040312500002 0.4412593765625 0.0925021109375 0.311072484375
0 0.093091471875 0.311741709375 0.1486121171875 0.4439311359375 0.23273919062499998 0.4267714671875 0.1793993046875 0.2949854125 0.093091471875 0.311741709375
0 0.2549555796875 0.2781309328125 0.31666657656249997 0.4110787421875 0.39528989531250003 0.3937364046875 0.3310442734375 0.2595742796875 0.2549555796875 0.2781309328125
0 0.1796655125 0.29413433125 0.23392472187500002 0.4274051984375 0.31466774062499997 0.4083514359375 0.2531398078125 0.28010588593749997 0.1796655125 0.29413433125
0 0.8716073765625 0.26402227031250003 0.794813646875 0.281979365625 0.8709207937500001 0.41991191250000004 0.954561684375 0.402779734375 0.8716073765625 0.26402227031250003
1 0.9586466781249999 0.408373834375 0.9909484281250001 0.40486358750000007 0.9576486921875 0.2482006453125 0.8750057218749999 0.2623499359375 0.9586466781249999 0.408373834375
1 0.55000531875 0.3396242359375 0.47470130624999995 0.356739946875 0.5405272015625 0.4935051453125 0.623379540625 0.4726631390625 0.55000531875 0.3396242359375
1 0.7928529281250001 0.290455634375 0.7113243312499999 0.307994615625 0.7909835265625 0.44078054218749996 0.8672634921875 0.4181043390625 0.7928529281250001 0.290455634375
1 0.6297769625 0.3252532078125 0.5538539859375 0.3404323421875 0.6226806875 0.471519203125 0.7075043984375 0.45995176249999997 0.6297769625 0.3252532078125
1 0.63381051875 0.32653794999999997 0.709723559375 0.46012630468750004 0.7896220375 0.4424971203125 0.7085464640625 0.309156471875 0.63381051875 0.32653794999999997
1 0.46041971875 0.5169949093749999 0.5398776062499999 0.4955819375 0.471150709375 0.35703154062500003 0.393950771875 0.3753796125 0.4020534265625 0.3954384265625 0.46041971875 0.5169949093749999
1 0 0.5293724281250001 0.025854451562500002 0.6107417078124999 0.11199309375 0.5913559484375 0.06371632187500001 0.4560987359375 0 0.4677419078125 0 0.5293724281250001
0 0.15164176875 0.44729903125000003 0.06794449062499999 0.4617472453125 0.1154705796875 0.5906167859375 0.20023115156250001 0.5704475234374999 0.15164176875 0.44729903125000003
1 0.31743718906249996 0.412968978125 0.2355712078125 0.42927486875 0.2889691125 0.552791621875 0.373955509375 0.5334347265625 0.31743718906249996 0.412968978125
0 0.23430292812500003 0.4286524375 0.15267301093750002 0.4454593328125 0.203566875 0.571891340625 0.2886235078125 0.555964840625 0.23430292812500003 0.4286524375
1 0.39738198593749996 0.397268665625 0.319319346875 0.41405772812499997 0.374172040625 0.5327424625 0.456900484375 0.5164504671875 0.39738198593749996 0.397268665625
1 1 0.6004990140625 0.955550384375 0.5242766 0.8836197968749999 0.5361525 0.9686677890625001 0.7061982437500001 1 0.6989463296875 1 0.6004990140625
1 0.242756178125 0.6748571171875 0.1534582921875 0.6905278828125 0.219104584375 0.868205896875 0.3132120796875 0.8492346296875001 0.242756178125 0.6748571171875
1 0.8064254390625001 0.55214805 0.889404675 0.7266577828125 0.9668379375 0.7071031390625 0.8798557265625 0.5383022000000001 0.8064254390625001 0.55214805
1 0.3397674640625 0.6546402140625001 0.41241343906249994 0.829180628125 0.5044713796875 0.8101290578125001 0.425360575 0.6319157625 0.3397674640625 0.6546402140625001
0 0.061643871875 0.7137421421875 0.1237825859375 0.8913127890625001 0.21764804531249998 0.866301490625 0.15125458281249998 0.6923660578125 0.061643871875 0.7137421421875
1 0.7007915328125 0.577489559375 0.7854197843749999 0.74937973125 0.87119316875 0.7321799343750001 0.7832666078125 0.55893618125 0.7007915328125 0.577489559375
1 0.5859580109375 0.764631825 0.5947728546875 0.78288019375 0.6892690906250001 0.7684698390625 0.6023278484375 0.6001761421875 0.518649546875 0.6187772078125 0.5859580109375 0.764631825
1 0.42957062031250004 0.6366963328125 0.504329471875 0.8080954234375 0.5936403453125 0.7870480140625 0.5167020546875001 0.62178761875 0.42957062031250004 0.6366963328125
0 0.24640541875 0.673247071875 0.316460090625 0.8506080421875 0.41164182031249996 0.8298605890624999 0.33841389374999997 0.6601998859375 0.24640541875 0.673247071875
0 0.6054092796874999 0.6018898734375 0.693337425 0.7715321890625 0.7842101921875 0.7496368375 0.698475090625 0.5785070234374999 0.6054092796874999 0.6018898734375
1 0 0.2329759578125 0.0541454875 0.2209008265625 0.0163400109375 0.12848594375 0 0.132024778125 0 0.2329759578125
1 0.0923643390625 0.112326475 0.016715679687500002 0.128381909375 0.05504325156249999 0.22192024843749997 0.1322067671875 0.2047118046875 0.0923643390625 0.112326475
0 0.1666131546875 0.0971750140625 0.09312261250000001 0.11151897968749999 0.1330662859375 0.2057796796875 0.21111457812499998 0.19171632656249998 0.1666131546875 0.0971750140625
1 0.24080739062499998 0.08393086718750001 0.16786241562499998 0.09664273125 0.21134128593749998 0.1916681375 0.2865834375 0.17778019843749998 0.24080739062499998 0.08393086718750001
1 0.32080203906250004 0.07240118437500001 0.2410626515625 0.0834406421875 0.28671121875 0.1773319828125 0.3631121890625 0.1610924546875 0.32080203906250004 0.07240118437500001
1 0.8733244265625 0.733705959375 0.7872893453125 0.75146654375 0.8733354796875 0.918211290625 0.9658283171875001 0.8993169218749999 0.8733244265625 0.733705959375
1 0.784285040625 0.7526318640625 0.6964119906249999 0.7762935078125001 0.780228775 0.940298509375 0.8718423 0.9192942671875001 0.784285040625 0.7526318640625
1 1 0.7735666796875 0.9638267203125 0.708344365625 0.8782543078125 0.7302945484375 0.9723105703125 0.9063605890625 1 0.900938828125 1 0.7735666796875
1 0.6915090421875 0.776179971875 0.6038721328125 0.7916776046875 0.6824512734375 0.9626129421874999 0.7793776968749999 0.9443073703125 0.6915090421875 0.776179971875
1 0.37441589531249997 1 0.310939440625 0.8532445781250001 0.22277119843749998 0.8714585796875 0.27103648125 1 0.37441589531249997 1
1 0.48326994375 1 0.4081223859375 0.8341188890625 0.31460776875 0.8543871765625 0.37793849687500003 1 0.48326994375 1
1 0.5461790875 1 0.5882098859375 0.991066078125 0.5056911656249999 0.81567678125 0.40990318124999997 0.8341315125 0.4843035984375 1 0.5461790875 1
1 0.5079610437500001 0.8139009343750001 0.5885409765625 0.9923503312499999 0.6849372421875 0.9718606734374999 0.5997857734375 0.7926139875 0.5079610437500001 0.8139009343750001
1 0.267559075 1 0.22107561874999998 0.8723457234374999 0.125460428125 0.8952039484375 0.16068702968749998 1 0.267559075 1
1 0.53753189375 0.02045065 0.5887141984375 0.1206257453125 0.6600842046875 0.1041764015625 0.605638984375 0.0038208718750000004 0.53753189375 0.02045065
1 0.3629715953125 0.160701284375 0.435000190625 0.14424671718749998 0.3894701125 0.059068496875 0.32188062031250003 0.072171925 0.3629715953125 0.160701284375
1 0.63123006875 0 0.6078353109375 0.00399361875 0.660927696875 0.10521703906249999 0.7343008984375 0.090959515625 0.6732867109375 0 0.63123006875 0
1 0.463404715625 0.0428563375 0.5120410328125 0.132446 0.5864720296875 0.1185439734375 0.5347050359375001 0.02401506875 0.463404715625 0.0428563375
1 0.46096911250000006 0.04429196875 0.3900945765625 0.0578240421875 0.43651097656250004 0.1454910609375 0.5109319218749999 0.1321987265625 0.46096911250000006 0.04429196875
1 0.7557363703125 0 0.8089926546875 0.076362471875 0.8785565500000001 0.061576209375 0.83504444375 0 0.7557363703125 0
1 0.677925075 0 0.735061953125 0.0952748765625 0.80707486875 0.07677010937499999 0.752881209375 0.001305115625 0.751909840625 0 0.677925075 0
1 0.8379489296875 0 0.878640784375 0.06027912656249999 0.9164827843750001 0.054530274999999996 0.904892015625 0 0.8379489296875 0