1 0.9612231265625001 0.18912479843750002 0.9289844359374999 0.1251300765625 0.85793028125 0.133876278125 0.910229521875 0.24468794218749998 0.9680937249999999 0.23801165468750002 0.9612231265625001 0.18912479843750002
1 0.7793412171874999 0.1477128078125 0.8365597156250001 0.259429896875 0.9076532078125 0.24802966093749998 0.8498247125 0.13641749375 0.7793412171874999 0.1477128078125
1 0.5995762453125 0.178879125 0.5234003328125 0.18752163125000001 0.5184627921875 0.1882155578125 0.5704886671875 0.30164623437500004 0.6505554765625 0.2877708375 0.5995762453125 0.178879125
1 0.6044179765625 0.1765562078125 0.6548215484375 0.285095178125 0.738767040625 0.2789322046875 0.6841021484375001 0.165466721875 0.6044179765625 0.1765562078125
1 0.68806094375 0.163655003125 0.743474028125 0.281258703125 0.8278696671875 0.26892810312500004 0.7705560328125001 0.15160878125 0.68806094375 0.163655003125
1 0.4398034046875 0.20089451406249997 0.488800975 0.31662158906250004 0.571031771875 0.3024420609375 0.5191496828125 0.189743121875 0.4398034046875 0.20089451406249997
1 0.3521542984375 0.215662828125 0.40077015312500003 0.332778146875 0.48633730000000003 0.3187854125 0.4377899625 0.20102800312500002 0.3521542984375 0.215662828125
0 0.0956465890625 0.24945720312500003 0.01053650625 0.2605923203125 0.05533296875 0.4029639078125 0.14231745468749998 0.39015279999999997 0.0956465890625 0.24945720312500003
1 0.096214996875 0.2502036390625 0.14473204687500002 0.393143065625 0.23406534843750001 0.381339103125 0.1878023140625 0.2389845265625 0.096214996875 0.2502036390625
0 0.268139378125 0.22686756875 0.32308285625 0.3710610796875 0.40666674687500004 0.3586584421875 0.3491577265625 0.2130022109375 0.268139378125 0.22686756875
0 0.1881429546875 0.2381103328125 0.2352605546875 0.382092328125 0.32118836875 0.368048903125 0.2660945171875 0.22880759843749998 0.1881429546875 0.2381103328125
1 0.9148296 0.2576307671875 0.83311665625 0.270814309375 0.9027709937499999 0.42130729687499996 0.9915932359375 0.409496271875 0.9148296 0.2576307671875
0 0.918509478125 0.2561255515625 0.9920751890625 0.4086486390625 0.9699173156249999 0.25098717812500004 0.918509478125 0.2561255515625
1 0.572597425 0.313261825 0.492505490625 0.32567179375 0.551479778125 0.4741787796875 0.63974623125 0.45841312187499994 0.572597425 0.313261825
1 0.8304471109374999 0.27957180625 0.7438069484375001 0.2919662234375 0.817554825 0.4373163921875 0.899073109375 0.41913850625000004 0.8304471109374999 0.27957180625
1 0.657167528125 0.304064765625 0.576568378125 0.314395040625 0.6390977109375 0.45716001562499997 0.72875363125 0.451280934375 0.657167528125 0.304064765625
0 0.6612974 0.3057122484375 0.731064503125 0.4516282859375 0.8160044140625 0.4390186359375 0.740813871875 0.29298116093750004 0.6612974 0.3057122484375
1 0.4658947203125 0.4929282125 0.5506485515625 0.47631197031249994 0.48876663281250005 0.32571559687499996 0.4065999296875 0.3392797453125 0.41362467968749994 0.3609459765625 0.4658947203125 0.4929282125
1 0 0.5349634046875 0.0025171125 0.5528735890625 0.0040647671875 0.5592664359375 0.09566620625 0.545273153125 0.05495699375 0.39964715 0 0.4057632796875 0 0.5349634046875
0 0.14765925 0.39690423125 0.0589732046875 0.40589218281250006 0.09936106875 0.5447538749999999 0.18957659375 0.529835834375 0.14765925 0.39690423125
0 0.3237522234375 0.3731033125 0.2368485015625 0.384177703125 0.2837738078125 0.5178515140625 0.37416669062499996 0.5038033765625001 0.3237522234375 0.3731033125
0 0.2355658296875 0.38343023125000003 0.148872834375 0.39504826406250004 0.19296423125 0.5315988078125 0.2831811203125 0.521158728125 0.2355658296875 0.38343023125000003
0 0.4086003234375 0.3625229359375 0.3256437359375 0.374385925 0.37444376562500004 0.5030923125 0.4622495171875 0.49209626562500003 0.4086003234375 0.3625229359375
1 1 0.5701264734375 0.983790528125 0.537174696875 0.9076118859375001 0.5443307703125 0.9842917375000001 0.7292123875 1 0.7267145640625 1 0.5701264734375
1 0.2265073703125 0.6426381453125 0.1318682890625 0.65249613125 0.1876784453125 0.8439596265624999 0.2875935015625 0.8309907125 0.2265073703125 0.6426381453125
1 0.8256221531250001 0.5554245296875 0.8998111968750001 0.74484165625 0.9823099734375 0.7300275203125 0.9035143515625 0.54631031875 0.8256221531250001 0.5554245296875
1 0.32955344375 0.6285756046875 0.39292083906249997 0.81726115 0.49069575624999995 0.80405639375 0.42082655 0.6110354484375 0.32955344375 0.6285756046875
0 0.034045546875 0.6700908625 0.08619091250000001 0.8611823218750001 0.186291909375 0.841851809375 0.1294271890625 0.6542638328125 0.034045546875 0.6700908625
0 0.7131750078125 0.5742319640625 0.789281203125 0.7610197171874999 0.8803411875 0.7492953 0.800879965625 0.5608421109374999 0.7131750078125 0.5742319640625
1 0.42488691875000006 0.6163675640624999 0.49069510312500003 0.8019100265624999 0.5857388890624999 0.7864060328125 0.5172021890625 0.6071498015625 0.42488691875000006 0.6163675640624999
0 0.23044541718749997 0.64121689375 0.290894421875 0.8326732578125 0.39206345625 0.817918259375 0.3277317703125 0.6343147484375 0.23044541718749997 0.64121689375
1 0.6115302984375 0.5928086546875 0.6912551546875 0.7774794546875 0.7879959999999999 0.7612003406250001 0.7106755687499999 0.5751293578125 0.6115302984375 0.5928086546875
0 0.57966675625 0.7647215921875 0.5875688953125 0.784539 0.6875592140625 0.7763890390625 0.6087695921875 0.5932076125 0.519801328125 0.6065586125 0.57966675625 0.7647215921875
1 0 0.1612711703125 0.0620446359375 0.151916784375 0.032074895312500004 0.0608487984375 0 0.06535663124999999 0 0.1612711703125
1 0.14495615312500001 0.1406839046875 0.1130270390625 0.0494717171875 0.0324890453125 0.06079059375 0.06291048125000001 0.1530538203125 0.14495615312500001 0.1406839046875
0 0.2285217203125 0.13286770312500001 0.19193893281250002 0.0383813734375 0.11404042343750001 0.0493292953125 0.14577842968750002 0.14186900156249999 0.2285217203125 0.13286770312500001
1 0.30855496875 0.12380936093749999 0.269707253125 0.0274517484375 0.19328937968749998 0.0381915796875 0.22876259999999998 0.13283385 0.30855496875 0.12380936093749999
1 0.3898981328125 0.11193940312499999 0.35213010312500004 0.015867971875 0.2701747734375 0.027386042187499997 0.3087213671875 0.123348053125 0.3898981328125 0.11193940312499999
1 0.882461709375 0.7510555859375 0.791086925 0.763349640625 0.8690519984374999 0.944838078125 0.9672708374999999 0.9318305765625 0.882461709375 0.7510555859375
1 0.7878565078124999 0.7643514796875001 0.694128025 0.7827074234375 0.76995815625 0.9611535812499999 0.8674097906249999 0.94586513125 0.7878565078124999 0.7643514796875001
1 1 0.7760797046875 0.97906679375 0.731108571875 0.8878716859375 0.7478370640625001 0.9729800671875 0.9384407734375 1 0.93464336875 1 0.7760797046875
1 0.6890026609375 0.782225765625 0.596115296875 0.792024690625 0.6659572390624999 0.97736246875 0.7687754234375 0.9653010859375 0.6890026609375 0.782225765625
1 0.34286649375 1 0.28492225000000004 0.8350342796874999 0.191280959375 0.8476468703125001 0.2365627171875 1 0.34286649375 1
1 0.453978865625 1 0.3880686828125 0.8221305062500001 0.28868005 0.8365054781250001 0.346476640625 1 0.453978865625 1
1 0.5349634062499999 1 0.5635492390625 0.9959825234374999 0.491569378125 0.809973203125 0.3899323421875 0.8222753953125 0.4550411796875 1 0.5349634062499999 1
1 0.4940752265625 0.8082758562500001 0.5633807140625 0.9960062078125 0.6656845109375 0.9816283468749999 0.59176856875 0.7927061 0.4940752265625 0.8082758562500001
1 0.23284649062499999 1 0.1894410734375 0.8484532843749999 0.0876646421875 0.8653931390625 0.12262299843749999 1 0.23284649062499999 1
1 0.5924747359375 0 0.6290578578125 0.08611403437500001 0.7049822265625 0.07411314531249999 0.6713162328125 0 0.5924747359375 0
1 0.35327373125 0.0157072453125 0.38977937812499996 0.1115181765625 0.46639370312499995 0.09956047812499999 0.42491756562500005 0.0067343109375 0.3650858703125 0.014047157812499999 0.35327373125 0.0157072453125
1 0.672860875 0 0.7057897046875 0.07526845 0.783652078125 0.0657176484375 0.74603281875 0 0.672860875 0
1 0.5057046093750001 0 0.54791755625 0.0928611046875 0.6268616328125 0.08376186249999999 0.58841515625 0 0.5057046093750001 0
1 0.47152625312499996 0 0.428506225 0.0051340078125 0.42568703281250003 0.0055302203125 0.46788505 0.10097905625 0.54677425 0.09251941875 0.502529159375 0 0.47152625312499996 0
1 0.8295584046875 0 0.8629197390625001 0.055907721875000004 0.9368320453125 0.0455200234375 0.90928731875 0 0.8295584046875 0
0 0.7484760578125 0 0.7841350328125001 0.0703062296875 0.860882071875 0.056194096875 0.8262917140624999 0 0.7484760578125 0
1 0.9115611343750001 0 0.9370145937500001 0.044163953125 0.9408070687500001 0.0438570046875 0.93464336875 0 0.9115611343750001 0