1 0.8265637234375 0.1913837671875 0.8806879125 0.3062619453125 0.957882153125 0.297359984375 0.9000433546875 0.182342046875 0.8265637234375 0.1913837671875
1 0.7452933859375 0.20569925625000002 0.8045052625 0.3215176078125 0.878024678125 0.3097248921875 0.8181819890625001 0.194015090625 0.7452933859375 0.20569925625000002
0 0.5593950875 0.2379434828125 0.4806186171875 0.2468759875 0.475512559375 0.247593596875 0.5293549234375 0.3651863890625 0.6121535015624999 0.3508311125 0.5593950875 0.2379434828125
1 0.564401509375 0.23553733124999998 0.6165644703125001 0.348059134375 0.703376903125 0.3416993890625 0.646805315625 0.224069628125 0.564401509375 0.23553733124999998
1 0.6508987984375 0.22219305312499998 0.70824555 0.3441124875 0.795521428125 0.3313599171875 0.736209265625 0.20973460781250003 0.6508987984375 0.22219305312499998
1 0.3941691 0.26070919375 0.44488043906249997 0.3806812625 0.5299168609375 0.366011478125 0.476223440625 0.2491772078125 0.3941691 0.26070919375
1 0.3035293859375 0.27598744375 0.3538464328125 0.39739835156250003 0.44233329374999997 0.3829233140625 0.392086890625 0.260846878125 0.3035293859375 0.27598744375
0 0 0.46953479375 0.0865799484375 0.45678187968749995 0.0382663828125 0.31092978125 0 0.315935365625 0 0.46953479375
0 0.038854471875000005 0.31170368125 0.089078078125 0.4598822203125 0.18146055 0.44767720312500003 0.13356819375 0.30010564375 0.038854471875000005 0.31170368125
0 0.21664685781249998 0.28757314843750004 0.2735169546875 0.43705376874999996 0.359953315625 0.42422625468749997 0.3004295 0.2732286015625 0.21664685781249998 0.28757314843750004
0 0.13392018125 0.2991996234375 0.18269686093749998 0.44845835312500004 0.271556696875 0.43393089375000005 0.21453276406250002 0.289583371875 0.13392018125 0.2991996234375
1 0.8854495890624999 0.3196792296875 0.800948384375 0.33331681562500004 0.8730342468750001 0.48933206093750004 0.96488819375 0.477119546875 0.8854495890624999 0.3196792296875
1 1 0.465036590625 0.9781053249999999 0.30924788593749997 0.8892547265624999 0.3181202640625 0.9688928156250001 0.48352386718749996 1 0.482345459375 1 0.465036590625
1 0.5315396828125001 0.3772271 0.44871462656250005 0.3900633953125 0.5097547546875 0.5440164609375 0.6010325765625 0.527704634375 0.5315396828125001 0.3772271
1 0.7981905640625 0.3423933890625 0.7085934734375 0.3552113484375 0.7849110421875001 0.505897253125 0.8692092453125 0.4870827765625 0.7981905640625 0.3423933890625
1 0.6189970484375 0.367722621875 0.5356467375 0.37840306562500003 0.6003614671874999 0.5264055203125 0.6930795937500001 0.520341975 0.6189970484375 0.367722621875
1 0.6232686265625 0.3694316984375 0.6954695609375 0.5207028 0.7833082171875 0.50766116875 0.7054984453124999 0.35626235624999997 0.6232686265625 0.3694316984375
1 0.42125097968749997 0.5634219921875 0.5088958406249999 0.5462273125 0.4448480015625 0.3901075359375 0.35987765625 0.404139478125 0.367149825 0.426599725 0.42125097968749997 0.5634219921875
0 0.092106596875 0.46378180156250004 0.000392546875 0.47306813906249995 0.042207753125000004 0.6170172015625 0.1355015484375 0.60158461875 0.092106596875 0.46378180156250004
1 0.2742098890625 0.4391708453125 0.184339784375 0.45062045937499995 0.2329141109375 0.5891942984375 0.32639161875 0.5746634640625 0.2742098890625 0.4391708453125
0 0.183013021875 0.44984524062500003 0.0933610296875 0.46185843281250005 0.1390055625 0.60341315625 0.2323022828125 0.59262215 0.183013021875 0.44984524062500003
1 0.361954284375 0.42823260156250004 0.2761664828125 0.4405009640625 0.326677921875 0.5739265140625001 0.4174809125 0.5625584124999999 0.361954284375 0.42823260156250004
1 1 0.6973102390625 0.9568620203125 0.6094604218749999 0.8780822234375 0.616852178125 0.9574453546875 0.8085149156250001 1 0.8017462875 1 0.6973102390625
1 0.1737326953125 0.718520978125 0.0758624453125 0.7287071234375 0.1336448390625 0.9271851625 0.23697032812500002 0.9137762078125 0.1737326953125 0.718520978125
1 0.7932940609375 0.628323534375 0.8700827890625 0.8246866531249999 0.9553961328125 0.8093591609375 0.8738453156249999 0.61890266875 0.7932940609375 0.628323534375
1 0.280295840625 0.7039794984375 0.34589281875 0.89958064375 0.4470049453125 0.8859265078125 0.374682475 0.685829353125 0.280295840625 0.7039794984375
0 0.0733385125 0.7305385859375 0.0285315984375 0.7379762765625 0.05686231093750001 0.9395597734375001 0.13221020156250002 0.924999859375 0.0733385125 0.7305385859375
1 0.6770101453125 0.6477800921875 0.7557806593749999 0.841418415625 0.8499488546875 0.829296434375 0.7677080875 0.633930684375 0.6770101453125 0.6477800921875
1 0.378883421875 0.6913576671875 0.44700354375 0.8837017156250001 0.54529041875 0.8676634062499999 0.474350653125 0.68183435 0.378883421875 0.6913576671875
0 0.1778048515625 0.717049128125 0.24038463437500002 0.9155213453125001 0.34500635625 0.9002614734375 0.2784138515625 0.709927721875 0.1778048515625 0.717049128125
1 0.5718977875 0.667001134375 0.65440991875 0.8584463828125 0.7544515921875 0.8416052031250001 0.6744255875 0.648709428125 0.5718977875 0.667001134375
0 0.5390034171875 0.8451846078124999 0.5471823375 0.8657287734375 0.65058729375 0.8573148734375 0.5690428609375 0.667413734375 0.47703842500000004 0.6812224390625 0.5390034171875 0.8451846078124999
1 0 0.19769415937499998 0.0043788203125 0.21099294999999998 0.08922440000000001 0.19819883437500002 0.0529978375 0.0945589 0 0.10199063593749999 0 0.19769415937499998
1 1 0.8015473828124999 0.9558300781250001 0.8107008453125 1 0.9095600812500001 1 0.8015473828124999
0 0.134533196875 0.08377971875 0.0538794 0.0937382046875 0.09007518125 0.1994275109375 0.1756433640625 0.19012532499999998 0.134533196875 0.08377971875
1 0.21586665 0.0750726890625 0.135925825 0.08329641875 0.1758924640625 0.1900903171875 0.258408865625 0.1807630984375 0.21586665 0.0750726890625
1 0.3033527609375 0.06867854375 0.21617976562500002 0.0745586640625 0.25858079218749996 0.18028499375 0.342528096875 0.16848696875 0.3033527609375 0.06867854375
1 0.7576488828125 0.8438340796875 0.8081578984375 0.96160501875 0.906761440625 0.94774719375 0.8521424468750001 0.8311217531249999 0.7576488828125 0.8438340796875
1 0.6573827453125001 0.8638663390625 0.7049988171875 0.97610308125 0.805545025 0.9619722328125 0.7543083984375001 0.84487143125 0.6573827453125001 0.8638663390625
1 1 0.9136848093750001 0.9520424765625 0.8104786140625 0.85773623125 0.8277874625000001 0.9109477796875 0.9471588421874999 1 0.93464336875 1 0.9136848093750001
1 0.5560233640625001 0.8734908703125001 0.60017506875 0.9908350984375 0.7013472953125001 0.97661626875 0.6520820484375001 0.8633653484374999 0.5560233640625001 0.8734908703125001
1 0.26298125781250004 1 0.23420914843750001 0.9179666140625 0.137371725 0.9310083499999999 0.15785097343750001 1 0.26298125781250004 1
1 0.37616394375 1 0.3408764765625 0.904626275 0.238095878125 0.9194928375 0.26651398125000003 1 0.37616394375 1
1 0.48961480156250003 1 0.44791042656249996 0.8920597984375 0.34280387968750003 0.9047770875 0.3776359671875 1 0.48961480156250003 1
1 0.5349634062499999 1 0.597252334375 0.9912458624999999 0.55152830625 0.874195703125 0.45050134531249997 0.8903012828125 0.4909381625 1 0.5349634062499999 1
1 0.154966290625 1 0.135469228125 0.9318436046875 0.05760005625 0.9448091 0.06535663124999999 1 0.154966290625 1
1 0.5419301078125 0.028806 0.5898529031249999 0.1417989375 0.6683680984375 0.12938525781250002 0.6169255359375 0.015944739062499998 0.5419301078125 0.028806
1 0.342405140625 0.168050309375 0.4216338859375 0.1556816328125 0.378708790625 0.0594497640625 0.30453787499999996 0.06851198593749999 0.342405140625 0.168050309375
1 0.6192909125 0.016301853124999998 0.6692035656249999 0.13058304999999998 0.7497238281249999 0.120709634375 0.6862677984375 0.00964704375 0.6192909125 0.016301853124999998
1 0.4599833203125 0.047491690625 0.505941734375 0.14876507187500002 0.5875808234375001 0.13936008125 0.53860214375 0.03246873125 0.4599833203125 0.047491690625
1 0.4572384171875 0.048867084374999994 0.3794781734375 0.058143082812500003 0.4231766828125 0.15715255 0.5047592375 0.14841051249999998 0.4572384171875 0.048867084374999994
1 0.76584595 0 0.8316973203125 0.11056809999999999 0.9081322328124999 0.0998258734375 0.84784325 0 0.76584595 0
1 0.750224840625 0.1254660328125 0.829590109375 0.11086424843750001 0.77655633125 0.0245396015625 0.761215 0.000492990625 0.6925379625 0.01152400625 0.750224840625 0.1254660328125
1 0.8517046765625 0 0.9083205609375 0.0984203171875 0.9480246015624999 0.09521241875 0.93464336875 0 0.8517046765625 0