1 0.9067337390624999 0.2797879890625 0.92558316875 0.39465784843749996 0.9962155984375001 0.406368415625 0.9741111953124999 0.2904347453125 0.9067337390624999 0.2797879890625
1 0.831119740625 0.2718123359375 0.8542376968750001 0.38879859375 0.92234709375 0.397032875 0.8986428796875 0.27998245312500003 0.831119740625 0.2718123359375
1 0.658286703125 0.253127484375 0.5862450109374999 0.2410431078125 0.581540375 0.2403819140625 0.5994526796875 0.35757091406249997 0.6764304546875 0.3658985625 0.658286703125 0.253127484375
1 0.6633307140625 0.2522765 0.681039665625 0.364574628125 0.7595479828125 0.380959734375 0.739227515625 0.26304699375 0.6633307140625 0.2522765
1 0.7433287359375 0.2624311546875 0.7632494609375 0.3843177296875 0.843787296875 0.395190628125 0.8220511406250001 0.27306531562499997 0.7433287359375 0.2624311546875
1 0.5061654828125 0.23133110625 0.5207017953124999 0.3498223734375 0.5997414828125 0.35843980625 0.5817690125 0.24195649062500002 0.5061654828125 0.23133110625
1 0.42200835468750003 0.2218304421875 0.4358310109375 0.34148890781249996 0.5178777484375 0.35115167187499996 0.5042862109375 0.23092502656249997 0.42200835468750003 0.2218304421875
0 0.178191453125 0.18542217968750002 0.09731266718750001 0.17327063125 0.10101446875 0.3149833125 0.184049628125 0.32609638125 0.178191453125 0.18542217968750002
1 0.17851638281249999 0.186252621875 0.18547727812499998 0.329459228125 0.270399821875 0.34210756875000004 0.26535020781249996 0.20002587031250002 0.17851638281249999 0.186252621875
0 0.3421144546875 0.2100296078125 0.35463299375 0.3560660890625 0.434446175 0.3666603796875 0.41996118750000005 0.21861592343749997 0.3421144546875 0.2100296078125
0 0.2658914484375 0.1993171625 0.27129710625 0.34310855625 0.3536874953125 0.35281961562499997 0.33973271562499996 0.21126442656250002 0.2658914484375 0.1993171625
1 0.92640304375 0.4076791359375 0.84809885625 0.398288284375 0.8724404703124999 0.553932659375 0.9568967468749999 0.566440546875 0.92640304375 0.4076791359375
1 1 0.419941115625 0.930168415625 0.4072699609375 0.9588220921874999 0.57309443125 0.99344599375 0.5815975812499999 1 0.534963403125 1 0.419941115625
1 0.59833856875 0.36872736562499997 0.5217220265625 0.3590553828125 0.5368016796874999 0.5100864109375001 0.6217857999999999 0.518838503125 0.59833856875 0.36872736562499997
1 0.843357328125 0.40558276718749997 0.760746821875 0.3941795953125 0.7901865171875 0.5462026 0.8696219562499999 0.5509832234375 0.843357328125 0.40558276718749997
1 0.6782145734375 0.38250652343749997 0.60167874375 0.3708030578125 0.6215203421875 0.517524534375 0.705184853125 0.5356661109374999 0.6782145734375 0.38250652343749997
1 0.6815654703125 0.38509334375000004 0.7072104859375 0.536589125 0.7883200328125 0.5473499984375 0.757739103125 0.394321296875 0.6815654703125 0.38509334375000004
1 0.45349129843749997 0.5047611984375 0.53548095625 0.5118157828125 0.518285825 0.35811501562500003 0.439466203125 0.348952628125 0.44021969062500005 0.37057301875 0.45349129843749997 0.5047611984375
1 0.017311993749999997 0.34185535625 0.0130702296875 0.444224296875 0.100644396875 0.45546879375 0.10153976093749999 0.311856959375 0.023394309375 0.2985774359375 0.017311993749999997 0.34185535625
0 0.18717233125 0.33366021562500003 0.10358103593750001 0.31861094218749997 0.104164971875 0.455963578125 0.19071215 0.4660004953125 0.18717233125 0.33366021562500003
0 0.354710634375 0.3581058921875 0.27220483125 0.345428603125 0.28013723125 0.47975954375 0.36661876875 0.490637071875 0.354710634375 0.3581058921875
0 0.271225925 0.3444099328125 0.188770596875 0.332284171875 0.19335289218750001 0.46849812343749997 0.278727165625 0.48262319218750005 0.271225925 0.3444099328125
1 0.4352039921875 0.37069515468750003 0.3561069109375 0.35977272031249996 0.367059009375 0.4900606140625 0.45037051093749997 0.5030459406250001 0.4352039921875 0.37069515468750003
1 0.84461700625 0.667506396875 0.8663769078125 0.8563852515624999 0.9498364374999999 0.8665858203125 0.9162714453125 0.6809484109375 0.84461700625 0.667506396875
1 0.1949624203125 0.5786578359375001 0.1056901390625 0.5628418609375 0.1066080140625 0.752256934375 0.20152868906250002 0.7666164328125 0.1949624203125 0.5786578359375001
1 0.7666072390625 0.656135271875 0.78489636875 0.8485013484374999 0.8643479171875 0.8566097296875 0.840344696875 0.6682390640625 0.7666072390625 0.656135271875
1 0.293037796875 0.5928399734375 0.3016063453125 0.7817007 0.394628534375 0.7952837484375 0.381241234375 0.60076054375 0.293037796875 0.5928399734375
0 0.011473059375 0.5532537484375 0.009131615625 0.74136826875 0.105890659375 0.7499692109375 0.1029906375 0.5638154671875 0.011473059375 0.5532537484375
1 0.658676528125 0.6438195765625 0.6794111703125 0.8342880703125 0.765894465625 0.847461771875 0.742523378125 0.6545932421875 0.658676528125 0.6438195765625
1 0.38356232968750004 0.606692728125 0.395190728125 0.7933242234375 0.48631413593749995 0.8040922453125001 0.47053817656249997 0.622483825 0.38356232968750004 0.606692728125
0 0.1989422515625 0.5783930015625 0.2041110875 0.769017903125 0.30064870312499997 0.78207574375 0.28986433749999996 0.597601409375 0.1989422515625 0.5783930015625
1 0.56070113125 0.6341257203125 0.585305471875 0.82361055 0.6781865921875 0.8341159656249999 0.6561517921875 0.6439834109375 0.56070113125 0.6341257203125
0 0.486438 0.7827050156250001 0.4884799328125 0.8028677265624999 0.5822059828125 0.8216460390625 0.5580677703125 0.6337660390625001 0.47307395 0.6226256593749999 0.486438 0.7827050156250001
1 0.0939601765625 0 0.094592921875 0.0773489734375 0.172988540625 0.087569803125 0.16954990625 0 0.0939601765625 0
1 0.169944271875 0 0.17348349999999998 0.0888348 0.2518791234375 0.09905562812499999 0.2461176921875 0 0.169944271875 0
1 0.93464336875 1 0.9536678109375 0.8646340625000001 0.8643925171875001 0.8579011281250001 0.88477080625 1 0.93464336875 1
0 0.24712346875 0 0.2523215703125 0.10035307499999999 0.3304729234375 0.11383193437500001 0.32099029843750004 0.009771776562499999 0.258984140625 0 0.24712346875 0
1 0.3952398390625 0.0227022734375 0.3223462734375 0.0096988671875 0.330702440625 0.113864190625 0.40615689218749995 0.126548128125 0.3952398390625 0.0227022734375
1 0.4743536046875 0.0392276984375 0.39564737499999997 0.022328915625 0.40643026718749997 0.1261706453125 0.4837779390625 0.13704115156250002 0.4743536046875 0.0392276984375
1 0.7916931453125 1 0.767375259375 0.8496246984375 0.680454253125 0.836888459375 0.70133578125 1 0.7916931453125 1
1 0.6993219140625 1 0.6772325671874999 0.8369559703125 0.58656615 0.8291362890625 0.6077570984375 1 0.6993219140625 1
1 0.8838173218750001 1 0.8610937734374999 0.8567462062500001 0.77317460625 0.848105140625 0.7948237796875001 1 0.8838173218750001 1
1 0.6050122578125 1 0.5819977187500001 0.8273526921875 0.494345459375 0.8119421156250001 0.5097223671875 0.9994444390625 0.513113096875 1 0.6050122578125 1
1 0.1089410203125 0.7565675125 0.11090275624999998 0.9502297343749999 0.2095422546875 0.9640926125 0.198021625 0.7696072640625 0.1089410203125 0.7565675125
1 0.201077934375 0.7719355984375 0.2128778234375 0.9645613953125001 0.31067210625 0.9783054859375 0.295885090625 0.78487351875 0.201077934375 0.7719355984375
1 0.29755417500000003 0.7854944484375 0.3115827453125 0.9784334687499999 0.41129629687499997 0.99244729375 0.393877325 0.8009140953125 0.29755417500000003 0.7854944484375
1 0.50804459375 1 0.490185275 0.8114244109375001 0.3966176890625 0.8000216890624999 0.4110903171875 0.9924183453125 0.46503659218750004 1 0.50804459375 1
1 0.0093774140625 0.74559861875 0.0046742203125 0.9353002874999999 0.10707242343750001 0.9496914171874999 0.1070442765625 0.75682123125 0.0093774140625 0.74559861875
1 0.6957811781250001 0.0645361390625 0.7096149125 0.1761753140625 0.7823067890625001 0.18512796874999998 0.765468628125 0.07220325625 0.6957811781250001 0.0645361390625
1 0.4837796109375 0.1366254875 0.557092146875 0.14579848125 0.543440534375 0.050184932812500006 0.47544555 0.0393811609375 0.4837796109375 0.1366254875
1 0.7674734171875001 0.0731167734375 0.7827434921875 0.1863943390625 0.8565681078124999 0.1980917625 0.8284863046875 0.084218621875 0.7674734171875001 0.0731167734375
1 0.61846121875 0.060237609375 0.6335229390625 0.1610589546875 0.708219971875 0.1734522234375 0.6919056984374999 0.0669187546875 0.61846121875 0.060237609375
1 0.6156814875000001 0.060753635937499995 0.54445296875 0.0492291078125 0.558086228125 0.14748450156249998 0.6325652875000001 0.16044725625 0.6156814875000001 0.060753635937499995
1 1 0.21184363281250002 0.9719134015625001 0.108798315625 0.9012683203125 0.0953099 0.9317478843749999 0.2099211140625 1 0.21951332343750002 1 0.21184363281250002
1 0.8558073265624999 0.2024071734375 0.929806334375 0.209648246875 0.9046915 0.1201990234375 0.897192171875 0.0951381234375 0.8335650156250001 0.0874594328125 0.8558073265624999 0.2024071734375