1 0.67421875 0.275 0.0890625 0.1578125
1 0.50546875 0.28515625 0.08125 0.1296875
1 0.584375 0.2828125 0.084375 0.1375
1 0.415625 0.29375 0.1 0.1375
1 0.1640625 0.309375 0.1015625 0.1484375
1 0.925 0.2703125 0.0859375 0.1546875
1 0.76484375 0.28046875 0.090625 0.1578125
0 0.34296875 0.303125 0.0890625 0.1453125
1 0.8453125 0.27734375 0.0859375 0.153125
0 0.25546875 0.3140625 0.0890625 0.153125
0 0.07421875 0.32890625 0.096875 0.1328125
1 0.55625 0.4265625 0.0875 0.159375
1 0.4609375 0.434375 0.096875 0.14375
0 0.28515625 0.4453125 0.090625 0.1296875
1 0.64453125 0.42734375 0.096875 0.1578125
1 0.81875 0.41953125 0.09375 0.159375
0 0.19609375 0.453125 0.0953125 0.14375
0 0.371875 0.44453125 0.090625 0.1375
1 0.91171875 0.4171875 0.0953125 0.16875
0 0.728125 0.43046875 0.103125 0.1453125
1 0.03203125 0.46875 0.0640625 0.1375
0 0.109375 0.4671875 0.0984375 0.1390625
1 0.1015625 0.0796875 0.0796875 0.121875
1 0.02890625 0.084375 0.0578125 0.125
1 0.87734375 0.0515625 0.0828125 0.103125
1 0.42734375 0.0671875 0.0796875 0.13125
1 0.346875 0.071875 0.08125 0.13125
1 0.853125 0.7109375 0.0953125 0.175
1 0.94765625 0.7125 0.0984375 0.1625
1 0.75234375 0.72578125 0.0984375 0.1671875
0 0.1875 0.0828125 0.0890625 0.1375
1 0.5046875 0.0671875 0.078125 0.134375
1 0.73828125 0.0609375 0.0765625 0.121875
1 0.26640625 0.0796875 0.084375 0.1390625
1 0.65625 0.73515625 0.109375 0.1734375
0 0.07421875 0.7734375 0.1140625 0.1859375
0 0.565625 0.75078125 0.1125 0.1609375
0 0.275 0.76796875 0.1046875 0.171875
1 0.175 0.77734375 0.1125 0.16875
1 0.36953125 0.76796875 0.115625 0.175
1 0.47265625 0.76875 0.0984375 0.178125
1 0.58125 0.065625 0.084375 0.13125
1 0.66015625 0.06328125 0.0796875 0.1265625
0 0.80703125 0.059375 0.0859375 0.11875
1 0.82734375 0.903125 0.096875 0.165625
1 0.92578125 0.89765625 0.1109375 0.165625
1 0.52265625 0.91953125 0.1046875 0.1609375
1 0.728125 0.909375 0.1046875 0.1625
1 0.3125 0.9265625 0.1125 0.146875
1 0.42265625 0.9234375 0.1109375 0.153125
1 0.63046875 0.91796875 0.1109375 0.15625
1 0.2109375 0.93203125 0.103125 0.1359375
1 0.10546875 0.934375 0.1171875 0.13125