1 0.78766883125 0.0990509859375 0.8519544203124999 0.2050524890625 0.9260254328125 0.188524259375 0.8581175890624999 0.08276653125 0.78766883125 0.0990509859375
1 0.71019075 0.121251378125 0.7795138890625 0.22764592968750003 0.84972075625 0.20868658125 0.7797959796875 0.10246185468749999 0.71019075 0.121251378125
1 0.5329157859375 0.1715461796875 0.4573110671875 0.18826569531249998 0.45242473125 0.1894839953125 0.516713409375 0.298149796875 0.5956718109375 0.27575466249999997 0.5329157859375 0.1715461796875
1 0.5375331578125 0.16869872187499999 0.5996735140625 0.272612865625 0.6833459234375 0.25757023437500004 0.6164025796875 0.14914734062499999 0.5375331578125 0.16869872187499999
1 0.620187215625 0.14690728749999998 0.68832091875 0.2594156609375 0.7717915609375 0.23811915468749997 0.7017788484375 0.12609710937500002 0.620187215625 0.14690728749999998
1 0.3747532671875 0.210526928125 0.43624340781250004 0.32182251875 0.5173433578125 0.2988934359375 0.4532767 0.1909488375 0.3747532671875 0.210526928125
1 0.2882728875 0.2346191421875 0.349526775 0.3473519203125 0.4339979984375 0.324259434375 0.37274485625 0.21087330624999998 0.2882728875 0.2346191421875
0 0 0.43138281562499997 0.0099661328125 0.45435990937500004 0.0959864046875 0.4323072203125 0.0341860984375 0.295640834375 0 0.3038183796875 0 0.43138281562499997
1 0.0348362265625 0.29633210781249997 0.098728996875 0.43506202031249996 0.1872155125 0.41377545156249995 0.125648984375 0.2753966875 0.0348362265625 0.29633210781249997
0 0.2050653140625 0.254742603125 0.275546603125 0.3940576890625 0.3581941796875 0.372774184375 0.28498063125 0.2322573609375 0.2050653140625 0.254742603125
0 0.1258984796875 0.2744811125 0.1884960015625 0.41440754531249996 0.2733241484375 0.39122606718749997 0.2032168875 0.25691020937500003 0.1258984796875 0.2744811125
1 0.857947671875 0.21759235625 0.7772623203125 0.23946464375 0.863189059375 0.3835695796875 0.9511614515625 0.362329725 0.857947671875 0.21759235625
0 0.955704228125 0.3681383296875 0.9815061546875 0.3644329609375 0.9403471671875 0.1993532734375 0.8614846265624999 0.21569010937500002 0.955704228125 0.3681383296875
1 0.520063321875 0.3096164453125 0.440924303125 0.33053956875 0.5159120234375 0.47377078125 0.6029067984375 0.4486099265625 0.520063321875 0.3096164453125
1 0.7755092359375 0.2485584375 0.689790665625 0.2701555453125 0.7792842 0.408654159375 0.8592444625000001 0.3817765796875 0.7755092359375 0.2485584375
1 0.60404146875 0.29145483906249997 0.5241724249999999 0.310338590625 0.6021224734375 0.44741722968750003 0.6915612890625 0.43205887499999995 0.60404146875 0.29145483906249997
0 0.6083647375 0.2926777546875 0.693919459375 0.432165040625 0.777907253125 0.410530409375 0.6868916421875 0.2714920953125 0.6083647375 0.2926777546875
1 0.43192716249999996 0.50165180625 0.5153032125 0.47600495 0.43717315 0.3309774109375 0.3560723359375 0.3532804875 0.3654261875 0.3743433390625 0.43192716249999996 0.50165180625
1 0 0.5613922828125 0.0114937515625 0.6074912015625 0.065571190625 0.5933175640624999 0.0092367796875 0.4510618609375 0 0.453083771875 0 0.5613922828125
0 0.10206826093750002 0.4385385890625 0.013933348437500001 0.456923246875 0.069227734375 0.592405884375 0.1582702875 0.5678927125000001 0.10206826093750002 0.4385385890625
0 0.276435540625 0.3960422875 0.1903122546875 0.41633881562499997 0.251623634375 0.5459124 0.34093658437499996 0.5222559328124999 0.276435540625 0.3960422875
0 0.1889445171875 0.41572172343749997 0.10309055625 0.43654312500000003 0.1618602046875 0.5693100156249999 0.251378925 0.5493028609375 0.1889445171875 0.41572172343749997
0 0.36054626875 0.376459375 0.2784716203125 0.39713376875 0.341139521875 0.5215112109375 0.42817723125 0.5011985218749999 0.36054626875 0.376459375
1 1 0.56024009375 0.9568611406249999 0.4916339359375 0.8810960734375 0.5068579421875 0.9777263921875001 0.6848281625 1 0.67884450625 1 0.56024009375
1 0.20732884375 0.6775159546875 0.113306171875 0.6974030796874999 0.18967010625 0.8841945484375 0.28866280781250003 0.8606212578125 0.20732884375 0.6775159546875
1 0.7999110968750001 0.5266564390624999 0.8945202203125 0.7094530515625 0.975822075 0.685857140625 0.8771898640625 0.5092814953125 0.7999110968750001 0.5266564390624999
1 0.3093507921875 0.6525124046874999 0.3930116609375 0.8357125265625 0.48982952031250004 0.8121273015625 0.3991776953125 0.625249225 0.3093507921875 0.6525124046874999
0 0.0837548828125 0.8973147671874999 0.0895488328125 0.9122140140624999 0.1880537953125 0.8822194812499999 0.1110414390625 0.699439 0.0393504890625 0.7192184734375 0.0837548828125 0.8973147671874999
1 0.6889485796875 0.557424853125 0.7852047484375 0.737373625 0.8754342078124999 0.7159852546875001 0.7756312234375 0.534713896875 0.6889485796875 0.557424853125
1 0.403821828125 0.6301872937499999 0.48960128437500006 0.8099674859375 0.5834318484375001 0.784356178125 0.495578040625 0.6111891609375 0.403821828125 0.6301872937499999
0 0.2111340390625 0.6756710109374999 0.292157084375 0.86196675625 0.39222006875000004 0.8364640718749999 0.3081293875 0.6584795406249999 0.2111340390625 0.6756710109374999
1 0.58881298125 0.5868233921875 0.6884797484375 0.7642607796875 0.7839328734375 0.7376907390625 0.6865329671875 0.5585911296875 0.58881298125 0.5868233921875
0 0.575032996875 0.7631746781250001 0.5850721859375 0.78228465625 0.68465144375 0.763552740625 0.5860820671875 0.5875156125000001 0.4981262734375 0.610320515625 0.575032996875 0.7631746781250001
1 0 0.19975870625 0.0721858546875 0.1809894453125 0.0343275609375 0.1007983640625 0 0.10935718593749999 0 0.19975870625
0 0.1553013265625 0.1643231859375 0.11271700312499999 0.08125368125 0.0352736140625 0.1005624875 0.07313751406249999 0.18209540468750002 0.1553013265625 0.1643231859375
1 0.2347367703125 0.1467789765625 0.18980536406249998 0.062033395312499996 0.1139552375 0.0809449546875 0.155539709375 0.16426375 0.2347367703125 0.1467789765625
1 0.315189946875 0.126267490625 0.2712940875 0.0417159734375 0.1902563765625 0.06192094375 0.234855009375 0.146297240625 0.315189946875 0.126267490625
1 0.87775098125 0.717533296875 0.7872656953125 0.7395280468750001 0.8848272796875 0.9139483640625 0.9821119843749999 0.89051488125 0.87775098125 0.717533296875
1 0.7841268640625 0.7408764125 0.69191995625 0.7692191078125 0.787014353125 0.9408028296875001 0.8832865265625 0.9151548359375001 0.7841268640625 0.7408764125
1 1 0.73288095 0.9726788234375 0.687286559375 0.8828442109375001 0.7137247484375 0.986998096875 0.8938845515624999 1 0.8906428125 1 0.73288095
1 0.7856863796875 0.9440772000000001 0.6867202984375 0.7692742015625 0.5944510203125 0.7889174109375 0.684260809375 0.9680668062500001 0.737957121875 0.955977440625 0.7856863796875 0.9440772000000001
1 0.350331040625 1 0.286408190625 0.8649716140624999 0.193679903125 0.88752560625 0.24035325312500003 1 0.350331040625 1
1 0.4672094828125 1 0.3886538171875 0.8411235593749999 0.290339009375 0.8660563187499999 0.354077371875 1 0.4672094828125 1
1 0.5613922812500001 1 0.5819693984375001 0.9948695484375 0.491334459375 0.8179893625 0.390541284375 0.8410730859375001 0.4683919125 1 0.5613922812500001 1
1 0.49367169375 0.8160174187499999 0.5818497765624999 0.9948993734375 0.6830341828125001 0.9696712671875 0.5901568453125 0.7900608921875001 0.49367169375 0.8160174187499999
1 0.2368806265625 1 0.1919171828125 0.88853086875 0.0914757125 0.916296140625 0.12284835000000001 1 0.2368806265625 1
1 0.511088296875 0 0.552695096875 0.07509201875 0.6276910421874999 0.0550194640625 0.59541038125 0 0.511088296875 0
1 0.3907195984375 0.10575436406250001 0.34329288281250003 0.0237646578125 0.27232983125 0.041457734375 0.31502599062500003 0.1258561171875 0.3907195984375 0.10575436406250001
1 0.5967562640625 0 0.6286246765625 0.05609700468749999 0.705827190625 0.0382858640625 0.678264028125 0 0.5967562640625 0
1 0.43860771875 0 0.4213418640625 0.0043048609375 0.471902521875 0.09042699374999999 0.5502395203125 0.0729563328125 0.50704963125 0 0.43860771875 0
1 0.47071780625 0.09020356406249999 0.41846308906249996 0.0050226203125 0.344473521875 0.0234702921875 0.39236811562499996 0.1070248125 0.47071780625 0.09020356406249999
0 0.6791178671875 0 0.7067988609375 0.042852476562500005 0.78239735 0.02056874375 0.7665716703125 0 0.6791178671875 0