1 0.8490498437499999 0.200410659375 0.89349185625 0.31460060156249997 0.9685567624999999 0.311216078125 0.9205410171875 0.19664225156249998 0.8490498437499999 0.200410659375
1 0.7696870328125 0.2087313875 0.81897315625 0.3241677015625 0.8906887109375001 0.317754465625 0.840786753125 0.20238026874999998 0.7696870328125 0.2087313875
1 0.58818590625 0.22728201406249998 0.5115926828124999 0.23058970625000003 0.5066187656250001 0.23093751562499998 0.5506053828125 0.3477210234375 0.6314450515625001 0.33946460312500004 0.58818590625 0.22728201406249998
1 0.59317788125 0.22530250000000002 0.6358873765624999 0.3370930484375 0.7200582890625 0.336800828125 0.673441509375 0.21979851250000002 0.59317788125 0.22530250000000002
1 0.677517040625 0.21826735937500003 0.7245915218750001 0.33945000468750003 0.8096417171875 0.333036584375 0.760651478125 0.2120050484375 0.677517040625 0.21826735937500003
1 0.427266546875 0.2380985859375 0.46807204999999996 0.356961653125 0.5510916515625001 0.348552796875 0.5071974234375001 0.23250927500000002 0.427266546875 0.2380985859375
1 0.338800765625 0.24671683125000002 0.37912864062499996 0.366938134375 0.465463434375 0.3589483484375 0.42524870000000004 0.2380913 0.338800765625 0.24671683125000002
0 0 0.289084975 0.029637012499999997 0.41285644843749997 0.117303265625 0.4061442765625 0.0805605171875 0.2625358125 0 0.2673978796875 0 0.289084975
1 0.0810754734375 0.26332008125 0.11950338906249999 0.40929569062500004 0.2094424796875 0.403752059375 0.17322229218750002 0.25851710625 0.0810754734375 0.26332008125
0 0.2542088953125 0.25203369375 0.2989601046875 0.3997086203125 0.3832055546875 0.39316671406250003 0.3359970875 0.2438536671875 0.2542088953125 0.25203369375
0 0.1736230859375 0.2576688015625 0.21058223437499998 0.40458682343749997 0.29728034999999997 0.396571628125 0.2520336859375 0.25382635625 0.1736230859375 0.2576688015625
1 0.89717788125 0.327832784375 0.81474435 0.33528420468750003 0.8737311515625 0.4902694421875 0.9631609234375 0.48468311249999996 0.89717788125 0.327832784375
0 1 0.482539609375 0.9889113984375 0.32396522031249997 0.9009537953125 0.32658793125 0.9665908468750001 0.4911153453125 1 0.49217509374999996 1 0.482539609375
1 0.5518987390625 0.3594554171875 0.4711362296875 0.366248225 0.5196075359375001 0.51850729375 0.6087587328125 0.5089371984375 0.5518987390625 0.3594554171875
1 0.8114704140625 0.34383415 0.7241767140625 0.3501546640625 0.787605828125 0.500295159375 0.8701935625000001 0.4878479828125 0.8114704140625 0.34383415
1 0.6369043890625 0.3561800734375 0.5557809703125 0.360862871875 0.6081992046875 0.50764190625 0.6980468328125 0.508031228125 0.6369043890625 0.3561800734375
0 0.6409092796875 0.3581116296875 0.70032784375 0.5085389296875 0.78594045 0.5018851062499999 0.7211201296875 0.35095834375 0.6409092796875 0.3581116296875
1 0.432923065625 0.5312409421875001 0.5186295296875 0.5205773078125 0.4674034265625 0.3660311140625 0.38449069062499996 0.373830559375 0.3899869671875 0.3959340359375 0.432923065625 0.5312409421875001
1 0 0.5174603859375 0.003134703125 0.5622887328124999 0.059945009375000004 0.5576325390625 0.029493320312499998 0.40952154218750003 0 0.410732040625 0 0.5174603859375
0 0.1221610953125 0.41325188593749995 0.0330641140625 0.4160315203125 0.06366709375 0.557372265625 0.154703490625 0.54878368125 0.1221610953125 0.41325188593749995
0 0.299485384375 0.4017925703125 0.21202084375000002 0.4067778890625 0.2495072296875 0.5433994203125 0.340659865625 0.535690990625 0.299485384375 0.4017925703125
0 0.2107934375 0.4059427609375 0.12350118750000001 0.411485096875 0.15795989531250001 0.5507786703125 0.24868528437499998 0.5466572328125 0.2107934375 0.4059427609375
0 0.3848648453125 0.39715667187500003 0.3012828171875 0.40320400625 0.34098586875 0.5350009874999999 0.429344775 0.530156746875 0.3848648453125 0.39715667187500003
1 1 0.74271956875 0.9464708265624999 0.61150623125 0.86997856875 0.61333091875 0.93357494375 0.803111090625 1 0.7972585875 1 0.74271956875
1 0.1836756140625 0.663887371875 0.0885794109375 0.6671196578125 0.1308977984375 0.8620098765625 0.23147413125 0.8560422750000001 0.1836756140625 0.663887371875
1 0.7874146984375 0.6186783421875 0.84820995 0.812809221875 0.93154114375 0.8037859953125001 0.8657529281249999 0.615019815625 0.7874146984375 0.6186783421875
1 0.287451625 0.6570472203125 0.337502621875 0.8496934203125001 0.4359604828125 0.8433412656250001 0.379725934375 0.6459166781250001 0.287451625 0.6570472203125
0 0.0228210296875 0.8438163218750001 0.028456089062500002 0.8721112046874999 0.129661671875 0.8598104734375 0.0860209453125 0.6687127687500001 0.0110739796875 0.6758256640625 0.0228210296875 0.8438163218750001
0 0.6739295265624999 0.62959604375 0.7368206765624999 0.8212376906250001 0.828476696875 0.8158938578124999 0.7623548703125 0.6223567953125 0.6739295265624999 0.62959604375
1 0.38340446250000004 0.6515190421875 0.436109553125 0.84120008125 0.532003321875 0.8323637734375 0.47613785468750003 0.648763321875 0.38340446250000004 0.6515190421875
0 0.1877032078125 0.6627442859375 0.2346496421875 0.8579509828124999 0.336601490625 0.8502891234375 0.2852340484375 0.6626453078125001 0.1877032078125 0.6627442859375
1 0.571236575 0.64103710625 0.637885240625 0.830819384375 0.7355260046875001 0.8213282234375001 0.671373578125 0.6303169 0.571236575 0.64103710625
0 0.527458609375 0.8103085828125 0.5339591078125 0.8306289421875 0.63427436875 0.8294738078125 0.5684547640625001 0.6412425140625 0.47877190468749997 0.6483548796874999 0.527458609375 0.8103085828125
1 0 0.16719651875 0.0538444921875 0.16288904375 0.028028423437499998 0.06098428593750001 0 0.06305279999999999 0 0.16719651875
1 0.10940013906249998 0.055294220312499996 0.0284340421875 0.0609309515625 0.0546289140625 0.16408370781249998 0.13733760781249998 0.1574671421875 0.10940013906249998 0.055294220312499996
1 1 0.7958957703125 0.931869021875 0.8051063375 0.991105140625 0.9668795328125 1 0.96625754375 1 0.7958957703125
0 0.188779496875 0.0503945484375 0.11030599999999999 0.054563585937500006 0.1380752140625 0.1587067109375 0.22124484375 0.15549922031250002 0.188779496875 0.0503945484375
1 0.2678239859375 0.047475515625 0.190155528125 0.0500229265625 0.2214875 0.1554822515625 0.301715015625 0.1520457796875 0.2678239859375 0.047475515625
1 0.352647065625 0.04719541875 0.26816077968749996 0.04700185 0.3019131859375 0.1515972046875 0.3836880359375 0.14587895 0.352647065625 0.04719541875
1 0.7384594718749999 0.8236878984375 0.7932878609375 0.9807122640625 0.890805534375 0.9738931640624999 0.8304692625 0.8177977750000001 0.7384594718749999 0.8236878984375
1 0.640386428125 0.836235015625 0.6926254421875 0.9877512656249999 0.7910659703125 0.9808676343749999 0.7351670375 0.8244619562500001 0.640386428125 0.836235015625
1 0.836090571875 0.8149644734375 0.8940470656249999 0.97366649375 0.9904015140625001 0.9669287343749999 0.9282304546875 0.80463818125 0.836090571875 0.8149644734375
1 0.5419625140625 0.8386925671875 0.5887083796875 0.9950178546874999 0.6894703203125 0.9879718937499999 0.63530715 0.8353970046875 0.5419625140625 0.8386925671875
1 0.2669987125 1 0.2285273203125 0.85988965625 0.1342343265625 0.8659394375 0.16408443125 1 0.2669987125 1
1 0.3750433 1 0.3323226171875 0.854212446875 0.2321733421875 0.8616194 0.2704688 1 0.3750433 1
1 0.4829373 1 0.4364192390625 0.8493046015625 0.3341716296875 0.854486984375 0.37622723593749996 1 0.4829373 1
1 0.5174603906249999 1 0.5864048203125 0.9951789359375001 0.5375788406249999 0.8390691015625 0.43903738593749997 0.8477861890625 0.4834409125 1 0.5174603906249999 1
1 0.1606519890625 1 0.1323426703125 0.8666155421875 0.029632496874999997 0.8764145671874999 0.052668234375 1 0.1606519890625 1
1 0.58547916875 0.0248401390625 0.6240666671875 0.136799428125 0.700643228125 0.1301239890625 0.658690759375 0.017497653125000002 0.58547916875 0.0248401390625
1 0.3835989546875 0.1454504640625 0.4608607765625 0.138866240625 0.42596090000000003 0.0433729625 0.3538015109375 0.0471146921875 0.3835989546875 0.1454504640625
1 0.6609483015625 0.0180001328125 0.70136815 0.13133280625 0.7797070828125 0.127236675 0.72600541875 0.016092267187500002 0.6609483015625 0.0180001328125
1 0.5051683625 0.037321240625 0.54265336875 0.137870003125 0.622039871875 0.1342997875 0.5820213062499999 0.0281416453125 0.5051683625 0.037321240625
1 0.502427584375 0.03846060625 0.4267914078125 0.0421670953125 0.4622495375 0.1403853953125 0.5415366828125 0.1374493953125 0.502427584375 0.03846060625
1 0.8031416765625 0.0115998234375 0.859465959375 0.12298007656250001 0.9339228296875 0.11777354531249999 0.878607928125 0.010043657812499999 0.8031416765625 0.0115998234375
0 0.779868778125 0.1318477671875 0.8574132796875 0.12312361406250001 0.8120925218749999 0.036486170312499996 0.798919834375 0.012314278125 0.7319268343750001 0.0183195703125 0.779868778125 0.1318477671875
1 0.9341995265625 0.11643351093750001 0.97436861875 0.11599378593750001 0.9664828078125 0.0032214359375000003 0.8818379640625 0.0088695609375 0.9341995265625 0.11643351093750001