1 0.9166693953125 0.32240414687499996 0.9168916015624999 0.4501603890625 0.9865621750000001 0.4726480203125 0.9857388968749999 0.34470527500000003 0.9166693953125 0.32240414687499996
1 0.739421315625 0.26766510781249997 0.666420609375 0.24032915625 0.6616270921875 0.2386786171875 0.656353625 0.36559143125000004 0.73529665 0.389977478125 0.739421315625 0.26766510781249997
1 0.7448806171875 0.2677938046875 0.7403974234375 0.3895203953125 0.8192910937500001 0.42269315937499996 0.8221899453124999 0.2945301703125 0.7448806171875 0.2677938046875
1 0.826613225 0.29471485 0.822480346875 0.42697696562500004 0.9046311875 0.45476314375 0.9069109734374999 0.3218813734375 0.826613225 0.29471485
1 0.584511796875 0.2138572125 0.5754340703125 0.3414546515625 0.6564779625 0.3665640859375 0.6615436265625 0.2403813984375 0.584511796875 0.2138572125
1 0.4982874328125 0.18677986875000002 0.48822255312499996 0.315460275 0.5722025546875 0.34227974687499996 0.5826261453125 0.21304856249999998 0.4982874328125 0.18677986875000002
0 0.2503037734375 0.0989876359375 0.1680580171875 0.06978717031250001 0.14286499531250002 0.21961303124999998 0.2275830703125 0.24815879062500001 0.2503037734375 0.0989876359375
1 0.2504738484375 0.0999271734375 0.2283889828125 0.251986134375 0.3147695625 0.282530040625 0.338626153125 0.1320424015625 0.2504738484375 0.0999271734375
0 0.4170016203125 0.1581482625 0.40015909687500006 0.314312253125 0.48160785625 0.34165825625 0.49680200937499996 0.1829828046875 0.4170016203125 0.1581482625
0 0.3393386125 0.13140674375 0.315504321875 0.28376517031250004 0.399834471875 0.31070520468749996 0.4142529 0.15896375625 0.3393386125 0.13140674375
1 0.9881501078125 0.6180858921875 0.988627671875 0.48467065781249996 0.908513040625 0.4588969265625 0.9020868265624999 0.627567903125 0.97591945625 0.6536062828125 0.9881501078125 0.6180858921875
1 1 0.48786682656249997 0.9926566781249999 0.4850045625 0.989812978125 0.6132565624999999 1 0.583671303125 1 0.48786682656249997
1 0.6528976671875 0.37710128906249996 0.5746088968749999 0.3513743984375 0.5594251109374999 0.5133122796875 0.6466694953125 0.539770034375 0.6528976671875 0.37710128906249996
1 0.902048815625 0.4656078578125 0.8178351718749999 0.43684312500000005 0.8174932374999999 0.602739471875 0.8997388640624999 0.6238931171875 0.902048815625 0.4656078578125
1 0.7337588921875 0.40781035781249997 0.6559714296875 0.379962834375 0.646660921875 0.5383339203124999 0.730596528125 0.5744010625 0.7337588921875 0.40781035781249997
1 0.7367390328125001 0.411211759375 0.7325294796875 0.575783209375 0.8153022968749999 0.603567596875 0.8146548453125 0.43638164843749994 0.7367390328125001 0.411211759375
1 0.47323133593750005 0.49079917812499996 0.5576865890625 0.5148633953124999 0.5712016203125 0.3496876625 0.490500090625 0.324049634375 0.486854246875 0.3469461203125 0.47323133593750005 0.49079917812499996
1 0.14405670937499998 0.21643089999999998 0.07747164375 0.1913347046875 0.0267761578125 0.33856508750000003 0.11365752968750001 0.3673213875 0.14405670937499998 0.21643089999999998
0 0.22930312343749998 0.2567494359375 0.14480986093749998 0.2239501 0.11724461718750001 0.36855652031249997 0.2058630796875 0.39668313125 0.22930312343749998 0.2567494359375
0 0.399821990625 0.31647378437499996 0.315979425 0.28639000000000003 0.2967332171875 0.42930942187500004 0.385110459375 0.45830698906249995 0.399821990625 0.31647378437499996
0 0.315162775 0.2851197015625 0.23125995000000002 0.2556263421875 0.20811747343749998 0.39984655468749997 0.2946683984375 0.43203560156250004 0.315162775 0.2851197015625
1 0.481574128125 0.3460564609375 0.40094296093750004 0.31851063125 0.38568996875 0.45778995 0.4703134875 0.4883613234375 0.481574128125 0.3460564609375
1 0.921346878125 0.8120965546875001 0.9219530499999999 0.7700792109375 0.8496365890625001 0.7413937046875 0.833687603125 0.9445015765625 0.87153139375 0.9567712265624999 0.921346878125 0.8120965546875001
1 0.187205225 0.5160556078125 0.096917146875 0.48129655312499997 0.0590214890625 0.6807377578125 0.1555263046875 0.7151112453125 0.187205225 0.5160556078125
1 0.770236671875 0.713596590625 0.7499358968750001 0.9196683046875 0.831515734375 0.9443258468750001 0.8450100890625001 0.7412971921875 0.770236671875 0.713596590625
1 0.28705168125 0.5508828968749999 0.25728553125000003 0.7512939734375 0.351960546875 0.784465303125 0.37783960156249996 0.5771194265624999 0.28705168125 0.5508828968749999
0 0 0.6612683109375 0.058739210937499994 0.678185575 0.0938890859375 0.4817727625 0.00017068125 0.4520851421875 0 0.4529060828125 0 0.6612683109375
1 0.659681665625 0.6787321578125 0.6423323890625 0.8833041296875 0.7302404265625 0.9147175109375001 0.7453197921875 0.7070856484375 0.659681665625 0.6787321578125
1 0.379054515625 0.583830940625 0.3529515546875 0.7825181031249999 0.44621465625 0.81234273125 0.4669416703125 0.6180976671875 0.379054515625 0.583830940625
0 0.191429315625 0.516584884375 0.157739296875 0.718161671875 0.25620524843750003 0.751494109375 0.282749996875 0.5552474984375 0.191429315625 0.516584884375
1 0.5590192171874999 0.648646603125 0.545926103125 0.8529693249999999 0.6410846734375 0.88287450625 0.6570028296875 0.6783920046875 0.5590192171874999 0.648646603125
0 0.450731890625 0.7898696140625 0.44873501562499996 0.8114942390625 0.543081703125 0.8502735937500001 0.5563339703125 0.647733690625 0.46956936406249994 0.6187616078125 0.450731890625 0.7898696140625
1 0.856646534375 1 0.8715545765625 0.956703903125 0.8312975390625 0.9456933859375001 0.828540125 1 0.856646534375 1
0 0.3489087875 0 0.3454230109375 0.02454706875 0.42453888125 0.0545901484375 0.43013171406249995 0 0.3489087875 0
1 0.4309702234375 0 0.42477273593750003 0.0546706703125 0.501226071875 0.0833300890625 0.5086018218749999 0 0.4309702234375 0
1 0.5090415859374999 0 0.5015899296875 0.0829884890625 0.5803988546875 0.11012457812500001 0.590590590625 0.0053168156250000004 0.5781472046875 0 0.5090415859374999 0
1 0.72862540625 1 0.731348178125 0.9172933859375 0.6428917953125 0.8862513406250001 0.6353980296875 1 0.72862540625 1
1 0.6328088578125 1 0.6395025109375 0.8856683875 0.546113375 0.859038025 0.536271696875 1 0.6328088578125 1
1 0.8260595546875 1 0.8280782953125 0.9438088515624999 0.7377360140625 0.916872103125 0.7334434437499999 1 0.8260595546875 1
1 0.5329685625 1 0.541692815625 0.8562344234375001 0.45301890624999996 0.8222306765624999 0.4331855578125 1 0.5329685625 1
1 0.06058154375 0.6857458421875 0.027304321875 0.8660481656250001 0.1266671359375 0.9002615265625 0.151238321875 0.71754554375 0.06058154375 0.6857458421875
1 0.15396284375 0.7206152343750001 0.130018440625 0.9014154734375 0.2293041984375 0.9356023015625 0.25064035625000003 0.7534702531249999 0.15396284375 0.7206152343750001
1 0.2522617140625 0.7544622484375 0.23031976250000002 0.9359519875 0.331488021875 0.9707870125 0.3500184546875 0.790235646875 0.2522617140625 0.7544622484375
1 0.43105117968749995 1 0.4487663890625 0.820841596875 0.35307266875 0.7898531515625 0.33164823125 0.970842178125 0.41632869531249994 1 0.43105117968749995 1
1 0 0.856646534375 0.0236315078125 0.8647835140625 0.0585422328125 0.6856277203125 0 0.667114903125 0 0.856646534375
1 0.883309703125 0.2213080796875 0.8885677640624999 0.10498427031249999 0.8171484250000001 0.0803926203125 0.8089853296875 0.19713455625 0.883309703125 0.2213080796875
1 0.5804858765625001 0.109687659375 0.6554153296874999 0.13421895625 0.6607267515624999 0.030867284374999998 0.591703165625 0.0056999046875 0.5804858765625001 0.109687659375
1 0.9584555578125 0.2500196953125 0.9525133796875 0.12700251093749998 0.890441175 0.1056293375 0.8835074578125001 0.22272888281249997 0.9584555578125 0.2500196953125
1 0.8072393015625 0.076980634375 0.737265409375 0.0566707 0.7323630421875 0.16578694375 0.80808244375 0.1939868453125 0.812831953125 0.0789063390625 0.8072393015625 0.076980634375
1 0.734247159375 0.056649271875 0.6619835828125 0.03006731875 0.656110975 0.13619435156249998 0.7314851734375 0.1649490734375 0.734247159375 0.056649271875
1 1 0.1433534671875 0.975685484375 0.1349813078125 0.9570502296875001 0.1289707765625 0.9567731890625 0.254404853125 1 0.2672733421875 1 0.1433534671875