1 1 0.245479828125 0.9918676328125 0.21651649062499997 0.918513546875 0.2114054828125 0.9495073734374999 0.3337529625 1 0.33765836562499996 1 0.245479828125
1 0.836564121875 0.2099627640625 0.872340065625 0.3341922578125 0.9462543984374999 0.33662671093749996 0.9098428593750001 0.2123835171875 0.836564121875 0.2099627640625
0 0.649207465625 0.20617375 0.5707098390625001 0.19995181875 0.565595578125 0.19968379218750001 0.595800075 0.3246264359375 0.679247021875 0.32632011250000004 0.649207465625 0.20617375
1 0.6545446546875 0.2047754015625 0.6840730078124999 0.324451928125 0.769917759375 0.3347077984375 0.7370593671875 0.20921157968749998 0.6545446546875 0.2047754015625
1 0.7414060859375 0.20815682500000002 0.7742071187499999 0.3379853859375 0.8617154890625001 0.3420917609375 0.8269424953125 0.2121775 0.7414060859375 0.20815682500000002
1 0.48380230468749996 0.19705649218750002 0.5105031578125 0.32372686875 0.596191546875 0.3255380125 0.5659884875000001 0.2013636875 0.48380230468749996 0.19705649218750002
1 0.3925355578125 0.19477654687499998 0.41857924999999996 0.322776009375 0.5075947890625 0.32543142187499996 0.481746121875 0.19679601093750002 0.3925355578125 0.19477654687499998
0 0.1272895125 0.17857126875 0.039295315625 0.173115453125 0.056534223437499996 0.3259087921875 0.146746984375 0.3300376984375 0.1272895125 0.17857126875
0 0.1277161828125 0.1794378640625 0.1485949015625 0.3335363328125 0.24097824218750002 0.33914523281250003 0.222257359375 0.186081025 0.1277161828125 0.1794378640625
0 0.305631871875 0.189606265625 0.3327438828125 0.3462354328125 0.4194479609375 0.35010949999999996 0.3900362171875 0.1914970046875 0.305631871875 0.189606265625
0 0.22277227656249998 0.185263778125 0.2420355359375 0.34014181250000003 0.33142464843749997 0.3428168015625 0.303189659375 0.19116674218750002 0.22277227656249998 0.185263778125
1 0.9516065687499999 0.34774686875 0.86663565625 0.3450301078125 0.9073438796875 0.5109201390625 0.9992133453125 0.516421509375 0.9516065687499999 0.34774686875
1 1 0.3510644234375 0.9556119593749999 0.346947321875 0.999865525 0.515658884375 1 0.5130929484375 1 0.3510644234375
1 0.59564779375 0.33678861875 0.5124629546875 0.333607878125 0.5427928453125 0.495391434375 0.6348776468749999 0.49678393125 0.59564779375 0.33678861875
1 0.862226384375 0.3533630421875 0.7724425125 0.348880328125 0.8182867 0.5103730093750001 0.9040409875 0.5080002718750001 0.862226384375 0.3533630421875
1 0.6827174234375 0.3440985140625 0.5994291265625 0.33871475 0.6344695875 0.49538915625 0.726016046875 0.5070538328125 0.6827174234375 0.3440985140625
1 0.6865581109375001 0.3465759890625 0.7282777921875 0.5078590593750001 0.816389646875 0.5117901125000001 0.7692257421875001 0.349318915625 0.6865581109375001 0.3465759890625
1 0.45282623125 0.49754341249999995 0.5415363625 0.4973856625 0.5086847578125 0.332917771875 0.42318169687499996 0.3304968234375 0.4260144203125 0.353789825 0.45282623125 0.49754341249999995
1 0.056805735937500004 0.32248038437500004 0.0088219875 0.31857348124999996 0.0006245546875 0.4749898390625 0.06928543125 0.4777623875 0.056805735937500004 0.32248038437500004
0 0.15080843125 0.33791534218749997 0.05963002187500001 0.329585478125 0.07311253749999999 0.47796295781250003 0.16699618125 0.4805955796875 0.15080843125 0.33791534218749997
1 0.3330181765625 0.34843241875 0.24322749843749997 0.3425628671875 0.26431881874999996 0.486977465625 0.35821064687500004 0.4905247421875 0.3330181765625 0.34843241875
0 0.2420808921875 0.3415549265625 0.152396040625 0.3362766046875 0.1700658765625 0.48304406718750004 0.2630725484375 0.49020595 0.2420808921875 0.3415549265625
1 0.4206394234375 0.3543978390625 0.3346736625 0.3501011921875 0.3586294765625 0.48986 0.44931423437499995 0.495985971875 0.4206394234375 0.3543978390625
1 0.9887839734374999 0.727107490625 0.9663025328125 0.6440223890625 0.8880937156250001 0.6362965453125 0.9291399578125 0.8383471171875 0.9828577296875001 0.840186978125 0.9887839734374999 0.727107490625
1 0.1821046875 0.6019376249999999 0.08475362812500001 0.5933183796875 0.103467509375 0.7979264875000001 0.20674813749999998 0.8044356890625 0.1821046875 0.6019376249999999
1 0.8032536421875 0.63141181875 0.840898959375 0.8375603265624999 0.9269820062499999 0.83878226875 0.88357419375 0.6374937921875 0.8032536421875 0.63141181875
1 0.288756596875 0.6079557531249999 0.3156347609375 0.8112386890625001 0.4168039109375 0.8170889859375 0.38422084375 0.6081441140625 0.288756596875 0.6079557531249999
0 0 0.7954130484374999 0.1024830140625 0.795522296875 0.0819457171875 0.59462673125 0 0.5923747984375 0 0.7954130484374999
1 0.6861926375 0.6283460453124999 0.7262866203125 0.8322117921875 0.82039524375 0.8382403109375 0.777245315625 0.6320311296875001 0.6861926375 0.6283460453124999
1 0.3872687203125 0.614334559375 0.4172242578125 0.8149180265625 0.5160908078124999 0.8179064171875 0.4821512765625 0.6231448687500001 0.3872687203125 0.614334559375
0 0.1863538984375 0.6012737109375 0.2097461765625 0.8067857984375 0.3146414359375 0.811734878125 0.2857942171875 0.6134024796875 0.1863538984375 0.6012737109375
0 0.5800681734375 0.6271687796875 0.6242258140625 0.8296042484375 0.72495541875 0.8321420265624999 0.6834966203125 0.6287627109375 0.5800681734375 0.6271687796875
0 0.51422210625 0.7947821187499999 0.5183020796875 0.816377565625 0.6207133609375 0.8277754281249999 0.57720650625 0.6270300093750001 0.4848877546875 0.6230574812499999 0.51422210625 0.7947821187499999
1 0.0255177171875 0 0.0238337953125 0.03213114375 0.027396826562499997 0.0697139015625 0.11254361093750001 0.07331891874999999 0.10330071874999999 0 0.0255177171875 0
1 0.1037411046875 0 0.11319355 0.0746389875 0.1983403359375 0.07824400312499999 0.1869832984375 0 0.1037411046875 0
1 0.9744822828125 1 0.9828946593750001 0.83948229375 0.92715076875 0.8401736109375 0.9642373265625 1 0.9744822828125 1
0 0.1878948015625 0 0.198936921875 0.079604121875 0.28412631718750003 0.086753178125 0.26863275781249996 0 0.1878948015625 0
1 0.2698419109375 0 0.28437581875 0.086766253125 0.366594571875 0.093312215625 0.34859852343750003 0 0.2698419109375 0
1 0.34906245 0 0.366852821875 0.0928783359375 0.45093500468750003 0.097284896875 0.433043190625 0 0.34906245 0
1 0.8622181234375 1 0.8221879281250001 0.8404371828125001 0.72765018125 0.8349229609375 0.7633495124999999 1 0.8622181234375 1
1 0.7610735609375 1 0.7241966859375 0.8353016796875 0.626096853125 0.8354561031250001 0.6610074203125 1 0.7610735609375 1
1 0.963319240625 1 0.9235001078125 0.8392385953125 0.8282737062500001 0.838244640625 0.8656613734375 1 0.963319240625 1
1 0.6578299390625 1 0.6210238140625 0.833962203125 0.5254504625 0.82562730625 0.554975871875 1 0.6578299390625 1
1 0.106376403125 0.80236338125 0.1236576984375 0.9809629093750001 0.22936495468749998 0.9865027906250001 0.203261778125 0.8080006375 0.106376403125 0.80236338125
1 0.206761909375 0.8102267328125 0.232927890625 0.9866895171875001 0.33876208750000003 0.9922360515624999 0.30978758125 0.8152104515625 0.206761909375 0.8102267328125
1 0.31163814843750004 0.8157230640625001 0.3398690015625 0.9922940625000001 0.44769218281249995 0.9979448359375 0.41652414374999996 0.8232448296875001 0.31163814843750004 0.8157230640625001
1 0.55274160625 1 0.5209343265624999 0.82546266875 0.419383534375 0.8220203515625 0.447961821875 0.9979589671875001 0.48690704062499995 1 0.55274160625 1
1 0 0.8253974453125 0.0092486875 0.9749669859375001 0.1198004421875 0.9807607578124999 0.1043632078125 0.8028175843750001 0 0.8000014015625 0 0.8253974453125
1 0.7760300375 0.12091826875 0.7502199968750001 0.0124273015625 0.6738612296875 0.0084255078125 0.69712728125 0.11814240312499999 0.7760300375 0.12091826875
1 0.4341379140625 0 0.4508978984375 0.0968355421875 0.5304878125 0.0997906140625 0.50739670625 0 0.4341379140625 0
1 0.856993665625 0.1278799 0.8190769781249999 0.0160359421875 0.752127409375 0.012527264062499998 0.7766175453125 0.12224535 0.856993665625 0.1278799
1 0.69537436875 0.1153320296875 0.6694423390625001 0.0081939234375 0.5889741171875 0.0039767625 0.6139962234375 0.1090283 0.69537436875 0.1153320296875
1 0.5086418375 0 0.5317131749999999 0.1015183015625 0.6129105359375 0.10845814375 0.5858329343750001 0.0038121406250000004 0.513092971875 0 0.5086418375 0
1 1 0.0955043875 0.9738667796874999 0.0241481328125 0.898113534375 0.0201780734375 0.9388374562499999 0.1335284046875 1 0.1367337984375 1 0.0955043875
1 0.8235715421875 0.0162714921875 0.8565805484375 0.1326156390625 0.9367268609374999 0.13341779375 0.9013837484374999 0.039136271875 0.8938189328125 0.019953003125 0.8235715421875 0.0162714921875
1 1 0.025517715625 0.9775564031249999 0.024341496875 1 0.0899120375 1 0.025517715625