1 0.79808769375 0.14766957812499998 0.860619665625 0.2505814375 0.9327654203125 0.23447716562499998 0.8667057343750001 0.131804565625 0.79808769375 0.14766957812499998
1 0.7226200484375 0.16928538906249999 0.7900575890625 0.2725755421875 0.8584419015625 0.25411265625 0.7904183359375 0.15098786250000001 0.7226200484375 0.16928538906249999
0 0.5499454390625 0.21825703281250003 0.4763059453125 0.2345481484375 0.4715465265625 0.2357348046875 0.534079675 0.34123441250000003 0.61098906875 0.3194284375 0.5499454390625 0.21825703281250003
1 0.5544440453124999 0.215488209375 0.61488830625 0.31637415625 0.6963834062500001 0.3017062015625 0.6312648328125 0.196444346875 0.5544440453124999 0.215488209375
1 0.6349520578125001 0.1942660484375 0.7012270609375 0.3034951890625 0.7825299671875 0.2827531765625 0.7144247484374999 0.17399768437500002 0.6349520578125001 0.1942660484375
1 0.3958913515625 0.2562265453125 0.45569732187499995 0.3642823109375 0.5346926421875 0.34195625625 0.47237521562499996 0.23715697656249998 0.3958913515625 0.2562265453125
1 0.31165547656250003 0.27968601249999997 0.371230384375 0.3891378375 0.453508946875 0.36665075625 0.3939352140625 0.25656435312500003 0.31165547656250003 0.27968601249999997
0 0 0.400115603125 0.0404741421875 0.49330480625 0.1242605359375 0.4718265828125 0.06416994375 0.3391291453125 0 0.354480978125 0 0.400115603125
0 0.0648026 0.3398001125 0.1269295296875 0.47450035156250003 0.2131171609375 0.45376454375 0.1532554109375 0.3194037640625 0.0648026 0.3398001125
0 0.230609565625 0.29928850156250003 0.2991523515625 0.434552575 0.37965370468750004 0.4138237546875 0.3084509203125 0.2773943484375 0.230609565625 0.29928850156250003
0 0.1534990125 0.318514321875 0.2143637359375 0.45437759531250005 0.29698995156249997 0.43180383125 0.228807978125 0.3013951015625 0.1534990125 0.318514321875
1 0.8664476015625 0.2627569109375 0.7878567671875001 0.2840562484375 0.8714378859374999 0.4239619421875 0.9571248046875 0.40327185937500004 0.8664476015625 0.2627569109375
1 0.9615448140625 0.4089104578125 0.9915200453124999 0.40459647656250003 0.9514778375 0.2439959515625 0.8698933890625 0.2609068859375 0.9615448140625 0.4089104578125
1 0.5373341234375 0.35236931875 0.4602498421875 0.37274569999999996 0.533178546875 0.5118102906249999 0.6179161046874999 0.48731253125 0.5373341234375 0.35236931875
1 0.78614326875 0.292889978125 0.702651 0.313925503125 0.7897095125 0.4483834953125 0.867597653125 0.42222316875 0.78614326875 0.292889978125
1 0.6191291109375 0.3346717890625 0.54133529375 0.3530678921875 0.6171531046875 0.48615463906249995 0.7042640625 0.471176071875 0.6191291109375 0.3346717890625
1 0.62333850625 0.33585659843750004 0.70656050625 0.471277565625 0.7883672749999999 0.450206784375 0.699826853125 0.3152256453125 0.62333850625 0.33585659843750004
1 0.45137034062500003 0.5389480015625 0.53258411875 0.5139806890624999 0.45659646406250004 0.3731735421875 0.37760073437499997 0.39489157812500003 0.38669555 0.41534285625 0.45137034062500003 0.5389480015625
1 0 0.5613922828125 0.0214405796875 0.6473857515625 0.0945298859375 0.6282319390625 0.0397661234375 0.49010201249999996 0 0.49881034375000005 0 0.5613922828125
0 0.1301790984375 0.4778747421875 0.044335871875 0.4957917703125 0.09809145625 0.6273439390625 0.1848228046875 0.6034738484375 0.1301790984375 0.4778747421875
1 0.3000166859375 0.43647954218749996 0.21613117656249997 0.45625213281250004 0.2757505 0.5820608828125 0.3627445859375 0.55902269375 0.3000166859375 0.43647954218749996
0 0.21479962187499999 0.45565370781250003 0.1311760359375 0.47593590468749997 0.1883178859375 0.6048479640625 0.27550985781250004 0.5853541015625 0.21479962187499999 0.45565370781250003
1 0.38194176562500004 0.4174014515625 0.3019987796875 0.4375382671875 0.362942728125 0.558299228125 0.4477187640625 0.538510315625 0.38194176562500004 0.4174014515625
1 1 0.5882401203125001 0.962586609375 0.5288571937500001 0.8887919859375 0.5436958781250001 0.9827735593750001 0.716486534375 1 0.7118597703125 1 0.5882401203125001
1 0.23252336875 0.70991385625 0.14094528906249998 0.7292942328125 0.21518428906249998 0.9106666296875 0.3116049875 0.8877025765625 0.23252336875 0.70991385625
1 0.8097160140625 0.5629813484375 0.901725921875 0.7404611234375 0.980918325 0.7174872578125 0.8849862390625001 0.546052484375 0.8097160140625 0.5629813484375
1 0.3318951 0.6855585546875 0.41324272031250003 0.8634377703125 0.5075454500000001 0.8404636218749999 0.41939217968750003 0.6590169218749999 0.3318951 0.6855585546875
0 0.051539426562500004 0.7681056328125 0.11766146562499999 0.9379498937499999 0.21361159375 0.90874941875 0.13873836875 0.7312732171875 0.0485577390625 0.7561467328125 0.051539426562500004 0.7681056328125
1 0.7016335078125 0.59294203125 0.79524935625 0.7676546546874999 0.88313443125 0.7468187703125 0.786065409375 0.570823996875 0.7016335078125 0.59294203125
1 0.423911496875 0.663809928125 0.507324665625 0.838366015625 0.5987195953125 0.8134260453125 0.5132817640625 0.6452945609375 0.423911496875 0.663809928125
0 0.23623034375000002 0.7081193031249999 0.3150069828125 0.8890070187499999 0.41247130781249997 0.8641682671875 0.3307015265625 0.6913550921875 0.23623034375000002 0.7081193031249999
0 0.604095790625 0.6215647578125 0.7010347875 0.793835803125 0.7940105171875 0.76796353125 0.6992802499999999 0.594076459375 0.604095790625 0.6215647578125
0 0.5905548921875 0.7928588703125 0.6003184671875 0.8114129140624999 0.6973070640625 0.7931507375 0.6014358 0.6222389640625 0.5157639703125 0.6444491203125 0.5905548921875 0.7928588703125
1 0 0.198902315625 0.022255168750000002 0.24828405468749998 0.1012549765625 0.22774561875 0.056762285937500004 0.133642521875 0 0.14777646875 0 0.198902315625
0 0.1328294609375 0.1153346078125 0.0575152671875 0.1327806359375 0.10218099375 0.22881915312499998 0.18220881718749998 0.21150106875 0.1328294609375 0.1153346078125
1 0.20891004062500002 0.0990006859375 0.13409917968750001 0.11473980312500001 0.18244100624999998 0.211443178125 0.259579446875 0.1944063203125 0.20891004062500002 0.0990006859375
1 0.2910390296875 0.0842330046875 0.2091555359375 0.0984847375 0.25969492656250004 0.1939383453125 0.337943240625 0.1744288484375 0.2910390296875 0.0842330046875
1 0.7972549375 0.7697457625 0.8815486265624999 0.9201760578125 0.975161428125 0.8968357656249999 0.88538956875 0.7483207468749999 0.7972549375 0.7697457625
1 0.70438164375 0.7986493125 0.7851918015625 0.9442005124999999 0.8794888578125001 0.920689615625 0.7941972453125 0.771057546875 0.70438164375 0.7986493125
1 1 0.755761596875 0.9778562734375 0.7188777703125 0.89035225 0.7446181171874999 0.9780916562499999 0.8961051765624999 1 0.8906428125 1 0.755761596875
1 0.6094475312500001 0.8178486609375 0.6853858421875 0.9690849328125 0.782255153125 0.9449327015625 0.6993178953125 0.7987063984375 0.6094475312500001 0.8178486609375
1 0.36064409531249997 1 0.3094063296875 0.891929496875 0.2190869578125 0.9138992312499999 0.254860753125 1 0.36064409531249997 1
1 0.4740201671875 1 0.408995096875 0.8686963375 0.3132336296875 0.8929803359375 0.364236934375 1 0.4740201671875 1
1 0.5613922796875 1 0.584952521875 0.9941257718750001 0.5090070140625 0.8461562296875 0.4108332484375 0.8686460171875 0.4752778734375 1 0.5613922796875 1
1 0.5112844937500001 0.844239334375 0.5852493812499999 0.99405175625 0.6832930703125 0.9696067203125001 0.60526484375 0.8189622406250001 0.5112844937500001 0.844239334375
1 0.25174684375 1 0.217369634375 0.9148768234375 0.1195351625 0.9419134140625 0.1413289375 1 0.25174684375 1
1 0.512794259375 0.022806734375000002 0.5692739 0.12456044375 0.6423228453125 0.10501304375 0.582469440625 0.0031888859375 0.512794259375 0.022806734375000002
1 0.33778385625 0.17402940625000002 0.4115122390625 0.1544531640625 0.361413646875 0.0680041890625 0.2921436890625 0.08395758125 0.33778385625 0.17402940625000002
1 0.6006505 0 0.5847422546875001 0.0032893390624999996 0.643231328125 0.1060589828125 0.71842759375 0.08870650625 0.6544252640625 0 0.6006505 0
1 0.43711779687499996 0.04861075625 0.4905831390625 0.13951036249999998 0.56688399375 0.12248780625 0.5100073859375 0.026592726562500002 0.43711779687499996 0.04861075625
1 0.43465685781249996 0.0501817875 0.3620125703125 0.06669527343750001 0.4131167828125 0.1556859796875 0.4894295515625 0.1392941671875 0.43465685781249996 0.0501817875
1 0.741796453125 0 0.7949721328125 0.0709560640625 0.8662180546875 0.0531924609375 0.825839846875 0 0.741796453125 0
1 0.6590834 0 0.7193707203125 0.0931412515625 0.793007975 0.071445784375 0.7379115359374999 0 0.6590834 0
1 0.8286166093749999 0 0.8662575625000001 0.051848356250000005 0.9019019046875 0.0451577515625 0.8906428125 0 0.8286166093749999 0