1 1 0.2768117125 0.9734506453125 0.18836914531249999 0.8990090921875 0.184488340625 0.9325949828125 0.3077725234375 1 0.31180158750000003 1 0.2768117125
1 0.8159204890625 0.1844716875 0.8543868734375 0.309576453125 0.929348796875 0.3107383984375 0.8902379359375001 0.1856309625 0.8159204890625 0.1844716875
1 0.625950684375 0.1839370625 0.546275984375 0.179022478125 0.541087471875 0.178841290625 0.5739193546875 0.3047659921875 0.6585302828125 0.305010265625 0.625950684375 0.1839370625
1 0.6313355859375 0.1824277546875 0.6633886984374999 0.3030344296875 0.7505819359375 0.311902421875 0.715050271875 0.1854641859375 0.6313355859375 0.1824277546875
1 0.71943734375 0.1843200796875 0.7549877390625 0.315144171875 0.8437580890625 0.3177588390625 0.8062074140625001 0.1868827484375 0.71943734375 0.1843200796875
1 0.4581361234375 0.17762295156250002 0.487447409375 0.3053580375 0.5743323218749999 0.3056817203125 0.5415155265625 0.18053462343749999 0.4581361234375 0.17762295156250002
1 0.365588734375 0.17692305 0.39425751249999996 0.30601490625 0.48452976562499994 0.3071344796875 0.45604737812499996 0.17739553125000002 0.365588734375 0.17692305
0 0.01060643125 0.187543996875 0.027348384375 0.31556311875 0.11886027343750001 0.3181529515625 0.09645082031249999 0.165193728125 0.0115188578125 0.1614155421875 0.01060643125 0.187543996875
1 0.096898665625 0.1660633078125 0.120795378125 0.321661434375 0.21453360312499997 0.3257109609375 0.19284240156250002 0.171121621875 0.096898665625 0.1660633078125
0 0.27741240624999997 0.17322093125 0.30767201875 0.3312706203125 0.3956230234375 0.333664334375 0.3629972375 0.173647790625 0.27741240624999997 0.17322093125
0 0.1933498125 0.1702854 0.2156229484375 0.32670099375 0.30627419843750003 0.3278337984375 0.274964696875 0.1748433390625 0.1933498125 0.1702854
1 0.93497100625 0.3218990359375 0.8487972515625 0.320646125 0.8930021531250001 0.487829409375 0.9862176125 0.49177915624999996 0.93497100625 0.3218990359375
1 1 0.3256001375 0.9390166375 0.3210192453125 0.9890689374999999 0.4988246140625 1 0.500327096875 1 0.3256001375
1 0.57398080625 0.3170782453125 0.48960916406250005 0.3153242671875 0.523221840625 0.478534128125 0.6165826546875001 0.47832141562499997 0.57398080625 0.3170782453125
1 0.8444759203125001 0.3291577125 0.753392471875 0.326202228125 0.802725103125 0.48884439999999996 0.8896025703125 0.4849323375 0.8444759203125001 0.3291577125
1 0.662363296875 0.322942984375 0.5778477 0.31896110625 0.6161443015625 0.4769169265625 0.7091417250000001 0.487110359375 0.662363296875 0.322942984375
1 0.6663001328125 0.3253828265625 0.711448490625 0.4878855015625 0.8008274140625 0.49031209374999996 0.7501397734374999 0.3267027953125 0.6663001328125 0.3253828265625
1 0.4320708890625 0.48229695625 0.5219836671875 0.48057465625000007 0.48576738124999996 0.314692353125 0.3990594953125 0.3137482125 0.40234401562500005 0.3372735890625 0.4320708890625 0.48229695625
1 0.027562753125 0.3120883796875 0.0063046328125 0.310731403125 0.00081039375 0.46806581718749996 0.0429673125 0.4690323296875 0.027562753125 0.3120883796875
0 0.1231166875 0.3260545171875 0.030551487500000002 0.31922982499999997 0.0468499828125 0.46916791562500004 0.1420560890625 0.47017867031250005 0.1231166875 0.3260545171875
0 0.3079890234375 0.3334894 0.21687406562499997 0.329130390625 0.24081444218749998 0.47492354531250003 0.3360450734375 0.4768598953125 0.3079890234375 0.3334894
0 0.21569399531250003 0.3281304328125 0.12469679375 0.3243679546875 0.1452109390625 0.47260275468749996 0.2396085234375 0.47821310781250004 0.21569399531250003 0.3281304328125
1 0.39690676874999997 0.337983653125 0.30969661406250004 0.335149234375 0.336457796875 0.47617971875 0.4284835328125 0.48078250625 0.39690676874999997 0.337983653125
1 0.9916601640625 0.747549203125 0.9551237031250001 0.6215060875 0.8757150515625 0.615064278125 0.9209041875 0.81884035625 0.9891305671874999 0.8199873625 0.9916601640625 0.747549203125
1 0.1595229578125 0.59272505625 0.0606960953125 0.585716209375 0.0832947828125 0.79247420625 0.18809435000000002 0.7972429890625 0.1595229578125 0.59272505625
1 0.789635446875 0.6116148234375001 0.8314501546875 0.8195984078125 0.9187246328124999 0.8193187937499999 0.8711553593750001 0.61635564375 0.789635446875 0.6116148234375001
1 0.26773090312500003 0.59693743125 0.29858130312500003 0.8022103812499999 0.40122900625 0.8063494671875 0.36449571718749996 0.595446459375 0.26773090312500003 0.59693743125
0 0 0.7914001328125 0.0822542515625 0.7900582203125001 0.057873243750000004 0.5870898765625 0 0.5865078375 0 0.7914001328125
1 0.6709293453125 0.6105739390625 0.7151854906249999 0.816203965625 0.8106798875000001 0.82064780625 0.763284690625 0.6126997796875 0.6709293453125 0.6105739390625
1 0.36769485468749996 0.601658234375 0.40161654531249996 0.8041447953124999 0.501879578125 0.8054278546875 0.464023059375 0.6089039453125 0.36769485468749996 0.601658234375
0 0.16381812812500002 0.591978246875 0.1911748296875 0.7995687671875 0.29758328437500003 0.802730078125 0.264824915625 0.6025023453125 0.16381812812500002 0.591978246875
1 0.563341909375 0.6112518015624999 0.611691553125 0.815362634375 0.7138349609375 0.8161568046875001 0.6682040875 0.6110431468749999 0.563341909375 0.6112518015624999
0 0.499575171875 0.7820562437499999 0.504093771875 0.8038415234375 0.60809891875 0.8135735234375 0.56043889375 0.6111617578125 0.466795171875 0.6087672953125 0.499575171875 0.7820562437499999
1 0.0171556125 0 0.015153909375 0.057321290625 0.07963697343750001 0.05892563125 0.0711460984375 0 0.0171556125 0
1 0.07160238437500001 0 0.0803191671875 0.060250250000000005 0.16668694687500002 0.06239908125 0.1564969484375 0 0.07160238437500001 0
1 0.9828443874999999 1 0.9891778796875 0.8186325234374999 0.9189203765625 0.820724025 0.9639051046875 1 0.9828443874999999 1
0 0.15731584375000002 0 0.167315771875 0.063765175 0.2537896234375 0.06950024375 0.2400983140625 0 0.15731584375000002 0
1 0.24112637656250002 0 0.254042746875 0.0695090828125 0.33749488906249997 0.07468607968749999 0.3217077921875 0 0.24112637656250002 0
1 0.3221539875 0 0.33774895 0.07424239218749999 0.42305188281249995 0.0772212375 0.40742557343749997 0 0.3221539875 0
1 0.860360078125 1 0.8125359140624999 0.8228397218750001 0.7166156875 0.8189239687500001 0.759166465625 1 0.860360078125 1
1 0.7569627718749999 1 0.7131219843750001 0.8193681109375 0.61369185 0.8212524453125001 0.6549570828125 1 0.7569627718749999 1
1 0.9632573859375 1 0.9152035171874999 0.8198419843750001 0.8186654843750001 0.8205134078125 0.8635389015625 1 0.9632573859375 1
1 0.6518460359375 1 0.60852336875 0.819829803125 0.511503415625 0.8130774359374999 0.546580146875 1 0.6518460359375 1
1 0.0863219328125 0.7969136265625 0.1080667921875 0.9866181624999999 0.21577156562500002 0.990379296875 0.1846238703125 0.80091255 0.0863219328125 0.7969136265625
1 0.18821106406250002 0.8031039671875 0.2194054203125 0.9905061937499999 0.32692069375 0.994260709375 0.2927251421875 0.8063332734375 0.18821106406250002 0.8031039671875
1 0.29460995156249997 0.8068194984374999 0.328008071875 0.9942986812499999 0.4375708484375 0.9981246984375 0.401054665625 0.8125848375 0.29460995156249997 0.8068194984374999
1 0.5444502421874999 1 0.506922990625 0.8129903562499999 0.40393118437500003 0.8112951531249999 0.4376941875 0.9981290046875 0.4912724703125 1 0.5444502421874999 1
1 0 0.9828443874999999 0.10406022968749999 0.98647825 0.0842894421875 0.7974087953125 0 0.7966028328125 0 0.9828443874999999
1 0.75298385 0.09541442343749999 0.7304663359375 0.0077432890625 0.6524286328125 0.005018153125 0.6729596578125 0.0939948015625 0.75298385 0.09541442343749999
1 0.40831030156250003 0 0.423006296875 0.076767090625 0.5037301624999999 0.07835598906249999 0.484119940625 0 0.40831030156250003 0
1 0.8351711843749999 0.10103423593750001 0.8025694046874999 0.010261184375 0.732077071875 0.0077995375 0.7536028875 0.0967472390625 0.8351711843749999 0.10103423593750001
1 0.6711330609374999 0.091181246875 0.6486074687500001 0.004884715625 0.56688578125 0.00203093125 0.588537246875 0.0862346109375 0.6711330609374999 0.091181246875
1 0.4852945875 0 0.50500283125 0.0800830265625 0.587426690625 0.08567667031250001 0.564153940625 0.0019355328125000002 0.5087275171875 0 0.4852945875 0
1 0.9958965718749999 0.1080217734375 0.9602154421875 0.0157663046875 0.8832064921875 0.01307709375 0.9182273437499999 0.1053095046875 0.9958965718749999 0.1080217734375
1 0.9160861062500001 0.10523473125 0.879585521875 0.012950646875 0.8058977640625 0.010377412499999999 0.8348364828125 0.105834640625 0.9160861062500001 0.10523473125
1 1 0.0171556125 0.963422715625 0.015878306249999998 0.996329028125 0.106661990625 1 0.1070075984375 1 0.0171556125