1 1 0.21215756406250003 0.9367737125 0.2066434859375 0.9660365875 0.3310246984375 1 0.3342475828125 1 0.21215756406250003
1 0.8537363062500001 0.20372709375000003 0.8878131625 0.33009810625 0.9626888703125 0.333875478125 0.9279680203125 0.20747930312500001 0.8537363062500001 0.20372709375000003
0 0.663900884375 0.19656294531250001 0.584446234375 0.1888707453125 0.57926720625 0.1885085921875 0.60768438125 0.3155024 0.692235240625 0.318699403125 0.663900884375 0.19656294531250001
1 0.6693351796875 0.1952424859375 0.6971596515625 0.31689432968750003 0.7839902875 0.32879991875000003 0.7528928984375 0.20119866874999998 0.6693351796875 0.1952424859375
1 0.757317225 0.20020836718749999 0.7882802718749999 0.33219345312500004 0.8769052937499999 0.33790456875 0.8439450031250001 0.205797703125 0.757317225 0.20020836718749999
1 0.4964089109375 0.18439603437500002 0.52124445 0.31307625781250004 0.6080651375 0.3164319828125 0.5796359062499999 0.1902158328125 0.4964089109375 0.18439603437500002
1 0.4039423234375 0.1804667015625 0.42808839687500005 0.31048044531249996 0.5182665875 0.31474979375 0.49432937343749994 0.184095859375 0.4039423234375 0.1804667015625
0 0.1353777078125 0.1593517484375 0.0462839953125 0.15226620156249998 0.061069553124999995 0.307217896875 0.1524353109375 0.3129998734375 0.1353777078125 0.1593517484375
0 0.135794934375 0.160236428125 0.15424679375 0.31657375 0.2477865890625 0.32389222812499996 0.23150368906250002 0.1686400484375 0.135794934375 0.160236428125
0 0.3159489125 0.173689528125 0.3406742375 0.332698984375 0.42848812656249996 0.33816068593750004 0.40146671093749997 0.177102996875 0.3159489125 0.173689528125
0 0.2320399765625 0.16782204375 0.2488407171875 0.3249196734375 0.3393972125 0.3292154734375 0.313446071875 0.175225525 0.2320399765625 0.16782204375
1 1 0.46676519687500007 0.96791815625 0.34522552812499996 0.8818406218750001 0.34096595937499996 0.9201839828124999 0.5095901281249999 1 0.5157684890625001 1 0.46676519687500007
1 1 0.3475775046875 0.9719920265624999 0.3444874640625 1 0.45918991093750006 1 0.3475775046875
1 0.6073161046875 0.327809296875 0.5230570718750001 0.3231118609375 0.5509533296875 0.48739536250000004 0.6442646937500001 0.490441025 0.6073161046875 0.327809296875
1 0.8772248734374999 0.34932154843749996 0.7863000546875 0.3431890984375 0.829926503125 0.507453878125 0.9168875765625 0.506576178125 0.8772248734374999 0.34932154843749996
1 0.6954400781250001 0.33675496875 0.61111493125 0.329825965625 0.643875625 0.48902209374999994 0.7364606515625 0.5024548796875 0.6954400781250001 0.33675496875
1 0.6992893671875 0.3393307171875 0.7387389578125 0.5033100562499999 0.8279787484375 0.5088544484375 0.783031865625 0.34357584375 0.6992893671875 0.3393307171875
1 0.4597265828125 0.4879747765625 0.549644696875 0.48939143593749995 0.51923968125 0.3223462546875 0.43261756562500003 0.318376628125 0.4350790640625 0.3420023015625 0.4597265828125 0.4879747765625
1 0.06140505625 0.30375275625 0.0128381265625 0.2989458578125 0.0017780375 0.4571124984375 0.07132296875000001 0.46113871250000005 0.06140505625 0.30375275625
0 0.15641337187499998 0.3210451703125 0.0641427390625 0.3109941578125 0.075198540625 0.46140971875 0.1703113734375 0.465742503125 0.15641337187499998 0.3210451703125
1 0.3409136140625 0.33492747500000003 0.2500062890625 0.32739125625 0.2688439734375 0.4739311046875 0.3639490140625 0.47918977500000004 0.3409136140625 0.33492747500000003
0 0.24886183593750003 0.326350721875 0.15805137656249998 0.3194147796875 0.1733797046875 0.468275215625 0.2675239859375 0.4771765765625 0.24886183593750003 0.326350721875
1 0.429620346875 0.3425221765625 0.34256223750000003 0.3366458953125 0.36438522500000003 0.4785244171875 0.4561942671875 0.4863360515625 0.429620346875 0.3425221765625
1 0.9881379718750001 0.6870952875 0.977602440625 0.6453533874999999 0.898466978125 0.636144178125 0.9365169015625 0.8413731999999999 0.97720254375 0.84347920625 0.9881379718750001 0.6870952875
1 0.1834907953125 0.5888238234375 0.0849687421875 0.5783702374999999 0.1003379140625 0.7857909640625 0.2049072125 0.7942142953125 0.1834907953125 0.5888238234375
1 0.8125601953125001 0.629692690625 0.8470909078125001 0.8390088890625 0.9343219796875 0.8417752796875 0.8938649968749999 0.637275628125 0.8125601953125001 0.629692690625
1 0.29148581562500003 0.5968100328125 0.3151534984375 0.8030345999999999 0.41759421874999997 0.81075351875 0.38824371874999997 0.5986970125 0.29148581562500003 0.5968100328125
0 0 0.7814920265625 0.09938233125 0.7833401375 0.0820996703125 0.57964455 0 0.5759505828125 0 0.7814920265625
1 0.6939627328125 0.6245096593749999 0.7310155328125 0.8315589390625 0.8262966703125001 0.839332778125 0.7861876265625 0.6298573578125 0.6939627328125 0.6245096593749999
1 0.391224115625 0.6050166531250001 0.41805846406249997 0.808563715625 0.5182156421874999 0.8133451203125001 0.48724076875 0.6156197546875 0.391224115625 0.6050166531250001
0 0.1878094140625 0.5882273671875 0.20790464531250002 0.7966461625 0.31413795 0.8035191515625 0.2883873828125 0.6022701406250001 0.1878094140625 0.5882273671875
0 0.5864171781249999 0.621432359375 0.6276140031249999 0.8271062328125 0.7296674734375 0.8314646734375 0.691222759375 0.62488346875 0.5864171781249999 0.621432359375
1 0.516728296875 0.7899073234375 0.5204838484375001 0.81183703125 0.6240859984375 0.8251928296875001 0.583519075 0.6212410562499999 0.49001596249999996 0.6155799328125 0.516728296875 0.7899073234375
1 0.0337424578125 0 0.033092259375 0.0092982578125 0.0360426359375 0.0473998765625 0.1222828078125 0.05256159218749999 0.1165731796875 0 0.0337424578125 0
1 0.11703126718750001 0 0.1229183578125 0.05390921093749999 0.20915853125 0.0590709265625 0.2016178375 0 0.11703126718750001 0
1 0.9344685609375001 0.8431864859375 0.9666979703124999 0.9937015890625001 0.97720763125 0.8434064343750001 0.9344685609375001 0.8431864859375
0 0.2024093796875 0 0.20973929687499998 0.060458132812499996 0.29596032031249997 0.06920760312499999 0.284820078125 0 0.2024093796875 0
1 0.28583409843749996 0 0.29621298125 0.0692252703125 0.3794336125 0.07731154999999999 0.3658912875 0 0.28583409843749996 0
1 0.366337275 0 0.3797030015625 0.0768770015625 0.4648500109375 0.0828310609375 0.45107834999999996 0 0.366337275 0
1 0.86495856875 1 0.8280750687499999 0.8415881328125 0.7323499328125 0.8343271953125001 0.765225928125 1 0.86495856875 1
1 0.7629118859374999 1 0.72884285625 0.834649140625 0.62940753125 0.833062265625 0.6618551984375001 1 0.7629118859374999 1
1 0.96625754375 1 0.9664384500000001 0.9974129125 0.9307847499999999 0.8421752671875 0.8342820937500001 0.8394771546875001 0.8685099781250001 1 0.96625754375 1
1 0.6586439687500001 1 0.6242918468750001 0.8314601125 0.5275666515624999 0.821325909375 0.554678425 1 0.6586439687500001 1
1 0.1032082859375 0.7903333265625 0.117828359375 0.9744969046874999 0.22502828749999998 0.981993053125 0.2013107796875 0.7977605046875 0.1032082859375 0.7903333265625
1 0.204819309375 0.800075775 0.22864273281249997 0.9822458 0.3358653078125 0.9897435328125 0.30915701875 0.806950603125 0.204819309375 0.800075775
1 0.3110237109375 0.8075023109374999 0.3369743921875 0.9898210875 0.4462210046875 0.9974603546875 0.4172023734375 0.8169790062500001 0.3110237109375 0.8075023109374999
1 0.552441721875 1 0.52299205625 0.821079028125 0.42012214999999997 0.8157904953124999 0.44644407656249996 0.9974759546874999 0.48253960625000003 1 0.552441721875 1
1 0 0.9245373640624999 0.0018622468749999999 0.9663877640624999 0.1138912125 0.9742215921874999 0.10115974999999999 0.7907572625 0 0.786255909375 0 0.9245373640624999
1 0.7939460578124999 0.1125276234375 0.7731281484375 0.017878031250000002 0.6953957390625 0.0124424515625 0.7140201609375 0.10831606093749999 0.7939460578124999 0.1125276234375
1 0.452012875 0 0.46482030312499995 0.08237560000000001 0.5454395421875 0.08678075156250001 0.5270564640625001 0.0006710234375 0.5174603828125 0 0.452012875 0
1 0.8758871984375001 0.121012309375 0.8444587703125 0.022865954687500002 0.774828446875 0.017996928125 0.7945182046875 0.11388123125 0.8758871984375001 0.121012309375
1 0.7122928671875 0.105440475 0.691392796875 0.0121625390625 0.60984478125 0.006460146875 0.629920003125 0.0976143 0.7122928671875 0.105440475
1 0.6288295953125 0.097017940625 0.6069881875 0.00626039375 0.528268790625 0.000755796875 0.5466511609375 0.0885511546875 0.6288295953125 0.097017940625
1 1 0.033742456250000004 0.924819259375 0.0284853078125 0.958743559375 0.128183590625 1 0.131068521875 1 0.033742456250000004
1 0.8481322468749999 0.0231228296875 0.8753851687499999 0.12579811093749999 0.9566062328125 0.128034134375 0.9224413171875 0.0319817890625 0.9210310249999999 0.028220407812499997 0.8481322468749999 0.0231228296875