1 0.942931903125 0.2146097234375 0.957016621875 0.212484821875 0.9359192546875 0.09283570625000001 0.8844477203125001 0.10100249531250001 0.942931903125 0.2146097234375
1 0.8031713406250001 0.118261296875 0.8668078843749999 0.23263461406250002 0.9403732921874999 0.21818570781250002 0.8761057984375 0.10394377343750001 0.8031713406250001 0.118261296875
1 0.617241678125 0.1572352984375 0.5382862609375 0.1689934109375 0.5331734578125 0.1698949359375 0.591469103125 0.2862417484375 0.6742818671874999 0.26888908125 0.617241678125 0.1572352984375
1 0.6221951046875 0.15463938906250002 0.678623315625 0.265946303125 0.7657549328125001 0.2564920125 0.7047117328125 0.1402042046875 0.6221951046875 0.15463938906250002
1 0.7087650625 0.1381729796875 0.7707384546875 0.25874690624999996 0.8581125796875 0.24284804375000002 0.7941718078125 0.12263913281250001 0.7087650625 0.1381729796875
1 0.451781490625 0.185949775 0.5070098703125 0.304799384375 0.5920634359375 0.2870516046875 0.533944225 0.1714622671875 0.451781490625 0.185949775
1 0.3611109640625 0.204506853125 0.415992965625 0.32481716718750003 0.504525328125 0.30714361874999996 0.44969110468749995 0.18616159999999998 0.3611109640625 0.204506853125
0 0.095415696875 0.24899076406249998 0.007254298437499999 0.26366940781250003 0.0590868703125 0.41044142656249993 0.149137459375 0.3939482734375 0.095415696875 0.24899076406249998
1 0.096034553125 0.249748228125 0.151759734375 0.39697775625 0.24429149687499999 0.38144951875 0.19093336875 0.23474818125 0.096034553125 0.249748228125
0 0.2740917875 0.2192185234375 0.33655053437500004 0.3675231203125 0.4230772796875 0.351578484375 0.357895134375 0.20184196875 0.2740917875 0.2192185234375
0 0.1912558328125 0.2338247359375 0.24556287499999999 0.382191428125 0.334468703125 0.36445202499999996 0.2720348828125 0.22131438593750002 0.1912558328125 0.2338247359375
1 0.9651976781249999 0.25888189375000004 0.948193071875 0.22793353437500002 0.8636419249999999 0.24462453437499998 0.941640203125 0.3989637453125 0.98850414375 0.391059428125 0.9651976781249999 0.25888189375000004
1 0.5940890750000001 0.298272171875 0.5111964828125 0.31409837343749997 0.578007878125 0.46675323906250005 0.6692843093749999 0.44713437031250003 0.5940890750000001 0.298272171875
1 0.861184684375 0.253848578125 0.7714771484375 0.2698949921875 0.8535469499999999 0.4187262109375 0.9377125734374999 0.3968367953125 0.861184684375 0.253848578125
1 0.6817595421875 0.28563299999999997 0.5982629359375 0.29930991875 0.6685635265625 0.4458517125 0.761648065625 0.43648714218749995 0.6817595421875 0.28563299999999997
1 0.6861176234374999 0.2872010109375 0.764065584375 0.43676574218750003 0.85199588125 0.42055638437500004 0.7683996 0.27106089375 0.6861176234374999 0.2872010109375
1 0.4896311296875 0.4893851890625 0.5772210109375 0.4690066078125 0.50730726875 0.3142790203125 0.422297859375 0.3313830953125 0.4304018078125 0.3537114953125 0.4896311296875 0.4893851890625
1 0 0.53415384375 0.011460640625 0.57520159375 0.10627253125 0.5573096078125 0.0585741140625 0.4069980484375 0 0.415592765625 0 0.53415384375
0 0.1549436890625 0.40079221406250004 0.0629823296875 0.41336204531250004 0.11009854375000001 0.5566349796875001 0.20343431562499997 0.5378291843749999 0.1549436890625 0.40079221406250004
0 0.33732191875 0.36962750624999996 0.24729175312499999 0.384307615625 0.301021078125 0.52193735625 0.3945732796875 0.5040318312500001 0.33732191875 0.36962750624999996
0 0.24592956875 0.383574859375 0.1561386109375 0.3988139828125 0.20702422187499997 0.5395443671875 0.30052544999999997 0.5254057578125 0.24592956875 0.383574859375
1 0.4252310078125 0.355536509375 0.3393372953125 0.37089604062500003 0.39483556875 0.5032807078125 0.4858072953125 0.48864968593749997 0.4252310078125 0.355536509375
1 1 0.52070514375 0.9511844796875 0.5270124187499999 1 0.634110953125 1 0.52070514375
1 0.24599831718749998 0.6540660734375 0.1478738390625 0.66775764375 0.212966096875 0.8652989515625 0.316467028125 0.8481744703125 0.24599831718749998 0.6540660734375
1 1 0.64191758125 0.9469929203125 0.5292235796875 0.866268740625 0.5415352999999999 0.9504119140625 0.7362801765625 1 0.7255737390625 1 0.64191758125
1 0.3527174609375 0.6356887 0.425572353125 0.830061784375 0.526837521875 0.8127687625 0.44705774375 0.614111771875 0.3527174609375 0.6356887
0 0.0467197140625 0.689627925 0.107984603125 0.886913784375 0.211445990625 0.8631521 0.14539827656249998 0.6696881968749999 0.0467197140625 0.689627925
1 0.7499402421875 0.565197546875 0.8359821703125 0.75713269375 0.9303137109374999 0.741625025 0.8407193875000001 0.5480751765625 0.7499402421875 0.565197546875
1 0.4514784703125 0.61952266875 0.5267582156249999 0.8105316968749999 0.6250970234375 0.790940859375 0.5472081421875 0.6065822828125 0.4514784703125 0.61952266875
0 0.250044359375 0.652442565625 0.3199637453125 0.8498089562500001 0.42470419374999996 0.8307776234375 0.3510319875 0.6417361953125 0.250044359375 0.652442565625
1 0.644844784375 0.5882292828125 0.7345748999999999 0.7778273484375 0.8346513468750001 0.7573673546874999 0.747372090625 0.5662231140625 0.644844784375 0.5882292828125
0 0.6179837421875 0.7685590875 0.6269330156249999 0.7889288375 0.7306887984375 0.7768242828125 0.641986484375 0.5887447781249999 0.549891265625 0.6058722640624999 0.6179837421875 0.7685590875
1 0 0.15915860625 0.056874892187500005 0.148540675 0.0298843125 0.0751807734375 0 0.080450184375 0 0.15915860625
1 0.1427447859375 0.1338395140625 0.1141210046875 0.060327571875 0.0303255984375 0.07510296250000001 0.057817582812500004 0.1496945109375 0.1427447859375 0.1338395140625
0 0.2294204765625 0.122675834375 0.196556340625 0.045791998437499995 0.11503163125 0.060167004687500004 0.1436438984375 0.135045015625 0.2294204765625 0.122675834375
1 0.3123747765625 0.11034504375000001 0.277394009375 0.0315381359375 0.19771495625 0.045587703125000004 0.22966990625 0.122631853125 0.3123747765625 0.11034504375000001
1 0.39658923281249997 0.095036503125 0.3625487234375 0.016523062499999998 0.27784966093749996 0.0314577921875 0.3125310375 0.10985823125000001 0.39658923281249997 0.095036503125
1 1 0.8750850921875 0.9325849046875 0.743383153125 0.8379466343749999 0.7594959046875001 0.91998983125 0.9336577671875 1 0.919549815625 1 0.8750850921875
1 0.737756046875 0.78317256875 0.8164404828125 0.9519163109375001 0.917848353125 0.9340353671875 0.8346216171874999 0.7606567234375 0.737756046875 0.78317256875
1 1 0.7262246890624999 0.938096859375 0.7398332640625 1 0.866547025 1 0.7262246890624999
1 0.6361009937500001 0.796422371875 0.7088261890625 0.9708916140625 0.8133743171875001 0.952456959375 0.732404725 0.7828556 0.6361009937500001 0.796422371875
1 0.3714548640625 1 0.3138353296875 0.8524853984374999 0.216850103125 0.8690119796875001 0.260777203125 1 0.3714548640625 1
1 0.4882877328125 1 0.4207013609375 0.8353121453125001 0.31779975625 0.85388310625 0.3752113015625 1 0.4882877328125 1
1 0.54374433125 1 0.6010199796875 0.9899007578125 0.5279633968749999 0.8189041218750001 0.422646075 0.8353958703125001 0.4894878453125 1 0.54374433125 1
1 0.5305089171875 0.817044559375 0.601190859375 0.9898706265625 0.70669775625 0.9712669140625 0.6316025578125 0.79728951875 0.5305089171875 0.817044559375
1 0.25715475 1 0.2149649765625 0.869918909375 0.10967248125 0.8912493765624999 0.14198470000000002 1 0.25715475 1
1 0.6167935250000001 0 0.6445233453125 0.059484776562499994 0.723093971875 0.0442354125 0.7011309609375 0 0.6167935250000001 0
1 0.47574042812500006 0.0793725 0.43847336718749996 0.0031355000000000003 0.363498503125 0.016355590625 0.3964502203125 0.09460175937500001 0.47574042812500006 0.0793725
1 0.7022153609374999 0 0.7239765890625 0.045410396874999995 0.804653740625 0.0326447109375 0.7844477671875 0 0.7022153609374999 0
1 0.525828240625 0 0.5603323312499999 0.069446571875 0.6421516921875 0.0571124765625 0.6135154328125 0 0.525828240625 0
1 0.456255671875 0 0.4396573453125 0.0029267328125 0.47734435468749997 0.0807971953125 0.5591300390625 0.0691317203125 0.523094328125 0 0.456255671875 0
1 0.7847027671875 0 0.8053244125000001 0.0374098046875 0.8846738078125 0.01993025625 0.87144220625 0 0.7847027671875 0