1 0.8109142 0.1348467015625 0.8720188171875 0.23943299062499998 0.9449076515625 0.22449199062499997 0.8802487015624999 0.12008495937500001 0.8109142 0.1348467015625
1 0.7345847171875 0.1552728671875 0.8006193156249999 0.2603249453125 0.8697646515624999 0.2429464515625 0.8031373796875 0.138050484375 0.7345847171875 0.1552728671875
0 0.5599467953125 0.2015197578125 0.48555143437500004 0.2166226796875 0.4807407921875 0.217733303125 0.5418007265625 0.324922109375 0.6195844765625 0.30432977656250004 0.5599467953125 0.2015197578125
1 0.5645230109375 0.1988134109375 0.6235625828125 0.301325915625 0.7058346125 0.2879920671875 0.642168634375 0.1809973921875 0.5645230109375 0.1988134109375
1 0.645917859375 0.178870821875 0.71067728125 0.2898755140625 0.792863553125 0.27042963750000004 0.726253909375 0.1598694546875 0.645917859375 0.178870821875
1 0.4042425109375 0.23702572812499997 0.462512665625 0.3467378203125 0.5424047890625 0.3256587296875 0.48154952812499996 0.219177996875 0.4042425109375 0.23702572812499997
1 0.3190565015625 0.259153525 0.3770693828125 0.3702656125 0.46026842968750004 0.349081696875 0.4022679796875 0.23733143124999997 0.3190565015625 0.259153525
0 0 0.3668995234375 0.0423687734375 0.469272409375 0.12706733750000002 0.44912933125 0.06894750625 0.31463015781250003 0 0.3298583828125 0 0.3668995234375
0 0.069572284375 0.3153159546875 0.129705871875 0.45186477031249994 0.21680774375 0.4325101125 0.1589476890625 0.296342096875 0.069572284375 0.3153159546875
0 0.23714905156250002 0.2774578515625 0.3037292015625 0.41468532812500003 0.3851086015625 0.3952387765625 0.3158722359375 0.2567930515625 0.23714905156250002 0.2774578515625
0 0.15920859999999998 0.295451821875 0.21805136093750002 0.4331483453125 0.3016018015625 0.41188329843749993 0.23529870000000003 0.27954511875 0.15920859999999998 0.295451821875
1 0.8776679218749999 0.25177924687500003 0.7982010484375001 0.271832803125 0.879832653125 0.41398996875 0.966429828125 0.3946725859375 0.8776679218749999 0.25177924687500003
1 0.9707779375 0.40042021562499996 0.9896133828125 0.39804281406249997 0.9523225046875 0.23651827656250002 0.881168359375 0.24997862187500003 0.9707779375 0.40042021562499996
1 0.5448784640625 0.3361771 0.46694405781250004 0.355328646875 0.5378705859374999 0.496454603125 0.6235798640625 0.473291321875 0.5448784640625 0.3361771
1 0.7963201093750001 0.280687078125 0.7119253859375 0.3003900515625 0.7971529984375 0.43712895781250005 0.8759988796875 0.412174478125 0.7963201093750001 0.280687078125
1 0.6275059781250001 0.31980162343749996 0.5488926359375 0.3369492625 0.6228325453125 0.47211355624999995 0.7107615625 0.45856501875 0.6275059781250001 0.31980162343749996
0 0.631721075 0.3210664125 0.7130707734375 0.45870704062499995 0.7957699328125 0.4389392890625 0.70906028125 0.3016484765625 0.631721075 0.3210664125
1 0.45506245156249997 0.522323840625 0.5372339187499999 0.49862703125 0.46325992187500004 0.3556953734375 0.3833781609375 0.3761629703125 0.39216819062499997 0.3968890375 0.45506245156249997 0.522323840625
1 0 0.5569678046875 0.015720381250000002 0.6250602562500001 0.0943759546875 0.6059090031250001 0.04171303125 0.46603904375000005 0 0.47441450312500005 0 0.5569678046875
0 0.13291624375 0.45531492656249994 0.0462109203125 0.4718407296875 0.09797585625 0.6050779015625001 0.1856804484375 0.5825805515625 0.13291624375 0.45531492656249994
1 0.30456486250000003 0.41663831562500003 0.2197967859375 0.43506431250000005 0.27756445625000004 0.5626273359375 0.36551870625 0.540971203125 0.30456486250000003 0.41663831562500003
0 0.21846739375 0.43443931406249997 0.13395386874999998 0.45338237968749995 0.18917334531250002 0.5840233015625 0.2772639171875 0.5659351390625 0.21846739375 0.43443931406249997
1 0.3873477640625 0.3988766703125 0.306540765625 0.41773755625 0.36573092812499997 0.5402470593750001 0.45139546875000003 0.5218201359375 0.3873477640625 0.3988766703125
1 1 0.5710508875 0.969700396875 0.521068778125 0.895174665625 0.534708290625 0.9866898453124999 0.7101187953125 1 0.706791996875 1 0.5710508875
1 0.2317970453125 0.6904570859375 0.13929455468750002 0.7083548125 0.210789821875 0.8920525265625001 0.30822916875 0.8706349375 0.2317970453125 0.6904570859375
1 0.815255271875 0.5527280625000001 0.9047031671875001 0.7328201125 0.9848051046874999 0.7110929500000001 0.8913030093750001 0.5370121250000001 0.815255271875 0.5527280625000001
1 0.3322308 0.6676916562499999 0.410941696875 0.8479999406250001 0.5062498171875001 0.8265353531249999 0.4207533328125 0.6425208609374999 0.3322308 0.6676916562499999
0 0.044316337500000004 0.7341462062499999 0.11216480625 0.9177947703125 0.20924113125 0.8900970265625 0.137038559375 0.7103066859375 0.044316337500000004 0.7341462062499999
1 0.7059561328124999 0.5809792890625001 0.7970692015624999 0.7583163515625 0.8858810593750001 0.738890575 0.7913156375 0.5602039828125001 0.7059561328124999 0.5809792890625001
1 0.42521636406249996 0.6474198046875 0.506064809375 0.8244219515625 0.598481528125 0.8009297546875 0.51548170625 0.630353609375 0.42521636406249996 0.6474198046875
0 0.235559340625 0.6887167921875 0.311629621875 0.872005996875 0.41015244375000004 0.84872118125 0.33092691875 0.6735004703125 0.235559340625 0.6887167921875
0 0.6072923859375 0.608068371875 0.7017929625 0.7830077515625 0.7958170296875 0.7586054375 0.7035678421875 0.5820792453125 0.6072923859375 0.608068371875
0 0.5906295671875 0.780103309375 0.600126225 0.7989329609375 0.6980537328125 0.7822539296875 0.6046035734374999 0.6087001484375001 0.51799464375 0.62954653125 0.5906295671875 0.780103309375
1 0 0.1565433390625 0.028376995312499997 0.222538084375 0.10824195 0.2032568828125 0.0651349171875 0.107843384375 0 0.12285995000000001 0 0.1565433390625
0 0.1420091046875 0.0907544 0.06590795 0.1069896859375 0.10915481406250001 0.20435264375 0.1899972296875 0.1883280328125 0.1420091046875 0.0907544
1 0.21886179375 0.075650890625 0.14329741875 0.0901782921875 0.19023191875 0.1882738515625 0.2681616390625 0.17248180468750002 0.21886179375 0.075650890625
1 0.3017734984375 0.0622277734375 0.21911799062499998 0.075136275 0.26828614375000004 0.17201317031250002 0.34737660312499996 0.1537536984375 0.3017734984375 0.0622277734375
1 0.7990504421875 0.76045426875 0.8869224093750001 0.9238239765625 0.9819477859375001 0.901885640625 0.8881238796875 0.74044034375 0.7990504421875 0.76045426875
1 0.70507573125 0.78790691875 0.78948075 0.94632015625 0.8849298296875 0.9242839999999999 0.7959501046875 0.7617203375 0.70507573125 0.78790691875
1 1 0.7441484453125 0.9816989843749999 0.71243811875 0.8931836687500001 0.7368029421875 0.9846784046874999 0.9012552265625 1 0.8977179578125 1 0.7441484453125
1 0.609199128125 0.8055642046875 0.6881015640625 0.9697253859374999 0.78662355625 0.9469797921875 0.699978853125 0.787876240625 0.609199128125 0.8055642046875
1 0.3626454203125 1 0.3059416453125 0.8748477031249999 0.2146599515625 0.89537144375 0.25601844375 1 0.3626454203125 1
1 0.476129746875 1 0.4065739234375 0.8532145874999999 0.3097746 0.8759711140625001 0.3662703765625 1 0.476129746875 1
1 0.5569678078125 1 0.5866929796875 0.993137403125 0.50761975625 0.8322858375 0.40842462968750004 0.853195959375 0.47732347031250005 1 0.5569678078125 1
1 0.509945659375 0.8303976343749999 0.5868073375 0.9931110015625 0.68613646875 0.9701790640624999 0.604970171875 0.80661136875 0.509945659375 0.8303976343749999
1 0.25270560625 1 0.21291440781249998 0.896324734375 0.1139801390625 0.921813478125 0.14177574375 1 0.25270560625 1
1 0.5424214734375 0 0.5260241234375 0.0043090875 0.581058546875 0.10762533593750001 0.6549173265625 0.0892372921875 0.604514240625 0 0.5424214734375 0
1 0.3472232859375 0.15334920624999998 0.4217663265625 0.134943978125 0.3728821671875 0.047130709375 0.302890046875 0.06196999843749999 0.3472232859375 0.15334920624999998
1 0.6064623984375 0 0.6558130328125 0.09030499843749999 0.731793853125 0.0741617484375 0.680202315625 0 0.6064623984375 0
1 0.44941026562499997 0.02894370625 0.5016036484375 0.1212915421875 0.578690215625 0.10549930781250001 0.52315246875 0.008068178125 0.44941026562499997 0.02894370625
1 0.446905871875 0.0304808796875 0.373508090625 0.045824753125 0.423359196875 0.136211734375 0.500446575 0.12105404687500002 0.446905871875 0.0304808796875
1 0.7674692578125 0 0.8091385499999999 0.05764171875 0.8811512546875001 0.041016275000000005 0.8511133 0 0.7674692578125 0
1 0.68366633125 0 0.732664359375 0.078638178125 0.807153253125 0.058100059375 0.7639205296875 0 0.68366633125 0
1 0.853447946875 0 0.8812148343749999 0.039665196874999996 0.905907753125 0.0354739 0.8977179578125 0 0.853447946875 0