1 1 0.2505708953125 0.9910951546875 0.2209309125 0.9161384 0.21702420625 0.9499599046875 0.341070390625 1 0.3440605625 1 0.2505708953125
1 0.8324748640624999 0.21700528437500002 0.8712106796875 0.34288341875 0.9466913312499999 0.3440544921875 0.90730658125 0.2181736546875 0.8324748640624999 0.21700528437500002
1 0.6411905499999999 0.2164624078125 0.5609644109375 0.211515403125 0.5557399921874999 0.2113329625 0.5888023375 0.33803594531250003 0.6739987390625 0.3382839328125 0.6411905499999999 0.2164624078125
1 0.6466126734375 0.2149439203125 0.6788907203125001 0.336296028125 0.766687525 0.345221040625 0.7309067015624999 0.21800128281250003 0.6466126734375 0.2149439203125
1 0.7353240999999999 0.2168502265625 0.7711238984375 0.3484829203125 0.8605085625 0.3511160453125 0.82269464375 0.21943097812499998 0.7353240999999999 0.2168502265625
1 0.47221463124999996 0.21010493593750001 0.501732065625 0.3386293921875 0.5892181875 0.3389573390625 0.5561710546875 0.213036759375 0.47221463124999996 0.21010493593750001
1 0.3790268390625 0.2093983015625 0.40789735781249997 0.33928788593750003 0.49879428125 0.3404167265625 0.47011142499999997 0.20987606093750003 0.3790268390625 0.2093983015625
0 0.10802631874999999 0.1975895484375 0.0181216734375 0.1935907953125 0.03844965 0.34888548125 0.1305948234375 0.3514936890625 0.10802631874999999 0.1975895484375
1 0.10847728593749999 0.198464509375 0.132543409375 0.35502388125 0.2269303625 0.35910085468749997 0.2050850375 0.203556553125 0.10847728593749999 0.198464509375
0 0.2902402796875 0.2056710265625 0.3207133953125 0.364697265625 0.40927304062500003 0.36710805 0.37641732656250004 0.2061027546875 0.2902402796875 0.2056710265625
0 0.2055959375 0.20271518125000001 0.2280272703125 0.3600970265625 0.3193058125 0.3612391890625 0.2877756734375 0.20730338750000002 0.2055959375 0.20271518125000001
1 0.9998630343749999 0.5126496921875 0.9523527359375 0.35528417968750003 0.8655826687499999 0.3540212875 0.9100978062499999 0.5222378703125 0.99939609375 0.52602114375 0.9998630343749999 0.5126496921875
1 1 0.3576708875 0.9564263390625 0.35439906250000003 0.9999896078124999 0.5090251421875001 1 0.5087275484375 1 0.3576708875
1 0.5888645375 0.3504242125 0.5039090390625 0.3486572078125 0.5377585546875 0.5128755609375 0.631765371875 0.51266396875 0.5888645375 0.3504242125
1 0.861231659375 0.362585309375 0.76951788125 0.359609203125 0.8191961078125001 0.523256775 0.9066746234374999 0.5193228249999999 0.861231659375 0.362585309375
1 0.6778587421875 0.356327465625 0.5927582359375 0.352318803125 0.63132395 0.5112508 0.7249651359375 0.5215095875 0.6778587421875 0.356327465625
0 0.6818228859375 0.35878247343749997 0.7272878828125 0.5222895765625 0.8172853265625 0.5247334796875001 0.7662426859375 0.36011277656249996 0.6818228859375 0.35878247343749997
1 0.44597697968750005 0.51665924375 0.536511865625 0.5149286546875 0.5000406546875 0.348021290625 0.4127327703125 0.3470690625 0.41604063281250003 0.3707397640625 0.44597697968750005 0.51665924375
1 0 0.502059921875 0.05418065625 0.503302578125 0.0386654109375 0.34538929375 0.0051689953125 0.343251828125 0 0.4912724703125 0 0.502059921875
0 0.1348808953125 0.3594441484375 0.041675012500000004 0.352574909375 0.0580901953125 0.5034391031250001 0.15395510625 0.50445858125 0.1348808953125 0.3594441484375
0 0.3210326484375 0.366929753125 0.22928710937500002 0.36254145625 0.25339694062499996 0.509235325 0.349286571875 0.5111861125 0.3210326484375 0.366929753125
0 0.22809884687499998 0.3615352921875 0.136471890625 0.35774721249999997 0.15713185000000002 0.5068977140625 0.252182765625 0.5125451640625001 0.22809884687499998 0.3615352921875
0 0.41056578125 0.3714540703125 0.3227521 0.36859987968749997 0.34970213437500003 0.5105017484375 0.4423647609375 0.51513535 0.41056578125 0.3714540703125
1 0.9924484234375001 0.7249764125 0.9726526921875 0.65674145625 0.892694403125 0.65025780625 0.9382015375 0.855293125 0.9878684812499999 0.8561287796875 0.9924484234375001 0.7249764125
1 0.1715460328125 0.6277619953125 0.0720351546875 0.6207072984375 0.0947956046875 0.82874235625 0.200320459375 0.8335433140624999 0.1715460328125 0.6277619953125
1 0.8060190796875 0.6467848109375 0.8481285468750001 0.8560535234375 0.936006915625 0.855774459375 0.8881031937499999 0.6515570265624999 0.8060190796875 0.6467848109375
1 0.2805028328125 0.6320031953125 0.3115720546875 0.8385442546874999 0.4149301375 0.8427115687500001 0.377937175 0.630505540625 0.2805028328125 0.6320031953125
0 0 0.827837290625 0.093747809375 0.8263114281249999 0.06919280625 0.622089371875 0 0.6213922140625 0 0.827837290625
1 0.686491565625 0.64573440625 0.7310593015625 0.8526350953125 0.8272145890625 0.857108859375 0.77948601875 0.647875778125 0.686491565625 0.64573440625
1 0.3811586078125 0.6367557500000001 0.41532030000000003 0.8404932984375 0.5162771375 0.8417868921875 0.4781535453125 0.64404870625 0.3811586078125 0.6367557500000001
0 0.1758709046875 0.6270106859375 0.2034223125 0.835883528125 0.3105671421875 0.8390671328125 0.27757688125 0.637602390625 0.1758709046875 0.6270106859375
1 0.57815969375 0.6464136468749999 0.626849215625 0.8517858703125001 0.7296994265625 0.8525876078125 0.6837474625 0.6462064390625 0.57815969375 0.6464136468749999
0 0.5139561765625 0.8182709296875 0.5185066093749999 0.840190825 0.6232316765625 0.8499856187500001 0.5752365890625 0.646322971875 0.4809448359375 0.643911284375 0.5139561765625 0.8182709296875
1 0.0171556125 0 0.014056474999999999 0.0887476875 0.0910933578125 0.090664940625 0.07801703125000001 0 0.0171556125 0
1 0.0784582109375 0 0.09178030625 0.091997753125 0.1787457640625 0.0941621046875 0.1633549765625 0 0.0784582109375 0
1 0.9828443874999999 1 0.9878851187500001 0.8556523484375 0.9362040500000001 0.8571883687499999 0.972069009375 1 0.9828443874999999 1
0 0.16438299218750002 0 0.1793789765625 0.09553665 0.266451334375 0.101309378125 0.24647641718750002 0 0.16438299218750002 0
1 0.24786247499999997 0 0.266706209375 0.1013182796875 0.350735934375 0.1065294125 0.3281984875 0 0.24786247499999997 0
1 0.3286893671875 0 0.35099173906250003 0.10608299531250001 0.43688500625 0.1090824546875 0.41533684062500004 0.00268885 0.390321109375 0 0.3286893671875 0
1 0.8670929296875001 1 0.8290835140624999 0.8593143578125 0.732499465625 0.8553719265625 0.7665141249999999 1 0.8670929296875001 1
1 0.7640049890625 1 0.7289815984375 0.855818721875 0.6288635078125 0.857712096875 0.6617395890625 1 0.7640049890625 1
1 0.9708224640625 1 0.9324614484374999 0.8563007890625001 0.8352554390625 0.856973840625 0.8710433671875 1 0.9708224640625 1
1 0.6582462859375 1 0.623659225 0.8562805359375 0.525967765625 0.8494839515624999 0.554237375 1 0.6582462859375 1
1 0.097843815625 0.8332092640625 0.11547493281250001 0.9868768609374999 0.22206105312500002 0.9905989296875 0.196826059375 0.837235440625 0.097843815625 0.8332092640625
1 0.20043813125 0.8394404796874999 0.22564276562500002 0.99072400625 0.33332 0.994484178125 0.305675478125 0.842692446875 0.20043813125 0.8394404796874999
1 0.30757334375 0.8431817234375 0.33455831406250003 0.9945274218750001 0.44417783593750004 0.9983554187499999 0.41475475156249997 0.84898543125 0.30757334375 0.8431817234375
1 0.5516034734375 1 0.5213556453125 0.8493962140625 0.41765114218750005 0.8476878593749999 0.44490704843750006 0.9983808843749999 0.491272459375 1 0.5516034734375 1
1 0 0.9828443874999999 0.111816459375 0.9867491046874999 0.0957972734375 0.8337074375 0 0.8327896375 0 0.9828443874999999
1 0.7691004125 0.1273965625 0.73841425625 0.0080208375 0.6606568828125 0.0053054890625 0.6885224562500001 0.1259660890625 0.7691004125 0.1273965625
1 0.4368390921875 0.10862550156249999 0.5181215703125 0.11022631406250001 0.4922000015625 0.006739018750000001 0.416549428125 0.0027311937500000003 0.4368390921875 0.10862550156249999
1 0.7405027328125 0.008093768749999999 0.76972376875 0.1287376234375 0.8518565890625001 0.13305321406249998 0.8080462046875001 0.011170065625 0.7903971624999999 0.0098361203125 0.7405027328125 0.008093768749999999
1 0.5754528156250001 0.009108925 0.60351568125 0.11815578906249999 0.686683146875 0.12313511875000001 0.6565934718750001 0.007956278125 0.5754528156250001 0.009108925
1 0.5724701125 0.0099974609375 0.49319816406249994 0.0055716031249999996 0.5194030890625 0.1119640484375 0.6023974265625001 0.11759437343750001 0.5724701125 0.0099974609375
1 1 0.10470897500000001 0.96782748125 0.02159155 0.88896844375 0.01494016875 0.9354875687499999 0.1373570421875 1 0.139609865625 1 0.10470897500000001
1 0.8515196968750001 0.137883246875 0.9333315109375 0.1372817515625 0.895573303125 0.041893996875 0.8844880203125 0.015222843750000001 0.8139762812500001 0.014143890624999999 0.8515196968750001 0.137883246875
1 1 0.021813325 0.9713241421875001 0.02072041875 1 0.0997694 1 0.021813325