1 1 0.290189815625 0.9385105046875 0.28047114375 0.9579376749999999 0.39931424843749996 1 0.40629029687499996 1 0.290189815625
1 0.860440696875 0.272242296875 0.8842745234375 0.3932738078125 0.9545956734375001 0.40177253281249997 0.9301565484375001 0.2806748109375 0.860440696875 0.272242296875
0 0.6819944859375 0.2529629671875 0.6076143765625 0.2404819875 0.6027569921875 0.23979932656249997 0.6212158671875 0.3610421890625 0.7006936796875001 0.36963480625 0.6819944859375 0.2529629671875
1 0.687202740625 0.2520809671875 0.70545314375 0.36826360625 0.786508796875 0.3851923171875 0.765563690625 0.263201378125 0.687202740625 0.2520809671875
1 0.76979843125 0.2625629546875 0.7903295859374999 0.3886655015625 0.8734824250000001 0.3998904484375 0.851076890625 0.27354144687500004 0.76979843125 0.2625629546875
0 0.52493439375 0.230458009375 0.539907121875 0.35304928125 0.6215137921875 0.36194109218750004 0.60299258125 0.24142837187500002 0.52493439375 0.230458009375
1 0.438044178125 0.22065393437499997 0.45227969687499997 0.34445305312499996 0.5369908578125 0.3544254859375 0.5229941499999999 0.23003843750000003 0.438044178125 0.22065393437499997
0 0.1863117984375 0.1830589359375 0.1028073171875 0.17051115156250002 0.10658621406249999 0.31713151562499997 0.1923174921875 0.3286041890625 0.1863117984375 0.1830589359375
0 0.1866470390625 0.18391804218750002 0.1937905265625 0.3320830859375 0.281470078125 0.345143634375 0.2762996640625 0.198141884375 0.1866470390625 0.18391804218750002
0 0.355556496875 0.20846871406249998 0.36843744843750004 0.3595599578125 0.45084215624999996 0.3704968671875 0.43593143906250004 0.21732869375 0.355556496875 0.20846871406249998
0 0.2768587171875 0.1974084625 0.2823962296875 0.346179021875 0.3674622015625 0.3562013171875 0.3530969484375 0.2097470328125 0.2768587171875 0.1974084625
0 0.9587802328125001 0.4127863328125 0.8779332078125 0.4030940890625 0.903018675 0.564122428125 0.9902168453125 0.577037803125 0.9587802328125001 0.4127863328125
1 1 0.4191391078125 0.96266814375 0.41236183437499996 0.9922027515625 0.583921584375 0.9930887671875 0.58413938125 1 0.5349634062499999 1 0.4191391078125
1 0.6200621296875 0.3725854328125 0.5409577031249999 0.362601803125 0.5564815078125 0.5188598203125 0.6442258265625 0.5278891406249999 0.6200621296875 0.3725854328125
1 0.87303530625 0.41064269375 0.7877425765625 0.3988697390625 0.8180929718750001 0.556149709375 0.90010943125 0.5610716890624999 0.87303530625 0.41064269375
1 0.7025307328125 0.38681750937500003 0.6235102609375 0.3747320046875 0.6439521375 0.5265297375 0.7303310828125 0.545274190625 0.7025307328125 0.38681750937500003
1 0.7059897796875 0.3894929140625 0.7324222859375 0.5462285578125 0.81616545625 0.5573374249999999 0.7846370312500001 0.399017265625 0.7059897796875 0.3894929140625
1 0.4704642953125 0.5133755734375 0.55511731875 0.5206495015625 0.537410078125 0.3616299125 0.45603079218750003 0.35217420312500003 0.4568021765625 0.37454327656249997 0.4704642953125 0.5133755734375
1 0.021534992187499997 0.3118071671875 0.015743425 0.45087614218749994 0.106161234375 0.46248341249999997 0.10712954062499999 0.3138967078125 0.023245440625 0.299636684375 0.021534992187499997 0.3118071671875
0 0.1955394046875 0.3364290765625 0.1092351140625 0.32088402031249996 0.1097961140625 0.4629942609375 0.1991539140625 0.4733524328125 0.1955394046875 0.3364290765625
1 0.368516990625 0.361670396875 0.28333275625 0.34857915781250004 0.29148204375 0.487560790625 0.38077181250000003 0.4987887125 0.368516990625 0.361670396875
0 0.2823223359375 0.34752549843749997 0.1971900515625 0.335004878125 0.201879746875 0.47593577187499997 0.2900252625 0.49052406406250004 0.2823223359375 0.34752549843749997
1 0.45162337968750005 0.3746711734375 0.3699581515625 0.36339453593750004 0.38122654218749996 0.49819215312500004 0.46724257187499996 0.5116018546875 0.45162337968750005 0.3746711734375
1 0.96463850625 0.78657350625 0.9482358484375 0.695524525 0.8742559968749999 0.6816387609375 0.896665675 0.877053584375 0.95098953125 0.8836910093749999 0.96463850625 0.78657350625
1 0.20350797968749998 0.5899108359375 0.111338246875 0.5735742546875 0.11222815 0.76955023125 0.210230353125 0.7843781625 0.20350797968749998 0.5899108359375
1 0.7937135671875 0.6698975578125 0.8125385749999999 0.8689214578125 0.8945706515625 0.87728645625 0.8698445671874999 0.6823981109374999 0.7937135671875 0.6698975578125
1 0.30476749999999997 0.6045542984375001 0.313556975 0.799954390625 0.40959920937499994 0.8139795546874999 0.39583605 0.6127223109375 0.30476749999999997 0.6045542984375001
0 0.01406105625 0.5636827734375001 0.011586075 0.7583141421875 0.11148817343749999 0.7671834828125 0.108550684375 0.5745824109375001 0.01406105625 0.5636827734375001
1 0.68227774375 0.6571881984375 0.703628346875 0.8542480375 0.7929192281249999 0.8678516703125 0.7688472015625 0.6683094625 0.68227774375 0.6571881984375
1 0.3982307953125 0.6188592734375 0.410180278125 0.81195198125 0.504262859375 0.8230651874999999 0.4880294453125 0.6351708140625 0.3982307953125 0.6188592734375
0 0.207617278125 0.5896356125 0.212895975 0.7868620296875 0.312568084375 0.8003427203125 0.3014894171875 0.609481634375 0.207617278125 0.5896356125
0 0.5811200828125 0.64718845625 0.6064664890625 0.8432293765625 0.7023640062500001 0.8540703453124999 0.679670878125 0.6573584765625 0.5811200828125 0.64718845625
1 0.504397278125 0.8009370828125 0.5064994406250001 0.8217975921875 0.6032668328125 0.8411977640625 0.5784012203125 0.6468171203125 0.4906476140625 0.6353167875 0.504397278125 0.8009370828125
1 0.09946765156250001 0 0.1000284265625 0.071267675 0.180969603125 0.0818186171875 0.1777875125 0 0.09946765156250001 0
1 0.1781997265625 0 0.18148026718750002 0.08312728281250001 0.2624214453125 0.093678228125 0.257011534375 0 0.1781997265625 0
1 0.93464336875 1 0.9511042218749999 0.8828749406249999 0.8946163078125 0.878622575 0.9119520640625 1 0.93464336875 1
0 0.25799408125 0 0.2628778828125 0.09502048125 0.3435658546875 0.10894238437499999 0.3338067046875 0.0012805625 0.3256828703125 0 0.25799408125 0
1 0.410466184375 0.0146362984375 0.3352067859375 0.0012047140625 0.343802825 0.1089756875 0.42170646093749997 0.12207595625 0.410466184375 0.0146362984375
1 0.49214692812500005 0.031710003125000004 0.41088708125 0.014249884374999999 0.42198883593750003 0.1216853171875 0.5018477984375 0.1329087625 0.49214692812500005 0.031710003125000004
1 0.8153754531249999 1 0.7944475046874999 0.8700890671874999 0.7047045453125 0.8569381828125 0.7229401125 1 0.8153754531249999 1
1 0.7206693750000001 1 0.7013780984375 0.857009015625 0.6077664671874999 0.848946140625 0.626418125 1 0.7206693750000001 1
1 0.9105782250000001 1 0.8912106718749999 0.8774286531250001 0.8004358515625001 0.8685151031249999 0.8190994875 1 0.9105782250000001 1
1 0.6233456796875 1 0.6030500562500001 0.8471021546875 0.5125528890625 0.8311845203124999 0.5263193546875 1 0.6233456796875 1
1 0.11463568906249999 0.7740094140625 0.1163726359375 0.9509984765624999 0.21705934531249998 0.9651490703125001 0.20660835937500002 0.7874736640625 0.11463568906249999 0.7740094140625
1 0.209763321875 0.789881715625 0.2204553015625 0.965626340625 0.321063928125 0.9797659609375 0.30764874999999997 0.8032388609375 0.209763321875 0.789881715625
1 0.3093719078125 0.8038807890624999 0.322093021875 0.9799105906250001 0.42460923125 0.9943183046874999 0.40882185781249997 0.8198051609375 0.3093719078125 0.8038807890624999
1 0.5242136203125 1 0.5082576140625 0.83065015 0.41165158437500005 0.81888100625 0.42477157343750005 0.9943411203125001 0.46503659218750004 1 0.5242136203125 1
1 0.011838575 0.762690953125 0.007507093750000001 0.935698421875 0.1126508875 0.95047541875 0.112677203125 0.7742725 0.011838575 0.762690953125
1 0.7207654828125001 0.057827529687500004 0.7350148828124999 0.173329571875 0.8100672718749999 0.18257015468749999 0.7927161593750001 0.06573895937499999 0.7207654828125001 0.057827529687500004
1 0.5018496515625 0.1324786984375 0.577542809375 0.1419470609375 0.563476559375 0.0430257046875 0.49327432499999996 0.0318684484375 0.5018496515625 0.1324786984375
1 0.794785846875 0.066683509375 0.8105177859375001 0.18388025624999998 0.8867389015624999 0.1959603375 0.8577789015624999 0.07815129374999999 0.794785846875 0.066683509375
1 0.6409331296875 0.0534037 0.6564537406250001 0.15771281718750002 0.7335754234375 0.17051258125 0.71676328125 0.060293859375 0.6409331296875 0.0534037
1 0.6380628703125 0.053938450000000006 0.5645221984375 0.042036459375 0.5785686937500001 0.14369118125 0.6554651421875 0.15708022187499998 0.6380628703125 0.053938450000000006
1 1 0.10241887187500001 0.9329237046875001 0.08960455 0.9643591921875 0.20817650312499997 1 0.2131854921875 1 0.10241887187500001
1 0.88595206875 0.2004254625 0.9623546078125 0.20789477656250002 0.9364505781249999 0.11535477031250001 0.9287150921875 0.0894280703125 0.863021734375 0.081502815625 0.88595206875 0.2004254625