1 1 0.307574553125 0.9940829390625 0.276221725 0.9191678609375 0.2643758 0.9400201890625001 0.3928533609375 1 0.40280714843750004 1 0.307574553125
1 0.8350910468749999 0.25552560468749996 0.8606880671875 0.3863665703125 0.9364193609375 0.39551316718749996 0.910170471875 0.26460098125 0.8350910468749999 0.25552560468749996
1 0.642914746875 0.234787859375 0.5628142984375 0.2213382 0.5575832671875001 0.2206030265625 0.577391303125 0.351675703125 0.66298433125 0.3609183546875 0.642914746875 0.234787859375
1 0.648524596875 0.2338311640625 0.668111125 0.3594330203125 0.755398525 0.3776874359375 0.73291325 0.245807446875 0.648524596875 0.2338311640625
1 0.737474475 0.24511467968749998 0.7595114734374999 0.3814402484375 0.8490609578124999 0.39352669218749997 0.8250053890625001 0.2569357859375 0.737474475 0.24511467968749998
1 0.47377336562499994 0.21054991875 0.489825990625 0.3430825296875 0.5777116375 0.3526473875 0.55783603125 0.22236415625 0.47377336562499994 0.21054991875
1 0.3801978515625 0.2000019 0.3954557765625 0.33384083124999997 0.48668433593750005 0.3445721734375 0.47168395937499996 0.2100974484375 0.3801978515625 0.2000019
0 0.0230672796875 0.300904371875 0.023157810937500002 0.30450785625 0.11548414375 0.31686059843750003 0.1091027640625 0.1595055734375 0.0443082921875 0.149766709375 0.0230672796875 0.300904371875
1 0.109463309375 0.16043421093750002 0.1170685390625 0.3206209875 0.21149223125 0.334689325 0.20601132031249997 0.175759084375 0.109463309375 0.16043421093750002
0 0.29136531718750003 0.186876840625 0.30514809062500003 0.35022390468750003 0.39389200625 0.36199938125000003 0.3779244 0.1964080203125 0.29136531718750003 0.186876840625
0 0.20661386249999997 0.1749658 0.21248908437499997 0.3358081984375 0.304099746875 0.3465932390625 0.2887156046875 0.1882603828125 0.20661386249999997 0.1749658
1 0.94091959375 0.407418421875 0.853852571875 0.39698770781250003 0.880773765625 0.57107114375 0.9746790937500001 0.5849828109375 0.94091959375 0.407418421875
0 1 0.41693156406250004 0.9451071531249999 0.40695715000000005 0.9768138234375 0.5924241390625 0.991418975 0.59602056875 1 0.5349634062499999 1 0.41693156406250004
1 0.5761418375 0.36415655468749997 0.490951778125 0.35340976562500004 0.5075778421875 0.52234139375 0.6020736906249999 0.5320512640625 0.5761418375 0.36415655468749997
1 0.8485729953125001 0.4051519234375 0.756719159375 0.392474265625 0.7893129531249999 0.5625019546875001 0.8776423093749999 0.567774521875 0.8485729953125001 0.4051519234375
1 0.6649526046875 0.37949461875 0.57985421875 0.3664753 0.6017797390624999 0.5305816859375 0.6947992796875 0.5507960453125 0.6649526046875 0.37949461875
0 0.668676425 0.3823851109375 0.6970509515625001 0.5518266281249999 0.787236296875 0.5637872203125001 0.753374378125 0.39263561875 0.668676425 0.3823851109375
1 0.41493998281250005 0.51646330625 0.506107534375 0.52427715 0.48713154062499997 0.35236110468750004 0.399491128125 0.34218644062500003 0.4003085765625 0.3663706671875 0.41493998281250005 0.51646330625
0 0.11894950156249999 0.32531868125 0.026008454687499998 0.30856335625 0.0265279125 0.46220781093749996 0.1227607015625 0.4733534296875 0.11894950156249999 0.32531868125
0 0.3052324984375 0.352505590625 0.2134963 0.3384025828125 0.22219025937499998 0.48865996875000006 0.3183492609375 0.500745971875 0.3052324984375 0.352505590625
0 0.2124086984375 0.33726400624999997 0.12072810781250001 0.3237779015625 0.1256949 0.4761448234375 0.22061952968749998 0.491864628125 0.2124086984375 0.33726400624999997
0 0.3947309 0.3665120328125 0.306783609375 0.3543688125 0.3188393625 0.5001007203125 0.41147122031250005 0.5145475421875 0.3947309 0.3665120328125
1 0.954916303125 0.8557505750000001 0.9293946140625 0.713111684375 0.8497260843750001 0.69814298125 0.8737449312500001 0.9094055187500001 0.9461333140624999 0.9182447890625 0.954916303125 0.8557505750000001
1 0.1273805515625 0.5993698375000001 0.028122854687499997 0.5817622421875 0.028964423437499998 0.7936443125 0.1345046265625 0.809617328125 0.1273805515625 0.5993698375000001
1 0.7629883359375 0.68549681875 0.7831443124999999 0.9006635046874999 0.8714884375 0.9096585421875 0.84497449375 0.698966596875 0.7629883359375 0.68549681875
1 0.2364290203125 0.6151414703125 0.24577882187500003 0.826396203125 0.34920860625 0.8415024624999999 0.3345056046875 0.6239181421875 0.2364290203125 0.6151414703125
0 0 0.7885908796875001 0.028168873437500002 0.7910859046875001 0.02512003125 0.5828538890625 0 0.5799587578125001 0 0.7885908796875001
0 0.6429787640625 0.6718223421875 0.665855996875 0.8848640453125001 0.762014778125 0.8995185875 0.7362080343749999 0.683794653125 0.6429787640625 0.6718223421875
1 0.337081103125 0.6305517890625 0.3498356296875 0.8393099718749999 0.451156590625 0.851269090625 0.43378513906249994 0.648133728125 0.337081103125 0.6305517890625
0 0.1318064578125 0.5990698250000001 0.1373740375 0.8123012109375001 0.244713546875 0.8268166406249999 0.23289556406249998 0.62047069375 0.1318064578125 0.5990698250000001
1 0.53403723125 0.6610712828125 0.561218578125 0.8730089828125 0.6644944015625 0.8846726859375 0.6401710484375001 0.672007996875 0.53403723125 0.6610712828125
0 0.45131455625 0.8273448531250001 0.4535661609375 0.849897275 0.5577737390624999 0.87081438125 0.53110921875 0.660671428125 0.4366048390625 0.6482899875 0.45131455625 0.8273448531250001
1 0.06535663124999999 0 0.0591332859375 0.04428140625 0.10340955624999999 0.05005115 0.10149802031249999 0 0.06535663124999999 0
1 0.101963875 0 0.1039587640625 0.051465729687499996 0.1911266796875 0.0628247859375 0.1875470484375 0 0.101963875 0
1 0.93464336875 1 0.9463482578125 0.9167153890625 0.8715368109374999 0.9111030796874999 0.8841366484375 1 0.93464336875 1
0 0.18836193125 0 0.1916174625 0.0642757140625 0.2785106640625 0.0792794875 0.2713952859375 0 0.18836193125 0
1 0.27250731250000004 0 0.2787658625 0.079315353125 0.362660803125 0.093432465625 0.3529745296875 0 0.27250731250000004 0
1 0.3534417796875 0 0.36296515625 0.09300995 0.4489671140625 0.10509673593749999 0.43898878437500005 0 0.3534417796875 0
1 0.7793434125 1 0.763659409375 0.9019366734375 0.667013465625 0.8877718984375 0.6812028375 1 0.7793434125 1
1 0.67844225 1 0.6634308203125 0.8878504640625 0.5626152546875 0.879188978125 0.5774096078125 1 0.67844225 1
1 0.8820165843750001 1 0.8678696328125 0.9098142828125001 0.7701098390625 0.9002313859375001 0.7841630953125 1 0.8820165843750001 1
1 0.573708178125 1 0.5575367499999999 0.8771981375 0.4600801671875 0.8600424953125 0.471372746875 1 0.573708178125 1
1 0.0315546984375 0.7984639921875 0.0328534921875 0.9392606265625 0.1387968375 0.9541499921875 0.13060187031249998 0.8129662390625001 0.0315546984375 0.7984639921875
1 0.1339983484375 0.8155678625 0.1423508359375 0.9546494734375001 0.2499214859375 0.96976754375 0.23941366406250003 0.829950784375 0.1339983484375 0.8155678625
1 0.24126913437500003 0.8306437875 0.2512211984375 0.9699502062500001 0.3606867859375 0.9853345906250001 0.34836792031249997 0.8478013750000001 0.24126913437500003 0.8306437875
1 0.46856755312500004 1 0.45545444531249996 0.859467315625 0.3514161046875 0.8468005234374999 0.3616693296875 0.985472678125 0.4650365984375 1 0.46856755312500004 1
1 0 0.93464336875 0.029347179687500002 0.9387678453125 0.0294452390625 0.7987496015625 0 0.7953707765625 0 0.93464336875
1 0.684787740625 0.0237908984375 0.7000655671875 0.14865930624999998 0.7808919953125 0.158605153125 0.7622744 0.032301564062499996 0.684787740625 0.0237908984375
1 0.44014287812499997 0 0.4489693671875 0.10463176562500001 0.5304857734375 0.11482350156250001 0.5153953140625 0.0078814625 0.4658276984375 0 0.44014287812499997 0
1 0.764502903125 0.03332154375 0.7813764187500001 0.1600213234375 0.863459884375 0.1730364453125 0.8323400171875001 0.0456825609375 0.764502903125 0.03332154375
1 0.5988103859375 0.019055610937500002 0.6154639890625 0.131821846875 0.6985169390625 0.145614528125 0.6804758734374999 0.026459798437499998 0.5988103859375 0.019055610937500002
1 0.5957187765625 0.0196354765625 0.516522065625 0.006811301562499999 0.53158961875 0.11670857187499999 0.6143996375 0.1311384953125 0.5957187765625 0.0196354765625
1 1 0.1033531953125 0.9918107203125001 0.0730421890625 0.913264659375 0.058020623437499995 0.9470501875 0.1861978625 1 0.19363947343750001 1 0.1033531953125
0 0.8626097953125 0.17786445625 0.9448914015625001 0.185894465625 0.9170477703125 0.0858587875 0.908732059375 0.057832328125 0.8379845859374999 0.0493029859375 0.8626097953125 0.17786445625