1 0.8951839156249999 0.2019199109375 0.92312538125 0.19306859062499998 0.8840120609375001 0.0794752609375 0.8206147671874999 0.10009179531250001 0.8951839156249999 0.2019199109375
1 0.7440921312500001 0.12945292343749998 0.8238001953125 0.23123460156250003 0.8932443343750001 0.2058029890625 0.8129418218750001 0.1042467078125 0.7440921312500001 0.12945292343749998
0 0.568958675 0.1961248484375 0.49384616562500006 0.2197617046875 0.4890039 0.22142902968749997 0.5638133609375 0.325959028125 0.6418184859375 0.29626960156250004 0.568958675 0.1961248484375
1 0.5733833984375 0.192828978125 0.6455932265625 0.2927296046875 0.7290290109375 0.2700806734375 0.651551528125 0.1660315765625 0.5733833984375 0.192828978125
1 0.6551866203125 0.1634253140625 0.7342338421875 0.271512778125 0.8169084640625 0.24253892812500003 0.73600076875 0.1351107171875 0.6551866203125 0.1634253140625
1 0.4121822953125 0.24963334062500003 0.48439045312499995 0.3570777515625 0.5645178093750001 0.32665758125 0.48999750156250005 0.22283941718750003 0.4121822953125 0.24963334062500003
1 0.3267071578125 0.2817085375 0.398803890625 0.3906314328125 0.48233239687499996 0.35974768125 0.41017825781250006 0.2501620859375 0.3267071578125 0.2817085375
0 0 0.41043334375 0.06429515 0.5291605546875 0.14948567968749998 0.4991945125 0.07470470312500001 0.3660461828125 0 0.3909725828125 0 0.41043334375
0 0.0754249375 0.366689840625 0.15250965 0.50174615 0.24026712187500002 0.472339221875 0.1655705625 0.337433525 0.0754249375 0.366689840625
0 0.24419464062500001 0.309469428125 0.3280067796875 0.444537125 0.4098486515625 0.41564918124999994 0.323161271875 0.27960406875 0.24419464062500001 0.309469428125
0 0.1657418375 0.3364828953125 0.2416207546875 0.47286716406249996 0.3255029640625 0.44186161874999996 0.24251482656249998 0.311831146875 0.1657418375 0.3364828953125
1 0.95277538125 0.2791784421875 0.9023724625 0.2141084609375 0.8225710890625001 0.2434201890625 0.9224585968750001 0.3819811796875 0.9813585390625 0.3621899625 0.95277538125 0.2791784421875
1 0.5682282015625 0.3372926546875 0.4899090359375 0.3655051109375 0.5786356078125 0.5041464343750001 0.6645367875 0.4709419640625 0.5682282015625 0.3372926546875
1 0.8216044546875001 0.25279809375 0.7366790453125 0.282275425 0.839681259375 0.4148352953125 0.9183024078124999 0.3805112109375 0.8216044546875001 0.25279809375
1 0.65169609375 0.311453415625 0.572455734375 0.33766201875 0.66363595 0.46980161249999997 0.7528860140625 0.4463230046875 0.65169609375 0.311453415625
1 0.6561851937500001 0.3123117421875 0.7552847093749999 0.44622233125 0.8384531953125001 0.41685986093749994 0.7338608062499999 0.2838871 0.6561851937500001 0.3123117421875
1 0.4960261609375 0.539843803125 0.578217665625 0.5064661390625 0.486147434375 0.3662805953125 0.4059634734375 0.3960659421875 0.41731564062500004 0.41660167656249997 0.4960261609375 0.539843803125
1 0 0.5836713046875001 0.0260923875 0.6594490984375 0.043389893750000005 0.6972444656250001 0.133003221875 0.6651800671875 0.0632625875 0.5258800765625 0 0.545638903125 0 0.5836713046875001
0 0.1562024046875 0.5049770921875 0.068542834375 0.531409809375 0.13662678749999999 0.6639323734375 0.224660384375 0.6312038656250001 0.1562024046875 0.5049770921875
1 0.3290841046875 0.446471384375 0.2436328640625 0.47466541093750003 0.3172870578125 0.600663346875 0.405670878125 0.5687798265625 0.3290841046875 0.446471384375
0 0.2421921703125 0.4741603890625 0.1570605296875 0.5028629515625 0.2284237734375 0.6323241359375 0.3173409484375 0.6041236046875 0.2421921703125 0.4741603890625
1 0.412559796875 0.419178928125 0.3312441796875 0.4473984890625 0.40581019218750003 0.5680065921875 0.492186465625 0.5397153859375 0.412559796875 0.419178928125
1 1 0.49122596874999996 0.9515769828125 0.5054393968750001 1 0.5786450109375 1 0.49122596874999996
1 0.28412427500000004 0.7380505078125 0.19063311875 0.7665272296875 0.2846318734375 0.9492262203124999 0.382830396875 0.9165718437500001 0.28412427500000004 0.7380505078125
1 1 0.5850889765625 0.9478350515624999 0.5082425078125 0.8710847859375 0.532692009375 0.9832135046875001 0.7097273937499999 1 0.7032208078125 1 0.5850889765625
1 0.3852646359375 0.7036779109375 0.48633676406250004 0.882089828125 0.582330725 0.849615496875 0.4738481046875 0.6680910171875001 0.3852646359375 0.7036779109375
0 0.09545580000000001 0.803450184375 0.1856857171875 0.9864896640625 0.282818440625 0.947365890625 0.1885197875 0.7687921734375001 0.09545580000000001 0.803450184375
1 0.761399253125 0.5737012984375001 0.8749432 0.7477028578125 0.96445751875 0.718038690625 0.847202284375 0.543009115625 0.761399253125 0.5737012984375001
1 0.6634770343749999 0.790052259375 0.6753497171875 0.808546821875 0.7745735171875 0.78075079375 0.65903410625 0.6109208390624999 0.571949515625 0.6418207875 0.6634770343749999 0.790052259375
1 0.4789930296875 0.67268894375 0.581907209375 0.8474451546875 0.6746941468750001 0.8131798796874999 0.570267003125 0.645314090625 0.4789930296875 0.67268894375
0 0.28781536874999997 0.7358431546875 0.3864904953125 0.917627740625 0.48560164375000003 0.882921990625 0.3845583453125 0.709837753125 0.28781536874999997 0.7358431546875
0 0.662561353125 0.6123646796875 0.7793372656249999 0.783517834375 0.8736827953124999 0.7481368500000001 0.7590556359375 0.5750975703125001 0.662561353125 0.6123646796875
1 0 0.2343722 0.022701437499999998 0.2749622890625 0.10299862500000001 0.24640825312499998 0.048012171874999995 0.1521544984375 0 0.1686698828125 0 0.2343722
0 0.125464209375 0.12619335 0.0487159734375 0.151186803125 0.10406127968750001 0.24744585 0.18572559375 0.22216182812500002 0.125464209375 0.12619335
1 0.20311256875 0.10229213125 0.1267303203125 0.125458028125 0.185961825 0.22208048749999998 0.2646458859375 0.1973501109375 0.20311256875 0.10229213125
1 0.2871986625 0.0794820296875 0.20332032500000002 0.101731315625 0.264722796875 0.1968510828125 0.3443331671875 0.16943903437500002 0.2871986625 0.0794820296875
1 1 0.7647646531250001 0.9669426296875001 0.71940404375 0.87722309375 0.7497058078125 0.9594074031250001 0.8706236859375001 1 0.856646534375 1 0.7647646531250001
1 0.7832642062499999 0.7882426765625 0.8615056171875001 0.9043339734375 0.9570644343750001 0.8714304343749999 0.8741629390625001 0.751350653125 0.7832642062499999 0.7882426765625
1 0.6862645656249999 0.816832375 0.7613438109375 0.93882245 0.8582104296875 0.9054685984375 0.7780009406249999 0.7887579484375 0.6862645656249999 0.816832375
1 0.42702643125 1 0.3809333515625 0.9211832187500001 0.28899104375 0.9522503453125 0.3138762671875 1 0.42702643125 1
1 0.5505106234375 1 0.4824032015625 0.8879627734375 0.3850125265625 0.9219360453125001 0.430875378125 1 0.5505106234375 1
1 0.583671303125 1 0.6588698296875 0.974107071875 0.5843773484375 0.8554278984374999 0.4843110453125 0.8877448234375 0.5519843859375 1 0.583671303125 1
1 0.5865698328125 0.8532214359375001 0.6596858906249999 0.9738260796875 0.7587988515624999 0.93969875 0.682015603125 0.8183714999999999 0.5865698328125 0.8532214359375001
1 0.3109826421875 1 0.2872945890625 0.95342563125 0.1880013875 0.9904595578125001 0.192559796875 1 0.3109826421875 1
1 0.5153538828124999 0 0.5804120312500001 0.0965525296875 0.65460925 0.069568771875 0.6052023078125 0 0.5153538828124999 0
1 0.34413042968749996 0.1690363 0.41903190468749996 0.14196129062500001 0.358920009375 0.0562040171875 0.28832255 0.07909504375000001 0.34413042968749996 0.1690363
1 0.606993253125 0 0.6556511109375001 0.0705791375 0.7322852906249999 0.0456939765625 0.6929442531250001 0 0.606993253125 0
1 0.508680609375 0 0.43589404375 0.029142096875000002 0.499920053125 0.11924352187500001 0.5777339734375 0.0946034484375 0.5099886671875 0 0.508680609375 0
1 0.433478728125 0.031003934374999997 0.359422221875 0.0547834234375 0.4208152421875 0.14310414375 0.4986998359375 0.11912158749999999 0.433478728125 0.031003934374999997
1 0.694650753125 0 0.7336762921875 0.050239632812500004 0.808287153125 0.0209600421875 0.7890475375 0 0.694650753125 0