1 0.9697892031249999 0.186359584375 0.9428527453125 0.127854796875 0.86808175625 0.134418075 0.9188380031250001 0.25255000625 0.9762625734375 0.2479495765625 0.9697892031249999 0.186359584375
1 0.7852297953125 0.1460430484375 0.8411074859375001 0.26530516249999997 0.916016546875 0.2559599640625 0.8594958609375001 0.1367854859375 0.7852297953125 0.1460430484375
1 0.5957314921875 0.17212708593749998 0.5155976203125 0.1783935453125 0.510398653125 0.178939978125 0.5607728859375001 0.2998085109375 0.6451746734375 0.2881970359375 0.5957314921875 0.17212708593749998
1 0.6008895140625 0.1698687640625 0.649742384375 0.28554764375 0.737926878125 0.282166846875 0.6847887046875 0.161164909375 0.6008895140625 0.1698687640625
1 0.6890029140625 0.1594102734375 0.7427740421875 0.2847795578125 0.83165528125 0.27494711562499996 0.775882346875 0.149806278125 0.6890029140625 0.1594102734375
1 0.427515246875 0.1893483875 0.47463256718749997 0.3125140203125 0.5613129203125 0.30066305937500004 0.5110626421875 0.18056720312500002 0.427515246875 0.1893483875
1 0.33513600781249997 0.2016178640625 0.3818026953125 0.326225371875 0.4719721203125 0.3146928203125 0.42540065625 0.1894144484375 0.33513600781249997 0.2016178640625
0 0 0.3246352 0.0172861546875 0.387146746875 0.1088975703125 0.37690544375 0.065129384375 0.22764001718750002 0 0.23385768125 0 0.3246352
1 0.0656977359375 0.2284436984375 0.1113185015625 0.3801300890625 0.20535429062500002 0.3710312609375 0.16207397968749998 0.22004098593750002 0.0656977359375 0.2284436984375
0 0.246694775 0.210283565625 0.29900350468750003 0.3635211328125 0.38703680937499996 0.3535833359375 0.3320932390625 0.19871756406250002 0.246694775 0.210283565625
0 0.1624628125 0.2191367015625 0.206579165625 0.371865078125 0.29712834843749997 0.36029260625 0.24448133749999998 0.212243046875 0.1624628125 0.2191367015625
1 0.994386571875 0.4203879046875 0.9231857265625001 0.2662924484375 0.8370843390625 0.27711790468749997 0.9045774812499999 0.43750210625 0.995255225 0.42865259062499994 0.994386571875 0.4203879046875
1 0.9270965 0.2648490109375 0.994041725 0.4171069171875 0.9776943234375001 0.261571778125 0.9270965 0.2648490109375
1 0.5625585921875 0.3120675578125 0.47818395625 0.32214126875 0.534558828125 0.48005051875 0.6276213312500001 0.46675776718749995 0.5625585921875 0.3120675578125
1 0.8339675546875001 0.2862041265625 0.742732134375 0.2960210765625 0.8147022375 0.4511621671875 0.9007819171874999 0.4350918453125 0.8339675546875001 0.2862041265625
1 0.6515082875 0.3055277609375 0.566678075 0.31340181093749997 0.6269875296875 0.46541978281249996 0.7211451515625 0.4625464 0.6515082875 0.3055277609375
1 0.6557755203125 0.307407175 0.723553846875 0.4629955328125 0.81301556875 0.4528904296875 0.7395588984375 0.296975565625 0.6557755203125 0.307407175
1 0.4441970515625 0.49657090468750004 0.53361000625 0.4822571375 0.4742647171875 0.3220499171875 0.38767398124999997 0.3332578640625 0.3942439765625 0.35623783750000004 0.4441970515625 0.49657090468750004
1 0 0.52620389375 0.0018729734375000002 0.544024046875 0.054354773437500004 0.5378717375 0.017013240625000002 0.3836545578125 0 0.3849483640625 0 0.52620389375
0 0.11424842187499999 0.384182021875 0.0209935984375 0.39035138593749996 0.058245265625 0.5374628296874999 0.1533191109375 0.5251305687500001 0.11424842187499999 0.384182021875
0 0.299630353125 0.3656874609375 0.20816694062500002 0.3741103828125 0.2524579796875 0.5160211968749999 0.3476859140625 0.504607740625 0.299630353125 0.3656874609375
0 0.20685021250000002 0.373279384375 0.1155877671875 0.3822801796875 0.1568044015625 0.527103846875 0.2517162609375 0.5194678046875 0.20685021250000002 0.373279384375
1 0.3889218171875 0.3577071453125 0.3015655078125 0.3671020328125 0.34800218906249997 0.5038722015625 0.440407903125 0.49556456562499995 0.3889218171875 0.3577071453125
1 1 0.59486055 0.9852428671875 0.5619907546875 0.9051603781249999 0.5666982468749999 0.9787600421875 0.76340480625 1 0.7607832906249999 1 0.59486055
1 0.18789936093749998 0.6447858171874999 0.0883750921875 0.651649015625 0.139866925 0.854491846875 0.24503298125 0.8445598609375 0.18789936093749998 0.6447858171874999
1 0.8188452265624999 0.5753219234375 0.8896694640625 0.7766935421875 0.9766537671875 0.7641868890625 0.9007946671875 0.5686237953125 0.8188452265624999 0.5753219234375
1 0.2963860640625 0.6338218875 0.35589788125 0.834028903125 0.45883006875000004 0.8237709984375 0.392663746875 0.61877856875 0.2963860640625 0.6338218875
0 0.0857527546875 0.65341321875 0.0143479890625 0.6627158859375 0.0359605625 0.8683457890625 0.1384910078125 0.8522304015625 0.0857527546875 0.65341321875
1 0.7003347578125 0.5909167562500001 0.7732637734375001 0.789601271875 0.8691059125 0.78064926875 0.792722215625 0.5800949625 0.7003347578125 0.5909167562500001
1 0.39672369218750003 0.6245196156249999 0.45890770937500003 0.8215200140625001 0.559062075 0.8087505421875001 0.49378966562500004 0.618242509375 0.39672369218750003 0.6245196156249999
0 0.19207758125000002 0.6434399140625 0.24843034375 0.8464456078125 0.3549755203125 0.8346865515624999 0.2942678453125 0.6397738046875 0.19207758125000002 0.6434399140625
1 0.5931516968749999 0.60666626875 0.6699496625 0.803263553125 0.7719105234375 0.7897435046875 0.697683053125 0.5917661 0.5931516968749999 0.60666626875
0 0.5534909125 0.7857864515624999 0.5610477234375 0.806859725 0.6661167828125001 0.8019842859375 0.59024441875 0.60698329375 0.49653466562500004 0.6177179515625 0.5534909125 0.7857864515624999
1 0 0.12797120312500002 0.033480184375 0.12411260312500001 0.011527775 0.048586359375 0 0.049797978124999996 0 0.12797120312500002
1 0.12076627656250001 0.1153768765625 0.09718407968750001 0.039583518750000005 0.0119764984375 0.048539196875 0.034345940625 0.12533684218750002 0.12076627656250001 0.1153768765625
0 0.208613009375 0.1102483375 0.181008671875 0.0307732 0.0981100546875 0.0394861953125 0.121584625 0.1166499171875 0.208613009375 0.1102483375
1 0.29280384531250003 0.1036874203125 0.2632086734375 0.02213363125 0.18218681406249998 0.030649371874999998 0.20886664375000003 0.1102216796875 0.29280384531250003 0.1036874203125
1 0.3784698359375 0.0942259828125 0.349798471875 0.013032676562500001 0.263672003125 0.022084934375 0.2929950328125 0.103209746875 0.3784698359375 0.0942259828125
1 0.775070815625 0.7921110390625 0.842915871875 0.9667122296875 0.9452835625 0.9559529515625 0.8712635953125 0.7825731984375001 0.775070815625 0.7921110390625
1 0.6727691234375001 0.8088517703125 0.73764726875 0.9777764046874999 0.8406900203125 0.966946175 0.771649365625 0.793043075 0.6727691234375001 0.8088517703125
1 1 0.8284639203124999 0.9732160546875 0.7652015296875 0.8770497171875 0.77939649375 0.9484219546875 0.9556230937500001 1 0.9502020218749999 1 0.8284639203124999
1 0.5697296203125 0.8150240203125 0.6284890640625 0.9892493953124999 0.7344694171875 0.9781104109375001 0.6674162546875 0.8081584375 0.5697296203125 0.8150240203125
1 0.2893376859375 1 0.242086434375 0.8487023828125 0.1435071453125 0.8584910546875 0.1802230625 1 0.2893376859375 1
1 0.4039633203125 1 0.35063600781250004 0.8389573703125001 0.2459702375 0.8503832578124999 0.2930262453125 1 0.4039633203125 1
1 0.518539140625 1 0.45952954375 0.8300082109375 0.3525834953125 0.839177753125 0.405178171875 1 0.518539140625 1
1 0.5262038828125 1 0.6262436 0.989485403125 0.5651501734375 0.8155790203125 0.4622171578125 0.8283201671875 0.518836221875 1 0.5262038828125 1
1 0.1765740875 1 0.1415498515625 0.859269203125 0.03645125625 0.8730144281250001 0.0384412515625 0.8919479656249999 0.062500046875 1 0.1765740875 1
1 0.6008574828125 0 0.630008115625 0.0759241421875 0.7100009765624999 0.0661264125 0.6827239421875 0 0.6008574828125 0
1 0.45907500468749995 0.08405276874999999 0.4270026484375 0.004918190625 0.35076425625 0.01293116875 0.37836077343749996 0.09377986875 0.45907500468749995 0.08405276874999999
1 0.6841112781249999 0 0.7108049046875 0.06736766718750001 0.792739028125 0.060210578125000004 0.7610328484375 0 0.6841112781249999 0
1 0.5117076984375 0 0.5447416375 0.080020509375 0.627792709375 0.07337670625 0.5971874484375 0 0.5117076984375 0
1 0.4737961171875 0 0.42820658125 0.004791653125 0.46058589687499996 0.0855952359375 0.5435561296875 0.079620190625 0.5088643359375 0 0.4737961171875 0
1 0.847101215625 0 0.8761550953125001 0.052833340625 0.9539808093750001 0.044653528125 0.9290656109375 0 0.847101215625 0
1 0.7629169390625 0 0.793077625 0.06504049218749999 0.8740095406249999 0.053058846874999996 0.8438733109375001 0 0.7629169390625 0
1 0.9312907078125001 0 0.9542215734375 0.0432380796875 0.9547440109374999 0.043214134375000005 0.9502020218749999 0 0.9312907078125001 0