1 0.841020628125 0.18517416250000002 0.8936555281249999 0.296637834375 0.9687972859375 0.2879667265625 0.9125467781250001 0.1763689625 0.841020628125 0.18517416250000002
1 0.7619090984375 0.1991006390625 0.8194957796875 0.31147461249999997 0.891061796875 0.29999963125 0.832861059375 0.1877312625 0.7619090984375 0.1991006390625
1 0.58094908125 0.2304698296875 0.504267225 0.2391712359375 0.4992968765625 0.23986977187499997 0.551656334375 0.35396801875 0.6322554109375 0.34000229531250004 0.58094908125 0.2304698296875
1 0.58582315 0.22813265 0.6365500374999999 0.33731033906249996 0.72105274375 0.331102396875 0.6660367734375 0.21696940156250002 0.58582315 0.22813265
1 0.6700219984375 0.21514654218749998 0.72579070625 0.33344222343749996 0.8107471609375001 0.321030028125 0.7530652734375 0.20302060000000002 0.6700219984375 0.21514654218749998
1 0.42011467187499996 0.2526318140625 0.4694255171875 0.369040384375 0.5522029609375 0.3547685109375 0.49998816875 0.2414063265625 0.42011467187499996 0.2526318140625
1 0.331882934375 0.267496509375 0.3808093921875 0.38530159375 0.4669452890625 0.3712172875 0.41808786875 0.2527662984375 0.331882934375 0.267496509375
0 0 0.3508634609375 0.033074776562500005 0.45593827343750004 0.12063729062499999 0.443042459375 0.07367108125 0.301517040625 0 0.3111560875 0 0.3508634609375
1 0.0742431828125 0.302267846875 0.12306759375000001 0.44605021875000006 0.21299439531250003 0.43416729062500004 0.1664388875 0.2909730109375 0.0742431828125 0.302267846875
0 0.24730983593750003 0.27877612812499997 0.3026031578125 0.42381938124999996 0.386742490625 0.41133480312500004 0.3288667609375 0.2648204125 0.24730983593750003 0.27877612812499997
0 0.166781875 0.2900935953125 0.214197453125 0.43492486250000006 0.3006964109375 0.4207895296875 0.24525122187499998 0.28072787187500003 0.166781875 0.2900935953125
1 0.8982848078125001 0.309656965625 0.8160287515625001 0.32292689375 0.886129840625 0.47430551249999997 0.975542196875 0.46241552812500003 0.8982848078125001 0.309656965625
1 1 0.465036596875 0.9768973875 0.3006529671875 0.9019892374999999 0.308142453125 0.979437496875 0.46862908281250004 1 0.4678437 1 0.465036596875
1 0.5537779078125 0.36565229062500004 0.4731536875 0.3781438953125 0.5325041125000001 0.527525803125 0.621357390625 0.5116577859375 0.5537779078125 0.36565229062500004
1 0.8133406265625001 0.3317366015625 0.7261247609375 0.3442132171875 0.800347046875 0.490418103125 0.8824076562500001 0.4721242296875 0.8133406265625001 0.3317366015625
1 0.6389096703125 0.3563922046875 0.5577750781249999 0.36679183125 0.6207046953125 0.5103973125000001 0.7109556640625 0.5044743734375 0.6389096703125 0.3563922046875
0 0.6430667609375 0.3580490453125 0.713281821875 0.5048235546875001 0.7987861859375001 0.49213059843750007 0.7231117375 0.345234475 0.6430667609375 0.3580490453125
1 0.4463497109375 0.546395021875 0.5316671609375 0.5296717296875 0.4693900359375 0.3781883328125 0.386677171875 0.3918411703125 0.39374632656249997 0.41363520625000005 0.4463497109375 0.546395021875
1 0 0.5349634062499999 0.0103707875 0.608755396875 0.0736611734375 0.599087546875 0.032696640625 0.45260187968750004 0 0.45624135624999995 0 0.5349634062499999
0 0.1260138296875 0.4498333984375 0.036738853125 0.458883553125 0.0773805875 0.5985648171875 0.168195775 0.58354925 0.1260138296875 0.4498333984375
0 0.303276759375 0.42587365781250003 0.21579571875 0.437022446875 0.2630187609375 0.57148440625 0.35401239375000004 0.5573438828125 0.303276759375 0.42587365781250003
0 0.21450461718749997 0.43627066875000003 0.1272356453125 0.447966303125 0.171605696875 0.5853223421875 0.26242180937500004 0.5748112937500001 0.21450461718749997 0.43627066875000003
0 0.388688496875 0.41522202343750003 0.305180684375 0.42716369062500004 0.354291378125 0.556628575 0.442680421875 0.54555850625 0.388688496875 0.41522202343750003
1 1 0.656529134375 0.9676749546875 0.590852028125 0.890990496875 0.59805818125 0.9681602359375001 0.784028690625 1 0.7789661703124999 1 0.656529134375
1 0.20536011250000002 0.6970169171875 0.11009254375 0.7069428609374999 0.1662535546875 0.8995363812500001 0.2668323890625 0.8864805265625 0.20536011250000002 0.6970169171875
1 0.8084560265625 0.6092259624999999 0.8831179875 0.7997591296875 0.9661652500000001 0.78484885625 0.8868655953125 0.60004988125 0.8084560265625 0.6092259624999999
1 0.30909083437499996 0.682860640625 0.37285946718749996 0.8726589734375001 0.4712839984375 0.8593660953125 0.400970878125 0.6652072984374999 0.30909083437499996 0.682860640625
0 0.042618596875 0.838210484375 0.0640913890625 0.9168714 0.164858034375 0.8974161984375 0.1076350796875 0.708721290625 0.026316260937500002 0.7222133281249999 0.042618596875 0.838210484375
0 0.695261421875 0.6281562187499999 0.771853509375 0.8160442265625001 0.8635184359375 0.8042411406250001 0.7835492453125 0.6146781546875 0.695261421875 0.6281562187499999
1 0.40505763593750005 0.6705706328125001 0.47128355624999996 0.857206996875 0.566959078125 0.8416015203124999 0.49798591875 0.6612889453124999 0.40505763593750005 0.6705706328125001
0 0.2093244109375 0.6955868421875 0.2701550265625 0.888172721875 0.3719963359375 0.8733200671875 0.30725650781249997 0.68863400625 0.2093244109375 0.6955868421875
1 0.5929409031249999 0.6468532796875001 0.67317585625 0.83261141875 0.7705597671875 0.81622605 0.692745321875 0.629059184375 0.5929409031249999 0.6468532796875001
0 0.5608488578124999 0.8197890703124999 0.56880140625 0.839723228125 0.6694555203125 0.8315149046875 0.59016185 0.6472548812500001 0.5006023515625 0.6606939875 0.5608488578124999 0.8197890703124999
1 0 0.2094102109375 0.039856109375 0.203401453125 0.00678653125 0.10295679218750001 0 0.10393724374999999 0 0.2094102109375
1 0.08809983437499999 0.091528953125 0.007190109375000001 0.1028747703125 0.0407275828125 0.204545146875 0.123318490625 0.19209363906250002 0.08809983437499999 0.091528953125
0 0.1674678578125 0.08103425625 0.088958253125 0.0907321265625 0.12414610156250001 0.19328568125 0.20743891875 0.1842226984375 0.1674678578125 0.08103425625
1 0.24663849531249998 0.07255060937499999 0.16882359062500002 0.08056465 0.20768140000000002 0.1841886203125 0.28800373125 0.17510260625000001 0.24663849531249998 0.07255060937499999
1 0.331796946875 0.066309003125 0.24694348437500002 0.07205163125 0.288171278125 0.17463854843749999 0.3698874234375 0.16315409218750002 0.331796946875 0.066309003125
1 0.7736709703125 0.8183877875000001 0.8336844265625001 0.9580174984375001 0.9306089453125 0.9443956453125001 0.865652840625 0.8060116546874999 0.7736709703125 0.8183877875000001
1 0.67606725 0.8378701046874999 0.7331559999999999 0.972145846875 0.831348725 0.958345759375 0.7704190328125 0.8193958921875 0.67606725 0.8378701046874999
1 1 0.8655961578125 0.9629004578125 0.7859366453125001 0.8710990109375001 0.8027735 0.934146675 0.94389845 1 0.93464336875 1 0.8655961578125
1 0.577403721875 0.8472524625 0.629958084375 0.98664936875 0.7298597109375 0.9726091109375 0.6709079515624999 0.8373861046875 0.577403721875 0.8472524625
1 0.3026050984375 1 0.264143021875 0.8905483468750001 0.16987958281249999 0.9032451328125 0.19864785625 1 0.3026050984375 1
1 0.41336709843749997 1 0.36797465156250003 0.8775576984375 0.26792558906249997 0.8920278921874999 0.3061116875 1 0.41336709843749997 1
1 0.5243054421875 1 0.47216281875000005 0.8653179124999999 0.3698506546875 0.877703259375 0.4146742609375 1 0.5243054421875 1
1 0.534963409375 1 0.627462196875 0.9870001421874999 0.5730281046875 0.8479383484374999 0.4746854546875 0.863610246875 0.5250604984375 1 0.534963409375 1
1 0.1955175 1 0.1680274171875 0.9040565140625001 0.0655744671875 0.9211070453125 0.0860704359375 1 0.1955175 1
1 0.5640359984375001 0.0275149015625 0.6106354703125 0.137151571875 0.687064453125 0.12507189218749998 0.6370391546875 0.015002315625000002 0.5640359984375001 0.0275149015625
1 0.3697679234375 0.162730378125 0.4468914328125 0.150694075 0.40514959531250005 0.057321490625000006 0.3329505640625 0.0661468734375 0.3697679234375 0.162730378125
1 0.6393413765625 0.0153479046875 0.6878771687499999 0.1262339671875 0.766256759375 0.11661871406249999 0.704537003125 0.00886183125 0.6393413765625 0.0153479046875
1 0.4842642265625 0.0456828203125 0.5289564953125 0.143946796875 0.60842491875 0.13478566875 0.5607951609375 0.0310708625 0.4842642265625 0.0456828203125
1 0.48159186875 0.047018739062499995 0.4058990265625 0.0560530734375 0.448392528125 0.15212091875 0.5278056453125 0.143603196875 0.48159186875 0.047018739062499995
1 0.7823179312499999 0 0.8460509828125 0.106742653125 0.920454403125 0.096285934375 0.8621561796874999 0 0.7823179312499999 0
0 0.777161634375 0 0.7106393765625 0.0106807734375 0.76674245625 0.12123446093750001 0.8439997765625 0.10703093125 0.7924144078124999 0.023277221875 0.7775255765625 0 0.777161634375 0
1 0.865899340625 0 0.9206382968750001 0.09492180312500001 0.9476760484375 0.09273233125 0.93464336875 0 0.865899340625 0