1 1 0.4036798703125 0.9847180328125 0.3049038546875 0.9177531859375 0.29191214374999996 0.93258223125 0.40736986249999996 1 0.42098053281250003 1 0.4036798703125
1 0.8424635984375 0.28130245625 0.8614847093750001 0.39902425468749997 0.92926524375 0.4096305046875 0.9096604703125 0.2918241203125 0.8424635984375 0.28130245625
1 0.6703879374999999 0.2565972015625 0.59881186875 0.2420059703125 0.5941331734374999 0.24118099062499998 0.60794473125 0.35892372968749997 0.68458498125 0.369932790625 0.6703879374999999 0.2565972015625
1 0.6754585750000001 0.2559227703125 0.689237590625 0.36877052187500003 0.7671262484375 0.3878855484375 0.75093325625 0.2693354640625 0.6754585750000001 0.2559227703125
1 0.7550534703125 0.268863128125 0.770708278125 0.3913706796875 0.8508175953125001 0.40504768281250003 0.8333567937499999 0.28223818437500003 0.7550534703125 0.268863128125
1 0.51912006875 0.2295051484375 0.5295122375 0.3484315453125 0.60820303125 0.359802171875 0.5943067203125 0.242762584375 0.51912006875 0.2295051484375
1 0.43534577187499995 0.21707322968749998 0.44498398906250003 0.33714120625 0.5266435203125 0.3496614734375 0.5172561124999999 0.22903372968750002 0.43534577187499995 0.21707322968749998
0 0.1929480296875 0.17217806093750002 0.11254259375 0.157211284375 0.11129644062499999 0.29896682812500003 0.1938931765625 0.3129710125 0.1929480296875 0.17217806093750002
1 0.193243778125 0.173019334375 0.19520259375 0.31638163750000003 0.27963198437500003 0.331986025 0.2795440265625 0.18981465 0.193243778125 0.173019334375
0 0.355912384375 0.20249132812499998 0.3633266984375 0.3488757359375 0.44272152499999995 0.3622490140625 0.43341203906250003 0.21378922500000003 0.355912384375 0.20249132812499998
0 0.280109671875 0.18912526406250002 0.2804937890625 0.33301771874999997 0.362495078125 0.34559824375 0.35348900156249996 0.203642271875 0.280109671875 0.18912526406250002
1 0.9329471734375 0.42041183125000003 0.8550184203125 0.4082939234375 0.8739132968750001 0.56469299375 0.9578816078125 0.58014074375 0.9329471734375 0.42041183125000003
1 1 0.43391277656250005 0.93672453125 0.4201343140625 0.9595735609375 0.5868577687500001 0.990838184375 0.595703571875 1 0.54374433125 1 0.43391277656250005
1 0.6064419421875 0.37003450312499997 0.5302096203125 0.357694534375 0.5400091812500001 0.5091598312500001 0.6246360859375 0.52087249375 0.6064419421875 0.37003450312499997
1 0.8500252078124999 0.4154184859375 0.7678629906250001 0.4011391953125 0.791979228125 0.554097021875 0.871199434375 0.561646990625 0.8500252078124999 0.4154184859375
1 0.6857884046875 0.3865929015625 0.6097076421875001 0.3722255015625 0.624416646875 0.519550059375 0.7073970625 0.5406004375 0.6857884046875 0.3865929015625
0 0.68904698125 0.389295090625 0.709389246875 0.54159358125 0.790073834375 0.5551785828125 0.7648521578125 0.4011758421875 0.68904698125 0.389295090625
1 0.4569353984375 0.500930371875 0.5386289078125001 0.5108420578125 0.52680833125 0.3566348171875 0.4483564875 0.3447272484375 0.44835497343749997 0.3663607640625 0.4569353984375 0.500930371875
1 0.0291523015625 0.29092475156250003 0.018895328125 0.425059875 0.1060237203125 0.439353815625 0.11193052031249999 0.2958607140625 0.031214917187500003 0.279227075 0.0291523015625 0.29092475156250003
0 0.196750003125 0.320639221875 0.11373484062500001 0.302681821875 0.109524884375 0.43997116406250003 0.19566905625 0.45302241875 0.196750003125 0.320639221875
0 0.3633331046875 0.350917009375 0.2813199921875 0.33536803125 0.284559478125 0.4698939765625 0.3706087140625 0.4837830421875 0.3633331046875 0.350917009375
0 0.2803772328125 0.3343158171875 0.1983953171875 0.31931979374999997 0.198221021875 0.4556106875 0.28305033125 0.47270667031249997 0.2803772328125 0.3343158171875
0 0.44333807031249994 0.3663077796875 0.3646703578125 0.35263155 0.37106880468750003 0.4832223 0.45387637031250005 0.49910724531249995 0.44333807031249994 0.3663077796875
1 0.8421431171875 0.6772265203125001 0.8572979859375 0.8667497265625 0.9403506796875 0.879856775 0.9132847875 0.6931610484374999 0.8421431171875 0.6772265203125001
1 0.195985053125 0.5657594640625 0.10731912343750001 0.5468375671875 0.10162594843749999 0.7361692875 0.1959876609375 0.7538327234375 0.195985053125 0.5657594640625
1 0.764577715625 0.6631398203125001 0.776142228125 0.8560269953124999 0.8552623968749999 0.86690325625 0.8378478390625 0.677809640625 0.764577715625 0.6631398203125001
1 0.293505734375 0.5833557453125 0.29547792031250003 0.7724004609375 0.38796940156250004 0.7892216624999999 0.381379015625 0.5943497453125001 0.293505734375 0.5833557453125
0 0.013494059375 0.5339671671875 0.0045889375 0.7218853765625 0.10098887187500001 0.7338579234375 0.1045872859375 0.5477163703125 0.013494059375 0.5339671671875
1 0.6571425671875 0.6470649015625 0.671217325 0.8381409937500001 0.757188178125 0.8543248953125 0.7405623421875001 0.6607582140625 0.6571425671875 0.6470649015625
1 0.38349166874999996 0.6003593234375 0.3885996390625 0.78728295 0.4792917375 0.801224575 0.46986342968750006 0.6191762125 0.38349166874999996 0.6003593234375
0 0.199971703125 0.5656336859375 0.198484675 0.7563228546875 0.2945077703125 0.7727418562499999 0.29016803750000003 0.5880035265625 0.199971703125 0.5656336859375
1 0.559565165625 0.63395765625 0.577541590625 0.8241857359375 0.6699994953124999 0.8379262578125 0.6546136515625001 0.647140521875 0.559565165625 0.63395765625
0 0.4801619296875 0.7798546953125001 0.48149895000000004 0.8000763875000001 0.5745125484375 0.8221142531250001 0.5569459609375 0.6335062921875 0.4723927078125 0.6194064578125 0.4801619296875 0.7798546953125001
1 0.1148095875 0 0.113172121875 0.0612531421875 0.1911632859375 0.07420371249999999 0.19084119375 0 0.1148095875 0
1 0.1912429390625 0 0.1916137953125 0.0754852125 0.2696049578125 0.0884357828125 0.267553628125 0 0.1912429390625 0
1 0.919549815625 1 0.941115765625 0.8776934187500001 0.8552619015625 0.8681954218750001 0.8694899218750001 1 0.919549815625 1
0 0.268489884375 0 0.27000185625 0.08974788125 0.347635196875 0.10594597187499999 0.3417899953125 0.0016182671875 0.333430303125 0 0.268489884375 0
1 0.4155430375 0.01713215625 0.3431476875 0.0015927234375 0.34786345 0.10598621875 0.42282927187499997 0.12129575156250001 0.4155430375 0.01713215625
1 0.4940318796875 0.0364085453125 0.415963353125 0.01677325 0.423115653125 0.120928040625 0.5000368328125 0.1344913203125 0.4940318796875 0.0364085453125
1 0.7766805171875 1 0.7585925875 0.856538184375 0.6721690171875 0.8407762015625 0.6869266453125 1 0.7766805171875 1
1 0.6848876046875 1 0.6689469375 0.8407312375 0.57860865625 0.82975210625 0.593712628125 1 0.6848876046875 1
1 0.8683765156250001 1 0.8520054734375 0.8669260796874999 0.7644414296875001 0.8552219453125 0.7799433484375 1 0.8683765156250001 1
1 0.5909673171875001 1 0.5741052546875001 0.8278101609374999 0.48704421093750006 0.8093499515625 0.495868015625 0.9972747015625 0.5095005359375 1 0.5909673171875001 1
1 0.110258478125 0.938991359375 0.197140859375 0.9529655984375 0.1923783546875 0.7566993375 0.1038070984375 0.7405586609375 0.0989389375 0.9369954203124999 0.110258478125 0.938991359375
1 0.289649421875 0.7753716796875 0.19535154375 0.7591329171875 0.2004610671875 0.9535510421875 0.297707225 0.9699377515625001 0.289649421875 0.7753716796875
1 0.29863894062499996 0.97086245 0.397830190625 0.9883525437499999 0.387022153125 0.7948223624999999 0.29129581718750003 0.77605048125 0.29863894062499996 0.97086245
1 0.49430467499999997 1 0.482904628125 0.8086873734375001 0.3897919921875 0.7940261375000001 0.3976560828125 0.9896673125 0.4562556671875 1 0.49430467499999997 1
1 0 0.919268253125 0.00627809375 0.9206568125000001 0.0951016796875 0.9363188078125001 0.10190265312499999 0.7407460296874999 0.0046869515625 0.7261217281250001 0 0.8045446187499999 0 0.919268253125
1 0.7144413140625 0.0694292796875 0.7243704703125 0.1814832390625 0.7967056203125 0.19296735 0.7838187343749999 0.07952378437499999 0.7144413140625 0.0694292796875
1 0.5000530109375 0.134075965625 0.5730007515625 0.1458019421875 0.562694321875 0.04977020625 0.49511780468750005 0.036600021875 0.5000530109375 0.134075965625
1 0.7857904203125 0.0805067109375 0.7970978609375 0.19424818906250002 0.8704692734374999 0.20851492968750002 0.846378690625 0.0937311140625 0.7857904203125 0.0805067109375
1 0.6373184734375 0.062434942187499995 0.648852403125 0.163720515625 0.7230714125000001 0.1787131234375 0.7104850421875 0.0716751921875 0.6373184734375 0.062434942187499995
1 0.6345224234375 0.06285364375 0.5637394953125 0.04885029375 0.5739353890625 0.1475216296875 0.6479166828125 0.1630757671875 0.6345224234375 0.06285364375
1 1 0.1706217078125 0.9888605984375 0.12330137031249999 0.9187292906250001 0.10735569062500001 0.9451904125 0.222960809375 1 0.2326252171875 1 0.1706217078125
1 0.869558346875 0.21280115781250003 0.9432595687499999 0.22262035 0.9212817671875 0.1323491234375 0.9146616203125 0.10704176562500001 0.8513412062500001 0.097147196875 0.869558346875 0.21280115781250003