1 1 0.3810194984375 0.9484968609375001 0.362295521875 0.945085884375 0.479313246875 1 0.4997495609375 1 0.3810194984375
1 0.8753343953125 0.339895940625 0.8757340046875 0.45982294687499997 0.9414337671874999 0.4810361296875 0.940467353125 0.360933153125 0.8753343953125 0.339895940625
1 0.7081920937499999 0.28824774375 0.6393463781250001 0.262478415625 0.634825909375 0.2609218921875 0.6300444546875 0.38004898125 0.7044865609375 0.4030580375 0.7081920937499999 0.28824774375
1 0.7133378125000001 0.28837667968749997 0.709293490625 0.40263656093750005 0.7837021609375 0.43389376406249996 0.7862436203125001 0.313589584375 0.7133378125000001 0.28837667968749997
1 0.7904129484375 0.3137695296875 0.7867144875000001 0.4379197828125 0.8641851062500001 0.4641253703125 0.8661360546875001 0.339390678125 0.7904129484375 0.3137695296875
1 0.5621058375 0.23750688125 0.5537397875 0.35727097343750003 0.63016309375 0.3809622109375 0.6347497765625 0.2625201953125 0.5621058375 0.23750688125
1 0.48079687499999996 0.2119606234375 0.47150202031250005 0.33273984375 0.55069523125 0.3580406921875 0.56032735625 0.23674498125 0.48079687499999996 0.2119606234375
0 0.24693528593749997 0.129179609375 0.1693731046875 0.101646271875 0.14585106875 0.2422525234375 0.2257425 0.2691749609375 0.24693528593749997 0.129179609375
1 0.24709698593749999 0.1300618203125 0.2265077921875 0.27276894375 0.30796915 0.30156954687500004 0.330230578125 0.1603400828125 0.24709698593749999 0.1300618203125
0 0.40414030937499995 0.1849627109375 0.3884982671875 0.331531090625 0.4653064984375 0.3573224296875 0.479391171875 0.208394053125 0.40414030937499995 0.1849627109375
0 0.3309011421875 0.1597444421875 0.30866351875000003 0.30273007500000004 0.3881869296875 0.32814461562499997 0.4015507859375 0.18572413593749998 0.3309011421875 0.1597444421875
1 0.943398446875 0.49232503124999993 0.8678500046875 0.4680115921875 0.8620442171875 0.6263359687500001 0.9430719312500001 0.654908346875 0.943398446875 0.49232503124999993
0 1 0.5132136734375 0.947196384375 0.492644471875 0.9436976671874999 0.66184676875 0.9690496171874999 0.6735577421875 1 0.5836713046875001 1 0.5132136734375
1 0.626804259375 0.39084830937500004 0.55297680625 0.3665815578125 0.5389067609375 0.5185724421875 0.6211761953125 0.5435385984375001 0.626804259375 0.39084830937500004
1 0.8617672984375 0.4743016203125 0.78235098125 0.44717438125 0.78227565 0.602903228125 0.8598257296874999 0.6228828984375 0.8617672984375 0.4743016203125
1 0.70306373125 0.4197957375 0.6297056171875 0.3935390609375 0.6211659765624999 0.5421904859375 0.7003311078125 0.576172190625 0.70306373125 0.4197957375
0 0.7058776531250001 0.42299311875 0.7021550203125 0.5774725109375 0.780211865625 0.603677340625 0.7793527546875 0.44673645000000006 0.7058776531250001 0.42299311875
1 0.45763342656250006 0.497310753125 0.53727046875 0.5200259093749999 0.54976285 0.364993121875 0.4736614453125 0.3408061953125 0.4702592265625 0.3622940390625 0.45763342656250006 0.497310753125
1 0.0617438234375 0.2370116125 0.034192275 0.3529408984375 0.11854216875000001 0.3808650671875 0.14696955312499999 0.239267184375 0.070842415625 0.21058738125 0.0617438234375 0.2370116125
0 0.2273764828125 0.2772416875 0.1476906109375 0.2463266890625 0.12192492656250001 0.38202984375 0.20549195 0.4085646265625 0.2273764828125 0.2772416875
0 0.3881837515625 0.33355964843749997 0.309115221875 0.305194746875 0.2911879296875 0.4393266765625 0.37452889218749996 0.4666786796875 0.3881837515625 0.33355964843749997
0 0.3083436171875 0.304001084375 0.2292191703125 0.27619033437499996 0.20762148125 0.411537534375 0.28924584375 0.4418827078125 0.3083436171875 0.304001084375
0 0.4652812578125 0.361451040625 0.389243328125 0.3354733359375 0.37507432500000004 0.4661941890625 0.4548796515625 0.495017959375 0.4652812578125 0.361451040625
1 0.8787133765625 0.935913234375 0.8809807765625 0.760143015625 0.8127779734375 0.73310785625 0.79804799375 0.9237444828125 0.8743792984375001 0.9485003140625 0.8787133765625 0.935913234375
1 0.18808414375 0.5205935625 0.1029335921875 0.4878303234375 0.06751285625 0.6749923250000001 0.1585222671875 0.7074028828125 0.18808414375 0.5205935625
1 0.7379001546875 0.7068961015624999 0.719072915625 0.9003084515625 0.7960006890625 0.9235762921875 0.8084172359374999 0.7330103734375 0.7379001546875 0.7068961015624999
1 0.28224380937500004 0.5534350875 0.254486784375 0.741519621875 0.343769771875 0.7727989703125 0.3678527859375 0.5781988499999999 0.28224380937500004 0.5534350875
0 0 0.6532106359375 0.0672430046875 0.67259613125 0.100080278125 0.4882728421875 0.01170410625 0.460265121875 0 0.5167422953125 0 0.6532106359375
0 0.633647353125 0.6740037734375 0.6175997421874999 0.8660126859374999 0.7005020625 0.8956317484375 0.7144056703125 0.7007470921875 0.633647353125 0.6740037734375
1 0.36900786406249997 0.58450085625 0.3447009234375 0.77097258125 0.43264816406250006 0.7991082328125 0.45189475 0.6167983687499999 0.36900786406249997 0.58450085625
0 0.19206624375 0.5210966921875 0.160612609375 0.71026965625 0.2534688890625 0.7417058828124999 0.278195859375 0.5575257984374999 0.19206624375 0.5210966921875
1 0.5387256515625001 0.6456121703125001 0.5266892125 0.8373934453125 0.6164230984375 0.8656075359375001 0.631121978125 0.673680478125 0.5387256515625001 0.6456121703125001
0 0.43687231875 0.77801910625 0.43502240312499996 0.7983154906250001 0.52400428125 0.8348586890625 0.5361933796875 0.6447512093750001 0.4543724046875 0.61742553125 0.43687231875 0.77801910625
1 0.265854153125 0 0.2608089734375 0.032926596875000005 0.33628855468749996 0.0580769359375 0.344103109375 0 0.265854153125 0
1 0.856646534375 1 0.8750463796875 0.9465629671875 0.7957970703125 0.92485969375 0.792085196875 1 0.856646534375 1
0 0.344859759375 0 0.336476775 0.05944273906250001 0.411090215625 0.08776239531249999 0.41998036250000004 0 0.344859759375 0
1 0.4211710375 0 0.4113107484375 0.08783833125 0.48341262343749997 0.1148551578125 0.492544996875 0.010243934375 0.46601520625 0 0.4211710375 0
1 0.567524821875 0.0417559703125 0.49301916874999996 0.009953657812499999 0.4837550609375 0.11453503437500001 0.55807486875 0.140125396875 0.567524821875 0.0417559703125
1 0.6983416250000001 1 0.7015499828125 0.8980514109375 0.618131384375 0.868780109375 0.6096587203125 1 0.6983416250000001 1
1 0.607398246875 1 0.6149360296874999 0.868227834375 0.526874753125 0.8430905031249999 0.5161228125 1 0.607398246875 1
1 0.79010740625 1 0.792760046875 0.9230858625 0.7075700515625 0.89766545625 0.70242609375 1 0.79010740625 1
1 0.5132348984374999 1 0.5227040921875 0.8404521390624999 0.43907606093749996 0.808400321875 0.4183049125 0.9964518312499999 0.4278947296875 1 0.5132348984374999 1
1 0.06899070625 0.679695809375 0.034300042187500004 0.8684569859375 0.12894377968749998 0.9010454375 0.154484359375 0.7096816109375 0.06899070625 0.679695809375
1 0.157056859375 0.7125672296875 0.1321432 0.9021470859375 0.22606723906249998 0.9344877265625 0.2482267796875 0.7435526359375 0.157056859375 0.7125672296875
1 0.249756425 0.74448625 0.2269525703125 0.9347925703125 0.3227121375 0.967765234375 0.34194789062500003 0.7782127875 0.249756425 0.74448625
1 0.3448259953125 0.7778582796875 0.3225578484375 0.9677121078124999 0.41622009843749996 0.9999626062500001 0.4350658890625 0.8070900406250001 0.3448259953125 0.7778582796875
1 0 0.856646534375 0.0306467515625 0.8671990562499999 0.067068425 0.679581890625 0 0.65836325625 0 0.856646534375
1 0.7813988671875001 0.1092783125 0.7736529515624999 0.22214322343749998 0.843741546875 0.2449459046875 0.848766215625 0.1302347625 0.7813988671875001 0.1092783125
1 0.5581562390625 0.139715384375 0.62881566875 0.16285481562499998 0.6336679703125 0.0658449765625 0.5685740234375001 0.0421172390625 0.5581562390625 0.139715384375
1 0.8505713593750001 0.1315217046875 0.843930053125 0.24627992812500002 0.914611165625 0.2720097875 0.9087111718750001 0.1542023609375 0.8505713593750001 0.1315217046875
1 0.7058460125 0.09018095937500001 0.701387834375 0.192602696875 0.7727972734375 0.2191870765625 0.7771136828125 0.1108858484375 0.7058460125 0.09018095937500001
1 0.703001203125 0.090156353125 0.634851375 0.06509590781249999 0.6294742734375001 0.1647101828125 0.700559175 0.19181486875 0.703001203125 0.090156353125
1 1 0.187744759375 0.978478646875 0.17913355312499998 0.9866056140625 0.29813022031249997 1 0.30274227656249997 1 0.187744759375
0 0.9130320187500001 0.27612369375 0.9847400687500001 0.2974878609375 0.977086671875 0.20436108437499997 0.9744851406249999 0.1781809125 0.913106415625 0.15837727968749998 0.9130320187500001 0.27612369375