1 0.8683973203124999 0.21701110468749998 0.9055708171875001 0.32940231249999996 0.9783093015625001 0.3299295078125 0.9377004609374999 0.21698748281250002 0.8683973203124999 0.21701110468749998
1 0.7912536859375 0.22102820781250002 0.8330469031250001 0.33486634843749996 0.9027010531249999 0.33230289375 0.8603093484375 0.2184935609375 0.7912536859375 0.22102820781250002
1 0.6148520468750001 0.2297534828125 0.5406400015624999 0.22907497656250003 0.5358139734375 0.22915921562500002 0.5724157359375 0.344029140625 0.65098381875 0.34014867187500003 0.6148520468750001 0.2297534828125
1 0.6197782625 0.228096234375 0.6553985531250001 0.3380855 0.7367832265625001 0.3420554796875 0.6976499234375 0.22684163124999998 0.6197782625 0.228096234375
1 0.7016674593750001 0.225570571875 0.7410312859375 0.344839834375 0.8235763328125 0.34294979375 0.782352840625 0.22372951562500001 0.7016674593750001 0.225570571875
1 0.4587393765625 0.2320582609375 0.49216044999999997 0.3487734109375 0.5728436515625 0.344856021875 0.536293684375 0.2307045453125 0.4587393765625 0.2320582609375
1 0.37278062031250003 0.2359025125 0.405671096875 0.35390367500000003 0.48953791874999997 0.35055798125000004 0.45678905 0.2319493015625 0.37278062031250003 0.2359025125
0 0.1223320953125 0.2381164390625 0.039241671875 0.23877628125 0.065481796875 0.38054153749999997 0.1505709953125 0.3784954734375 0.1223320953125 0.2381164390625
1 0.12279015 0.23889894687500002 0.15253811875 0.3816464296875 0.2397652703125 0.380842334375 0.21211400781249998 0.238920803125 0.12279015 0.23889894687500002
0 0.29073424062500003 0.23675797968749998 0.3265089203125 0.38146401874999997 0.4082825171875 0.379409390625 0.37021540937499997 0.2329991125 0.29073424062500003 0.23675797968749998
0 0.2125444734375 0.2381227875 0.240824771875 0.3817051125 0.3250441140625 0.3783532625 0.28854053125 0.23837727968750003 0.2125444734375 0.2381227875
1 0.90846329375 0.3423521140625 0.8283952046874999 0.34537557812499997 0.8775610984375 0.497852159375 0.9642980437500001 0.49698115156249995 0.90846329375 0.3423521140625
0 1 0.49563657812499995 0.9973401765625001 0.34325538125 0.9121766671874999 0.3413420828125 0.9672877046874999 0.5033588671875 1 0.506108121875 1 0.49563657812499995
1 0.5730711046875 0.3554133296875 0.4946518203125 0.3578859125 0.5337903765625 0.5072016796875001 0.62046 0.50247390625 0.5730711046875 0.3554133296875
1 0.8247967265625 0.3534573734375 0.7400875421875 0.355144465625 0.7937935515625 0.50317226875 0.8742640046875 0.49533775 0.8247967265625 0.3534573734375
1 0.6554139859375 0.3565479875 0.5767527828125 0.356967053125 0.619984765625 0.50119621875 0.7068226890625 0.506110359375 0.6554139859375 0.3565479875
0 0.6591876671875 0.3586134484375 0.7090020499999999 0.506715309375 0.792102984375 0.5046217875 0.737091928125 0.355765284375 0.6591876671875 0.3586134484375
1 0.44934499531250005 0.5151055828125 0.5327399640625 0.509148984375 0.4910542453125 0.35748792812499997 0.4105052515625 0.3608228859375 0.41469795156249994 0.3824212765625 0.44934499531250005 0.5151055828125
1 0 0.50436340625 0.00034768593749999997 0.524282315625 0.0874408828125 0.5217218046875 0.06551197187499999 0.37731746875 0 0.37657872187499997 0 0.50436340625
0 0.15490679999999998 0.3855967796875 0.068633871875 0.3837772921875 0.0910522984375 0.5216587671874999 0.179494621875 0.517972978125 0.15490679999999998 0.3855967796875
0 0.3269110609375 0.38350070625 0.24210441718750003 0.38389125625 0.27141645312499996 0.517568346875 0.359926525 0.51473741875 0.3269110609375 0.38350070625
0 0.2409602 0.3830237015625 0.156291875 0.38396025 0.18254151093749998 0.5200618171875 0.27045668749999996 0.5206692734375 0.2409602 0.3830237015625
0 0.4096842953125 0.3833418734375 0.3285771171875 0.38495295625 0.3602766609375 0.5140883171875 0.4459407546875 0.5138790234374999 0.4096842953125 0.3833418734375
1 1 0.7854988390625001 0.9417332828125 0.6184701125000001 0.8676940328124999 0.6163662171875 0.9195519593749999 0.802638421875 1 0.7997829203125 1 0.7854988390625001
1 0.2016667125 0.6304641234374999 0.10957125625 0.6287782109375 0.140600203125 0.8189046609374999 0.2381321046875 0.8182289453125 0.2016667125 0.6304641234374999
1 0.787606615625 0.6173536046875 0.83653605 0.8076809546874999 0.9175516234375 0.8031866921875 0.8635233859375001 0.6177818515625 0.787606615625 0.6173536046875
1 0.302336053125 0.6291083859375 0.34095405625 0.8174608921875001 0.4364574796875 0.8163072281250001 0.3921039734375 0.623033190625 0.302336053125 0.6291083859375
0 0.0135038078125 0.6341349828125 0.0410554171875 0.8234734921875001 0.139516725 0.8167207015625 0.1070171609375 0.6301856671875 0.0135038078125 0.6341349828125
0 0.677344484375 0.62215204375 0.728426275 0.8101841828125 0.8173030890625 0.8096595437499999 0.76319423125 0.6196359140625 0.677344484375 0.62215204375
1 0.395376040625 0.62862298125 0.43671015 0.814249396875 0.5298607609375 0.8105700265625 0.4851631546875 0.6306492265625 0.395376040625 0.62862298125
0 0.20561823281249997 0.62956496875 0.241105165625 0.820230471875 0.340052709375 0.8179899796875001 0.2999084421875 0.634396215625 0.20561823281249997 0.62956496875
1 0.577488890625 0.628000475 0.6322974265625 0.8144288953125001 0.727170096875 0.810206109375 0.6748370453125 0.6227182625000001 0.577488890625 0.628000475
0 0.5265855140625 0.78906628125 0.5318394203125 0.808995425 0.6288749390625 0.8129485687500001 0.5747892375 0.6280580875 0.48773025312499996 0.6303883046875 0.5265855140625 0.78906628125
1 0.0817670703125 0.04104863125 0.0045765625 0.042692934375000005 0.021265573437499997 0.1428530921875 0.1015573375 0.14064882031249998 0.0817670703125 0.04104863125
1 0.16071937812499998 0.0396705140625 0.0821618953125 0.0410176765625 0.102255084375 0.141840803125 0.1825468515625 0.1396365296875 0.16071937812499998 0.0396705140625
1 1 0.7977320078125001 0.917801646875 0.804476840625 0.9755551390624999 0.9916845828125 0.9801460750000001 0.9916951828125 1 0.99134863125 1 0.7977320078125001
0 0.2377055546875 0.0389541578125 0.1616321359375 0.0390115125 0.1831970640625 0.1408694640625 0.26376158437499997 0.1419768265625 0.2377055546875 0.0389541578125
1 0.3142675875 0.0401313828125 0.2390546359375 0.038665204687499996 0.263997025 0.14197271718749999 0.34172895 0.1427105890625 0.3142675875 0.0401313828125
1 0.3962821109375 0.044146000000000005 0.3146171875 0.039691504687500004 0.34194326875000003 0.142287909375 0.42128672343750007 0.1409029640625 0.3962821109375 0.044146000000000005
1 0.72988630625 0.8126304062499999 0.7831845828125 0.995133159375 0.8788187015625001 0.993463859375 0.8191328140625 0.811596690625 0.72988630625 0.8126304062499999
1 0.6344407999999999 0.8197790968750001 0.685395265625 0.9968400781250001 0.7812528609375 0.9951668765624999 0.7266641921875 0.8132107359375 0.6344407999999999 0.8197790968750001
1 0.8247107093749999 0.80914768125 0.8813841421875 0.9934190796875001 0.9753598328124999 0.9917787265625 0.9143079000000001 0.8038414609375 0.8247107093749999 0.80914768125
1 0.539167653125 0.8171777859375 0.5833162875 0.9986218734375001 0.68261249375 0.9968886515625 0.6295730390625 0.8187141828125 0.539167653125 0.8171777859375
1 0.2741994703125 1 0.23508829375 0.8217912265624999 0.143626465625 0.8228636109374999 0.1734961109375 1 0.2741994703125 1
1 0.3780928234375 1 0.3357173109375 0.8215582250000001 0.2385252796875 0.8236438953125 0.2776020015625 1 0.3780928234375 1
1 0.4815626671875 1 0.436598621875 0.8220825640625 0.3374908734375 0.82191644375 0.379083703125 1 0.4815626671875 1
1 0.5043634031249999 1 0.5814579140625 0.9986543109375001 0.53491076875 0.81731955 0.4392066265625 0.820750175 0.48154411562500005 1 0.5043634031249999 1
1 0.169731090625 1 0.1417634796875 0.8234202171874999 0.041974490625 0.8276838874999999 0.0648834578125 1 0.169731090625 1
1 0.6224994265625 0.034343759375 0.6541263359375 0.1442875703125 0.728493021875 0.141716746875 0.6936469421875 0.03095953125 0.6224994265625 0.034343759375
1 0.42122233124999997 0.140485153125 0.49624685 0.1380369296875 0.467349996875 0.044162315625 0.3974022296875 0.0441264484375 0.42122233124999997 0.140485153125
1 0.6958038796875 0.03155825625 0.7291325296875 0.142919378125 0.8050721671875 0.1429255484375 0.7587927453125001 0.0330042796875 0.6958038796875 0.03155825625
1 0.5442284093749999 0.042326020312500004 0.5753680421875 0.14120768125 0.6522937234375 0.1417740625 0.6189892453125 0.0373536796875 0.5442284093749999 0.042326020312500004
1 0.5415210734375 0.043286590624999996 0.46821400625000004 0.043041103125 0.4975123703125 0.13957244062500002 0.5743098421874999 0.14074556093749999 0.5415210734375 0.043286590624999996
1 0.8335898234375 0.03256741875 0.882392628125 0.1428486625 0.9546356859375 0.1415876546875 0.90662359375 0.0348785 0.8335898234375 0.03256741875
0 0.8049946921875 0.14738152031250001 0.8804009796875001 0.1428834265625 0.8409810328124999 0.05702463906250001 0.8294722531250001 0.0330433109375 0.76440418125 0.0354518265625 0.8049946921875 0.14738152031250001
1 0.9549711171874999 0.140309053125 0.9938257500000001 0.1419140203125 0.9919200546875 0.032736821875 0.90980566875 0.033909143749999995 0.9549711171874999 0.140309053125