1 0.9174491421875001 0.10751430937499999 0.9147369703124999 0.1032870328125 0.8430937953125 0.119846009375 0.9085042812499999 0.22778576875 0.9453846312499999 0.2195574375 0.9174491421875001 0.10751430937499999
1 0.7643033609375001 0.14242602499999998 0.8348372546875 0.25076740625 0.9062336468750001 0.231485025 0.8350879250000001 0.123316371875 0.7643033609375001 0.14242602499999998
1 0.5840254984375 0.19358035468749998 0.5071387281249999 0.21058077968750002 0.502169571875 0.211819728125 0.5675839703125 0.322472034375 0.647879865625 0.299694178125 0.5840254984375 0.19358035468749998
1 0.588720640625 0.190682665625 0.6519487734375 0.2964966421875 0.73704104375 0.281205803125 0.6689268640625 0.1708000375 0.588720640625 0.190682665625
1 0.672775271875 0.1685205125 0.742101253125 0.283086090625 0.8269865109375001 0.2614280640625 0.755749678125 0.147357078125 0.672775271875 0.1685205125
1 0.423182128125 0.23322126875000002 0.48575111406250004 0.3465501765625 0.56822485625 0.3232293234375 0.5030364671875 0.213311346875 0.423182128125 0.23322126875000002
1 0.3352367125 0.2577247609375 0.3975658390625 0.372516815625 0.483468190625 0.349030575 0.4211396328125 0.23357333906250002 0.3352367125 0.2577247609375
0 0 0.3608216640625 0.052256396875 0.481364434375 0.1397344640625 0.4589372671875 0.07684269218749999 0.31977801562499997 0 0.338158365625 0 0.3608216640625
1 0.0775040875 0.3204819953125 0.1425245375 0.46174275 0.23251105 0.4400962921875 0.16985653750000002 0.29919371875 0.0775040875 0.3204819953125
0 0.25061866093749996 0.278188575 0.3223399421875 0.42004700625 0.40638812968750004 0.398401978125 0.331887734375 0.2553192546875 0.25061866093749996 0.278188575
0 0.17011001406249998 0.29826163437500003 0.233813515625 0.440740203125 0.320078840625 0.41716345937500005 0.2487394 0.2803949015625 0.17011001406249998 0.29826163437500003
1 0.9734016875 0.3319277171875 0.9146031718750001 0.24055446093750002 0.8325507796875 0.26279949999999996 0.9199818000000001 0.40953899531250004 0.9886206515625 0.39296764375 0.9734016875 0.3319277171875
1 0.5709942203125 0.334147309375 0.49051420468750007 0.35542644375 0.5668197593750001 0.501273228125 0.65528801875 0.47568188906250003 0.5709942203125 0.334147309375
1 0.8307704875 0.2720574734375 0.743599125 0.294020896875 0.83465603125 0.43505357031249997 0.9159695421875 0.407712384375 0.8307704875 0.2720574734375
1 0.6563965296875 0.31568110312500003 0.5751734749999999 0.334883721875 0.654489996875 0.47446736562499997 0.7454467328125001 0.45885675625 0.6563965296875 0.31568110312500003
1 0.6607937390624999 0.31692741406249997 0.7478450750000001 0.458965525 0.8332561890625 0.43696339999999995 0.74065114375 0.29538081250000003 0.6607937390624999 0.31692741406249997
1 0.4814134359375 0.5296348671875 0.5662012328125 0.503547678125 0.4866993296875 0.35587113125 0.40422452968749994 0.37855464375 0.41374369062499994 0.40000164062500004 0.4814134359375 0.5296348671875
1 0 0.5613922812500001 0.021061371875000002 0.64586483125 0.10884813125 0.6228546546875 0.051513675 0.478006446875 0 0.48928079375 0 0.5613922812500001
0 0.14592164375 0.46528324374999996 0.056291881249999995 0.483975340625 0.11256665156250001 0.6219275234375 0.2031177328125 0.5969961921875 0.14592164375 0.46528324374999996
0 0.3232445859375 0.4220678015625 0.23566124375 0.44270697343750004 0.29805371406250003 0.574644834375 0.38888004062500003 0.5505857984375 0.3232445859375 0.4220678015625
0 0.2342700453125 0.4420783078125 0.1469607640625 0.46325193750000004 0.2067691640625 0.5984402 0.29780581875 0.5780966249999999 0.2342700453125 0.4420783078125
1 0.408781321875 0.4021545875 0.32531563750000003 0.423179640625 0.38908621718749997 0.5498276484375 0.4775995421875 0.5291722875 0.408781321875 0.4021545875
1 1 0.5226568109375 0.9382292890624999 0.535065253125 1 0.6489119765625 1 0.5226568109375
1 0.25304304843750003 0.70861886875 0.15742574375 0.7288389375000001 0.2351435375 0.9190352359375 0.33581440156250003 0.8950636828125 0.25304304843750003 0.70861886875
1 1 0.6553116703125 0.934257290625 0.5375315656249999 0.8556681671874999 0.5551988015625 0.9519405531249999 0.7413331750000001 1 0.72738266875 1 0.6553116703125
1 0.35679430624999997 0.683192034375 0.4419322015625 0.8697340562500001 0.5403912015625 0.8457497249999999 0.44814229218749996 0.6554611171875 0.35679430624999997 0.683192034375
0 0.05939255624999999 0.757326140625 0.1333261765625 0.9475331546874999 0.23349914374999997 0.917023934375 0.15512304999999998 0.7309110734375001 0.05939255624999999 0.757326140625
1 0.7428258265625 0.5864923125 0.84077246875 0.7697277515625001 0.9325315625 0.7479781531249999 0.8309773515625001 0.5633951515625 0.7428258265625 0.5864923125
1 0.4528669015625 0.66048995625 0.54015845625 0.84355073125 0.6355787265624999 0.817502759375 0.5461794265625 0.6411743234375 0.4528669015625 0.66048995625
0 0.25691247968750003 0.706741615625 0.3393685453125 0.8964345609375 0.4411273515625 0.8704989828125 0.35555383906250004 0.6892668796875 0.25691247968750003 0.706741615625
1 0.6409942984375 0.616394278125 0.7424088640625001 0.7970738359375 0.8394790375 0.770050240625 0.740369434375 0.5876790125 0.6409942984375 0.616394278125
0 0.6270307890625 0.7959352390625 0.6372463859375 0.8153941984375 0.7385151921875 0.7963518671875 0.6382171 0.6170982421875 0.548770784375 0.6402906859375 0.6270307890625 0.7959352390625
1 0 0.1511942390625 0.032975798437499995 0.2245083390625 0.1154560796875 0.203061321875 0.0688936234375 0.1043738453125 0 0.121528428125 0 0.1511942390625
0 0.1483135953125 0.0852618765625 0.0696790875 0.103471175 0.11642425781250001 0.20418758750000002 0.19998146249999998 0.1861172921875 0.1483135953125 0.0852618765625
1 0.2277496078125 0.0682191125 0.1496389765625 0.0846397015625 0.20022388593749998 0.18605685 0.2807639234375 0.168278346875 0.2277496078125 0.0682191125
1 0.31350375937499997 0.05282439375 0.2280054515625 0.06767853593749999 0.2808840359375 0.167787921875 0.36258058125 0.147418684375 0.31350375937499997 0.05282439375
1 1 0.8575627750000001 0.9348882171874999 0.7495549015625 0.84286911875 0.7719217859375 0.9203304421875 0.9105066656249999 1 0.8906428125 1 0.8575627750000001
1 0.7459090640625 0.802122953125 0.8198137843750001 0.9355682828124999 0.918018378125 0.911083128125 0.83967725 0.7732936609375 0.7459090640625 0.802122953125
1 1 0.7280373734375 0.9400670390625001 0.745678853125 1 0.8494246109375 1 0.7280373734375
1 0.6467867796875 0.8221497828125001 0.71651174375 0.9613243734375001 0.8165469671875 0.9363827921875 0.7406209171875 0.802177540625 0.6467867796875 0.8221497828125001
1 0.3810746828125 1 0.33352266875000003 0.899492171875 0.23922254999999998 0.9224277796875 0.2713964328125 1 0.3810746828125 1
1 0.49914865624999993 1 0.43750174687500004 0.8752418203125 0.337520709375 0.9005976578125001 0.384793540625 1 0.49914865624999993 1
1 0.5613922828125 1 0.611461575 0.9875163234375 0.541923453125 0.8517183828125001 0.4394213265625 0.8751909796874999 0.50052085 1 0.5613922828125 1
1 0.5442999000000001 0.8497114046875 0.6121072015625 0.98735535 0.714055240625 0.9619368484375 0.6424198421875 0.82331273125 0.5442999000000001 0.8497114046875
1 0.2682931 1 0.23743011875 0.9234507359374999 0.13528703749999998 0.9516897640625 0.1533864078125 1 0.2682931 1
1 0.5513005015625 0 0.6041135703125 0.0953851640625 0.6803802375 0.074970803125 0.636426903125 0 0.5513005015625 0
1 0.36241371718750004 0.1469998140625 0.4393899109375 0.1265559265625 0.386981 0.035885889062499995 0.31465709999999997 0.052536834374999994 0.36241371718750004 0.1469998140625
1 0.6381477203125 0 0.6813300734375 0.0760681265625 0.759841521875 0.0579567703125 0.718153334375 0 0.6381477203125 0
1 0.51774316875 0 0.4660207234375 0.0156356765625 0.5219502390625 0.11097447187500001 0.601615578125 0.09321009218750001 0.5464773125 0 0.51774316875 0
1 0.46345233124999996 0.01727991875 0.3876051125 0.034514471875 0.44106685468749995 0.12784985937499999 0.5207452921875 0.11074665312500001 0.46345233124999996 0.01727991875
1 0.810304115625 0 0.8397605921875 0.039429653125000005 0.8969204203125001 0.0251781078125 0.8906428140625 0 0.810304115625 0
1 0.720422690625 0 0.760831053125 0.0626063640625 0.837709878125 0.039940953125 0.8070073499999999 0 0.720422690625 0