1 0.60625 0.28515625 0.06796875 0.121875
1 0.44140625 0.28671875 0.08984375 0.11796875
1 0.53046875 0.28828125 0.07890625 0.12890625
1 0.93046875 0.28984375 0.06796875 0.12109375
1 0.85625 0.2953125 0.0734375 0.128125
1 0.77578125 0.29609375 0.084375 0.13671875
1 0.690625 0.2984375 0.084375 0.14140625
0 0.11328125 0.30859375 0.08515625 0.12109375
1 0.19765625 0.3109375 0.09296875 0.1109375
0 0.3640625 0.3109375 0.08125 0.1296875
0 0.28359375 0.3125 0.07734375 0.121875
1 0.646875 0.428125 0.0828125 0.1375
1 0.56171875 0.42890625 0.07890625 0.13125
1 0.47578125 0.4296875 0.0859375 0.1375
1 0.90546875 0.43046875 0.08359375 0.1421875
0 0.13828125 0.43125 0.08671875 0.1359375
1 0.80859375 0.434375 0.0921875 0.128125
1 0.05234375 0.43515625 0.08359375 0.13671875
0 0.396875 0.4375 0.08515625 0.12265625
0 0.728125 0.43828125 0.08125 0.12109375
0 0.31171875 0.4390625 0.08359375 0.13359375
0 0.2234375 0.440625 0.08359375 0.1296875
1 0.14921875 0.06875 0.075 0.13359375
1 0.06953125 0.0703125 0.078125 0.13984375
1 0.30625 0.0703125 0.0765625 0.1296875
1 0.75703125 0.07109375 0.0765625 0.14140625
1 0.68515625 0.071875 0.06875 0.140625
1 0.7390625 0.71171875 0.08359375 0.14921875
1 0.8359375 0.7125 0.0828125 0.16171875
1 0.64609375 0.71640625 0.0890625 0.1578125
1 0.9234375 0.7171875 0.08125 0.15625
1 0.37265625 0.71875 0.09921875 0.1671875
1 0.46953125 0.7203125 0.0859375 0.16328125
1 0.3859375 0.0734375 0.07578125 0.128125
1 0.615625 0.07421875 0.06640625 0.13671875
1 0.4640625 0.07421875 0.07109375 0.13046875
1 0.17578125 0.7265625 0.08984375 0.16015625
0 0.2765625 0.73203125 0.09609375 0.15390625
0 0.55546875 0.73359375 0.09140625 0.15625
0 0.08828125 0.7453125 0.0953125 0.16015625
1 0.53984375 0.0765625 0.0703125 0.13125
0 0.22734375 0.0796875 0.07734375 0.12578125
1 0.8984375 0.08671875 0.07734375 0.12109375
1 0.89453125 0.90625 0.0984375 0.18671875
1 0.11484375 0.91171875 0.1 0.1609375
1 0.609375 0.91171875 0.09296875 0.17578125
1 0.709375 0.91171875 0.09765625 0.17578125
1 0.79921875 0.91171875 0.0828125 0.17578125
1 0.5109375 0.9125 0.103125 0.175
1 0.31171875 0.91484375 0.096875 0.1703125
1 0.41328125 0.91640625 0.09453125 0.16640625
1 0.21171875 0.91953125 0.09609375 0.1609375
0 0.83203125 0.1 0.06953125 0.13046875