1 0.765196490625 0.0976789015625 0.8360264765625001 0.1941994625 0.9060399046875001 0.1720138421875 0.8317388749999999 0.0760351578125 0.765196490625 0.0976789015625
1 0.6923734687499999 0.12561034531249998 0.76809194375 0.22208157343749999 0.83417744375 0.19788505781250001 0.7578932625 0.1016282578125 0.6923734687499999 0.12561034531249998
1 0.52570766875 0.189037209375 0.45423192500000004 0.2115369875 0.44962396250000003 0.2131236359375 0.5206797703125 0.3122070359375 0.5949133625 0.2839626359375 0.52570766875 0.189037209375
1 0.529920115625 0.1859061015625 0.5985077546875 0.28060061406250003 0.677900078125 0.2590294578125 0.6043057953125001 0.16040499531250002 0.529920115625 0.1859061015625
1 0.6077663859375 0.157928884375 0.68284975 0.26038265 0.7615245093749999 0.232812271875 0.6846706734375 0.13098580625 0.6077663859375 0.157928884375
1 0.37651773125 0.23995799375 0.44509603281250004 0.3418087640625 0.52134916875 0.3128689796875 0.450567684375 0.21446055 0.37651773125 0.23995799375
1 0.295175771875 0.27047327656250003 0.36364656093750003 0.37372669531249997 0.44313554687499995 0.3443436515625 0.37461082968750004 0.24046163593749997 0.295175771875 0.27047327656250003
0 0 0.42194636250000006 0.045299743749999996 0.5054831375 0.12636880156250002 0.4769689546875 0.0553694828125 0.3507373296875 0 0.36921429375 0 0.42194636250000006
1 0.056053953125 0.3513471828125 0.1292427578125 0.47938640625 0.21275306875000002 0.45139997656249997 0.1418358609375 0.3235011734375 0.056053953125 0.3513471828125
0 0.2166564640625 0.296892840625 0.2962447828125 0.42493595624999997 0.37412729218749996 0.397447925 0.2918048765625 0.26848055937500004 0.2166564640625 0.296892840625
0 0.141999765625 0.32259920468750003 0.21404018125 0.4518994078125 0.29386575625 0.4224004640625 0.2150560984375 0.2991349625 0.141999765625 0.32259920468750003
1 0.8428521281249999 0.20575449843750002 0.7669102265625 0.23364244531249997 0.8617868015625 0.3649828890625 0.9448054656249999 0.33708502500000004 0.8428521281249999 0.20575449843750002
0 0.9496700140625001 0.3422875390625 0.9726516578125001 0.3369033453125 0.9192041140624999 0.18168040624999998 0.8461022375 0.2036243796875 0.9496700140625001 0.3422875390625
1 0.5248677859375 0.3229539125 0.45033697968749997 0.34979753593749996 0.5345965296874999 0.481225653125 0.616344925 0.4496386671875 0.5248677859375 0.3229539125
1 0.7659810734375 0.242539596875 0.6851647171875 0.270589903125 0.7830103484375 0.3962343078125 0.8578346984375 0.3635927015625 0.7659810734375 0.242539596875
1 0.6042939281249999 0.2983563046875 0.5288888875 0.3232999609375 0.6154891671875 0.44855782343749995 0.7004132281250001 0.4261936390625 0.6042939281249999 0.2983563046875
0 0.608563346875 0.2991659265625 0.7026951125 0.426095675 0.7818400640625 0.39815613125 0.682482184375 0.27212168124999997 0.608563346875 0.2991659265625
1 0.4559768625 0.515174090625 0.534196575 0.48342662187499996 0.446757925 0.3505370484375 0.3704515984375 0.378874675 0.38122935625 0.398343821875 0.4559768625 0.515174090625
1 0 0.583671303125 0.027686578125 0.664078965625 0.11051920156249999 0.634444690625 0.0443208765625 0.5023722421875 0 0.516219921875 0 0.583671303125
0 0.13275220625 0.48244758125000003 0.04933808125 0.5076124859375 0.11396743437500001 0.63325736875 0.19774382343750002 0.6021197078125 0.13275220625 0.48244758125000003
0 0.2972676125 0.42676974375 0.2159523734375 0.4536032109375 0.2858871703125 0.5730529171875001 0.36999584531249996 0.5427164765625 0.2972676125 0.42676974375
0 0.21458241875 0.45312561249999994 0.1335706765625 0.4804411625 0.20132263125 0.6031785625 0.28593488125 0.5763353671875 0.21458241875 0.45312561249999994
0 0.37670266875 0.4007935640625 0.2993214515625 0.427647003125 0.3701291625 0.54198281875 0.45232444843749997 0.515056215625 0.37670266875 0.4007935640625
1 1 0.5122235046875 0.9611145015625 0.460994415625 0.8893591109375001 0.48206909375 0.9973852390625 0.6450803281249999 1 0.6441268390625 1 0.5122235046875
1 0.2541996390625 0.70341650625 0.1652360640625 0.7305264078125 0.2544655671875 0.9037435125 0.34791135781250004 0.8726657296875 0.2541996390625 0.70341650625
1 0.8127621749999999 0.5080044109374999 0.919243790625 0.6758302296875 0.9956357640625001 0.6462318125000001 0.8857966875000001 0.48473205156250004 0.8127621749999999 0.5080044109374999
1 0.3504456453125 0.67070575 0.44640816406250006 0.8398487453125 0.5377566625 0.8089440250000001 0.434748040625 0.6368559734375 0.3504456453125 0.67070575
0 0.0746598359375 0.765650384375 0.1603038484375 0.939194359375 0.2527424328125 0.9019806109375 0.16322341093749998 0.73267716875 0.0746598359375 0.765650384375
0 0.7083806765625 0.5470197078125 0.8162116578124999 0.711966096875 0.9013934499999999 0.6837338374999999 0.7900331265625 0.5178160578125001 0.7083806765625 0.5470197078125
1 0.43963747499999994 0.6412124171875 0.5373560187499999 0.8068856078125 0.6256556453125001 0.7742852421875 0.526490803125 0.6151500609375 0.43963747499999994 0.6412124171875
0 0.25771309375 0.70131875625 0.351391978125 0.873663625 0.4457080203125 0.8406389140625 0.3497674515625 0.6765498828125 0.25771309375 0.70131875625
1 0.6143204984375 0.5837984671875 0.7252288421875 0.7460394531250001 0.8150122421875 0.7123790890625 0.7061498546875 0.5483466609375001 0.6143204984375 0.5837984671875
0 0.615788475 0.7546209187499999 0.627063475 0.7721532125 0.7214795796875 0.7456831515625 0.6117461093750001 0.5846961203125 0.5288743499999999 0.6140981828125 0.615788475 0.7546209187499999
1 0 0.25368323125000003 0.0059944640625 0.264385875 0.082407234375 0.2372161875 0.030197687499999997 0.147860771875 0 0.15824830781250002 0 0.25368323125000003
0 0.10390131875 0.12315369843749999 0.030868179687500004 0.146942065625 0.083417028125 0.238199390625 0.16112693125 0.21413032968749998 0.10390131875 0.12315369843749999
1 0.1777895875 0.10040053125 0.105106475 0.12245485 0.16135173281249998 0.214052925 0.2362260734375 0.1905121296875 0.1777895875 0.10040053125
1 0.25780068906250003 0.0786758171875 0.1779877921875 0.09986831093750001 0.2362997484375 0.190038659375 0.3120580046875 0.163953 0.25780068906250003 0.0786758171875
1 1 0.8168166749999999 0.90375603125 0.6850265 0.81837836875 0.7138638125 0.9270052124999999 0.8733809562499999 1 0.8488946187499999 1 0.8168166749999999
1 0.8154656812500001 0.71542730625 0.7289595265625 0.75051754375 0.8349710281249999 0.9075151796875 0.9256210171875001 0.8746723421875 0.8154656812500001 0.71542730625
1 1 0.6578978734375001 0.99272559375 0.647873653125 0.9083467609375001 0.6809304265625 1 0.8114943531250001 1 0.6578978734375001
1 0.72395226875 0.7510117546874999 0.6366583593749999 0.7777382203125 0.738208915625 0.9424625875 0.8346092296875 0.9117136109375 0.72395226875 0.7510117546874999
1 0.41812117187500003 1 0.346102040625 0.8770421671875 0.25860916093749997 0.9066078078125 0.30734275312500003 1 0.41812117187500003 1
1 0.536782059375 1 0.4426602953125 0.8454240343749999 0.3499816203125 0.8777521296874999 0.42191515468749996 1 0.536782059375 1
1 0.5836713062500001 1 0.643424484375 0.9794253296875001 0.5396975609375 0.8144557375 0.444475371875 0.845215321875 0.5379398046875 1 0.5836713062500001 1
1 0.5417854484375 0.8123603703125 0.6432672078125 0.9794794843749999 0.738742275 0.9466047828124999 0.6326149125 0.7792026453124999 0.5417854484375 0.8123603703125
1 0.30398222812500003 1 0.2569941875 0.9077244625 0.162502571875 0.9429579374999999 0.18978508125 1 0.30398222812500003 1
1 0.47286316875 0 0.5367050640625 0.0945681953125 0.607313571875 0.0688943875 0.558286840625 0 0.47286316875 0
1 0.3118655625 0.1635711640625 0.3831440921875 0.137810065625 0.3260501921875 0.05651993125 0.2588701953125 0.0783075578125 0.3118655625 0.1635711640625
1 0.56005333125 0 0.6083036140625 0.0698517796875 0.6812281437500001 0.0461662578125 0.64138315 0 0.56005333125 0
1 0.3993002484375 0.030769121875 0.4601130203125 0.1161762265625 0.5341595421875 0.092721990625 0.469536534375 0.0026621421875 0.3993002484375 0.030769121875
1 0.3970007453125 0.032537796875000004 0.326529384375 0.055171798437499996 0.3848393328125 0.138892378125 0.4589524046875 0.11606181093750001 0.3970007453125 0.032537796875000004
0 0.643249690625 0 0.6825466796875 0.050476973437499996 0.753551021875 0.02262484375 0.7327294875 0 0.643249690625 0