1 0.9534118656249999 0.1335447984375 0.941496003125 0.10986211718750001 0.8675114890625 0.1189669078125 0.9219952093750001 0.23454599843750001 0.9668791078125001 0.2293692046875 0.9534118656249999 0.1335447984375
1 0.785682296875 0.1333786921875 0.84528850625 0.24990321875000002 0.9193133578125 0.2380305109375 0.8590720015625 0.121615265625 0.785682296875 0.1333786921875
1 0.598505725 0.1658401 0.5191880531249999 0.1748355453125 0.514046903125 0.1755580875 0.568246590625 0.2938685125 0.65161450625 0.279416540625 0.598505725 0.1658401
1 0.6035467296875 0.16341864374999998 0.6560560125 0.27662706875 0.7434645 0.27021938749999996 0.6865168734375 0.1518720421875 0.6035467296875 0.16341864374999998
1 0.690638621875 0.1499835125 0.7483662921875001 0.2726468296875 0.8362420531250001 0.259806965625 0.7765354624999999 0.13743978125 0.690638621875 0.1499835125
1 0.4321442109375 0.18876260625000002 0.48319115625000003 0.30946725937499997 0.5688122984375 0.2946986171875 0.5147625 0.17715136250000002 0.4321442109375 0.18876260625000002
1 0.3408812859375 0.204144025 0.3915310875 0.326296403125 0.4806263140625 0.31172335625 0.43004770625 0.18890135 0.3408812859375 0.204144025
0 0 0.298080121875 0.0318541625 0.399412659375 0.1224255 0.3860722734375 0.0737954078125 0.23932820625 0 0.2489818296875 0 0.298080121875
1 0.07438745 0.2401068078125 0.1249404484375 0.3891914265625 0.217957771875 0.3769019609375 0.1697519515625 0.22842781875 0.07438745 0.2401068078125
0 0.2534016890625 0.2158098078125 0.31064663124999997 0.366203840625 0.397677128125 0.35328865625 0.33776041874999996 0.20136853281249997 0.2534016890625 0.2158098078125
0 0.17010644531250002 0.227516190625 0.219202484375 0.3776877890625 0.30867325 0.3630619609375 0.25127289375 0.2178326078125 0.17010644531250002 0.227516190625
1 0.9859827296875 0.3652985359375 0.9267881796875 0.24804530468750002 0.84170603125 0.2617753453125 0.9142704343749999 0.4187426375 0.9920405578124999 0.40840221874999993 0.9859827296875 0.3652985359375
1 0.570445109375 0.30598304375 0.4870506859375 0.31890669374999997 0.54849380625 0.47380025000000003 0.6403993234375001 0.45737883437500004 0.570445109375 0.30598304375
1 0.8389283750000001 0.27090801249999996 0.748715471875 0.283813903125 0.8255411453124999 0.43541865468749996 0.9104194265625001 0.41647991093750003 0.8389283750000001 0.27090801249999996
1 0.6585032734375 0.296411225 0.5745802140625 0.3071658234375 0.6397237421875 0.45607180312500006 0.733078396875 0.44996154062500004 0.6585032734375 0.296411225
0 0.6628039734375 0.29813037656249997 0.7354847203125 0.4503243421875 0.8239271499999999 0.43719358125 0.7455991109375 0.28487169218749997 0.6628039734375 0.29813037656249997
1 0.45938105 0.4933341109375 0.547628778125 0.476024784375 0.4831575390625 0.31895149843750004 0.3976029921875 0.33307836874999996 0.404922753125 0.355675990625 0.45938105 0.4933341109375
1 0 0.5349634109375 0.0033245234375 0.558618625 0.07388545468749999 0.5478381296875 0.03146189375 0.395953484375 0 0.3994533546875 0 0.5349634109375
0 0.12798934374999998 0.39311467968749997 0.035645321875000004 0.4024674484375 0.07773268125 0.5472974359375 0.17166790781250002 0.53176046875 0.12798934374999998 0.39311467968749997
0 0.31134410625000003 0.3683338640625 0.22085645625 0.379863025 0.2697498390625 0.5192840515625 0.363869946875 0.5046543578125 0.31134410625000003 0.3683338640625
0 0.2195206734375 0.379083175 0.129252575 0.39117935625 0.17519576718750002 0.53359989375 0.26913346875 0.5227330421875 0.2195206734375 0.379083175
0 0.3996914109375 0.3573194359375 0.3133139828125 0.3696719625 0.36415828906250003 0.503912846875 0.45558521250000006 0.49246560468749995 0.3996914109375 0.3573194359375
1 1 0.5423266765625 0.9986609281250001 0.5396011734374999 0.9193400640625 0.547046396875 0.9992280203125 0.7398796484375 1 0.7397568703124999 1 0.5423266765625
1 0.2101493734375 0.6494120125 0.11160683906249999 0.6596707484375 0.1697653515625 0.8593634046874999 0.27380086875 0.8458614859375 0.2101493734375 0.6494120125
1 0.8339692109374999 0.5585969140625 0.9112646296875001 0.7561597124999999 0.9971646578125 0.7407292921875 0.9150738890625 0.549109928125 0.8339692109374999 0.5585969140625
1 0.3174448671875 0.634770278125 0.3834718546875 0.8315675546874999 0.48527885312499996 0.8178191703125 0.41248070312499996 0.6164989234375 0.3174448671875 0.634770278125
0 0.031112898437499998 0.7563431765625 0.0640934625 0.8773012703124999 0.16832109687500002 0.857164809375 0.109065409375 0.6615137296875 0.0198661796875 0.6763186171875 0.031112898437499998 0.7563431765625
0 0.716885775 0.5781849421875 0.7961768484375 0.7730059875 0.8909921375 0.7607998874999999 0.8082071828125 0.5642411484375 0.716885775 0.5781849421875
1 0.41670990156250004 0.622060803125 0.4852776671875 0.8155806999999999 0.5842402796874999 0.799433771875 0.51283286875 0.61246921875 0.41670990156250004 0.622060803125
0 0.21424960781250002 0.6479306984375001 0.27723841562499996 0.847617009375 0.3825792421875 0.832252659375 0.315549365625 0.6407552671875 0.21424960781250002 0.6479306984375001
1 0.6110505421875 0.5975348687500001 0.694109121875 0.7901489734375 0.7948386484375 0.773194059375 0.714283396875 0.57912025625 0.6110505421875 0.5975348687500001
0 0.5779124453125 0.7768173843749999 0.586145371875 0.79748705 0.6902603921875 0.78901089375 0.6081759953125 0.5979502953125 0.5155391375 0.611853271875 0.5779124453125 0.7768173843749999
1 0 0.1434422765625 0.0387837390625 0.137594253125 0.014369823437500002 0.06333708437499999 0 0.06535663124999999 0 0.1434422765625
1 0.1251143859375 0.125898865625 0.0990735703125 0.051432748437499995 0.0148135578125 0.063274721875 0.039685585937500004 0.1387802859375 0.1251143859375 0.125898865625
0 0.21212688124999998 0.11776692343749999 0.1819659734375 0.03978298125 0.099989246875 0.051304059375 0.1259708765625 0.1271350109375 0.21212688124999998 0.11776692343749999
1 0.29546098593750003 0.10833870781249999 0.26325185 0.028358996874999997 0.1831310140625 0.0396192453125 0.21237769375 0.117731675 0.29546098593750003 0.10833870781249999
1 0.380158403125 0.09597853437500001 0.3488787078125 0.0163249265625 0.263710028125 0.028294603125 0.2956341421875 0.1078576453125 0.380158403125 0.09597853437500001
1 0.7980576421875 0.775436315625 0.8739726984375 0.9523553515625001 0.9754184359375 0.9380980828125001 0.8932005875 0.762636209375 0.7980576421875 0.775436315625
1 0.697101784375 0.79560195625 0.7698492156250001 0.9669889515625 0.8718193484375 0.9526579843749999 0.794694140625 0.7764803875 0.697101784375 0.79560195625
1 1 0.755217503125 0.9937878874999999 0.7418559703125001 0.8988330765624999 0.7592808468750001 0.978398415625 0.9376792734375 1 0.93464336875 1 0.755217503125
1 0.595046246875 0.805295978125 0.6616382515625 0.9821970109375 0.76676605 0.9674222625000001 0.691764784375 0.7950984234375 0.595046246875 0.805295978125
1 0.3236272578125 1 0.2710203265625 0.8500779421875 0.173517409375 0.8632097218749999 0.21413779375000003 1 0.3236272578125 1
1 0.43888901406249997 1 0.3784205953125 0.836644721875 0.2749335578125 0.85161315625 0.32733620625 1 0.43888901406249997 1
1 0.534963403125 1 0.5532343046875 0.9974321921874999 0.486189921875 0.8239900859375 0.38036120156250003 0.8367962671875 0.44008814999999996 1 0.534963403125 1
1 0.4887987890625 0.8222204921875 0.55340613125 0.9974080437499999 0.659498015625 0.9824978015625 0.5905202875 0.8060056031249999 0.4887987890625 0.8222204921875
1 0.21050683750000002 1 0.17160178125 0.8640503078125 0.0656290046875 0.881693128125 0.0963306765625 1 0.21050683750000002 1
1 0.599859925 0 0.6291822171875 0.069101240625 0.7082371765625 0.0566032421875 0.6825554078125 0 0.599859925 0
1 0.459808046875 0.0830864109375 0.4252243203125 0.00559525 0.349833753125 0.016190703125 0.3800346484375 0.0955392046875 0.459808046875 0.0830864109375
1 0.6838172265625 0 0.70907825 0.0578083140625 0.7901517703125001 0.0478659953125 0.76278733125 0 0.6838172265625 0
1 0.5101334828125 0 0.544694828125 0.07611874375 0.6268948 0.0666476171875 0.5963399921875 0 0.5101334828125 0
1 0.465036590625 0 0.42641486406249995 0.0054279296875 0.4613612765625 0.084566215625 0.5435042578125 0.075762125 0.5073167578125 0 0.465036590625 0
1 0.8502495968750001 0 0.8726885125000001 0.0376537625 0.938632746875 0.0283859046875 0.9350108796875001 0.0026149703125 0.9334306453125001 0 0.8502495968750001 0
0 0.7639843109375 0 0.7906557359375 0.05265159375 0.8705668203125001 0.037951946874999996 0.8472368906250001 0 0.7639843109375 0