1 0.6453125 0.33671875 0.1078125 0.15
1 0.46875 0.290625 0.13125 0.153125
1 0.5640625 0.31875 0.121875 0.1609375
1 0.96796875 0.43515625 0.0640625 0.1484375
1 0.909375 0.41953125 0.115625 0.159375
1 0.82421875 0.396875 0.1296875 0.1703125
1 0.73203125 0.37578125 0.1296875 0.175
0 0.11171875 0.2203125 0.1265625 0.1546875
1 0.2015625 0.24765625 0.13125 0.1453125
0 0.3796875 0.2953125 0.1234375 0.1625
0 0.29296875 0.27421875 0.1171875 0.153125
1 0.6484375 0.5015625 0.128125 0.1703125
1 0.55703125 0.478125 0.121875 0.1640625
1 0.4640625 0.4546875 0.13125 0.171875
1 0.925 0.578125 0.1296875 0.1765625
0 0.103125 0.35859375 0.13125 0.1703125
1 0.81953125 0.5546875 0.134375 0.1640625
1 0.03984375 0.34609375 0.06875 0.1546875
0 0.37890625 0.43984375 0.1265625 0.15625
0 0.73203125 0.5359375 0.121875 0.153125
0 0.28671875 0.41796875 0.128125 0.1671875
0 0.1921875 0.39375 0.1265625 0.1640625
1 0.2171875 0.0265625 0.115625 0.053125
1 0.15078125 0.01875 0.0828125 0.0375
1 0.38515625 0.04921875 0.1171875 0.0984375
1 0.8671875 0.15625 0.1203125 0.1625
1 0.7890625 0.13515625 0.1109375 0.159375
1 0.66484375 0.83203125 0.13125 0.184375
1 0.76796875 0.8609375 0.1359375 0.196875
1 0.56484375 0.8109375 0.140625 0.1953125
1 0.8609375 0.89140625 0.1328125 0.190625
1 0.271875 0.73515625 0.1546875 0.2078125
1 0.37421875 0.76484375 0.1390625 0.2
1 0.4703125 0.06171875 0.11875 0.1234375
1 0.71484375 0.11484375 0.109375 0.159375
1 0.553125 0.07421875 0.1125 0.1484375
1 0.06484375 0.68671875 0.1296875 0.1984375
0 0.16484375 0.72265625 0.146875 0.1921875
0 0.4625 0.803125 0.1421875 0.19375
0 0.0171875 0.684375 0.034375 0.19375
1 0.63359375 0.09296875 0.1125 0.1609375
0 0.3 0.04296875 0.11875 0.0859375
1 0.978125 0.20703125 0.04375 0.1515625
1 0.7875 0.984375 0.134375 0.03125
1 0.48125 0.95 0.125 0.1
1 0.5875 0.9640625 0.13125 0.071875
1 0.68359375 0.978125 0.1140625 0.04375
1 0.37578125 0.93515625 0.134375 0.121875
1 0.16171875 0.878125 0.128125 0.11875
1 0.26953125 0.9109375 0.1234375 0.1109375
1 0.0578125 0.8546875 0.115625 0.10625
0 0.940625 0.203125 0.1109375 0.159375