1 0.79418748125 0.135568 0.8588837968749999 0.24219781562499998 0.9334516 0.2255573359375 0.8651088328125001 0.11917338125000002 0.79418748125 0.135568
1 0.7161889234375 0.1579154234375 0.7859563171875 0.2649398015625 0.85663461875 0.24585420156249999 0.7862615468749999 0.13900077500000002 0.7161889234375 0.1579154234375
1 0.537723159375 0.20854362499999998 0.4616113890625 0.2253768015625 0.4566922578125 0.2266032796875 0.5213912296875 0.3359134578125 0.6008800140624999 0.3133698640625 0.537723159375 0.20854362499999998
1 0.5423718078124999 0.2056782109375 0.6049089390625 0.31020844375 0.6891419203125 0.29506089062499996 0.621770534375 0.1859955359375 0.5423718078124999 0.2056782109375
1 0.6255807921875001 0.1837413296875 0.6941497796875 0.2969166 0.7781807093750001 0.2754774953125 0.7077201 0.1627918078125 0.6255807921875001 0.1837413296875
1 0.378499225 0.24778629843750002 0.44038054843749996 0.3597425984375 0.522025253125 0.336661475 0.45754966093749994 0.22807681093749999 0.378499225 0.24778629843750002
1 0.29143800937500003 0.27203848124999996 0.3530812625 0.3854406765625 0.4381197515625 0.3621945921875 0.3764773609375 0.24813510625 0.29143800937500003 0.27203848124999996
0 0 0.4672507203125 0.0112378953125 0.49315162187499995 0.0978355859375 0.470951340625 0.0356463359375 0.33347129999999997 0 0.34199840312499996 0 0.4672507203125
1 0.0363006828125 0.33416663281250003 0.1005960015625 0.47372228749999995 0.1896762546875 0.452292328125 0.12772263125 0.31308954375 0.0363006828125 0.33416663281250003
0 0.2076721015625 0.29229742187499996 0.278599778125 0.4324406625 0.3618021546875 0.41101477500000005 0.2881242 0.269663015625 0.2076721015625 0.29229742187499996
0 0.12797394687500002 0.312168403125 0.19096517500000001 0.45292801562499996 0.276362984375 0.4295923390625 0.2058109796875 0.2944784125 0.12797394687500002 0.312168403125
1 0.8649148875 0.2548122828125 0.783687725 0.27683016875 0.870163046875 0.4217895203125 0.958725740625 0.4004066453125 0.8649148875 0.2548122828125
0 0.9632978265625001 0.4062495046875 0.99094186875 0.4022775421875 0.9495112859375 0.23610855000000003 0.8684757546874999 0.252897965625 0.9632978265625001 0.4062495046875
1 0.5247615375 0.3474486859375 0.44509118125 0.36851142187499997 0.520554678125 0.5125936375 0.6081339015625 0.48726627968749997 0.5247615375 0.3474486859375
1 0.7819214046875 0.2859790984375 0.6956275046875 0.307721003125 0.7856943609375 0.44703961718749996 0.866192446875 0.41998637812500006 0.7819214046875 0.2859790984375
1 0.6093028234375 0.32916329843750003 0.528897921875 0.3481744890625 0.6073445484375 0.486066525 0.69738244375 0.4706003671875 0.6093028234375 0.32916329843750003
0 0.6136547171875 0.3303928546875 0.699756325 0.4707067734375 0.7843079109375 0.4489274140625 0.6927089203125 0.3090661046875 0.6136547171875 0.3303928546875
1 0.43600498125 0.5406570562499999 0.519941428125 0.51484138125 0.4413149359375 0.3689525421875 0.3596694671875 0.391403884375 0.3690821265625 0.4125921640625 0.43600498125 0.5406570562499999
1 0 0.5613922796875 0.0208654515625 0.6450790375000001 0.0671901890625 0.6329377984375 0.0105042359375 0.489833809375 0 0.4921333921875 0 0.5613922796875
0 0.10395694375 0.477219253125 0.015231132812500001 0.49572974375 0.070871275 0.63202 0.160511821875 0.6073438875 0.10395694375 0.477219253125
0 0.279494309375 0.43443707500000006 0.1927932140625 0.45487062343750007 0.2544914828125 0.5852151734375 0.3444040828125 0.5614008828125 0.279494309375 0.43443707500000006
0 0.19141645937500001 0.454250040625 0.10498639531250001 0.47521158281250003 0.1641254375 0.6087691265624999 0.2542445640625 0.5886261203125 0.19141645937500001 0.454250040625
0 0.364169303125 0.4147217890625 0.28154378125 0.43553479375000004 0.3446085 0.560651634375 0.4322301171875 0.5402016734374999 0.364169303125 0.4147217890625
1 1 0.5870136328125 0.9644414843750001 0.5304896375 0.88816855 0.5458183156249999 0.9854130812499999 0.7248453515625 1 0.7209268765625 1 0.5870136328125
1 0.2098789390625 0.7176198640625 0.115225846875 0.7376428828125 0.1920673390625 0.9255478046875 0.29172423125 0.9018155484375001 0.2098789390625 0.7176198640625
1 0.8064387828124999 0.565749990625 0.9016478203125 0.749632865625 0.983495890625 0.7258808578125 0.8842358765625 0.5482571468749999 0.8064387828124999 0.565749990625
1 0.3125855234375 0.6924482125 0.396773225 0.8767388890625 0.494240775 0.8529949968749999 0.40301611875 0.665005371875 0.3125855234375 0.6924482125
0 0.11294566406249999 0.739691465625 0.0488628875 0.7573706203125 0.097364234375 0.951898896875 0.1904405828125 0.9235611031250001 0.11294566406249999 0.739691465625
0 0.6947310234375 0.5967227890625 0.791598575 0.7777403734375 0.8824334125 0.7562077015625001 0.781995615625 0.573860159375 0.6947310234375 0.5967227890625
1 0.40769038437500005 0.6699724296875 0.4940113828125 0.8508221953125 0.5884720578125 0.8250405093750001 0.5000617515625 0.6508441515625 0.40769038437500005 0.6699724296875
0 0.21370982500000002 0.71576315 0.295241584375 0.90316856875 0.39597622499999996 0.8774951015625 0.311354959375 0.6984515390625 0.21370982500000002 0.71576315
1 0.593922621875 0.62631561875 0.6942239421874999 0.8048060906250001 0.790318165625 0.7780596140625 0.6922991015625 0.597896509375 0.593922621875 0.62631561875
0 0.5800207937499999 0.8037327046874999 0.5901236875 0.8229562171874999 0.690370228125 0.8040944328125 0.5911733765625 0.6270124734375 0.502627128125 0.649969834375 0.5800207937499999 0.8037327046874999
1 0 0.237341396875 0.073918984375 0.21812207031250003 0.027874700000000002 0.12062631718750001 0 0.1275671640625 0 0.237341396875
0 0.10649483281250001 0.1017055125 0.028652573437500002 0.11973400468749999 0.0748768015625 0.2192345375 0.15759158906249998 0.20134119374999998 0.10649483281250001 0.1017055125
1 0.185129915625 0.08482935312499999 0.107807003125 0.101090125 0.15783157187500002 0.20128135937499997 0.237559771875 0.183677696875 0.185129915625 0.08482935312499999
1 0.270018090625 0.06957885781249999 0.185383396875 0.0842950765625 0.23767888125 0.1831930375 0.3185529796875 0.1630288609375 0.270018090625 0.06957885781249999
1 0.7936729 0.7799074375 0.87331423125 0.9222291234375 0.9695506421875001 0.8982346906249999 0.884765375 0.7577646875 0.7936729 0.7799074375
1 0.6976862515625 0.8097937359375 0.7737850500000001 0.947044534375 0.8710711265625 0.9227883921875 0.7905129078125 0.7812644671875 0.6976862515625 0.8097937359375
1 1 0.760128009375 0.9803314343749999 0.72731943125 0.8898932171875 0.7539323062500001 0.972874646875 0.8974059234375 1 0.8906428140625 1 0.760128009375
1 0.59956394375 0.8296273765625 0.6712677984375001 0.97260495625 0.7706078984375 0.9478366875 0.692451909375 0.8098500468750001 0.59956394375 0.8296273765625
1 0.33387849687500004 1 0.289453840625 0.9061925234375 0.196103309375 0.9288982703125 0.22561709843750002 1 0.33387849687500004 1
1 0.45066124218750003 1 0.3923854 0.8821832921875 0.2934106890625 0.9072831015625 0.33754680625 1 0.45066124218750003 1
1 0.5613922828125 1 0.5673291984375 0.9985197609375 0.4957547546875 0.8588921546874999 0.3942854640625 0.8821321953125001 0.4520447515625 1 0.5613922828125 1
1 0.4981079109375 0.856907921875 0.56787338125 0.9983840796875001 0.6689128203125 0.9731921187499999 0.5952409359375 0.8307784843749999 0.4981079109375 0.856907921875
1 0.22260904374999999 1 0.194328665625 0.92990989375 0.0984869265625 0.9564017703125 0.10935718750000001 1 0.22260904374999999 1
1 0.52079099375 0 0.4992113546875 0.006077603125 0.5576507578125 0.1115044515625 0.6331502671875 0.0912981171875 0.579560528125 0 0.52079099375 0
1 0.3183879984375 0.1626150328125 0.39458982656249997 0.1423792046875 0.3427550046875 0.052808390625 0.27115981875 0.0692941921875 0.3183879984375 0.1626150328125
1 0.5815854546875 0 0.63408994375 0.09238199687500001 0.7118103515625 0.074450340625 0.658183296875 0 0.5815854546875 0
1 0.4209992734375 0.0327630171875 0.47631676718750005 0.1269456203125 0.5551791671874999 0.10935630468749999 0.4963326828125 0.00999754375 0.4209992734375 0.0327630171875
1 0.4184562859375 0.034388903124999995 0.3433733796875 0.051452965625 0.39624912343749996 0.1436570359375 0.4751241890625 0.12672104374999998 0.4184562859375 0.034388903124999995
1 0.7489482781250001 0 0.790924240625 0.0561072234375 0.8645609656250001 0.037747525 0.8359562531250001 0 0.7489482781250001 0
0 0.66170359375 0 0.712787725 0.079044325 0.788894171875 0.0566133765625 0.7453118375 0 0.66170359375 0
1 0.8382518390625 0 0.86460105625 0.0363553390625 0.8981388156250001 0.030064825 0.8906428125 0 0.8382518390625 0