1 1 0.45246252968749995 0.9912078187500001 0.3470933078125 0.9227286359375 0.3287689125 0.9296920671875 0.44969689375 1 0.46908377031250004 1 0.45246252968749995
1 0.84544528125 0.3123159 0.856589896875 0.43589706718750004 0.9260885140624999 0.4518040421875 0.9143449515625001 0.3280929 0.84544528125 0.3123159
1 0.66884610625 0.2742382203125 0.5957027703125 0.2539202359375 0.5909122453125 0.2527258234375 0.5966543468750001 0.37595238124999997 0.6753089 0.392917559375 0.66884610625 0.2742382203125
1 0.6741522015625 0.27390440781250003 0.6802171390625 0.392047125 0.7595754953125 0.417517296875 0.7514232609375 0.2932805953125 0.6741522015625 0.27390440781250003
1 0.7557292859375 0.29308791875 0.7630352796875 0.42139398593750005 0.845092028125 0.441379371875 0.835935671875 0.31262938125 0.7557292859375 0.29308791875
1 0.5139932015625 0.235186009375 0.5161040406249999 0.3593942953125 0.5968581515625 0.37688295312500003 0.5909769578125 0.254380215625 0.5139932015625 0.235186009375
1 0.4280461 0.21622838125000002 0.4292921234375 0.34156727343750004 0.5130403140625 0.3604638421875 0.5120950921875 0.23456197343750002 0.4280461 0.21622838125000002
0 0.180011490625 0.152111315625 0.0977416953125 0.1307656234375 0.086123553125 0.277832078125 0.17073529062499998 0.2983368046875 0.180011490625 0.152111315625
1 0.180256825 0.1530060078125 0.171844378125 0.3019719703125 0.258239546875 0.324270265625 0.26850484531249996 0.17667576093749998 0.180256825 0.1530060078125
0 0.3467560390625 0.1953524515625 0.3437794140625 0.34784978125 0.4251175421875 0.36746825312500003 0.4262805328125 0.21267955624999998 0.3467560390625 0.1953524515625
0 0.2691414953125 0.176000971875 0.259057865625 0.3254035265625 0.343155984375 0.3443873375 0.3441597625 0.1963721765625 0.2691414953125 0.176000971875
1 0.9291203734375 0.46326212968749997 0.8492107453125 0.4450527734375 0.8574070359375 0.6087757078125 0.943335590625 0.6308780890625 0.9291203734375 0.46326212968749997
0 1 0.48280709218749995 0.9330567515625001 0.4632469265625 0.944600415625 0.637973265625 0.977914784375 0.6499712421875 1 0.5613922812500001 1 0.48280709218749995
1 0.594286971875 0.3873779140625 0.5161522875 0.36906058750000004 0.5152784421875001 0.52700470625 0.6021618765625 0.54527726875 0.594286971875 0.3873779140625
1 0.8435150609375001 0.45208806093750004 0.7593738484375 0.43132913593750005 0.77323404375 0.59185691875 0.854815334375 0.605417596875 0.8435150609375001 0.45208806093750004
1 0.6753429375 0.4102993640625 0.59751306875 0.3898883109375 0.6020307078125 0.543888596875 0.6865269406250001 0.571735696875 0.6753429375 0.4102993640625
0 0.6785244140625 0.41333991406250004 0.6885199875 0.5729106015625 0.7711798484375 0.5928420375 0.756249709375 0.4311496703125 0.6785244140625 0.41333991406250004
1 0.42975146718749996 0.5124602578124999 0.5137249078125 0.5286513109375 0.5127032078125 0.367714778125 0.43223594375 0.34968598281249996 0.4306584796875 0.37214363437500003 0.42975146718749996 0.5124602578124999
1 0.0870071984375 0.274653425 0.043889424999999996 0.2625768484375 0.0075551734375 0.408305571875 0.0704305765625 0.42318694062500006 0.0870071984375 0.274653425
0 0.1731385046875 0.30650355937499996 0.0883809375 0.2818647671875 0.074015425 0.42408074375 0.1623743703125 0.4438525109375 0.1731385046875 0.30650355937499996
0 0.3436373578125 0.3499692890625 0.25974322031249997 0.3279030734375 0.25330219062500003 0.4677885296875 0.3415016796875 0.48842316874999997 0.3436373578125 0.3499692890625
0 0.2588424671875 0.3267426625 0.17494039374999998 0.30525272187499997 0.1648315703125 0.44672375156250005 0.251532696875 0.47059936249999995 0.2588424671875 0.3267426625
0 0.42546108125000004 0.3717261984375 0.34489885625 0.3518457625 0.342019525 0.4878743015625 0.42671283750000005 0.5103466796875 0.42546108125000004 0.3717261984375
1 0.8162718968749999 0.7233016484375 0.8181778187500001 0.9211405750000001 0.90332761875 0.940746925 0.8888670187500001 0.7449827265625 0.8162718968749999 0.7233016484375
1 0.1544896359375 0.560907703125 0.0639439140625 0.5348594421875 0.0442496484375 0.730993475 0.1407921234375 0.756146803125 0.1544896359375 0.560907703125
1 0.7368823890625 0.7030747359375 0.73482096875 0.904146421875 0.8160562453125 0.921152896875 0.81177630625 0.723596684375 0.7368823890625 0.7030747359375
1 0.25431205625 0.586219528125 0.24258573125 0.7826093843749999 0.3372506046875 0.806753278125 0.34461351093750003 0.6039805734375 0.25431205625 0.586219528125
0 0 0.719982540625 0.0437575328125 0.7285480234375 0.0610476765625 0.5355743734375 0 0.521949675 0 0.719982540625
0 0.6266703578125 0.6786259921875 0.6273433546875 0.877998940625 0.7152944171875 0.9010101875000001 0.712158025 0.6988674640625 0.6266703578125 0.6786259921875
1 0.346366028125 0.6103717390625001 0.33804522812500004 0.8047862312499999 0.43105436093750005 0.8258108421875001 0.434540928125 0.6361452546875 0.346366028125 0.6103717390625001
0 0.15863194375 0.5610651375 0.14319950312500002 0.7589121999999999 0.2415550640625 0.7828937 0.25051314375 0.5908032703125 0.15863194375 0.5610651375
1 0.5264621296875001 0.6579701390625 0.5312419421875 0.8567446296875 0.62609641875 0.8776880453125001 0.6240430031249999 0.6785217984374999 0.5264621296875001 0.6579701390625
0 0.4335132203125 0.8036896296875 0.433426321875 0.8247783640625 0.528252490625 0.854375396875 0.5237795578125 0.6573123609375 0.4371463765625 0.63656699375 0.4335132203125 0.8036896296875
1 0.10935718593749999 0 0.1078097734375 0.006206334375 0.1053844375 0.031196923437500003 0.18529811406250002 0.0502751765625 0.188607059375 0 0.10935718593749999 0
1 0.18904083124999999 0 0.1856718265625 0.05163804843749999 0.26558550468750003 0.0707163046875 0.2689042453125 0 0.18904083124999999 0
1 0.8906428140625 1 0.9058893703124999 0.9388494 0.8159616015625 0.9224942609375001 0.818856821875 1 0.8906428140625 1
0 0.2697435734375 0 0.2659014078125 0.072107065625 0.345207546875 0.09453072031250001 0.34654630000000003 0 0.2697435734375 0
1 0.3478039921875 0 0.34544125625 0.09458899062500001 0.42204658281249996 0.11589752812500001 0.4220804125 0.007238890624999999 0.3970294890625 0 0.3478039921875 0
1 0.502049253125 0.032919932812500004 0.42254231875 0.0068966734375000005 0.4223702734375 0.11553649531250001 0.5011300171874999 0.1351735046875 0.502049253125 0.032919932812500004
1 0.72192690625 1 0.7165892046875 0.9034092609375 0.6281380578125 0.880803303125 0.6307900515625 1 0.72192690625 1
1 0.6283347796875 1 0.6248008546875 0.8805238546874999 0.5319427359375 0.86260016875 0.5344595140624999 1 0.6283347796875 1
1 0.8168082359375 1 0.8126779781250001 0.920941303125 0.7227488546874999 0.9024654062499999 0.72630795 1 0.8168082359375 1
1 0.5312499328125 1 0.527415309375 0.860258896875 0.4384998171875 0.83480585625 0.434689478125 0.9990230734375001 0.43860771718749997 1 0.5312499328125 1
1 0.046191203125000004 0.73570765625 0.030730565625 0.898304803125 0.129319203125 0.9228857125 0.13684137031250002 0.7588618921875 0.046191203125000004 0.73570765625
1 0.139746540625 0.7616029796875 0.1326388875 0.9237134015624999 0.231640290625 0.9483972250000001 0.23632661718749998 0.7852727421875 0.139746540625 0.7616029796875
1 0.2379840640625 0.7860963453125 0.23271001249999998 0.9486639359375 0.3335471296875 0.973805453125 0.3358605640625 0.8124989359375 0.2379840640625 0.7860963453125
1 0.3387901859375 0.8118724734375 0.33393839375 0.9739030062499999 0.43250824374999997 0.9984792296875 0.43425638437499997 0.8338189796875 0.3387901859375 0.8118724734375
1 0 0.8906428140625 0.0272036296875 0.897425440625 0.044203128125000005 0.7357645828125 0 0.7259221734375 0 0.8906428140625
1 0.72815255625 0.083121659375 0.730283990625 0.20016221562499997 0.804440640625 0.2173095328125 0.799344015625 0.0986127515625 0.72815255625 0.083121659375
1 0.5011770453125 0.13474349531250002 0.5759511796875 0.1521861484375 0.572261465625 0.051751010937499994 0.50316113125 0.03319715625 0.5011770453125 0.13474349531250002
1 0.8013165515624999 0.0997755671875 0.80475399375 0.2186675078125 0.8797822828124999 0.23877833750000002 0.8631678968750001 0.1178808625 0.8013165515624999 0.0997755671875
1 0.6487052249999999 0.0702893 0.6532848296875 0.176267125 0.7291389875000001 0.197192709375 0.7238873015625 0.0851673296875 0.6487052249999999 0.0702893
1 0.64577593125 0.07052196093749999 0.57341205625 0.0508715578125 0.5767948890625 0.154038875 0.652361690625 0.1755302125 0.64577593125 0.07052196093749999
1 1 0.1562325484375 0.9371846390625 0.13725131562499998 0.9561968484375001 0.259172640625 1 0.27009399375 1 0.1562325484375
0 0.8785256531250001 0.24316206718750003 0.9542198531249999 0.2586797203125 0.9380102609375 0.1633814 0.932990365625 0.136631571875 0.8680639203125 0.121785603125 0.8785256531250001 0.24316206718750003