1 0.82696031875 0.17325952656250002 0.881185525 0.283141565625 0.9556698062500001 0.27322758281250004 0.897851009375 0.1632745921875 0.82696031875 0.17325952656250002
1 0.74862470625 0.1884655171875 0.8077842203125 0.29916699062499996 0.878667925 0.2865277375 0.8189003343750001 0.1759418171875 0.74862470625 0.1884655171875
1 0.5694310406249999 0.22276441875000003 0.4934175640625 0.23273506249999998 0.4884928859375 0.2335150546875 0.5424904749999999 0.346020478125 0.6223029296875 0.33074983593749996 0.5694310406249999 0.22276441875000003
1 0.5742314937499999 0.22035735625 0.62652165625 0.32800013125 0.7103468046875 0.3203730453125 0.6537099921875 0.207878878125 0.5742314937499999 0.22035735625
1 0.6576365656250001 0.2059983453125 0.7150936765625 0.32261704375 0.7992612625 0.3088154125 0.7399088546875 0.1925142203125 0.6576365656250001 0.2059983453125
1 0.4100667546875 0.24756487656249998 0.46107657968750004 0.3624192 0.5430473859375 0.34680670625 0.48920632968750005 0.2350303984375 0.4100667546875 0.24756487656249998
1 0.3226887421875 0.2638606265625 0.373341134375 0.3801096453125 0.4586510421875 0.364625690625 0.40805595156249996 0.247733484375 0.3226887421875 0.2638606265625
0 0 0.36892641249999997 0.0291814734375 0.456313428125 0.11592912500000001 0.44198618125 0.0668098921875 0.3021265328125 0 0.3120562484375 0 0.36892641249999997
1 0.0673912421875 0.3028629359375 0.1183955390625 0.4449338515625 0.207509225 0.43157260624999993 0.1587688078125 0.29004711250000004 0.0673912421875 0.3028629359375
0 0.23888216562500003 0.2765299234375 0.2963338 0.419742578125 0.37968850625 0.405883090625 0.319646190625 0.2612527140625 0.23888216562500003 0.2765299234375
0 0.159094140625 0.28916710625 0.20871739687500002 0.43230485781250005 0.29438703125 0.416763925 0.2368714734375 0.278505346875 0.159094140625 0.28916710625
1 0.886010784375 0.29600213750000004 0.8045403734375001 0.3106097578125 0.876810565625 0.45986418906250004 0.96541315 0.44650480156250005 0.886010784375 0.29600213750000004
1 0.969390625 0.45261362031249996 0.9984711453124999 0.4509963375 0.9721376046874999 0.2847329078125 0.8896638343750001 0.294432928125 0.969390625 0.45261362031249996
1 0.5448016296875 0.35759749687500003 0.46493847656250004 0.371403371875 0.5264955875 0.518858496875 0.61447345 0.5015547781249999 0.5448016296875 0.35759749687500003
1 0.8020240734374999 0.3194125109375 0.7156134187500001 0.3333171203125 0.7918867734374999 0.477358075 0.8730753953124999 0.45776026875 0.8020240734374999 0.3194125109375
1 0.6291983421875 0.3469258859375 0.5487917546875 0.3586612375 0.6138031578125 0.5003131828125 0.7033428203125001 0.492870284375 0.6291983421875 0.3469258859375
1 0.6333563375 0.3485010421875 0.7056593999999999 0.493177253125 0.7903663062499999 0.47908711718749997 0.7126385125 0.33438413906250003 0.6333563375 0.3485010421875
1 0.44125078906250004 0.5390987390624999 0.5257017171875 0.5210058703125 0.46120095625 0.371512421875 0.37928349375 0.386508509375 0.3866853015625 0.40804884374999995 0.44125078906250004 0.5390987390624999
1 0 0.5393508546875 0.0109236140625 0.6083198375000001 0.07199220625 0.5978970859375 0.028747671875000002 0.4530037375 0 0.4567120421875 0 0.5393508546875
0 0.12138793750000001 0.44864335781250003 0.032872259375000004 0.4591777265625 0.0756774421875 0.5973134015625 0.165618871875 0.5808231562499999 0.12138793750000001 0.44864335781250003
0 0.29703870781249997 0.4217728171875 0.21034149531250002 0.4343622 0.2595925859375 0.5671966937499999 0.3497265265625 0.551573121875 0.29703870781249997 0.4217728171875
0 0.209045975 0.433637228125 0.1225689453125 0.4467664953125 0.1690367625 0.5825267390625 0.25905770625 0.570513746875 0.209045975 0.433637228125
1 0.38168923125 0.4097132484375 0.29895231718750004 0.423022225 0.34999115000000003 0.5508573296875 0.4375916203125 0.5383305375 0.38168923125 0.4097132484375
1 1 0.6524656171875 0.9598399265625 0.57429995625 0.883797775 0.582784440625 0.9636925796875 0.766299653125 1 0.75987470625 1 0.6524656171875
1 0.2045126953125 0.69296375625 0.11006007656250001 0.7044719203125 0.16920323125 0.8949322343749999 0.26887673125 0.8802215359375 0.2045126953125 0.69296375625
1 0.8020141437499999 0.59530743125 0.8794976734375 0.7834009296875 0.961725340625 0.7671492468750001 0.8797354125 0.5848352 0.8020141437499999 0.59530743125
1 0.30729765000000003 0.6771049578125 0.37394841093750003 0.8646558484375 0.4714779828125 0.8497466984375001 0.3982507359375 0.657974534375 0.30729765000000003 0.6771049578125
0 0.0489863203125 0.84863830625 0.0680317328125 0.91392350625 0.16778011718750002 0.8928489359375 0.1076501953125 0.7062819546875 0.028738025 0.7207955984375001 0.0489863203125 0.84863830625
1 0.689912359375 0.616074471875 0.769266859375 0.8015055406249999 0.8601083562499999 0.78819369375 0.7773702734375 0.6011559953125001 0.689912359375 0.616074471875
1 0.402403546875 0.6632349750000001 0.47143986875 0.8476006671875 0.5661985984375 0.8304402937500001 0.4945438828125 0.65240749375 0.402403546875 0.6632349750000001
0 0.2084253390625 0.6914739921875 0.2722065109375 0.881846215625 0.373102628125 0.8653278234374999 0.3055764171875 0.6828750171875 0.2084253390625 0.6914739921875
1 0.5886073406250001 0.636422278125 0.671543003125 0.8196735609375001 0.7679850046875 0.801708565625 0.6874289640625 0.61701535 0.5886073406250001 0.636422278125
0 0.5597489437500001 0.808865128125 0.5679957421874999 0.8285416046874999 0.6678285953125 0.8186478156250001 0.5858540140625 0.63686935625 0.49713230937499997 0.6517710328125 0.5597489437500001 0.808865128125
1 0 0.11353336875 0.0323963 0.20630915625 0.11421358906250001 0.19250923125 0.07747747499999999 0.09316001874999999 0 0.105406871875 0 0.11353336875
0 0.1561277359375 0.08136062499999999 0.078316209375 0.0923532140625 0.11505642499999999 0.193679796875 0.19763001875 0.1832358 0.1561277359375 0.08136062499999999
1 0.234617025 0.07156351718750001 0.157466140625 0.0808704890625 0.197870271875 0.18319774687499998 0.27749298906250003 0.1727820625 0.234617025 0.07156351718750001
1 0.31909291562500003 0.06389166874999999 0.2349112546875 0.0710623015625 0.27765130937500004 0.172317925 0.358616603125 0.15949428125 0.31909291562500003 0.06389166874999999
1 0.77111296875 0.80380359375 0.8381663296875 0.9526722781249999 0.934614928125 0.9373963203125 0.8622592750000001 0.7899167031250001 0.77111296875 0.80380359375
1 0.674506675 0.8248505953124999 0.7385126859375 0.9684558640625 0.8359435656249999 0.9530243296875 0.7679005265625001 0.804861659375 0.674506675 0.8248505953124999
1 1 0.853518109375 0.9585015234375 0.768286734375 0.8676122562499999 0.7866042531249999 0.9378835265625 0.936878625 1 0.9270403421875001 1 0.853518109375
1 0.576671484375 0.835877003125 0.635752109375 0.9847315406250001 0.7353603750000001 0.9689551421875 0.6693736875 0.824458459375 0.576671484375 0.835877003125
1 0.3091946953125 1 0.2662764546875 0.8843111078125 0.172869546875 0.89855604375 0.2049574734375 1 0.3091946953125 1
1 0.42010412500000005 1 0.369181975 0.869609146875 0.2700593578125 0.8857164984375 0.31271751718749996 1 0.42010412500000005 1
1 0.5312314437500001 1 0.47245473281250006 0.855647359375 0.37104788125 0.8697214875 0.4213708109375 1 0.5312314437500001 1
1 0.53935085 1 0.6334329140625 0.9850988656249999 0.572337309375 0.8366341671875 0.47493057812500006 0.8539065359375 0.5317811515625 1 0.53935085 1
1 0.20176874531250003 1 0.1710440140625 0.8993944453125 0.0695787265625 0.9181079625 0.092379459375 1 0.20176874531250003 1
1 0.54909063125 0.021328803125 0.5972891875 0.12949893125 0.67299255 0.1161748078125 0.621383690625 0.007633445312500001 0.54909063125 0.021328803125
1 0.358490515625 0.159075190625 0.43488448125 0.145782209375 0.3917946203125 0.0536940375 0.3202359328125 0.0637106328125 0.358490515625 0.159075190625
1 0.6236764359375 0.0079372578125 0.6738200671875 0.11731584375 0.751503896875 0.1064076109375 0.6883197078125 0.00036655 0.6236764359375 0.0079372578125
1 0.47017323125 0.0407619578125 0.5162789984375 0.13766106875 0.595052246875 0.12718545 0.5459336734375 0.02491911875 0.47017323125 0.0407619578125
1 0.46754218593749997 0.042135862499999996 0.39251687031250004 0.052420375 0.436400359375 0.14717454531250002 0.5151299015624999 0.13733938750000002 0.46754218593749997 0.042135862499999996
1 0.7714934734375001 0 0.830588278125 0.0952157671875 0.9043080390625 0.083539703125 0.8517437453125 0 0.7714934734375001 0
1 0.70600348125 0 0.6944127140624999 0.0020692921875 0.752066859375 0.1109870640625 0.8285559203125 0.0955376609375 0.7758566703125 0.0131798625 0.76710378125 0 0.70600348125 0
1 0.8551725093749999 0 0.9044668921874999 0.082180653125 0.9395096171875 0.0787278984375 0.9270403421875001 0 0.8551725093749999 0