1 0.957637215625 0.23869058124999998 0.9751420875000001 0.23728886562499998 0.9625171281249999 0.117170409375 0.9075551890625 0.1219934765625 0.957637215625 0.23869058124999998
1 0.8258347546874999 0.1334639515625 0.8809685593750001 0.2512782140625 0.95485475 0.24205847343750003 0.8990867281250001 0.1243306796875 0.8258347546874999 0.1334639515625
0 0.63892439375 0.159200778125 0.5598841703125 0.1653785828125 0.5547561812499999 0.16591755625 0.6044618171875 0.2853177859375 0.687710946875 0.2738608828125 0.63892439375 0.159200778125
1 0.6440117390625 0.1569708140625 0.6922159703124999 0.2712445328125 0.779197471875 0.2679183734375 0.7267655640624999 0.1483859484375 0.6440117390625 0.1569708140625
1 0.7309220453124999 0.146653375 0.7839789359375 0.2704999140625 0.87164670625 0.26080099687499997 0.8166153375 0.1371798140625 0.7309220453124999 0.146653375
1 0.47300454375 0.176186315625 0.519498028125 0.29785510312499996 0.6049946171875 0.2861619828125 0.5554113625 0.1675250109375 0.47300454375 0.176186315625
1 0.38188684375 0.1882919796875 0.4279360578125 0.31138496718750003 0.5168741890625 0.3000068953125 0.4709188 0.17625125156250002 0.38188684375 0.1882919796875
0 0.1155659609375 0.213955484375 0.0272026328125 0.22238995312499998 0.06839927500000001 0.371507228125 0.1587599296875 0.361404853125 0.1155659609375 0.213955484375
0 0.1161266828125 0.2147494390625 0.16114833906249998 0.36459049062500004 0.2539004828125 0.3556170078125 0.21118747343750002 0.20646392812499997 0.1161266828125 0.2147494390625
0 0.29465290624999996 0.19683846875 0.346271559375 0.34821276874999996 0.4331029421875 0.3384096546875 0.37888512812499997 0.185426634375 0.29465290624999996 0.19683846875
0 0.21157086718749998 0.20557074218750002 0.255108778125 0.356440828125 0.34442148437500003 0.3450233828125 0.29246994531250003 0.1987736875 0.21157086718749998 0.20557074218750002
1 0.981077359375 0.293759209375 0.9619277343749999 0.2522658734375 0.8770020609375001 0.2629461015625 0.9435991578125 0.421382065625 0.9939743999999999 0.41646635156249995 0.981077359375 0.293759209375
1 0.6062250296875 0.2974274078125 0.5230024484375 0.3073653328125 0.5786325078125001 0.4633548828125 0.670424 0.450238540625 0.6062250296875 0.2974274078125
1 0.873929153125 0.2719208984375 0.7839393015625 0.2816041546875 0.8549515187500001 0.4348617109375 0.9398549859375 0.4190006609375 0.873929153125 0.2719208984375
1 0.6939608203125001 0.2909809390625 0.6102885421875001 0.29874599218750003 0.6697986390625 0.4489168 0.7626718968749999 0.4460927625 0.6939608203125001 0.2909809390625
1 0.6981701499999999 0.29283804999999996 0.765047815625 0.4465367765625 0.8532881109374999 0.436568615625 0.78080948125 0.28254650937500003 0.6981701499999999 0.29283804999999996
1 0.4895054046875 0.479659853125 0.577696959375 0.4655344125 0.5191366390625001 0.3072745 0.433728346875 0.31833247343750004 0.440212234375 0.341032834375 0.4895054046875 0.479659853125
1 0 0.4837455359375 0.00981045 0.53155613125 0.1049852546875 0.520397321875 0.06812955312499999 0.3680576390625 0 0.3732357734375 0 0.4837455359375
0 0.16403891875 0.3685933890625 0.07205664843750001 0.374673296875 0.10882263437499999 0.519993996875 0.20259818749999997 0.5078267234375 0.16403891875 0.3685933890625
1 0.3468901890625 0.3503527390625 0.25667524531249997 0.35865895625 0.3003838234375 0.4988436 0.39431150625 0.4875839359375 0.3468901890625 0.3503527390625
0 0.25537634531250003 0.35783790781249997 0.16535971249999998 0.366714971875 0.2060362515625 0.509776434375 0.2996527390625 0.5022480109374999 0.25537634531250003 0.35783790781249997
1 0.4349628703125 0.34248339375 0.3487991703125 0.35175032968750003 0.3946233546875 0.4868574265625 0.485767771875 0.478665228125 0.4349628703125 0.34248339375
1 1 0.545724009375 0.944193671875 0.5490006734375 1 0.6983145390625001 1 0.545724009375
1 0.23672502343750002 0.62602609375 0.13855890312500002 0.6327904140625 0.1893793125 0.8331641218750001 0.293109825 0.823369340625 0.23672502343750002 0.62602609375
1 1 0.7060417203125 0.9398877828125001 0.55090205 0.859056815625 0.5575059765625 0.928945790625 0.7564293640625 1 0.7462090734375 1 0.7060417203125
1 0.34373074375 0.615212475 0.40246138125 0.8129837671875 0.503988434375 0.802866709375 0.4386933125 0.60036743125 0.34373074375 0.615212475
0 0.036825098437499995 0.6474533828125 0.08387115 0.8473081828125 0.188021815625 0.8309300828125 0.135972590625 0.6345326765625 0.036825098437499995 0.6474533828125
1 0.7421647124999999 0.5728924328125 0.814129359375 0.7691618484375 0.9086632421875 0.760333671875 0.833290740625 0.562216775 0.7421647124999999 0.5728924328125
1 0.44269876406249997 0.6060389875000001 0.5040646765625 0.800643225 0.6028514078125 0.7880448484375 0.5384401984375 0.59985323125 0.44269876406249997 0.6060389875000001
0 0.24084606718749998 0.624697259375 0.29646114687499997 0.825232575 0.40155169687500003 0.81363324375 0.3416423109375 0.62109139375 0.24084606718749998 0.624697259375
0 0.6364455812500001 0.588433396875 0.7122261046875 0.782641653125 0.8127945859375 0.7693021390625 0.7395492953125 0.573731003125 0.6364455812500001 0.588433396875
0 0.5973527359374999 0.765360328125 0.60480969375 0.786177421875 0.708445296875 0.7813774265625 0.63357799375 0.5887461109375 0.5411476890625 0.5993354953125001 0.5973527359374999 0.765360328125
1 0 0.1214080796875 0.08433265 0.11168745625000001 0.0643957828125 0.0430297078125 0 0.049797978124999996 0 0.1214080796875
1 0.1704271890625 0.10307161875 0.1490005234375 0.0341373921875 0.06484194531250001 0.0429828140625 0.0851867859375 0.1128968765625 0.1704271890625 0.10307161875
0 0.257075271875 0.098019009375 0.2318877671875 0.025425590625 0.1498741015625 0.034045575 0.171234571875 0.1043292390625 0.257075271875 0.098019009375
1 0.340117090625 0.0915509578125 0.3130541015625 0.016894665625 0.23298111718749998 0.025310674999999998 0.25732544218750003 0.097992715625 0.340117090625 0.0915509578125
1 0.42461350937500003 0.082218028125 0.3984062515625 0.00792379375 0.31350295156249997 0.016847490625 0.3403056 0.0910791453125 0.42461350937500003 0.082218028125
1 0.815912140625 0.771641240625 0.8897179281250001 0.9617931343749999 0.9913357968750001 0.9511126671874999 0.910791796875 0.7622344359375 0.815912140625 0.771641240625
1 0.7150079671875 0.7881620593750001 0.7858100140625 0.972714296875 0.8876653421875 0.9620088703125 0.8125374875 0.7725613796874999 0.7150079671875 0.7881620593750001
1 1 0.7467666109375 0.9164985375000001 0.7590973984375 0.9940617546875 0.95082615625 1 0.9502020218749999 1 0.7467666109375
1 0.613374440625 0.794243334375 0.6773440390625 0.9841145296875 0.782853125 0.9730250781249999 0.709727984375 0.7874763812500001 0.613374440625 0.794243334375
1 0.34403535625 1 0.290204084375 0.8274608328124999 0.1929705 0.8371150453125 0.235194965625 1 0.34403535625 1
1 0.45752620781250003 1 0.3972720046875 0.8178512546875 0.29403518281249996 0.8291217718749999 0.34772422812500003 1 0.45752620781250003 1
1 0.5262038859375 1 0.5693301828124999 0.99546724375 0.5046793171874999 0.809027865625 0.3991929703125 0.8180692421875 0.458629975 1 0.5262038859375 1
1 0.5073300265625 0.8073608406250001 0.5693036171875 0.9954700359374999 0.6753693890625 0.984322075 0.608857521875 0.794790865625 0.5073300265625 0.8073608406250001
1 0.2313517359375 1 0.19104001406249999 0.8378833968749999 0.0852434015625 0.8517239328124999 0.118232434375 1 0.2313517359375 1
1 0.648105528125 0 0.6727190515625 0.0641777640625 0.7516196484375001 0.0545117875 0.7291591296875 0 0.648105528125 0
1 0.4737961140625 0 0.39929167187500003 0.007830732812500001 0.42450586875 0.08177734375 0.5041180093750001 0.0721812453125 0.4748967109375 0 0.4737961140625 0
1 0.73035194375 0 0.7524128046875 0.055738006250000006 0.83322859375 0.048680721875 0.8076254828125 0 0.73035194375 0
1 0.5604889921875 0 0.5886158828125 0.0682111984375 0.6705334703125 0.06166109843749999 0.644844053125 0 0.5604889921875 0
1 0.47610681093749996 0 0.5056085328125 0.0737051078125 0.5874464828125 0.067815584375 0.55793234375 0 0.47610681093749996 0
1 0.89276458125 0 0.915506084375 0.0414062 0.95412734375 0.037346942187499996 0.9502020218749999 0 0.89276458125 0
1 0.808805909375 0 0.8335633046875 0.053451709375 0.913389821875 0.041628628125 0.8897754796875 0 0.808805909375 0