1 0.8732800484375 0.2121199890625 0.9084863875 0.325142846875 0.9812045921875001 0.3269394234375 0.942573046875 0.213305878125 0.8732800484375 0.2121199890625
1 0.79607805625 0.2147901390625 0.8358781578125001 0.3293403328125 0.9055664374999999 0.32799290000000003 0.8651674359375001 0.213461065625 0.79607805625 0.2147901390625
1 0.61955100625 0.2204354515625 0.54536210625 0.21846186875 0.5405353421875 0.21846186875 0.5751267734375001 0.33395308749999997 0.6537506140625 0.3314444125 0.61955100625 0.2204354515625
1 0.6245053953124999 0.21886442968750003 0.6582006828125 0.3294586015625 0.739503675 0.33484833593749996 0.702387090625 0.218969065625 0.6245053953124999 0.21886442968750003
1 0.7064261984375 0.21776831562500001 0.7437024937500001 0.33770640625000004 0.8262679546875 0.3372572609375 0.7871314218750001 0.21733569375 0.7064261984375 0.21776831562500001
1 0.46342188906250004 0.22001533593749997 0.49480091249999997 0.33729598906249997 0.5755401921875001 0.3347873125 0.5409880109375 0.22001533593749997 0.46342188906250004 0.22001533593749997
1 0.3774091328125 0.22235881562499998 0.4082351953125 0.3409160234375 0.49214763437500003 0.3390345171875 0.46147376093750003 0.21987235468750002 0.3774091328125 0.22235881562499998
0 0.12696011406250002 0.220201475 0.0438708296875 0.2194110875 0.0676328140625 0.3616127078125 0.1527447609375 0.361051965625 0.12696011406250002 0.220201475
1 0.1274044421875 0.2209918578125 0.15465659375000002 0.3642367734375 0.24188449374999998 0.364955125 0.2167143140625 0.222572628125 0.1274044421875 0.2209918578125
0 0.29536032031250004 0.22178224375000002 0.32860408125 0.3670906 0.41040108281250004 0.3664634296875 0.374894984375 0.2194110875 0.29536032031250004 0.22178224375000002
0 0.21715864218749997 0.22178224375000002 0.24292877656249998 0.3658362609375 0.32719378906249996 0.363954753125 0.2931386828125 0.22336301406249998 0.21715864218749997 0.22178224375000002
1 0.9111524171875001 0.33814115624999996 0.83104375625 0.339766778125 0.8775410796875001 0.4930781984375 0.9642800156250001 0.49372109374999995 0.9111524171875001 0.33814115624999996
0 1 0.3405954 0.9148828531250001 0.3371960859375 0.9671579140625 0.5001500140624999 1 0.5034883359375 1 0.3405954
1 0.5755833609375001 0.3453469796875 0.4971328671875 0.3464505828125 0.53365954375 0.49642667031250004 0.620398478125 0.4932122109375 0.5755833609375001 0.3453469796875
1 0.8273047796874999 0.3477845390625 0.7425790531249999 0.347992996875 0.7936934421874999 0.49693555468749995 0.8742883703125001 0.49050663125 0.8273047796874999 0.3477845390625
1 0.6578938984375 0.3479185484375 0.5792373625 0.346964721875 0.6199456140625 0.49192642343750004 0.7066845484375001 0.49835534687500005 0.6578938984375 0.3479185484375
0 0.6616309578124999 0.3500495546875 0.7088530203125 0.4989982390625 0.791977834375 0.49835534687500005 0.7395730609375 0.348561440625 0.6616309578124999 0.3500495546875
1 0.44908908125 0.50285559375 0.5325753062499999 0.49835534687500005 0.4935427859375 0.34598987187499997 0.4129478578125 0.3479185484375 0.416762975 0.3695868203125 0.44908908125 0.50285559375
1 0 0.504194846875 0.0871246203125 0.5031547109375001 0.0677192515625 0.35838965625 0 0.356443590625 0 0.504194846875
0 0.1569559703125 0.3682278609375 0.0707279375 0.36490297968749996 0.0907365859375 0.5031547109375001 0.1792297640625 0.5010130140625 0.1569559703125 0.3682278609375
0 0.32897061562499996 0.36913399375 0.2441700734375 0.36804440625 0.27114465781249997 0.5022127015625 0.3596906546875 0.5009269171875 0.32897061562499996 0.36913399375
0 0.2430411703125 0.3671570140625 0.158369396875 0.366615753125 0.18223973437500002 0.5031547109375001 0.27013091875 0.50529640625 0.2430411703125 0.3671570140625
0 0.411734015625 0.370419778125 0.33061107343749996 0.37061510000000003 0.3600520671875 0.500284025 0.44570676562499995 0.5015698093750001 0.411734015625 0.370419778125
1 0.8656071609374999 0.611402003125 0.914206290625 0.7985508828125 0.9996161640624999 0.7970110515625 0.939598415625 0.6147977421874999 0.8656071609374999 0.611402003125
1 0.1994352375 0.6138739828124999 0.10738323125 0.6105810390624999 0.1350892875 0.8012200625 0.232618128125 0.8022466171874999 0.1994352375 0.6138739828124999
1 0.785514709375 0.6109915234375001 0.8311150203125001 0.8021438203125 0.912196690625 0.7990641593750001 0.8614124421874999 0.6127446328125 0.785514709375 0.6109915234375001
1 0.30011290625 0.614275375 0.3354378234375 0.8032731703125 0.4309468359375 0.8037864453125 0.38997318124999997 0.6097677703125 0.30011290625 0.614275375
0 0.011236925 0.6142603859375 0.0354799265625 0.8040509 0.134044090625 0.799017525 0.1048049609375 0.6119437078125001 0.011236925 0.6142603859375
0 0.6751856265625 0.6138648921875001 0.7229780234375001 0.8027598921875001 0.8118504578125 0.8037864453125 0.7610662109375 0.6128474296875 0.6751856265625 0.6138648921875001
1 0.3931471953125 0.615413815625 0.43123538124999994 0.8017333375 0.52443601875 0.7996802296875 0.48288527031250006 0.6190067531250001 0.3931471953125 0.615413815625
0 0.20340184843750003 0.6130439296875 0.2355558046875 0.8042997250000001 0.3345273796875 0.8037864453125 0.2975933796875 0.61952003125 0.20340184843750003 0.6130439296875
1 0.575243171875 0.6179697109375 0.6267897359375 0.805326278125 0.7217216546875 0.8027598921875001 0.6726686875000001 0.6143872609375001 0.575243171875 0.6179697109375
0 0.5215365624999999 0.7781226 0.5264418578125001 0.7981404000000001 0.6233936046874999 0.8037864453125 0.572542925 0.6179801984375 0.4854565328125 0.6187906734374999 0.5215365624999999 0.7781226
1 0.089840575 0.022455725000000003 0.0126331265625 0.022752617187499997 0.027571559375 0.123188784375 0.107889565625 0.12238613125 0.089840575 0.022455725000000003
1 0.16880490937499998 0.022455725000000003 0.09023587968749999 0.022431664062500002 0.10856640312500002 0.12359011093750001 0.1888844109375 0.1227874578125 0.16880490937499998 0.022455725000000003
1 1 0.794709125 0.912424159375 0.800358475 0.9669016312500001 0.9885456421875001 1 0.9891998265625 1 0.794709125
0 0.2457918625 0.023083070312500002 0.1697290296875 0.021812753125 0.18951300625 0.12403155156250001 0.27004593125 0.1265447890625 0.2457918625 0.023083070312500002
1 0.32232168906249997 0.025596309374999997 0.24714578125000003 0.022817707812499997 0.2702814078125 0.1265447890625 0.347988615625 0.12863915937499998 0.32232168906249997 0.025596309374999997
1 0.40425365625 0.031041664062500002 0.32267891249999997 0.0251626 0.348210278125 0.128220284375 0.42756581875000005 0.128220284375 0.40425365625 0.031041664062500002
1 0.8136460968750001 0.8057552328125 0.724395140625 0.805231225 0.774683475 0.9893072703125 0.87059146875 0.9900688953125 0.8136460968750001 0.8057552328125
1 0.7211633890625 0.8057552328125 0.628839409375 0.8107130703125 0.6774910000000001 0.99159215 0.7729708328125 0.9900688953125 0.7211633890625 0.8057552328125
1 0.908942034375 0.79966221875 0.8192658828124999 0.80340394375 0.8755455031249999 0.9984467890625 0.9701690125000001 0.9999700421875 0.908942034375 0.79966221875
1 0.623990975 0.8095633671875 0.533626171875 0.8064494124999999 0.5756088171875 0.9931154031249999 0.6757984171875 0.995400284375 0.623990975 0.8095633671875
1 0.26860287656250004 1 0.229512609375 0.8057552328125 0.1380459953125 0.805231225 0.1674027953125 1 0.26860287656250004 1
1 0.3723579578125 1 0.3301303671875 0.8072784859375 0.2329167390625 0.8076676015625001 0.2720250328125 1 0.3723579578125 1
1 0.475594253125 1 0.4309871625 0.8095633671875 0.3318974078125 0.8076676015625001 0.3732922359375 1 0.475594253125 1
1 0.5754492640625 1 0.5293674625 0.8065168609375 0.4336180234375 0.8082766953125 0.4753829265625 1 0.5754492640625 1
1 0.16347303124999998 1 0.1361735796875 0.8057552328125 0.036325378125 0.8082766953125 0.058416671875000006 1 0.16347303124999998 1
1 0.630607590625 0.025188954687499997 0.6603109 0.1356679859375 0.7347111265625 0.13439543125 0.701803334375 0.0230469375 0.630607590625 0.025188954687499997
1 0.427508728125 0.1278014125 0.5025645484375 0.12666292031249998 0.475310434375 0.032298284375 0.405373946875 0.031041664062500002 0.427508728125 0.1278014125
1 0.7039494937499999 0.023683215625 0.7353295484375 0.1356090390625 0.8112575109375 0.1369405390625 0.7669035296875 0.0262283234375 0.7039494937499999 0.023683215625
1 0.5522091859375 0.0318039828125 0.581618353125 0.1312140453125 0.6585224328125 0.133122878125 0.6270454140624999 0.02813715625 0.5522091859375 0.0318039828125
1 0.549485496875 0.032717156250000004 0.47619387968750004 0.0311923203125 0.503803078125 0.128220284375 0.5805683796875 0.130733525 0.549485496875 0.032717156250000004
1 0.8416968390624999 0.0270969203125 0.8885675375 0.13821309375 0.9608216 0.13821309375 0.914679153125 0.0306822640625 0.8416968390624999 0.0270969203125
0 0.81110228125 0.14139447968750002 0.8865755859375 0.13821309375 0.8486600859375001 0.051679409375 0.8375715906250001 0.027500878125 0.7724713953125 0.02877343125 0.81110228125 0.14139447968750002
1 1 0.0300295390625 0.9178776609374999 0.029768590625 0.9611792953125 0.1369405390625 1 0.13922336875000002 1 0.0300295390625