1 1 0.40591255937500004 0.99796555 0.324741225 0.9261076359375 0.3029114125 0.92878851875 0.4346365296875 1 0.45626233593750004 1 0.40591255937500004
1 0.7417516359375 0.24945932499999998 0.6657315625 0.2225044234375 0.6607425546875 0.220883396875 0.6577237625000001 0.35183153749999996 0.73983264375 0.375644596875 0.7417516359375 0.24945932499999998
1 0.7473999859375 0.24949995781249998 0.745098975 0.37508728125 0.8273253953124999 0.40796111562500004 0.8278644296875 0.275763971875 0.7473999859375 0.24949995781249998
1 0.8324424234375 0.2758798 0.8307058312500001 0.4123243453125 0.9161973953125001 0.439589165625 0.9160056750000001 0.3025369484375 0.8324424234375 0.2758798
1 0.5805155156249999 0.19659062031250002 0.57357558125 0.32830882968749997 0.657871009375 0.352832340625 0.6606889046875 0.22264053437500003 0.5805155156249999 0.19659062031250002
1 0.4908248109375 0.1701253703125 0.4828847609375 0.3029768671875 0.5702494546875 0.32921407812500003 0.578549903125 0.195788625 0.4908248109375 0.1701253703125
0 0.23268158906249997 0.083785159375 0.14706473281250002 0.055063675 0.12388520624999999 0.20997327187499998 0.21204631406250002 0.23797799999999997 0.23268158906249997 0.083785159375
1 0.232875503125 0.0847510453125 0.21295320156250003 0.2419107640625 0.3028719703125 0.2719477375 0.32465669375 0.11637832031249999 0.232875503125 0.0847510453125
0 0.4062116171875 0.14197424375 0.39178958124999996 0.30327823593750003 0.476546621875 0.3301010328125 0.4892157703125 0.1662352859375 0.4062116171875 0.14197424375
0 0.32538130625 0.1157108828125 0.3036555390625 0.27320888125 0.39138465624999996 0.2995644984375 0.403384603125 0.14286145 0.32538130625 0.1157108828125
1 1 0.4679090453125 0.9202912265625001 0.4437860265625 0.916881446875 0.6178102546875001 0.9805596609375 0.6390234343750001 1 0.57919221875 1 0.4679090453125
1 0.6543705156249999 0.3637575796875 0.572912521875 0.33855095 0.560316690625 0.5057804 0.6510503890625 0.5315895937499999 0.6543705156249999 0.3637575796875
1 0.9137348296875001 0.45081464843749997 0.8260911906249999 0.42257563125 0.828920396875 0.593636346875 0.9143827359375001 0.614060796875 0.9137348296875001 0.45081464843749997
1 0.738584465625 0.3940579265625 0.6576042296875 0.36665626875 0.6510139703125 0.5301089671875 0.738510171875 0.5658821546875 0.738584465625 0.3940579265625
0 0.7417317171875 0.3975148421875 0.7405357015625 0.567274684375 0.8266704656250001 0.5945271703125 0.82279331875 0.4221534375 0.7417317171875 0.3975148421875
1 0.47074518593750003 0.48402080156249994 0.558548509375 0.507409065625 0.5693564359375001 0.33686922343750003 0.4854049296875 0.311794909375 0.48207376718750006 0.335464853125 0.47074518593750003 0.48402080156249994
1 0.12505659687499998 0.2066720921875 0.0753431390625 0.188925440625 0.026001537499999998 0.3407832734375 0.0965134109375 0.36276721562500003 0.12505659687499998 0.2066720921875
0 0.21398997031250003 0.2468067671875 0.12597974843749998 0.2144124046875 0.1002467875 0.3639802640625 0.1924335453125 0.3914870359375 0.21398997031250003 0.2468067671875
0 0.3914824234375 0.3055126640625 0.3041972375 0.27590731874999996 0.2870352609375 0.42359543437499997 0.3789892640625 0.4520043125 0.3914824234375 0.3055126640625
0 0.3033283046875 0.2746112921875 0.215992128125 0.24561574843749998 0.194825678125 0.3947108078125 0.284952178125 0.42644120625 0.3033283046875 0.2746112921875
0 0.47659612500000004 0.3346365703125 0.39268078281249996 0.3075939453125 0.3795786578125 0.451461425 0.4676808453125 0.481556346875 0.47659612500000004 0.3346365703125
1 0.8522251531249999 0.9457525578125001 0.8783112421875 0.9537117046875 0.939854021875 0.76430250625 0.8648224640625 0.7360600171875 0.8522251531249999 0.9457525578125001
1 0.1754282671875 0.51488608125 0.081387584375 0.4805687859375 0.0460231921875 0.6868507453125 0.14648568281250002 0.72066565 0.1754282671875 0.51488608125
1 0.78217563125 0.7087375312499999 0.765134665625 0.9215594625 0.8499756843749999 0.945607990625 0.8600359953125001 0.7360385265625 0.78217563125 0.7087375312499999
1 0.27935530937499997 0.5491125453125 0.252416871875 0.756257440625 0.3509639578125 0.788863659375 0.37374940625 0.5746338765625 0.27935530937499997 0.5491125453125
0 0 0.6719170421875 0.0456823046875 0.6842239609375 0.0782651734375 0.4811108671875 0 0.45780549375 0 0.6719170421875
1 0.6671733468750001 0.6746533578125 0.6531559765625 0.8858791359374999 0.7446710875 0.9167868609375001 0.7562822640625 0.702444321875 0.6671733468750001 0.6746533578125
1 0.37513460625 0.5815335984375001 0.3519514765625 0.7868392 0.4489741890625 0.8160184640624999 0.4666828640625 0.61538375 0.37513460625 0.5815335984375001
0 0.1798068765625 0.5153605828125001 0.14883283281249998 0.723773609375 0.25130350625000003 0.7564820171875 0.274990346875 0.5536854078125 0.1798068765625 0.5153605828125001
1 0.5624933984375 0.645329834375 0.5528728703125 0.8562268390625001 0.651857375 0.8854571953124999 0.6643964328124999 0.6743478015625 0.5624933984375 0.645329834375
0 0.4532146453125 0.7927703578124999 0.45156440625 0.8151010843750001 0.5498795390625 0.8534952499999999 0.5596988640625 0.6444338171874999 0.46941309999999997 0.6160240234375001 0.4532146453125 0.7927703578124999
0 0.3302937453125 0 0.329623478125 0.0054257640624999996 0.412019646875 0.0350688484375 0.41496576875 0 0.3302937453125 0
1 0.4155991421875 0 0.4122630375 0.03514793125 0.49187913125 0.063409228125 0.49632211875000004 0 0.4155991421875 0
1 0.49674741874999995 0 0.49224887031250003 0.0630508703125 0.5742718296875 0.0897017453125 0.581286734375 0.0006805484375 0.579192221875 0 0.49674741874999995 0
1 0.7447054703125 1 0.74586611875 0.919424153125 0.6537910453125 0.8889085578125 0.648523228125 1 0.7447054703125 1
1 0.6458009015624999 1 0.65027474375 0.8883646328125 0.5531829734375 0.8624810890625 0.5461198781250001 1 0.6458009015624999 1
1 0.8454552609375 1 0.846410846875 0.9451328875 0.752464184375 0.9188820484375 0.7497745250000001 1 0.8454552609375 1
1 0.54263311875 1 0.5485575484375 0.8596648546875001 0.4562006921875 0.8260991328125 0.44000629062499996 1 0.54263311875 1
1 0.04773265 0.6919882484375 0.0183108296875 0.8692208125 0.12128091562500001 0.902677821875 0.14209785625 0.723247953125 0.04773265 0.6919882484375
1 0.1449743859375 0.72636715 0.12475044375 0.9038051406250001 0.22794637187500003 0.9373355296874999 0.245586340625 0.75861345625 0.1449743859375 0.72636715
1 0.247282140625 0.7596089546875 0.229037590625 0.9376900890625001 0.3341642921875 0.971847825 0.3490662 0.7948461874999999 0.247282140625 0.7596089546875
1 0.43767842031250004 1 0.45177618906249994 0.824738571875 0.3522174578125 0.7944002921875 0.3344754734375 0.9719489328125 0.42080778125 1 0.43767842031250004 1
1 0 0.8632712640625 0.0145779515625 0.868007928125 0.045621375 0.6919008453125 0 0.678340453125 0 0.8632712640625
1 0.8896682328125 0.1992343 0.8922727015625 0.10172601562500001 0.8173923015625 0.0773958984375 0.8123399296875 0.1755624875 0.8896682328125 0.1992343
1 0.6523143703125001 0.11328028125 0.6552294046875 0.024705978125 0.5822461999999999 0.0009922984375000002 0.5743534453125 0.0892497734375 0.6523143703125001 0.11328028125
1 0.9679331624999999 0.22757147031249997 0.960986196875 0.1240523828125 0.8939106156250001 0.10225820625 0.8899000078125001 0.2006959484375 0.9679331624999999 0.22757147031249997
1 0.8113457953125 0.172332121875 0.8135362265625 0.07614298281250001 0.7349802125 0.0506185875 0.7324975375 0.14453225625 0.8113457953125 0.172332121875
1 0.7315735921875001 0.14368313593749998 0.732228428125 0.049724478125 0.6563972515625001 0.025085434375 0.653071690625 0.1153053734375 0.7315735921875001 0.14368313593749998
1 1 0.13672873593749998 0.96452489375 0.125202175 0.9662774265625 0.2321213546875 1 0.2415287 1 0.13672873593749998