1 0.90551188125 0.2567926921875 0.9219471031250001 0.387515978125 0.9963340203125 0.40183082499999995 0.9792579890625 0.27099172031249996 0.90551188125 0.2567926921875
1 0.7165785390625 0.22290386875 0.6381573578124999 0.20404289062499997 0.6330262359375001 0.2029522375 0.6437117890625 0.3334985828125 0.7278600125 0.3485984734375 0.7165785390625 0.22290386875
1 0.72220019375 0.2223538671875 0.7330392390625 0.34749373281249996 0.8182514640624999 0.371592478125 0.8049691828125001 0.240063178125 0.72220019375 0.2223538671875
1 0.8095342046875 0.239699840625 0.8220694640625 0.37557845156249997 0.9099426453125 0.3937576125 0.89542611875 0.2574762203125 0.8095342046875 0.239699840625
1 0.550699403125 0.18717855 0.5575657875 0.3189006125 0.6439628421875 0.334478509375 0.6331565515625 0.2047053578125 0.550699403125 0.18717855
1 0.4587336609375 0.17023350937499998 0.46472387187499997 0.30318719375000003 0.5543525078125 0.3201485765625 0.548660728125 0.18658640937499998 0.4587336609375 0.17023350937499998
0 0.1929795640625 0.1113495953125 0.1048295140625 0.091734846875 0.0979694296875 0.24821875312500002 0.18857487343749998 0.266854725 0.1929795640625 0.1113495953125
1 0.1932733796875 0.11228991875000001 0.1898878796875 0.2706711484375 0.28245378125 0.29114450625 0.2878577328125 0.134150190625 0.1932733796875 0.11228991875000001
0 0.37164139375 0.1510810859375 0.37415922031250004 0.31300895156249997 0.4612557 0.3308252859375 0.456726809375 0.16653292656250002 0.37164139375 0.1510810859375
0 0.2885086109375 0.1334106671875 0.2833648828125 0.2923168375 0.373368325 0.3093578828125 0.368922603125 0.1522589359375 0.2885086109375 0.1334106671875
1 1 0.41404402031250004 0.99997995 0.41387736718749996 0.9144527437500001 0.39750356249999996 0.9292521265625 0.570930884375 0.9931033875 0.58499813125 1 0.55255211875 1 0.41404402031250004
1 0.6416235218749999 0.34570979999999996 0.5579769546875 0.329155934375 0.5629303609375 0.4967859078125 0.6558648078125 0.5129694625 0.6416235218749999 0.34570979999999996
1 0.9086669531249999 0.405179009375 0.8185516546875 0.38625594375 0.8392460749999999 0.5560838390625 0.926375178125 0.5674631531250001 0.9086669531249999 0.405179009375
1 0.7285433875 0.36704140625 0.6451425171875 0.34825459687500004 0.65567381875 0.5115007546875 0.746430025 0.537932128125 0.7285433875 0.36704140625
0 0.73203474375 0.3701504046875 0.7485900171875 0.539105303125 0.8371015859375 0.5572049640625 0.8152277171875 0.3861807828125 0.73203474375 0.3701504046875
1 0.47157504218749996 0.48450828125 0.5613421078124999 0.498590478125 0.554264559375 0.32785513437499997 0.4681519703125 0.31169350156250003 0.4673132390625 0.33558197968750003 0.47157504218749996 0.48450828125
1 0.0987893359375 0.24481321562499997 0.045805379687499995 0.2319505125 0.0125928671875 0.388203103125 0.0867188953125 0.40303680937499997 0.0987893359375 0.24481321562499997
0 0.19143073906250002 0.2754319578125 0.10051651406249999 0.25241462812500004 0.09055861875 0.40385296718749997 0.185115609375 0.4215729140625 0.19143073906250002 0.2754319578125
0 0.37408730625 0.3152632453125 0.2841856765625 0.29494386875 0.2825553265625 0.443616846875 0.37697513437499997 0.4622582875 0.37408730625 0.3152632453125
0 0.2831860328125 0.29374576874999997 0.1932974328125 0.274038184375 0.18783161406249999 0.42452898125000005 0.2807811203125 0.4466647703125 0.2831860328125 0.29374576874999997
0 0.46177902499999995 0.3353308046875 0.3754966546875 0.31720786093750003 0.3775045515625 0.4616567640625 0.46826988125 0.48237764062500005 0.46177902499999995 0.3353308046875
1 0.8992293312499999 0.903835109375 0.9242998 0.9086935609375001 0.9657298531249999 0.713780484375 0.8898387953125001 0.693974509375 0.8992293312499999 0.903835109375
1 0.1811022015625 0.5460735015625 0.08398954843749999 0.521774128125 0.070381221875 0.7306226390624999 0.1738279875 0.7537511109375 0.1811022015625 0.5460735015625
1 0.8047887328125001 0.6754406421875 0.81008706875 0.8888779796874999 0.896977075 0.9039264687499999 0.8850763 0.69445345625 0.8047887328125001 0.6754406421875
1 0.28803755937500003 0.5692491359375 0.28289922968750003 0.7780751046875001 0.3843147421875 0.800201728125 0.384582259375 0.5847637890625 0.28803755937500003 0.5692491359375
0 0 0.716898821875 0.06976762656249999 0.7280458765625 0.08094090312499999 0.522639621875 0 0.5075179828125 0 0.716898821875
0 0.6868536765625 0.6535641984375 0.6949922 0.865098075 0.78923671875 0.8862705500000001 0.7783793921875 0.671888503125 0.6868536765625 0.6535641984375
1 0.3866810890625 0.591480921875 0.38508523906250003 0.7980851328125 0.48462651250000005 0.8169629140625 0.481266140625 0.6155762375 0.3866810890625 0.591480921875
0 0.185506421875 0.5460877140625 0.17648714999999998 0.7565967031249999 0.281815440625 0.7784148281250001 0.2841745015625 0.5742532109375 0.185506421875 0.5460877140625
1 0.5796820328125001 0.6353433468749999 0.5921589468749999 0.846090653125 0.6936566078124999 0.8648141859375 0.6840600359375 0.6535505828125 0.5796820328125001 0.6353433468749999
0 0.4864136515625 0.793398915625 0.48710665000000003 0.8157798093749999 0.588896484375 0.8436869187499999 0.5768091484375 0.634744346875 0.484048346875 0.615927615625 0.4864136515625 0.793398915625
0 0.28162327343750004 0 0.281199609375 0.023286273437499998 0.36624295 0.044154225000000005 0.3653196875 0 0.28162327343750004 0
1 0.36604733125 0 0.3664932734375 0.0442074328125 0.44862733125 0.06399176250000001 0.44640172187499993 0 0.36604733125 0
1 0.446826775 0 0.4489575859375 0.0635967203125 0.533316990625 0.081527865625 0.5311901109375 0 0.446826775 0
1 0.800774303125 1 0.7907008765625 0.8887684796875 0.6959404515625 0.86804451875 0.7035146171875 1 0.800774303125 1
1 0.7009426921874999 1 0.69238655625 0.8678711265624999 0.5931210984375 0.8522782281250001 0.60101753125 1 0.7009426921874999 1
1 0.9017999359375001 1 0.8933821046875 0.9038265937500001 0.7972061312500001 0.8875396578125001 0.8052691984375 1 0.9017999359375001 1
1 0.5976206015625001 1 0.588226634375 0.8499609109374999 0.49286714531250003 0.8262329859375 0.4949286828125 1 0.5976206015625001 1
1 0.07261832968750001 0.7355533125 0.0616970328125 0.918006125 0.16775280625 0.9405489765624999 0.169734121875 0.756777921875 0.07261832968750001 0.7355533125
1 0.17292094062500002 0.759579353125 0.171327490625 0.9413087984375 0.2775106234375 0.9638787203125 0.2763523875 0.781132196875 0.17292094062500002 0.759579353125
1 0.27814295625 0.7819449828125 0.27862118593749996 0.964114778125 0.3867998625 0.987108865625 0.3830527265625 0.8063498499999999 0.27814295625 0.7819449828125
1 0.492596603125 1 0.4883246625 0.825342365625 0.3861401125 0.8055770015625001 0.3870703890625 0.9871663671875 0.447447884375 1 0.492596603125 1
1 0 0.9048920171875 0.057827060937499994 0.9171835375 0.070509484375 0.7356870734375 0 0.7225502515625 0 0.9048920171875
1 0.8584348890625 0.1574924890625 0.8510835359375 0.0634548125 0.7739895765625 0.047067984375 0.7790558203125 0.14203336093750002 0.8584348890625 0.1574924890625
1 0.532091940625 0 0.5333509140625 0.08106983906250001 0.613396634375 0.0968195703125 0.6072677015625 0.011630156249999999 0.5525521203125 0 0.532091940625 0
1 0.939233115625 0.17749351093750002 0.9220717140625 0.078543815625 0.8527222812499999 0.0638031375 0.858818178125 0.158921903125 0.939233115625 0.17749351093750002
1 0.777729465625 0.1389246078125 0.7701171687499999 0.046244879687500004 0.6893114328125 0.029069089062499998 0.6964072703124999 0.11951891875000001 0.777729465625 0.1389246078125
1 0.6953996296875 0.1187710296875 0.6865455359375 0.028481179687500004 0.6084559234375 0.011882720312500001 0.6143614859375 0.09875440468749999 0.6953996296875 0.1187710296875
0 1 0.1037996609375 0.9982528875 0.095339778125 0.9981107984375001 0.094706421875 0.9255372359375 0.079280434375 0.9380620437499999 0.18219154375 1 0.19265325 1 0.1037996609375