1 0.64375 0.23125 0.10625 0.1671875
1 0.4765625 0.2625 0.0953125 0.1390625
1 0.5546875 0.25 0.1 0.1453125
1 0.38828125 0.28125 0.115625 0.1484375
1 0.13984375 0.328125 0.1171875 0.1578125
1 0.89296875 0.19609375 0.103125 0.1640625
1 0.73359375 0.225 0.1078125 0.1671875
0 0.31640625 0.3 0.10625 0.1546875
1 0.8140625 0.21328125 0.103125 0.1625
0 0.23125 0.3203125 0.10625 0.1625
0 0.05390625 0.3578125 0.1078125 0.14375
1 0.54453125 0.396875 0.10625 0.1671875
1 0.45 0.415625 0.1125 0.1546875
0 0.2765625 0.44921875 0.1046875 0.1390625
1 0.63203125 0.38671875 0.1140625 0.1671875
1 0.80546875 0.35703125 0.1109375 0.16875
0 0.18984375 0.4671875 0.1109375 0.153125
0 0.36328125 0.4375 0.1078125 0.146875
1 0.89765625 0.34453125 0.115625 0.178125
0 0.715625 0.37890625 0.1203125 0.1546875
1 0.034375 0.503125 0.06875 0.14375
0 0.1046875 0.4921875 0.1140625 0.1484375
1 0.053125 0.11875 0.0890625 0.1046875
1 0.81875 0.01953125 0.09375 0.0390625
1 0.3734375 0.06640625 0.090625 0.1125
1 0.29375 0.08046875 0.09375 0.1140625
1 0.87421875 0.64453125 0.115625 0.184375
1 0.95546875 0.634375 0.0890625 0.171875
0 0.77578125 0.67109375 0.11875 0.1765625
0 0.13671875 0.1109375 0.1 0.1203125
1 0.45078125 0.05703125 0.0890625 0.1140625
1 0.68125 0.03671875 0.0875 0.0734375
1 0.215625 0.0984375 0.096875 0.1234375
1 0.68203125 0.6921875 0.128125 0.1828125
0 0.10625 0.8015625 0.134375 0.196875
0 0.59375 0.71953125 0.1296875 0.171875
0 0.30703125 0.77109375 0.125 0.18125
1 0.20859375 0.79375 0.13125 0.1796875
1 0.40078125 0.76015625 0.1359375 0.1875
1 0.503125 0.7484375 0.1171875 0.1875
1 0.5265625 0.05078125 0.096875 0.1015625
1 0.6046875 0.04375 0.090625 0.0875
0 0.75 0.03125 0.096875 0.0625
1 0.87578125 0.84921875 0.1203125 0.19375
1 0.95234375 0.8328125 0.0953125 0.196875
1 0.575 0.90390625 0.1265625 0.1921875
1 0.77734375 0.86796875 0.1265625 0.1921875
1 0.365625 0.92265625 0.134375 0.1546875
1 0.47421875 0.91328125 0.1328125 0.1734375
1 0.68125 0.8875 0.13125 0.1890625
1 0.265625 0.93515625 0.125 0.1296875
1 0.1609375 0.94375 0.1375 0.1125