1 1 0.15904408125 0.9367654125 0.156853278125 0.97249779375 0.27953252812499996 1 0.2806951796875 1 0.15904408125
1 0.8536891734375001 0.1582867234375 0.894333078125 0.282701103125 0.9693038625 0.28255460625 0.928015534375 0.1581488015625 0.8536891734375001 0.1582867234375
0 0.663738971875 0.1610676109375 0.5839906359375 0.1575442890625 0.5787997515625001 0.15745368125 0.6138243218749999 0.28278620781249997 0.6984266265625 0.2815537796875 0.663738971875 0.1610676109375
1 0.6690967125 0.15946455312500002 0.70324981875 0.2794934546875 0.7905845453125 0.28683836406249996 0.7528516421875 0.1610394984375 0.6690967125 0.15946455312500002
1 0.757218078125 0.1598190015625 0.7950462546875 0.290002728125 0.883848715625 0.291067740625 0.8440196578125001 0.1608669328125 0.757218078125 0.1598190015625
0 0.49583977343749996 0.1576832265625 0.5273758796875 0.28488730625 0.6142532078125 0.2836945890625 0.57925729375 0.159139284375 0.49583977343749996 0.1576832265625
1 0.4032942640625 0.1585986078125 0.4342116390625 0.2871704625 0.5244896828125001 0.286714396875 0.49374737656249995 0.157492296875 0.4032942640625 0.1585986078125
0 0.13399263749999998 0.151568178125 0.04465019375 0.14915514531250001 0.0675250328125 0.30312066875 0.1590681828125 0.3041130046875 0.13399263749999998 0.151568178125
0 0.134455590625 0.152429809375 0.161064225 0.3075871796875 0.254858846875 0.31000013437499996 0.2304729921875 0.1558129015625 0.134455590625 0.152429809375
0 0.3150667546875 0.156435940625 0.34808010624999997 0.31393345625 0.4360594921875 0.31479184843749997 0.40064600156249996 0.1553690765625 0.3150667546875 0.156435940625
0 0.23096573281250002 0.1549679515625 0.2559653046875 0.31097100312500003 0.34662251875 0.31052155312499996 0.3126477328125 0.1581008203125 0.23096573281250002 0.1549679515625
0 1 0.371169690625 0.9751199968750001 0.2936154234375 0.8889375015625 0.293866640625 0.9360534203125 0.46025298125 1 0.461845171875 1 0.371169690625
1 0.61410064375 0.2950955125 0.5297112390625001 0.29481429062500003 0.566167203125 0.4574126703125 0.659510084375 0.4555706203125 0.61410064375 0.2950955125
1 0.884765375 0.30245235 0.79364421875 0.3010869421875 0.8458078328124999 0.4628433703125 0.93260379375 0.4574156828125 0.884765375 0.30245235
1 0.7025720265625 0.299416871875 0.6179998078125 0.2969106015625 0.6590472875 0.4541739953125 0.7522084453125 0.462742846875 0.7025720265625 0.299416871875
1 0.7065508453125 0.3017876359375 0.7545283875 0.4634776125 0.8439360484374999 0.46434395781250004 0.7904007515625 0.3016441984375 0.7065508453125 0.3017876359375
1 0.475095803125 0.46276573125000003 0.5649648296875001 0.45947449687499997 0.5258590140625 0.2942495203125 0.43914785624999997 0.294818784375 0.4428424515625 0.31828325625 0.475095803125 0.46276573125000003
1 0.0676787265625 0.2996427171875 0.0034730046874999997 0.29666828437500004 0.0006948546875 0.455828340625 0.085819990625 0.45629391874999997 0.0676787265625 0.2996427171875
0 0.16346185156249998 0.31193908124999997 0.0707916421875 0.306730915625 0.089704434375 0.456361721875 0.1849136796875 0.455710746875 0.16346185156249998 0.31193908124999997
1 0.348435784375 0.316146365625 0.2572586296875 0.313378196875 0.2837398015625 0.458731328125 0.378989721875 0.459005378125 0.348435784375 0.316146365625
0 0.2560612875 0.312398984375 0.16501228125 0.3102252 0.18811035625 0.458079403125 0.28259147812499996 0.4620414359375 0.2560612875 0.312398984375
1 0.437418425 0.31908810625 0.35017208437499997 0.317776146875 0.3793905125 0.458318103125 0.4714825625 0.46131411718750004 0.437418425 0.31908810625
1 0.9697281421874999 0.7907265546875 0.995001796875 0.7907103 0.998458159375 0.5926954125 0.92098950625 0.5877701734375 0.9697281421874999 0.7907265546875
1 0.20451661875 0.5779336296875 0.1055824859375 0.572650615625 0.1317861578125 0.7789827218750001 0.23665299062499998 0.7819217734375 0.20451661875 0.5779336296875
1 0.8348628093749999 0.5858235390625001 0.8803009625 0.7930456796875001 0.96755726875 0.791242959375 0.916453046875 0.5891409203125 0.8348628093749999 0.5858235390625001
1 0.3127816 0.5802568734375 0.34720980625000003 0.78496014375 0.44991411406250004 0.7873071515625 0.40950565625 0.5770773499999999 0.3127816 0.5802568734375
0 0.0021138015625 0.574817959375 0.0246091640625 0.7801690140625 0.1307036203125 0.7765852625 0.1027840390625 0.574073340625 0.0021138015625 0.574817959375
1 0.7161566234375 0.586854521875 0.763994765625 0.7916808546875 0.8595521749999999 0.7944574109375 0.808535003125 0.5873682140625001 0.7161566234375 0.586854521875
1 0.4128127140625 0.5832323453125 0.45026311718749995 0.785096053125 0.550533271875 0.784629084375 0.5092527046875001 0.5887957953125 0.4128127140625 0.5832323453125
0 0.2087981015625 0.577111971875 0.2397735890625 0.7841934328125 0.3462210109375 0.78549718125 0.3099731734375 0.5858716562499999 0.2087981015625 0.577111971875
0 0.608597403125 0.589409940625 0.6605019078125001 0.79264586875 0.7626436203125 0.7916572703125 0.71343996875 0.5873712203125 0.608597403125 0.589409940625
1 0.5478213265625 0.7613012515625 0.5527194421875 0.783004353125 0.656878596875 0.7909197296875 0.6056932578125 0.589370575 0.5120220093750001 0.5886107843749999 0.5478213265625 0.7613012515625
1 0.0230719859375 0 0.028934590625 0.0449685265625 0.11532671718750001 0.04560970625 0.10793989687500001 0 0.0230719859375 0
1 0.1084051 0 0.11603192343749999 0.046922215625 0.20242405156249998 0.0475633953125 0.1938019765625 0 0.1084051 0
0 0.194527771875 0 0.20307662187500003 0.0489183078125 0.28963739374999997 0.053143325 0.278201396875 0 0.194527771875 0
1 0.27905171875 0 0.28989063437499996 0.05314774531250001 0.3734204171875 0.0568675140625 0.3603589796875 0 0.27905171875 0
1 0.3607834828125 0 0.37366669531249996 0.0564194609375 0.4590086234375 0.057909109375000004 0.4462343421875 0 0.3607834828125 0
1 0.861446171875 0.7966166 0.765472215625 0.7943754828125 0.8160853921875001 0.9940461718750001 0.919214096875 0.996668784375 0.861446171875 0.7966166
1 0.7619867953125 0.79488053125 0.6626046921875 0.7984998734375 0.7115178984375 0.994688425 0.8142292 0.9948362656249999 0.7619867953125 0.79488053125
1 0.9913486328125 1 0.9931999546875 0.8939377953125 0.964045821875 0.7918275218749999 0.867534209375 0.794183665625 0.9228241421875 1 0.9913486328125 1
1 0.65741216875 0.79716765 0.560289146875 0.7921095421875 0.6019212671874999 0.9944203984375 0.7096258671875 0.9987678765625001 0.65741216875 0.79716765
1 0.134890325 0.783368634375 0.1627914453125 0.9941901671875 0.2716258125 0.996089878125 0.23324708125 0.78565134375 0.134890325 0.783368634375
1 0.2368719734375 0.7877798203124999 0.2753061296875 0.9961541171875 0.383207925 0.9980375499999999 0.3414264921875 0.7891846124999999 0.2368719734375 0.7877798203124999
1 0.3433195015625 0.7896378687500001 0.38421268125 0.9980550890625001 0.49423211250000004 0.9999754859375001 0.449848621875 0.7935446140625 0.3433195015625 0.7896378687500001
1 0.6012150015625 1 0.5557079 0.792102415625 0.45270219375 0.7922049234374999 0.4940048453125 0.99997151875 0.4956365359375 1 0.6012150015625 1
1 0.0254387640625 0.7847470125 0.045583675000000004 0.992144296875 0.15856523125 0.9941163984375001 0.132866784375 0.7838992 0.0254387640625 0.7847470125
1 0.7892078546875 0.07034141875 0.77110950625 0.0046560703125 0.6924655453125 0.003283334375 0.7091710765625 0.070318628125 0.7892078546875 0.07034141875
1 0.44691286406249997 0 0.45895512031249996 0.057455828125 0.5396944203125 0.057635659375 0.5242896828125 0.00034781406249999997 0.504363434375 0 0.44691286406249997 0
1 0.8714807515624999 0.07452600781249999 0.84549295 0.0059544375 0.772396459375 0.004678534375 0.7898500609375 0.0716632265625 0.8714807515624999 0.07452600781249999
1 0.7072956546875 0.06753738125 0.6893048187499999 0.0032281640624999995 0.607460546875 0.0017995671875 0.6246260890625 0.06403299375 0.7072956546875 0.06753738125
1 0.6235059640625 0.06349451874999999 0.6051826171875 0.0017598046874999999 0.525387425 0.00036697499999999996 0.5409970359375 0.05934022343749999 0.6235059640625 0.06349451874999999
1 1 0.008651368750000001 0.9266201453124999 0.007370518750000001 0.9545988765625 0.077351096875 1 0.0781435765625 1 0.008651368750000001
1 0.952456659375 0.077313703125 0.9233470125000001 0.0073133859375 0.847590803125 0.00599105625 0.8712298796875 0.0793315234375 0.952456659375 0.077313703125