1 0.8717557671874999 0.23855323125 0.9074881484375 0.36123248281250003 0.98565818125 0.364537103125 0.9462537125000001 0.2411342625 0.8717557671874999 0.23855323125
1 0.7886795281250001 0.2399866765625 0.8293234328124999 0.3644010578125 0.9042942171874999 0.36425456093749997 0.8630058875 0.23984875625000002 0.7886795281250001 0.2399866765625
1 0.598729328125 0.2427675640625 0.5189809890625 0.23924424375000003 0.5137901046875 0.2391536359375 0.5488146765625 0.3644861625 0.63341698125 0.363253734375 0.598729328125 0.2427675640625
1 0.6040870671875 0.24116450781249998 0.6382401734375 0.361193409375 0.7255749 0.36853831875 0.687841996875 0.242739453125 0.6040870671875 0.24116450781249998
1 0.69220843125 0.24151895625000003 0.730036609375 0.37170268281249996 0.8188390703125 0.3727676953125 0.7790100125 0.2425668875 0.69220843125 0.24151895625000003
1 0.4308301296875 0.23938318125000002 0.462366234375 0.3665872609375 0.5492435625 0.3653945421875 0.5142476484375 0.2408392390625 0.4308301296875 0.23938318125000002
1 0.33828461718749997 0.24029856249999998 0.3692019953125 0.3688704171875 0.4594800375 0.3684143515625 0.42873773125000003 0.2391922515625 0.33828461718749997 0.24029856249999998
0 0.0019953921875 0.38132064374999997 0.0025153874999999997 0.3848206234375 0.0940585375 0.38581295937500004 0.06898299062499999 0.2332681328125 0.00461000625 0.23152949375 0.0019953921875 0.38132064374999997
1 0.06944594531250001 0.23412976093750001 0.0960545796875 0.389287134375 0.18984920156250001 0.39170008749999996 0.165463346875 0.2375128546875 0.06944594531250001 0.23412976093750001
0 0.25005710937500003 0.23813589531249998 0.2830704625 0.39563341093750004 0.3710498484375 0.396491803125 0.33563635625 0.2370690296875 0.25005710937500003 0.23813589531249998
0 0.1659560875 0.23666790624999998 0.19095565781249998 0.3926709578125 0.28161287343749997 0.3922215078125 0.2476380875 0.23980077500000002 0.1659560875 0.23666790624999998
1 0.9101103515625001 0.3753153765625 0.8239278562499999 0.3755665953125 0.8710437765625001 0.5419529359374999 0.9643139703125 0.5442752468750001 0.9101103515625001 0.3753153765625
1 1 0.3793094890625 0.9141400125000001 0.3743651140625 0.9672878203125 0.5512698703125001 0.9991147421875001 0.5550798203125 1 0.504363434375 1 0.3793094890625
1 0.5490909984375001 0.3767954671875 0.46470159375 0.3765142453125 0.50115755625 0.539112625 0.5945004375 0.5372705734375 0.5490909984375001 0.3767954671875
1 0.8197557312500001 0.3841523046875 0.728634575 0.382786896875 0.7807981875000001 0.5445433234375 0.8675941500000001 0.5391156359375 0.8197557312500001 0.3841523046875
1 0.63756238125 0.381116825 0.5529901625 0.37861055625 0.5940376421875 0.53587395 0.6871988015625 0.5444428015625 0.63756238125 0.381116825
0 0.6415412 0.38348759062500004 0.6895187421875 0.5451775671875 0.778926403125 0.5460439125 0.7253911046875 0.38334415312500003 0.6415412 0.38348759062500004
1 0.41008615624999994 0.544465684375 0.4999551828125 0.5411744515625 0.4608493671875 0.375949475 0.3741382109375 0.3765187390625 0.37783280625 0.399983209375 0.41008615624999994 0.544465684375
0 0.0984522046875 0.3936390359375 0.005781996875 0.3884308703125 0.0246947890625 0.538061675 0.119904034375 0.5374107 0.0984522046875 0.3936390359375
0 0.2834261390625 0.3978463203125 0.1922489859375 0.3950781484375 0.21873015625 0.54043128125 0.3139800765625 0.5407053328125 0.2834261390625 0.3978463203125
0 0.19105164218749998 0.3940989375 0.1000026375 0.3919251546875 0.12310071250000001 0.5397793578125001 0.21758183281250001 0.5437413906249999 0.19105164218749998 0.3940989375
0 0.3724087796875 0.4007880609375 0.2851624390625 0.3994761015625 0.3143808671875 0.54001805625 0.4064729171875 0.543014071875 0.3724087796875 0.4007880609375
1 0.9937382109374999 0.863101075 0.9354888421875 0.674525084375 0.8559798609374999 0.6694701265624999 0.9047184953125 0.8724265093750001 0.9935764328125 0.8723693656249999 0.9937382109374999 0.863101075
1 0.139506971875 0.6596335843750001 0.040572840625 0.6543505703125 0.0667765125 0.860682675 0.1716433453125 0.8636217265624999 0.139506971875 0.6596335843750001
1 0.7698531656250001 0.66752349375 0.8152913187499999 0.8747456328125001 0.9025476250000001 0.8729429124999999 0.8514434015625 0.670840875 0.7698531656250001 0.66752349375
1 0.2477719546875 0.6619568265625 0.2822001609375 0.8666600984375 0.38490446718750004 0.86900710625 0.34449601093750004 0.6587773046875001 0.2477719546875 0.6619568265625
0 0 0.8605042875000001 0.0656939734375 0.8582852171875001 0.03777439375 0.6557732953125 0 0.656052696875 0 0.8605042875000001
0 0.651146978125 0.6685544765625 0.6989851203125 0.873380809375 0.7945425296875 0.876157365625 0.7435253578125 0.66906816875 0.651146978125 0.6685544765625
1 0.34780306875 0.6649323 0.3852534703125 0.8667960078125001 0.4855236265625 0.8663290390625 0.4442430578125 0.67049575 0.34780306875 0.6649323
0 0.14378845625 0.6588119265625 0.1747639453125 0.8658933875000001 0.28121136406249997 0.8671971359375 0.244963528125 0.6675716109375001 0.14378845625 0.6588119265625
1 0.5435877578125 0.6711098953125 0.5954922609375 0.8743458234375 0.697633975 0.873357225 0.6484303234375 0.669071175 0.5435877578125 0.6711098953125
0 0.48281168125 0.8430012046875 0.4877097984375 0.8647043078125 0.5918689515625 0.8726196843749999 0.5406836109375 0.6710705296875 0.44701236250000004 0.6703107390625 0.48281168125 0.8430012046875
1 0.032789628125 0.019086965625 0.008324009375 0.0187543828125 0.0064348546875 0.1269839796875 0.050317071874999994 0.127309659375 0.032789628125 0.019086965625
1 0.11771083906249999 0.0205692703125 0.033215209375 0.0190684125 0.051022278125 0.1286221703125 0.13741440625 0.12926335 0.11771083906249999 0.0205692703125
1 0.99134863125 1 0.9936168828125 0.870052015625 0.9027678625 0.8743445124999999 0.9366395781250001 1 0.99134863125 1
0 0.20049367812500002 0.022691734375 0.118716790625 0.019892471875 0.138066978125 0.1306182625 0.22462775000000001 0.1348432796875 0.20049367812500002 0.022691734375
1 0.2827493671875 0.02684160625 0.20195473437499997 0.022430665625000002 0.2248809890625 0.1348477 0.308410771875 0.1385674671875 0.2827493671875 0.02684160625
1 0.37075946875 0.034258371875 0.28314171093749996 0.0263800828125 0.30865705 0.13811941562500002 0.3939989796875 0.1396090640625 0.37075946875 0.034258371875
1 0.831574359375 1 0.7964365265625 0.8783165546875 0.7004625703125 0.8760754374999999 0.731875371875 1 0.831574359375 1
1 0.7292229484375 1 0.69697715 0.876580484375 0.597595046875 0.8801998281250001 0.6274633046875 1 0.7292229484375 1
1 0.9351461249999999 1 0.8990361765625 0.8735274765625001 0.8025245640625001 0.8758836203125 0.835866846875 1 0.9351461249999999 1
1 0.6237753578125 1 0.5924025234375 0.8788676046875 0.495279503125 0.873809496875 0.5212473531249999 1 0.6237753578125 1
1 0.0698806796875 0.8650685890625001 0.08679368125 0.9928636203125001 0.19146094375 0.9946905953125 0.168237434375 0.8673512984375 0.0698806796875 0.8650685890625001
1 0.17186232968749998 0.869479775 0.1949684671875 0.99475181875 0.3015689703125 0.9966125375000001 0.276416846875 0.8708845671875001 0.17186232968749998 0.869479775
1 0.27830985625000004 0.8713378234375 0.3028943296875 0.9966356718749999 0.4113455734375 0.9985286953125 0.38483897499999997 0.87524456875 0.27830985625000004 0.8713378234375
1 0.5183218984375 1 0.49069825624999996 0.8738023703125 0.3876925484375 0.8739048781250001 0.41247085781250004 0.9985483374999999 0.495636584375 1 0.5183218984375 1
1 0 0.99134863125 0.083407628125 0.9928045171875001 0.0678571375 0.8655991546875 0 0.8661346765625 0 0.99134863125
1 0.61429928125 0.032188921875 0.6441614328124999 0.15201858125 0.7241982109375 0.1520413734375 0.690906221875 0.031212896875 0.61429928125 0.032188921875
1 0.393945475 0.13915578125 0.47468477656249997 0.1393356140625 0.447152915625 0.036948871875 0.371964271875 0.034279403125 0.393945475 0.13915578125
1 0.693202290625 0.031940103125 0.7248404140625 0.15336318124999998 0.8064711062500001 0.1562259625 0.760857465625 0.0358695390625 0.693202290625 0.031940103125
1 0.5298620359374999 0.037858759375 0.55961644375 0.1457329484375 0.642286009375 0.1492373359375 0.6104128249999999 0.035304901562500005 0.5298620359374999 0.037858759375
1 0.5269156703125 0.038793484375 0.44812384843749997 0.0357714703125 0.475987390625 0.141040178125 0.5584963187499999 0.1451944734375 0.5269156703125 0.038793484375
1 0.8412766312500001 0.038211275 0.8895892312499999 0.15905105 0.9672939656249999 0.160407390625 0.9196969890625001 0.0434519875 0.8412766312500001 0.038211275
1 0.806220234375 0.16103147812500002 0.8874470125 0.15901365625 0.8483019281249999 0.064881 0.836832571875 0.0385699453125 0.7667973953125 0.03872173125 0.806220234375 0.16103147812500002
1 1 0.044112201562499995 0.9231540015625 0.042525637500000005 0.967702625 0.15904026875 1 0.16151313125 1 0.044112201562499995