1 0.11840996562499999 0.5960794093749999 0.018964914062499998 0.5880219078125 0.0117583453125 0.7517905703125 0.11484648906249999 0.755789378125 0.11840996562499999 0.5960794093749999
1 0.215634909375 0.6050758765625 0.10850122499999999 0.5962712328124999 0.11608218749999999 0.7542237515625 0.22028126874999998 0.7636822859375 0.215634909375 0.6050758765625
1 0.3119807953125 0.6330230984375 0.212031159375 0.6161913140624999 0.2211200125 0.7708601078124999 0.319265071875 0.78112099375 0.3119807953125 0.6330230984375
1 0.40993425468750005 0.63584986875 0.308396134375 0.6314540265625 0.3162492375 0.7876883109375 0.41441663437500004 0.810281609375 0.40993425468750005 0.63584986875
1 0.5042677421875 0.64656165 0.40735758125 0.636560446875 0.41152568437500003 0.809823728125 0.513230840625 0.810080940625 0.5042677421875 0.64656165
1 0.5936743625 0.6734098000000001 0.501523109375 0.6532360140625 0.5096259812499999 0.79541989375 0.6037691515625 0.7997631734375 0.5936743625 0.6734098000000001
1 0.6927843671875 0.67641975 0.5908704265625 0.6691485171875 0.60732918125 0.7897594906250001 0.702163925 0.79597351875 0.6927843671875 0.67641975
1 0.7902607625 0.68974390625 0.6895596687500001 0.6759730984375001 0.7078433515625 0.8162469078125 0.7967488890625 0.8162380718750001 0.7902607625 0.68974390625
1 0.8844178703125 0.69408398125 0.786468978125 0.68779946875 0.8069295578125001 0.8143279765625 0.8948938765625 0.8264989437500001 0.8844178703125 0.69408398125
1 0.96766849375 0.7434839546875 0.9607497546875001 0.7061737640625 0.8851583640625 0.6946240765625 0.9037588718749999 0.8578444109375001 0.9514691453124999 0.8457626109374999 0.96766849375 0.7434839546875
1 0.0110887328125 0.7587627609375 0.010563859375 0.9277269265625 0.11530720624999999 0.93374910625 0.1134857859375 0.7643800578125 0.0110887328125 0.7587627609375
1 0.21592721093749997 0.7911727203125001 0.11143358125 0.7711000015625 0.11419634062499999 0.9282893937500001 0.22212511406250002 0.9453836328125 0.21592721093749997 0.7911727203125001
1 0.31822626249999997 0.803179390625 0.2120725640625 0.790562203125 0.221014178125 0.9399239109374999 0.323433175 0.954384275 0.31822626249999997 0.803179390625
1 0.4168592015625 0.816686725 0.3157274015625 0.8034569640625 0.3252356171875 0.9617147312500001 0.429854078125 0.974762115625 0.4168592015625 0.816686725
1 0.5224703125 0.8203505203124999 0.41634395937499996 0.8105868671875 0.42765468437500004 0.9761751046875 0.5314567593749999 0.9943769515625 0.5224703125 0.8203505203124999
1 0.629843034375 1 0.6147524890625 0.8247694640625 0.5104871296875 0.8149301453125 0.5298014906249999 0.9923535703124999 0.5732872546875 1 0.629843034375 1
1 0.730779284375 1 0.7135451328125 0.8488525859375 0.7112207828125 0.8572907687500001 0.7120785390625 0.8465281625 0.6113981875000001 0.8326740984375001 0.6300860968750001 1 0.730779284375 1
1 0.8270131 1 0.807444259375 0.880663909375 0.7109486609375 0.85900888125 0.7270068296875001 1 0.8270131 1
1 0.92613631875 1 0.9126637046875 0.8825269109375 0.8145810687499999 0.8595713406250001 0.8264358390625001 1 0.92613631875 1
1 0.9270403421875001 1 0.9457070328125001 0.8821431562500001 0.9007654468749999 0.8767441578125 0.920435434375 1 0.9270403421875001 1
1 0.0342213390625 0.2445841109375 0.0164900765625 0.4078844109375 0.11093540625000001 0.42757620156250004 0.1182285546875 0.27550206093749996 0.0342213390625 0.2445841109375
1 0.2980558328125 0.1666060109375 0.209071175 0.15997263125 0.20883004062500002 0.2933744828125 0.292814828125 0.3119601359375 0.2980558328125 0.1666060109375
1 0.4699567453125 0.322404078125 0.384093925 0.3124542515625 0.38994805781249997 0.44710990468749995 0.47956750625 0.46130423125000003 0.4699567453125 0.322404078125
1 0.5552884328125 0.3543709203125 0.4731422453125 0.3334761453125 0.48122262656250003 0.4633276546875 0.5682232593750001 0.47534592187499997 0.5552884328125 0.3543709203125
1 0.6388863015624999 0.36549693437499997 0.557127034375 0.35206179843749996 0.5675317546875001 0.4734751859375 0.655643321875 0.490953178125 0.6388863015624999 0.36549693437499997
1 0.7224841703125 0.37662294687500003 0.63352748125 0.36240122812500003 0.655643321875 0.490953178125 0.7420996890625 0.5064077984375001 0.7224841703125 0.37662294687500003
1 0.8150076703125 0.3912772296875 0.723566371875 0.380184478125 0.7423718218750001 0.5046896234375 0.8295196218750001 0.52201496875 0.8150076703125 0.3912772296875
1 0.9057211796875 0.4098740140625 0.8100227375 0.3956391 0.8305056640625 0.53449995625 0.9199555984375 0.5310548515625 0.9057211796875 0.4098740140625
1 0.9993634625000001 0.5433697953125 0.9825301296875001 0.4114664140625 0.8977147921874999 0.40952815625000005 0.9190142484375 0.5432345703125 0.9984850968750001 0.5489155718750001 0.9993634625000001 0.5433697953125
1 1 0.41831016249999997 0.9884229031249999 0.4168498625 0.9954147750000001 0.5535739484375 0.997763265625 0.5534730406249999 1 0.53935085625 1 0.41831016249999997
1 0.5424259375 0.2141166921875 0.4541081 0.2072410234375 0.466374290625 0.3200754625 0.5526833578125 0.33022291875 0.5424259375 0.2141166921875
1 0.629902746875 0.235084159375 0.5435368015625001 0.2195764046875 0.553941534375 0.340989728125 0.635976640625 0.3469378359375 0.629902746875 0.235084159375
1 0.7053787781249999 0.230121678125 0.6246082937499999 0.225371821875 0.6336299578125 0.34304360156249997 0.7127741140625 0.3485338234375 0.7053787781249999 0.230121678125
1 0.7879964828125 0.24743621718750003 0.703480259375 0.2325801484375 0.7173201953125 0.3510150640625 0.79992205625 0.365859190625 0.7879964828125 0.24743621718750003
1 0.8799306734375 0.241153353125 0.782205128125 0.23448140624999997 0.8134579531250001 0.392660628125 0.8973979671875 0.38658162812499997 0.8799306734375 0.241153353125
1 0.8784452093749999 0.2567693828125 0.8965815812500001 0.3917360921875 0.9701936234374999 0.382260025 0.9562287265625 0.27085035625 0.9560220421875 0.2719342609375 0.8784452093749999 0.2567693828125
1 1 0.2755253203125 0.9521020984374999 0.271957978125 0.9675748078125 0.3800839671875 1 0.382906059375 1 0.2755253203125
1 0.0729596578125 0 0.0709587546875 0.0126332046875 0.11612136718749999 0.01802498125 0.1166211546875 0 0.0729596578125 0
1 0.114548521875 0 0.1154298671875 0.0161542140625 0.1970903828125 0.043178024999999995 0.1975673453125 0 0.114548521875 0
1 0.1965450546875 0 0.196920725 0.025538575 0.2793976265625 0.047407925000000004 0.277770821875 0 0.1965450546875 0
1 0.3573228578125 0 0.36239643906249996 0.05350863125000001 0.4440345359375 0.0682000796875 0.436757309375 0 0.3573228578125 0
1 0.4310664 0 0.4392386859375 0.0797692734375 0.5178385890625 0.08869578593750001 0.5140834140625 0 0.4310664 0
1 0.511194825 0 0.5200379734375 0.08728285625 0.601404009375 0.10369249218750001 0.589200878125 0.007895468749999999 0.5393508484375 0 0.511194825 0
1 0.6609152968750001 0.02430800625 0.5854093921875 0.01133514375 0.595769340625 0.1080838796875 0.6749134421874999 0.1135739984375 0.6609152968750001 0.02430800625
1 0.7402137140625 0.032638465625 0.6598825921875 0.0213692953125 0.6735528015625001 0.12216475 0.749681196875 0.134222303125 0.7402137140625 0.032638465625
1 0.8135790703125 0.048487571875 0.740137690625 0.032319209375000005 0.7523000140625 0.1363983609375 0.8273174015625001 0.142996178125 0.8135790703125 0.048487571875
1 0.8909088781250001 0.0720503203125 0.8118671859375001 0.0472025359375 0.8327023578125001 0.15265533125 0.905395534375 0.1676913875 0.8909088781250001 0.0720503203125
1 0.96541301875 0.0704211171875 0.886759753125 0.06082562968750001 0.902334934375 0.1495940234375 0.981229309375 0.1691347421875 0.96541301875 0.0704211171875
1 1 0.0729596578125 0.9662795875000001 0.06761886875 0.9839954531249999 0.176617803125 1 0.17836808906249998 1 0.0729596578125
0 0.27443285156249997 0 0.274579425 0.046644796875 0.358836340625 0.063512303125 0.358101759375 0 0.27443285156249997 0
0 0.1220036734375 0.148297084375 0.0513654671875 0.1363403546875 0.036567259375 0.24322143437500002 0.11820212031249999 0.254362871875 0.1220036734375 0.148297084375
0 0.200896828125 0.1688300546875 0.1163973328125 0.1537528921875 0.11851902656249999 0.2773093453125 0.205077859375 0.273406403125 0.200896828125 0.1688300546875
0 0.37188230624999996 0.1994340453125 0.2950081671875 0.18627124687500002 0.289357196875 0.3026062421875 0.3809039703125 0.3171058265625 0.37188230624999996 0.1994340453125
0 0.45324827812499996 0.215843640625 0.3729931734375 0.20489375937499998 0.380359715625 0.3205421140625 0.46415241875 0.309156015625 0.45324827812499996 0.215843640625
0 0.3787045234375 0.31851867968750003 0.29275300625 0.31278939375000003 0.30089528125 0.441811653125 0.3887122984375 0.44867545781249996 0.3787045234375 0.31851867968750003
0 0.2951615234375 0.31585430625 0.2050320625 0.3052395265625 0.2071490625 0.42872492500000003 0.2960770078125 0.4410485140625 0.2951615234375 0.31585430625
0 0.1187653625 0.412965109375 0.2050745 0.4231125765625 0.2048505703125 0.29978924375 0.1166316390625 0.2870091 0.1177250578125 0.29479617343750003 0.1133261546875 0.2976219453125 0.1187653625 0.412965109375