1 0.7850243015625 0.13252601718749998 0.8489658921875 0.229798103125 0.91825494375 0.2117674421875 0.8509070968750001 0.114847434375 0.7850243015625 0.13252601718749998
1 0.7127034875 0.1559948796875 0.7814053890625 0.2534642234375 0.846975603125 0.23328402656249997 0.7777120296875 0.13599451875 0.7127034875 0.1559948796875
1 0.5472128374999999 0.20922294843749997 0.47648431718750006 0.22748531718749998 0.47191748593750005 0.228794834375 0.5359462515625 0.328566721875 0.60965610625 0.3048647265625 0.5472128374999999 0.20922294843749997
1 0.55147464375 0.2063939515625 0.6133283390625001 0.301780515625 0.6917136765625 0.284816846875 0.625190575 0.1853632765625 0.55147464375 0.2063939515625
1 0.6286867421875 0.1831325625 0.696460965625 0.28637900156249996 0.774458346875 0.2635541984375 0.704928540625 0.16082806562500002 0.6286867421875 0.1831325625
1 0.39937780156249997 0.251184240625 0.460852121875 0.35351895 0.5365634953125 0.329243028125 0.4727667953125 0.2301402859375 0.39937780156249997 0.251184240625
1 0.31863216875 0.2767347390625 0.379929278125 0.38042600625 0.45881290156250004 0.35588196562499996 0.397495834375 0.25157763593750004 0.31863216875 0.2767347390625
0 0.0810857734375 0.3426434046875 0.00225684375 0.3644387796875 0.06327835000000001 0.492394096875 0.14365483437499998 0.46877294843749995 0.0810857734375 0.3426434046875
1 0.0817203828125 0.343269890625 0.14632685 0.47126438437499996 0.229051996875 0.448278109375 0.1666491140625 0.32053388125 0.0817203828125 0.343269890625
0 0.240845628125 0.2984499171875 0.3116802703125 0.4267691328125 0.3889023265625 0.4039845546875 0.31545452812499997 0.2746307890625 0.240845628125 0.2984499171875
0 0.1668553046875 0.3196663015625 0.23027884687500003 0.4488275984375 0.30949605625 0.4241879 0.239172046875 0.300546721875 0.1668553046875 0.3196663015625
1 0.8550111218750001 0.2413601671875 0.77965708125 0.26463038125 0.8652005234375 0.39691796562500004 0.9474425890625 0.3739930265625 0.8550111218750001 0.2413601671875
1 0.9519078562500001 0.37928854375 0.9838860593750001 0.3735335921875 0.939739184375 0.21957514531250003 0.8582845328125 0.23945485312499998 0.9519078562500001 0.37928854375
1 0.5394661968750001 0.3392117984375 0.465539553125 0.3615387578125 0.54074535625 0.49337901874999995 0.6219420078125 0.46680829843750005 0.5394661968750001 0.3392117984375
1 0.7782924140625 0.273222775 0.6981858734374999 0.2964061796875 0.7869137015625001 0.4233119 0.8614260406250001 0.3953699140625 0.7782924140625 0.273222775
1 0.6180410484375 0.3193111875 0.543361859375 0.3397494640625 0.6211650609375 0.4657158984375 0.7049752406249999 0.44825963125 0.6180410484375 0.3193111875
1 0.6221543984375 0.32031143281249996 0.7072011703125 0.44827894687500003 0.7856752703125001 0.42511927031249996 0.6954958203125 0.2977589796875 0.6221543984375 0.32031143281249996
1 0.4624715765625 0.52239958125 0.5402422140625001 0.495496065625 0.462017946875 0.36207731875000004 0.3862859609375 0.3857658890625 0.395768109375 0.405210628125 0.4624715765625 0.52239958125
1 0 0.5566824875 0.0355043328125 0.64623175625 0.120080865625 0.6208844921875001 0.0624866265625 0.489324375 0 0.50531668125 0 0.5566824875
0 0.1495840546875 0.47441273749999996 0.067098515625 0.49466418437500004 0.12349831874999999 0.619904553125 0.20664548124999998 0.5938718234375 0.1495840546875 0.47441273749999996
0 0.3125808625 0.42860100624999997 0.23205174374999998 0.45057785937499994 0.2939356671875 0.570068884375 0.377364771875 0.5448307890625 0.3125808625 0.42860100624999997
0 0.2307431359375 0.450045415625 0.1504844546875 0.4725055859375 0.21007379531249998 0.5950794359375 0.29381225781250003 0.57325848125 0.2307431359375 0.450045415625
1 0.39123571875 0.407362271875 0.3145343828125 0.42955581406250004 0.3775324859375 0.54412510625 0.45892293593750005 0.522101953125 0.39123571875 0.407362271875
1 1 0.55842245 0.9569040734375 0.4951249640625 0.8859771265624999 0.511989559375 0.9826797375 0.6756884296875 1 0.6703825906249999 1 0.55842245
1 0.2563501640625 0.6950606859375 0.16836294062499998 0.7169223812500001 0.24624351249999998 0.8895883281250001 0.3387983984375 0.8640986671875 0.2563501640625 0.6950606859375
1 0.810086603125 0.5333309500000001 0.9050368890625 0.701627246875 0.980917465625 0.676718765625 0.8823721796875 0.5143965890625 0.810086603125 0.5333309500000001
1 0.351714875 0.6681258640625 0.43635921250000004 0.8371735796875001 0.5268639328125 0.811746778125 0.43551430937499996 0.6394860953125 0.351714875 0.6681258640625
0 0.07839151875 0.74648474375 0.1527655703125 0.9192882609374999 0.2446576765625 0.8877901625 0.16629282343750001 0.7189098015625001 0.07839151875 0.74648474375
1 0.70647775 0.565979378125 0.802890303125 0.7315474656250001 0.88725495 0.7084063171875 0.7874577015625001 0.541718025 0.70647775 0.565979378125
1 0.4400475734375 0.643961340625 0.5265805125 0.8097279984375 0.6142056359375 0.7825018484374999 0.5259267796875 0.6230109609375 0.4400475734375 0.643961340625
0 0.259878203125 0.6932000046875 0.3421343015625 0.8652421625000001 0.4356369046875 0.8379057078125 0.3507524265625 0.6737664140625 0.259878203125 0.6932000046875
1 0.6130299234375001 0.596973784375 0.7125775296875 0.760069303125 0.8017015921875 0.7318883234375 0.7042379265625 0.5671559515625 0.6130299234375001 0.596973784375
0 0.6056198203125 0.7629132609375 0.6156861328125001 0.780502284375 0.7089469671875 0.759535309375 0.610477934375 0.5977162828125 0.5283010125 0.622109140625 0.6056198203125 0.7629132609375
1 0 0.26623837968749997 0.036532529687499996 0.255367025 0 0.1812821421875 0 0.26623837968749997
1 0 0.18038568906250002 0.0374992171875 0.256321340625 0.11327436718749999 0.233772159375 0.0670845171875 0.14439114375 0 0.1636051125 0 0.18038568906250002
0 0.14009555468749998 0.12409725468749999 0.067784615625 0.1435327203125 0.1142062828125 0.234777475 0.1910834421875 0.2153040078125 0.14009555468749998 0.12409725468749999
1 0.2131851921875 0.10570984218749999 0.1413046421875 0.1234791234375 0.1913062375 0.21524012187500002 0.26539632968750004 0.196137384375 0.2131851921875 0.10570984218749999
1 0.2921807078125 0.08862810156249999 0.21340563437500001 0.105203003125 0.2654925328125 0.195681346875 0.34057458125 0.17415191562500001 0.2921807078125 0.08862810156249999
1 0.8894874671874999 0.70977995625 0.8049008796875 0.73349878125 0.9023689359375 0.893835071875 0.993318459375 0.8685347531250001 0.8894874671874999 0.70977995625
1 0.8019851812500001 0.7348708328125 0.7159767390625 0.7646045531250001 0.811029759375 0.92236328125 0.9009549359375001 0.8950195671875001 0.8019851812500001 0.7348708328125
1 1 0.7120264390625 0.9780001671875 0.678167021875 0.8941673703124999 0.7060329640624999 1 0.8746688796875001 1 0.7120264390625
1 0.7110778140625 0.7648333046875 0.62473544375 0.7864064281250001 0.715047015625 0.9514439703124999 0.8104603984375001 0.9264217468749999 0.7110778140625 0.7648333046875
1 0.4050708515625 1 0.33681101562500004 0.8682573781249999 0.25012809062499997 0.8925773187500001 0.2992655171875 1 0.4050708515625 1
1 0.5175362890625 1 0.43242308749999997 0.8423991375 0.3405501109375 0.869141303125 0.408686659375 1 0.5175362890625 1
1 0.5702704171875 1 0.6222843296875 0.98508525 0.5284677375 0.8171959015624999 0.43420042499999995 0.8422875078125 0.5186186359375 1 0.5702704171875 1
1 0.530608209375 0.8152660421875 0.6220843828125 0.985142584375 0.7167619000000001 0.95799424375 0.62072435625 0.7876255796875 0.530608209375 0.8152660421875
1 0.295898115625 1 0.24849852499999997 0.8935805765625 0.154710759375 0.9230529015625001 0.186708890625 1 0.295898115625 1
1 0.504758734375 0.021685804687499997 0.562804221875 0.11804657968750001 0.6328529265625 0.0966587859375 0.571539884375 0.000345625 0.504758734375 0.021685804687499997
1 0.34040704375 0.1737715078125 0.41111236875 0.152332559375 0.3597514671875 0.070537846875 0.29324066875 0.0883241625 0.34040704375 0.1737715078125
1 0.5752405875 0 0.5737429109375001 0.00036474375 0.6337669531250001 0.09763805 0.70596686875 0.0782970015625 0.6451172328125 0 0.5752405875 0
1 0.43237506562499994 0.0492077625 0.48714236718750004 0.1351864921875 0.5604222984375 0.1161262859375 0.502187403125 0.025438732812499996 0.43237506562499994 0.0492077625
1 0.430045540625 0.050809795312499996 0.3602876015625 0.0692528640625 0.41270627656250003 0.1534684859375 0.48601870937499997 0.1350171890625 0.430045540625 0.050809795312499996
1 0.732247184375 0 0.779458440625 0.0585252828125 0.84782144375 0.03892250625 0.8160243984375001 0 0.732247184375 0
1 0.6493302187500001 0 0.7070270937500001 0.0825487640625 0.7775737625 0.0590657046875 0.7285656265625 0 0.6493302187500001 0
1 0.8183980656250001 0 0.8478149921875 0.03762270625 0.8851637921875 0.029248135937500003 0.876777025 0 0.8183980656250001 0