1 0.771875 0.31328125 0.11875 0.178125
1 0.59765625 0.27578125 0.10625 0.1484375
1 0.678125 0.29609375 0.1109375 0.15625
1 0.50546875 0.2578125 0.1265625 0.159375
1 0.24609375 0.20078125 0.1296875 0.16875
1 0.984375 0.37578125 0.03125 0.1671875
1 0.86171875 0.34453125 0.1203125 0.178125
0 0.428125 0.24609375 0.11875 0.165625
1 0.94296875 0.36484375 0.1140625 0.1734375
0 0.33671875 0.23125 0.11875 0.1734375
0 0.15 0.19375 0.1234375 0.153125
1 0.60859375 0.43359375 0.11875 0.1765625
1 0.509375 0.41328125 0.125 0.165625
0 0.32890625 0.37421875 0.115625 0.1484375
1 0.69765625 0.46015625 0.1265625 0.178125
1 0.8765625 0.5015625 0.125 0.1796875
0 0.23671875 0.35546875 0.1234375 0.1625
0 0.4171875 0.3984375 0.11875 0.15625
1 0.95234375 0.52421875 0.0953125 0.1890625
0 0.78125 0.48671875 0.1328125 0.1671875
1 0.0625 0.3234375 0.0984375 0.153125
0 0.14453125 0.3453125 0.125 0.1609375
1 0.578125 0.053125 0.096875 0.10625
1 0.49375 0.04296875 0.096875 0.0859375
1 0.825 0.8078125 0.1296875 0.196875
1 0.90390625 0.83046875 0.1 0.178125
1 0.71953125 0.79296875 0.13125 0.1890625
0 0.3296875 0.028125 0.10625 0.05625
1 0.65703125 0.0734375 0.0953125 0.1125
1 0.8953125 0.12890625 0.09375 0.1125
1 0.4109375 0.03828125 0.103125 0.0765625
1 0.6203125 0.775 0.1421875 0.196875
0 0.046875 0.64609375 0.09375 0.2109375
0 0.5234375 0.7640625 0.1421875 0.184375
0 0.225 0.69765625 0.1390625 0.19375
1 0.12109375 0.678125 0.1453125 0.1921875
1 0.3203125 0.72578125 0.15 0.2
1 0.425 0.75625 0.1328125 0.1984375
1 0.73515625 0.09140625 0.103125 0.1140625
1 0.8171875 0.11015625 0.096875 0.1140625
0 0.95703125 0.14453125 0.0859375 0.1140625
1 0.74609375 0.9515625 0.1265625 0.096875
1 0.8421875 0.9625 0.134375 0.075
1 0.43359375 0.91640625 0.1328125 0.1671875
1 0.64296875 0.940625 0.1328125 0.11875
1 0.2171875 0.87109375 0.140625 0.1703125
1 0.3296875 0.896875 0.1390625 0.1703125
1 0.54140625 0.93203125 0.1390625 0.1359375
1 0.1109375 0.8484375 0.13125 0.1640625
1 0.03671875 0.82265625 0.0734375 0.1671875