1 0.8592196921875 0.1989509015625 0.8998927 0.3087256203125 0.9719147984375001 0.3067299296875 0.9278221500000001 0.196529771875 0.8592196921875 0.1989509015625
1 0.7829936015625 0.20558951250000002 0.8282895609375001 0.31663420000000003 0.89715191875 0.31169115625 0.8512645078125001 0.2006956421875 0.7829936015625 0.20558951250000002
1 0.608674203125 0.2203147484375 0.5351882078125 0.22221190000000002 0.53041381875 0.222462115625 0.5706063234375 0.3347059921875 0.6482471875 0.328153115625 0.608674203125 0.2203147484375
1 0.613493534375 0.21850667499999998 0.65254620625 0.3259616203125 0.733245878125 0.32706881875 0.690535540625 0.2145726765625 0.613493534375 0.21850667499999998
1 0.6944686812499999 0.2131776625 0.737547034375 0.329673240625 0.819193325 0.32494963125 0.7742757765625 0.20856680156250001 0.6944686812499999 0.2131776625
1 0.4542175234375 0.22799351250000002 0.4913250765625 0.3421708234375 0.571058425 0.3355082828125 0.5309419656250001 0.2239725546875 0.4542175234375 0.22799351250000002
1 0.3692593703125 0.2347663109375 0.40588602500000004 0.350232765625 0.48879055468750005 0.3440250046875 0.452283134375 0.227953321875 0.3692593703125 0.2347663109375
0 0.12141636874999999 0.2456191828125 0.0391877953125 0.24914602187499998 0.0700505734375 0.388325378125 0.1542099421875 0.3833595703125 0.12141636874999999 0.2456191828125
1 0.1218967765625 0.24637658125 0.15626583593750001 0.38640516874999997 0.2425843875 0.3825926609375 0.2103193375 0.2433077046875 0.1218967765625 0.24637658125
0 0.2880710453125 0.23845033437500002 0.328473478125 0.3802057828125 0.409350434375 0.3753462265625 0.36661996406249997 0.231986028125 0.2880710453125 0.23845033437500002
0 0.2107179421875 0.2425042390625 0.2436629359375 0.38340856875 0.326916215625 0.3771825296875 0.285955315625 0.2401263703125 0.2107179421875 0.2425042390625
1 0.903202434375 0.32142206406249996 0.8240471640625 0.327179978125 0.8779734859375001 0.476150671875 0.9638044765625 0.47228900312500005 0.903202434375 0.32142206406249996
0 0.9669838296875 0.478487790625 0.9996422921875 0.480081575 0.9912129234375 0.319239628125 0.906843484375 0.320295509375 0.9669838296875 0.478487790625
1 0.5716475671875 0.34593275625 0.4941054578125 0.35108926406249996 0.537996728125 0.497283490625 0.6236281046875 0.48961303593750005 0.5716475671875 0.34593275625
1 0.8207636624999999 0.33529061250000003 0.7369680921875 0.3398885515625 0.7952353 0.4843060453125 0.874623 0.47378010000000004 0.8207636624999999 0.33529061250000003
1 0.653198015625 0.344205040625 0.575345634375 0.34734070781250004 0.6231136187499999 0.4883669140625 0.709244021875 0.49021842343750005 0.653198015625 0.344205040625
0 0.6570047999999999 0.346115490625 0.7114222328124999 0.490740809375 0.7936117796875 0.4857968953125 0.7340241359374999 0.34060566406250004 0.6570047999999999 0.346115490625
1 0.454676634375 0.5080155234375 0.5370240609375 0.49924408906249995 0.49053049218749994 0.3508204625 0.410909915625 0.356902821875 0.41580492031249994 0.378100496875 0.454676634375 0.5080155234375
1 0 0.48016461875000005 0.0079869359375 0.5327819703125 0.0966553734375 0.527074784375 0.069969284375 0.3851384265625 0 0.38679568125 0 0.48016461875000005
0 0.158746790625 0.390226809375 0.073282375 0.3914137734375 0.100228146875 0.52688754375 0.18765024375 0.52018540625 0.158746790625 0.390226809375
0 0.328941775 0.3822044484375 0.24500502968750001 0.3855245625 0.2786298390625 0.5166052046875 0.3661484765625 0.510745465625 0.328941775 0.3822044484375
0 0.24384245781249997 0.384706865625 0.16006145624999998 0.3885617265625 0.19073838125 0.522144103125 0.277786675 0.5197026328125001 0.24384245781249997 0.384706865625
0 0.41087363750000006 0.37918366406250004 0.33064107656249997 0.38358186562499996 0.3664726984375 0.5100919328125 0.4512644828125 0.5069212640625 0.41087363750000006 0.37918366406250004
1 1 0.7327866609375 0.9456561625000001 0.5931206453125 0.8722920734375 0.593603303125 0.9300484125 0.775876453125 1 0.770946875 1 0.7327866609375
1 0.21347678593750002 0.6305779078125 0.1222532453125 0.63209831875 0.1595238296875 0.8189007453125001 0.25604749375 0.8148585671875 0.21347678593750002 0.6305779078125
1 0.7930474750000001 0.5973499109375 0.848044703125 0.783731528125 0.928087178125 0.776487440625 0.8682123515625 0.595146478125 0.7930474750000001 0.5973499109375
1 0.3130827578125 0.62575520625 0.357804603125 0.8105421140625 0.4523037953125 0.806097828125 0.401734690625 0.6166460812500001 0.3130827578125 0.62575520625
0 0.027340631250000004 0.640715475 0.0611418328125 0.8268595984375 0.1583759984375 0.816780121875 0.1197734671875 0.633577484375 0.027340631250000004 0.640715475
0 0.6840642765625 0.6059064609375 0.7411129953125 0.789945565625 0.8290741859375 0.786352128125 0.7689603093749999 0.6004498375 0.6840642765625 0.6059064609375
1 0.405166434375 0.6220565 0.45248296562499996 0.8040556109375 0.544566028125 0.7971969171875 0.49411667656249997 0.6209522578125 0.405166434375 0.6220565
0 0.21735739999999998 0.6295526796875001 0.2590595375 0.8167335375 0.3569306 0.8110961250000001 0.310861971875 0.6310644375 0.21735739999999998 0.6295526796875001
1 0.5854187265624999 0.615140521875 0.6461012640625 0.7974659515625 0.7398702578125 0.7900106953125 0.6816016796875 0.6065527296875 0.5854187265624999 0.615140521875
0 0.5405824703125 0.776061025 0.5464704171875 0.7955724953125001 0.6426623015625 0.7961215609375001 0.582748321875 0.61529085625 0.4966488578125 0.62060560625 0.5405824703125 0.776061025
1 0 0.0658820171875 0.0180860875 0.15498019375 0.0974910171875 0.150024034375 0.07446668906250001 0.0522874984375 0 0.056476823437500004 0 0.0658820171875
1 0.1525741703125 0.0481940578125 0.07485645937499999 0.05224325 0.0982228125 0.15117776875 0.1776277453125 0.1462216078125 0.1525741703125 0.0481940578125
1 1 0.7693598546875 0.9283791593749999 0.7777536671874999 0.99200378125 0.9607473046875 1 0.9604862765625001 1 0.7693598546875
0 0.22875819375 0.0448225703125 0.1534549921875 0.047511275 0.1783138984375 0.1474174515625 0.25810300625 0.1457242921875 0.22875819375 0.0448225703125
1 0.3045876390625 0.043336928125 0.2300836875 0.044490364062499996 0.2583359265625 0.1457120859375 0.33530830312500004 0.14375181406249998 0.3045876390625 0.043336928125
1 0.3859123390625 0.0444664421875 0.3049185421875 0.0428901625 0.335505884375 0.143326721875 0.4140003296875 0.139213003125 0.3859123390625 0.0444664421875
1 0.8309522203125 0.7882030421875 0.7426426203125 0.79231231875 0.80191081875 0.97146375625 0.896817515625 0.967244009375 0.8309522203125 0.7882030421875
1 0.7394730546875 0.7929972609375 0.64840745 0.802678665625 0.7058912312500001 0.9787582390624999 0.8002561734375 0.9723045750000001 0.7394730546875 0.7929972609375
1 0.9248987890624999 0.7772466875 0.8363893515624999 0.78559003125 0.9021513328124999 0.9752596046875001 0.9958268968749999 0.97185848125 0.9248987890624999 0.7772466875
1 0.64355213125 0.8017947765625 0.5540067484375 0.803404459375 0.6051934109375 0.98554379375 0.7044140765625 0.9826061671874999 0.64355213125 0.8017947765625
1 0.299755478125 1 0.2531572375 0.8184839937499999 0.16265602343750002 0.8227081281249999 0.19900478593749998 1 0.299755478125 1
1 0.4037126515625 1 0.3527620046875 0.8147721328124999 0.256623390625 0.8201958171875001 0.303168678125 1 0.4037126515625 1
1 0.4876329984375 1 0.5070436421875 0.9989827312499999 0.452642628125 0.8117999203125 0.35453000625 0.8150647484375 0.404661415625 1 0.4876329984375 1
1 0.5130929625 1 0.6062081390625 0.995120040625 0.5497977421875 0.8036918265624999 0.45517836093749997 0.8103930671875 0.507085534375 1 0.5130929625 1
1 0.1952183 1 0.1608310421875 0.8233226046875 0.062196787499999996 0.8309883593749999 0.09073561249999999 1 0.1952183 1
1 0.6095072125 0.026953440625000002 0.644605265625 0.134501634375 0.718132315625 0.12938826406249998 0.6798195578125 0.0211476703125 0.6095072125 0.026953440625000002
1 0.41392218124999997 0.1388023640625 0.488104646875 0.13378738125 0.456263096875 0.0420237203125 0.3870204734375 0.0444083671875 0.41392218124999997 0.1388023640625
1 0.6819753546875 0.02166468125 0.718806828125 0.1305545328125 0.7939797890625 0.12793323125 0.7443779734375 0.020914265625 0.6819753546875 0.02166468125
1 0.5323018328125 0.03754928125 0.566536140625 0.13418312500000001 0.6427045015624999 0.132081284375 0.6061362531250001 0.03004918125 0.5323018328125 0.03754928125
1 0.529654953125 0.03859215 0.4570797265625 0.0408858859375 0.48941032656249994 0.13526093125 0.5654726953125 0.1337630859375 0.529654953125 0.03859215
1 0.8184046374999999 0.01789470625 0.8705167671874999 0.1251820796875 0.9419867906249999 0.1214364953125 0.8907805453125001 0.0176515703125 0.8184046374999999 0.01789470625
0 0.794056725 0.13233913749999998 0.8685464296875001 0.1252853421875 0.82656441875 0.041806709375 0.8143450578125 0.018507426562500002 0.7500171234375 0.02313869375 0.794056725 0.13233913749999998
1 0.942274753125 0.12016142031249999 0.980792340625 0.1204030765625 0.9751417890624999 0.012584109375 0.8938970656249999 0.01658359375 0.942274753125 0.12016142031249999