1 0.9098231015625 0.13031915624999998 0.8799717593749999 0.08883416093749999 0.81116060625 0.10858799999999999 0.880150721875 0.20985398437499997 0.929898090625 0.1959814859375 0.9098231015625 0.13031915624999998
1 0.7357036156250001 0.13454821875 0.8096940609375001 0.23593893906250002 0.8781288859374999 0.2135575859375 0.8035523640625 0.11236592187500001 0.7357036156250001 0.13454821875
0 0.5630273359375 0.1934522625 0.4891412609375 0.21390490624999997 0.4843730640625 0.2153626890625 0.5535028796875 0.31925820625 0.63041334375 0.293028428125 0.5630273359375 0.1934522625
1 0.567446071875 0.1904005328125 0.6342083281249999 0.28971835 0.7161562109374999 0.2704992859375 0.644414421875 0.16698222499999998 0.567446071875 0.1904005328125
1 0.6480410625 0.1645735203125 0.7211691921875001 0.2720608078125 0.8025968499999999 0.2466796296875 0.7276360562499999 0.13977053125 0.6480410625 0.1645735203125
0 0.40866552812499995 0.24019058593749998 0.47516356093749995 0.346827959375 0.55416379375 0.319959275 0.485290459375 0.21676399375000002 0.40866552812499995 0.24019058593749998
1 0.324405803125 0.2684884171875 0.390743984375 0.37655665625 0.4730687140625 0.3493505453125 0.40669775937499997 0.24063740312499998 0.324405803125 0.2684884171875
0 0 0.37831262187500003 0.060539178125 0.49991659843749997 0.1444486421875 0.4736558421875 0.07634273124999999 0.34199337343749997 0 0.3645401515625 0 0.37831262187500003
0 0.07702091093749999 0.34264170156249996 0.1473012890625 0.47623156875 0.2336882015625 0.45059812499999996 0.16572557968749999 0.317233303125 0.07702091093749999 0.34264170156249996
0 0.24317804999999998 0.2926980375 0.32000191875 0.4265212359375 0.40061655468749996 0.40119589375000003 0.3210299109375 0.2663293265625 0.24317804999999998 0.2926980375
0 0.16592527343750002 0.31631658281249997 0.2349865234375 0.4511551046875 0.3176595484375 0.42384250625000003 0.241461853125 0.29493407031249996 0.16592527343750002 0.31631658281249997
0 0.9753982203125 0.34480570625 0.8867188671875 0.2219178515625 0.8080743078125 0.2477218015625 0.900413375 0.385465634375 0.9805383531249999 0.36161832031249996 0.9753982203125 0.34480570625
1 0.8901179734375001 0.21985550781250002 0.9742964593749999 0.3412020046875 0.9336995921875 0.20841563437500002 0.8901179734375001 0.21985550781250002
1 0.557402753125 0.33040090625 0.48023822968749996 0.3551872265625 0.5617180578125 0.49264023593750006 0.6464315125 0.46326076250000003 0.557402753125 0.33040090625
1 0.806807603125 0.256789090625 0.7231730375 0.28258441875 0.8187507328124999 0.4146083765625 0.89642174375 0.383902021875 0.806807603125 0.256789090625
1 0.6394929203124999 0.3080873984375 0.5615020921875 0.330898978125 0.645594946875 0.4621245359375 0.733227365625 0.44229255937499995 0.6394929203124999 0.3080873984375
1 0.6438296703125 0.3090685453125 0.735564121875 0.442274134375 0.8174856984375 0.4165322015625 0.7203755843749999 0.28405508125 0.6438296703125 0.3090685453125
1 0.480119753125 0.524547284375 0.5612307703125 0.494877196875 0.4765522578125 0.3558153765625 0.39751906406250004 0.38206623125 0.4078466734375 0.40236680468749997 0.480119753125 0.524547284375
1 0 0.5747255 0.005862059375 0.59389943125 0.0343532765625 0.6623148953125 0.12263791718749999 0.634164271875 0.059648978124999995 0.4966994890625 0 0.5130738796875 0 0.5747255
0 0.1507808296875 0.4794885125 0.0645926796875 0.5022393625 0.12620605625 0.6330733828125 0.212977184375 0.6042261890625 0.1507808296875 0.4794885125
1 0.320982521875 0.42843361093750004 0.23688114374999997 0.45296639687500007 0.304139915625 0.577653725 0.3912222953125 0.5496379796875 0.320982521875 0.42843361093750004
0 0.23549733437499998 0.4524287796875 0.151689134375 0.47746554999999996 0.21659890312500002 0.605437515625 0.304071884375 0.5810129374999999 0.23549733437499998 0.4524287796875
1 0.40313086406250004 0.4047103296875 0.3230513921875 0.42940453593749994 0.3913847265625 0.548892328125 0.4763892828125 0.5242958140625 0.40313086406250004 0.4047103296875
1 1 0.4892725765625 0.9985610796875 0.48723226718749996 0.9244397781249999 0.5062172015625 1 0.6293934109375 1 0.4892725765625
1 0.26709945 0.70986246875 0.1751676640625 0.734403903125 0.26024219375 0.9147795328124999 0.35689834375 0.8863401281250001 0.26709945 0.70986246875
1 1 0.634666159375 0.920702359375 0.5088133734375 0.8451949203125 0.5300004 0.9481019421875001 0.7054797625 1 0.6874272625 1 0.634666159375
1 0.366676990625 0.6798531078125001 0.45878114999999997 0.856302775 0.5532866171874999 0.827965225 0.4540824875 0.6482506390625 0.366676990625 0.6798531078125001
0 0.0813017015625 0.7670848609375 0.1626983640625 0.9476663343749999 0.25854299062499997 0.9129145671875 0.17303314375 0.7365317109375 0.0813017015625 0.7670848609375
1 0.7370743171874999 0.5661668921875 0.8414635609375001 0.73874934375 0.92956834375 0.7129243562500001 0.8216048484374999 0.5392218109375 0.7370743171874999 0.5661668921875
1 0.45892699375 0.6528819234375 0.5529502046875 0.8258453843750001 0.6443984859375 0.7956641484375 0.5486637328125 0.629336359375 0.45892699375 0.6528819234375
0 0.2707666796875 0.7078426703125 0.36042183125 0.88748558125 0.45803711874999997 0.85708591875 0.3657755453125 0.6858065625 0.2707666796875 0.7078426703125
0 0.6395870593749999 0.6004156078125 0.7472192468750001 0.770341090625 0.8402224374999999 0.73912879375 0.734746034375 0.567444234375 0.6395870593749999 0.6004156078125
1 0.6350089171875 0.7751965671875001 0.6459138953125 0.7935338234375 0.7433982328125001 0.7698422703125 0.6369227515625 0.601241521875 0.5511383921874999 0.6283458515625 0.6350089171875 0.7751965671875001
1 0 0.195725846875 0.028928848437499998 0.2518979328125 0.10802932031250001 0.226845540625 0.05782398125 0.1335758671875 0 0.1512350296875 0 0.195725846875
0 0.1340666640625 0.1109453046875 0.0585422671875 0.132660184375 0.10902686406249999 0.227887415625 0.189343334375 0.206053034375 0.1340666640625 0.1109453046875
1 0.210428609375 0.09031994374999999 0.1353238328125 0.11027366875 0.189575953125 0.205981915625 0.2669742046875 0.18458625625 0.210428609375 0.09031994374999999
1 0.2930146703125 0.070965984375 0.21065021874999998 0.08978265625000001 0.2670663890625 0.1841046 0.3454590265625 0.16013756562499998 0.2930146703125 0.070965984375
1 1 0.8147326828124999 0.9319381281249999 0.7143312453124999 0.8436115328125 0.7407681046875 0.9372373187499999 0.8891690156250001 1 0.8699805375 1 0.8147326828124999
1 0.75087458125 0.7750552749999999 0.8407027703125 0.9186825875 0.93517375 0.8897999109375 0.8405776078124999 0.742262959375 0.75087458125 0.7750552749999999
1 1 0.6880488046875 0.936778009375 0.7103060421875 1 0.8074301578125 1 0.6880488046875
1 0.6555260953125 0.7995904031250001 0.7407127250000001 0.9492526124999999 0.8377607046875 0.9195820671874999 0.7457369734375 0.77538133125 0.6555260953125 0.7995904031250001
1 0.4138491125 1 0.3548925328125 0.8907517890625 0.264377165625 0.917857821875 0.3036498984375 1 0.4138491125 1
1 0.5323673624999999 1 0.454750465625 0.861871225 0.3588342140625 0.8916170234375 0.4176052171875 1 0.5323673624999999 1
1 0.5747255015625 1 0.6400941640625 0.98001479375 0.555075075 0.8336725234375001 0.4566138484375 0.8617227890624999 0.5336416500000001 1 0.5747255015625 1
1 0.5572845515625 0.831604071875 0.6403915718750001 0.9799238671875001 0.7386160921875 0.9498936171875 0.6513394765625 0.8009434000000001 0.5572845515625 0.831604071875
1 0.3004539609375 1 0.26268608125 0.9189421296875 0.1648126671875 0.95159476875 0.1859186484375 1 0.3004539609375 1
1 0.5168464453125 0 0.577634321875 0.097217325 0.6507465828125001 0.07348699843749999 0.6022356359375001 0 0.5168464453125 0
1 0.345275840625 0.1597401 0.4190763203125 0.1359445 0.363589609375 0.050749473437500005 0.2941213671875 0.0706276328125 0.345275840625 0.1597401
1 0.604026453125 0 0.65172485 0.0745017625 0.7271345328125001 0.0528881890625 0.684628890625 0 0.604026453125 0
1 0.43940565 0.027035054687499997 0.49854846718749996 0.11657446875 0.575097175 0.095237678125 0.5122238984374999 0.00080258125 0.43940565 0.027035054687499997
1 0.43699141875 0.028761759375 0.364127571875 0.049387689062500004 0.42077122187500005 0.1371123171875 0.497365784375 0.11641584062500002 0.43699141875 0.028761759375
1 0.7782078671875 0 0.803891665625 0.03079884375 0.8729424281249999 0.00968790625 0.8712811234375 0.0042540234375 0.8676889109375001 0 0.7782078671875 0
1 0.686828 0 0.728329353125 0.057344725 0.8019238859375 0.031400453125 0.774996715625 0 0.686828 0