1 1 0.2970307046875 0.9541153031249999 0.286453553125 0.9652948171875 0.407064846875 1 0.4153428953125 1 0.2970307046875
1 0.8763048265625001 0.27270771250000003 0.8917555734375 0.39582465624999996 0.9617669984375 0.409296471875 0.9457131328124999 0.2860705375 0.8763048265625001 0.27270771250000003
1 0.6984843374999999 0.24081645156249998 0.624676471875 0.22306350937500002 0.6198471796875 0.22203701250000002 0.629886328125 0.34498810625 0.70908504375 0.359197946875 0.6984843374999999 0.24081645156249998
1 0.7037755515625 0.2402976625 0.713959915625 0.358156746875 0.794158825 0.3808418359375 0.781675759375 0.2569653234375 0.7037755515625 0.2402976625
1 0.7859724359375 0.2566224875 0.797751796875 0.38459541875 0.8804560374999999 0.4017048890625 0.86681195 0.273352884375 0.7859724359375 0.2566224875
1 0.5423628625 0.20719231875 0.5488072234375 0.331251271875 0.6301224859375 0.3459109984375 0.6199695921874999 0.2236881375 0.5423628625 0.20719231875
1 0.45580650624999997 0.1912457484375 0.4614260359375 0.316464803125 0.5457826890625 0.33242708906249996 0.54044413125 0.2066349046875 0.45580650624999997 0.1912457484375
0 0.20568533906250003 0.1358240234375 0.1227207078125 0.11736251093750001 0.1162421875 0.26474484375 0.20151798593749998 0.282284171875 0.20568533906250003 0.1358240234375
1 0.20596174843749998 0.136709609375 0.2027532640625 0.285878415625 0.289874003125 0.30514797968749996 0.2949820734375 0.1572851328125 0.20596174843749998 0.136709609375
0 0.37383740468750004 0.17321951875 0.376184675 0.32572783437499997 0.458157928125 0.34249569375 0.45391816250000006 0.18776070312499998 0.37383740468750004 0.17321951875
0 0.2955947859375 0.1565885359375 0.2907313734375 0.30625199062499997 0.3754407859375 0.32228925625 0.3712783 0.17432923125 0.2955947859375 0.1565885359375
1 0.9651968921874999 0.420641771875 0.8847004453125 0.4052323125 0.8986055921875 0.5685694671875 0.9852531640625 0.58765951875 0.9651968921874999 0.420641771875
1 1 0.428350803125 0.9691303421875 0.4204891984375 0.9867648359375 0.59470623125 0.9907666624999999 0.595991553125 1 0.5525521171875 1 0.428350803125
1 0.627919140625 0.3564893 0.5491927890625 0.34090999375000003 0.553831646875 0.498788390625 0.6412998578125 0.5140176359375 0.627919140625 0.3564893
1 0.8792537593749999 0.41246209218749996 0.794439328125 0.3946522984375 0.81389341875 0.5545985796874999 0.8958982734375001 0.56530385 0.8792537593749999 0.41246209218749996
1 0.7097256765625 0.376567975 0.6312308859375 0.358885578125 0.641120303125 0.5126343890625 0.7265369140625 0.5375156484375 0.7097256765625 0.376567975
1 0.713011328125 0.37949564062499996 0.72856975 0.5386202796874999 0.8118748546875001 0.5556547875 0.7913108281250001 0.3945819734375 0.713011328125 0.37949564062499996
1 0.467849178125 0.48723765312499995 0.5523365234375001 0.5004882125 0.5456988421875 0.339685375 0.4646514 0.3244758296875 0.4638586578125 0.346974853125 0.467849178125 0.48723765312499995
1 0.0200912109375 0.352926165625 0.0156596359375 0.3925549421875 0.10563158125000001 0.4105588359375 0.11701436093749999 0.26153728906249996 0.043319621875 0.243645084375 0.0200912109375 0.352926165625
0 0.20420475312500003 0.29036208124999996 0.1186389359375 0.2686962953125 0.10924543906249999 0.41132698593750006 0.198240584375 0.42800302500000004 0.20420475312500003 0.29036208124999996
0 0.376116675 0.3278510078125 0.29150354375 0.30872609687499997 0.28994836875 0.44875112968749997 0.37881426875 0.4662950796875 0.376116675 0.3278510078125
0 0.290562840625 0.3075978296875 0.2059618890625 0.28904912031249996 0.2007964921875 0.43078676250000003 0.28827805 0.45162200468749997 0.290562840625 0.3075978296875
1 0.4586498578125 0.3467390578125 0.3774428921875 0.3296823125 0.3793126421875 0.465728471875 0.4647386359375 0.48523140781249996 0.4586498578125 0.3467390578125
1 0.9460230296875001 0.80649379375 0.934799965625 0.703595575 0.861492409375 0.6844612359375 0.8703016484375 0.8821131265625001 0.9275900046875 0.8932143640625 0.9460230296875001 0.80649379375
1 0.19444582187499998 0.545262084375 0.10304618593749999 0.5223896906250001 0.09020889531250001 0.719091565625 0.1875703984375 0.740860284375 0.19444582187499998 0.545262084375
1 0.78144535625 0.6670172984375 0.786402490625 0.8680384390624999 0.868181796875 0.882199484375 0.857009853125 0.6849129859375 0.78144535625 0.6670172984375
1 0.2950908015625 0.5670747375 0.2902255265625 0.7637542015625 0.38567534375 0.7845796328125 0.3859570984375 0.5816734875 0.2950908015625 0.5670747375
0 0 0.7023473546875 0.0896317359375 0.7166647765625 0.10017666249999999 0.5232052640625 0.006066775 0.5056251046875 0 0.5790497421875 0 0.7023473546875
1 0.6704472109374999 0.64642979375 0.6780778140625 0.8456578 0.7667783796875 0.8655855828125001 0.7565892187500001 0.6636754578125 0.6704472109374999 0.64642979375
1 0.387931596875 0.5879995984375 0.38640083281250004 0.78258605 0.4800870546875 0.8003518828124999 0.47695226562500004 0.6106801546875 0.387931596875 0.5879995984375
0 0.1985911 0.54527485625 0.1900728234375 0.74353998125 0.2892054109375 0.7640743156250001 0.2914541734375 0.5717882671875001 0.1985911 0.54527485625
1 0.5695791484375 0.6292837390625 0.5812931781249999 0.8277703296875 0.6768207875 0.8453906109375 0.667817821875 0.6464173578125 0.5695791484375 0.6292837390625
0 0.4817723984375 0.77815833125 0.48242153906249996 0.799237253125 0.5782228640625 0.8255068718749999 0.5668752546875 0.62871998125 0.4795708453125 0.6110107078125 0.4817723984375 0.77815833125
1 0.12797291718749998 0 0.1268838953125 0.017587735937499998 0.20741471250000001 0.033865421875 0.20845861718749997 0 0.12797291718749998 0
1 0.20890110312500001 0 0.20783576093749997 0.035214421875 0.2883665796875 0.05149210625 0.288983965625 0 0.20890110312500001 0
1 0.9048920171875 1 0.9277939296875 0.8922549671875 0.868134025 0.8835433343749999 0.876562003125 1 0.9048920171875 1
0 0.289699915625 0 0.288730828125 0.052870996875 0.3687712296875 0.0725132484375 0.36726669375 0 0.289699915625 0
1 0.36828605 0 0.3690068296875 0.0725633265625 0.4463091484375 0.09118539375 0.44315330781249995 0 0.36828605 0
1 0.443592753125 0 0.44662004218750007 0.0908132859375 0.526017128125 0.10768965625 0.52336720625 0.00546629375 0.50445813125 0 0.443592753125 0
1 0.780088715625 1 0.7681561046875001 0.86793800625 0.6789699046875 0.848432721875 0.687641690625 1 0.780088715625 1
1 0.6854215796875 1 0.67562498125 0.848269909375 0.5821979015625 0.83359784375 0.5910624828125 1 0.6854215796875 1
1 0.87509306875 1 0.8647982031250001 0.88210591875 0.7742790640625 0.8667797609375001 0.7838046390625 1 0.87509306875 1
1 0.5881147875 1 0.5775915234375 0.8314160046874999 0.48784189843750003 0.8090815750000001 0.49007721875000004 1 0.5881147875 1
1 0.092313790625 0.723735115625 0.0804254875 0.9219869812500001 0.1815349625 0.9434784640625 0.1837168078125 0.7437115984375 0.092313790625 0.723735115625
1 0.1867158703125 0.7463496296875001 0.1849529578125 0.9442049812500001 0.2852935703125 0.9655330375 0.284063175 0.766634378125 0.1867158703125 0.7463496296875001
1 0.28574835625 0.767399634375 0.286239384375 0.9657340765625 0.388540921875 0.9874789390625001 0.3844866703125 0.7903703 0.28574835625 0.767399634375
1 0.4882253578125 1 0.48356660937499996 0.80824339375 0.38739264375000004 0.7896419765625 0.3883760921875 0.9874439031250001 0.44744788281250003 1 0.4882253578125 1
1 0 0.9048920171875 0.076522615625 0.9211574 0.0903289140625 0.7238613890625001 0 0.707033665625 0 0.9048920171875
1 0.7510847890625 0.047746546875000004 0.7572995812500001 0.1646414203125 0.8320094890625 0.1791902625 0.8227735109375001 0.06074365625 0.7510847890625 0.047746546875000004
1 0.5260491203125001 0.1072582671875 0.6013864437499999 0.12208071718749999 0.5941938421875 0.0218355296875 0.5244880828125 0.00570454375 0.5260491203125001 0.1072582671875
1 0.824785428125 0.061836925 0.8323700437499999 0.180536475 0.9080544859374999 0.1980166015625 0.887230959375 0.0777726109375 0.824785428125 0.061836925
1 0.6712380109375 0.037694678125 0.6795133984375 0.14344811875000002 0.756051640625 0.161713684375 0.7468935250000001 0.049939828125 0.6712380109375 0.037694678125
1 0.668318621875 0.0380294265625 0.5953130390625 0.02091645625 0.6022942984374999 0.1239028703125 0.67856510625 0.1427438734375 0.668318621875 0.0380294265625
1 1 0.10462982968750001 0.9618786328125 0.0945481140625 0.9851342531249999 0.2157316515625 1 0.2188914640625 1 0.10462982968750001
1 0.9069516125 0.20244151718749998 0.9831412593750001 0.215308028125 0.9636156781249999 0.12063346875 0.9576652843750001 0.0940751265625 0.8922602749999999 0.0815041015625 0.9069516125 0.20244151718749998