1 0.9154318703125 0.2681241234375 0.924597259375 0.3970771390625 0.9963902359375 0.414826046875 0.9866059890625 0.28572748125 0.9154318703125 0.2681241234375
0 0.7329571875 0.22546426562500002 0.657468534375 0.203057725 0.6525217578125 0.201732240625 0.6560891765625 0.3302244578125 0.737360475 0.34923071875 0.7329571875 0.22546426562500002
1 0.7384684796875 0.22520614062500002 0.7424694171875 0.3484067359375 0.8243059390624999 0.37628661874999997 0.8182577125 0.24670114999999998 0.7384684796875 0.22520614062500002
1 0.8227287421874999 0.24657317812500001 0.8278201171875 0.3803843921875 0.9125624562500001 0.402595046875 0.9055600296874999 0.2682900109375 0.8227287421874999 0.24657317812500001
1 0.5730621109375 0.182156578125 0.5728432328124999 0.3116103203125 0.6562825671875 0.33119750625 0.6525568109375001 0.20345711875 0.5730621109375 0.182156578125
1 0.4842637890625 0.1609510296875 0.4831257796875 0.2915681859375 0.5696440234375 0.31267294218749997 0.57110501875 0.181474284375 0.4842637890625 0.1609510296875
0 0.22818327031250002 0.0899521234375 0.14324628749999999 0.0663205078125 0.1283409640625 0.2193591171875 0.215723909375 0.2421540828125 0.22818327031250002 0.0899521234375
0 0.22842044375 0.0908884890625 0.2168040375 0.24596046875000002 0.306002425 0.2706543765625 0.3195144796875 0.1170426984375 0.22842044375 0.0908884890625
0 0.4003341171875 0.137825440625 0.39428863125 0.2966687875 0.478292553125 0.3184849890625 0.48250091875 0.1572235109375 0.4003341171875 0.137825440625
0 0.32018805625 0.1163503671875 0.30682941406249997 0.2718490015625 0.3937089984375 0.2930505765625 0.39762083125 0.138844053125 0.32018805625 0.1163503671875
1 1 0.437259609375 0.9993134375 0.42681598125000003 0.9167641890624999 0.40649214218749996 0.9220923640625 0.577220796875 0.9917931 0.5964548140625 1 0.5658262453125 1 0.437259609375
1 0.653411565625 0.34208920625 0.5727058281249999 0.3216828703125 0.56873624375 0.4862370078125 0.6585192546874999 0.5067445828125 0.653411565625 0.34208920625
1 0.91071875625 0.4137262453125 0.8238288875 0.3906743734375 0.835095053125 0.5581695921875001 0.919468721875 0.573678025 0.91071875625 0.4137262453125
1 0.7370587000000001 0.3673421578125 0.6567098015624999 0.3447594296875 0.6584101046875 0.5052954484375001 0.74553083125 0.5357388000000001 0.7370587000000001 0.3673421578125
1 0.740300365625 0.3705640171875 0.747575734375 0.5369966734375 0.8329448218750001 0.5591613078125001 0.8205912218750001 0.390434571875 0.740300365625 0.3705640171875
1 0.48028819531250005 0.46963685 0.56709259375 0.48792641875 0.569153675 0.32022231562500003 0.48602240312499995 0.300077184375 0.48395033749999994 0.3234501328125 0.48028819531250005 0.46963685
1 0.129319346875 0.2160620765625 0.06370258281249999 0.1964324765625 0.02294823125 0.34852978437500004 0.10924138750000001 0.3705454703125 0.129319346875 0.2160620765625
0 0.21805875000000002 0.2507040046875 0.13060468593750002 0.223599109375 0.11294316093750001 0.37153735781249997 0.2042278703125 0.3936319578125 0.21805875000000002 0.2507040046875
1 0.3941001515625 0.29887479375 0.3074919640625 0.2744649734375 0.2980969046875 0.4201088984375 0.389199453125 0.4430998671875 0.3941001515625 0.29887479375
0 0.3065799796875 0.273240665625 0.21995237968749998 0.2494311578125 0.206721415625 0.39666516406249996 0.29620663125 0.4230077203125 0.3065799796875 0.273240665625
1 0.478566384375 0.3229273375 0.395372503125 0.300851296875 0.3897473359375 0.44253672968749996 0.477176753125 0.46738325625000005 0.478566384375 0.3229273375
1 0.9532258765625 0.7403896546875 0.952089115625 0.719672634375 0.877195640625 0.6958550906250001 0.8753362484375 0.9020243656250001 0.9077562703125001 0.910084534375 0.9532258765625 0.7403896546875
1 0.19377778750000002 0.515463625 0.100346125 0.48679230625000003 0.0761106453125 0.6908200718749999 0.17578100624999998 0.71866028125 0.19377778750000002 0.515463625
1 0.79522511875 0.673437865625 0.789187109375 0.8829084359375001 0.87313498125 0.9020013453125 0.8725259609375 0.696086515625 0.79522511875 0.673437865625
1 0.2968478578125 0.543524421875 0.28087377187499996 0.7479534218749999 0.37861578749999997 0.7747101234375 0.39018682031249996 0.563556796875 0.2968478578125 0.543524421875
0 0 0.672100046875 0.0756475234375 0.688263728125 0.0973275546875 0.48748826875000006 0.0007934984375000001 0.46418034375 0 0.4700041234375 0 0.672100046875
1 0.6813595875 0.646100734375 0.6781913484375 0.8538475343749999 0.7689900734374999 0.879310596875 0.7696563750000001 0.668636209375 0.6813595875 0.646100734375
1 0.391881028125 0.57024565625 0.37947831718749997 0.7726740015625 0.475563075 0.7961525984375 0.48285840625 0.5985906328125 0.391881028125 0.57024565625
0 0.198072178125 0.5156976796875 0.1782249171875 0.7215823609375 0.2797989890625 0.7482322421875 0.2928177765625 0.548236209375 0.198072178125 0.5156976796875
0 0.577798965625 0.6228846781249999 0.5789029546875 0.8300773359375 0.6769037421874999 0.8535025218750001 0.67863585625 0.6459477625 0.577798965625 0.6228846781249999
0 0.4785430203125 0.773145096875 0.47804389062499997 0.79511690625 0.5758474921875 0.8275581984375 0.575028684375 0.6221539671875 0.4855532546875 0.5990740999999999 0.4785430203125 0.773145096875
0 0.319418425 0 0.318841440625 0.00804398125 0.40068287031249994 0.03274868125 0.4017544359375 0 0.319418425 0
1 0.40235162343750003 0 0.4009242015625 0.0328133453125 0.4799852953125 0.056310503125 0.4810508265625 0 0.40235162343750003 0
1 0.481457515625 0 0.4803281109375 0.0559397984375 0.5616567234375001 0.077731734375 0.56379958125 0 0.481457515625 0
1 0.774585515625 1 0.7702868281249999 0.8818321828125001 0.6789614312500001 0.85678295625 0.6794683265625 1 0.774585515625 1
1 0.6770599609375 1 0.6755046609375001 0.8564353765625 0.5795164390624999 0.8361903249999999 0.5794551718750001 1 0.6770599609375 1
1 0.872914465625 1 0.8696342937500001 0.901723775 0.7766954734375 0.8809528578125001 0.77880385 1 0.872914465625 1
1 0.5763129515625 1 0.57486485625 0.8336743249999999 0.4831129359375 0.8056507484375001 0.4750025375 1 0.5763129515625 1
1 0.0780334921875 0.6957648 0.055040590625 0.8984115765625 0.15846271875 0.9261234515625001 0.1716296359375 0.721422471875 0.0780334921875 0.6957648
1 0.1745904515625 0.7243276390625 0.1619577640625 0.9270599468749999 0.26469347656250003 0.9545878968749999 0.2743285921875 0.75062269375 0.1745904515625 0.7243276390625
1 0.2760321421875 0.7515088578125 0.265673615625 0.954850525 0.370408534375 0.9829141625 0.3770622625 0.7806732796875 0.2760321421875 0.7515088578125
1 0.473024896875 1 0.47872971875000003 0.8045507515624999 0.3801137515625 0.7800700593750001 0.37028743125 0.9828817125 0.4341737484375 1 0.473024896875 1
1 0 0.88366349375 0.051072426562499995 0.897348309375 0.07596985625 0.6957905109375 0 0.677487634375 0 0.88366349375
1 0.8747339937499999 0.16843971875 0.8726538953125 0.0822142203125 0.7981743421874999 0.062257484375000005 0.798132584375 0.14931970781249998 0.8747339937499999 0.16843971875
1 0.564656759375 0 0.5617138515625 0.0772844828125 0.6389501421875 0.09672265468749999 0.6375585234375001 0.0192206046875 0.5658262484375001 0 0.564656759375 0
1 0.952480965625 0.19208250625 0.94170359375 0.10071603124999999 0.8741454031250001 0.08261386875 0.8750327468749999 0.16985994843750002 0.952480965625 0.19208250625
1 0.7970022890624999 0.1462062953125 0.7946213578125 0.0613054640625 0.7166955374999999 0.040425304687500004 0.71871306875 0.12312084999999999 0.7970022890624999 0.1462062953125
1 0.7177696484375 0.122337425 0.714152940625 0.0397440171875 0.6386792046875 0.019520890625000002 0.6397895203124999 0.098667353125 0.7177696484375 0.122337425
1 1 0.11633650625 0.9447091546875 0.10152136875 0.9510922609374999 0.19662886562499998 1 0.20753723281249997 1 0.11633650625