1 0.9065129125 0.2004794515625 0.9264797546875 0.1945357296875 0.8893748546875001 0.080338590625 0.833732265625 0.0973654359375 0.9065129125 0.2004794515625
1 0.7567088625 0.1253865890625 0.8346284531249999 0.22854386093749998 0.9045058578124999 0.20432809062500001 0.8259879781249999 0.1013858046875 0.7567088625 0.1253865890625
0 0.5804384953125 0.1889918578125 0.5049249062500001 0.21131422031249997 0.5000542796875 0.2128967828125 0.573028046875 0.3187164671875 0.6515394421875 0.2903929375 0.5804384953125 0.1889918578125
1 0.584920065625 0.1857737109375 0.6553753906249999 0.2869193578125 0.7391937453125 0.26573003125 0.6635439703125 0.1603446125 0.584920065625 0.1857737109375
1 0.6672239921875 0.15780218906250001 0.7443727890625 0.2672527546875 0.8275404843749999 0.23972619062499997 0.748519990625 0.1309023046875 0.6672239921875 0.15780218906250001
1 0.4227521421875 0.23975607499999999 0.4930741375 0.348444328125 0.573720196875 0.31942720625 0.5010231125 0.21432429531250002 0.4227521421875 0.23975607499999999
1 0.33673023281250003 0.2703346390625 0.40691501875 0.3804992078125 0.49096979999999996 0.3510779328125 0.42073918125 0.240249765625 0.33673023281250003 0.2703346390625
0 0 0.37826354218749997 0.070039559375 0.513169246875 0.15574009375 0.48469455000000006 0.0832942640625 0.3502613921875 0 0.376447415625 0 0.37826354218749997
0 0.08400315625 0.3509175203125 0.15871907031250002 0.4872985734375 0.24697639843750002 0.4594277046875 0.1746456453125 0.32323891875 0.08400315625 0.3509175203125
0 0.2537457890625 0.2966512625 0.33518790625 0.433161109375 0.41752147656250005 0.40570590156249997 0.3332216140625 0.26816860781249996 0.2537457890625 0.2966512625
0 0.1748334859375 0.3222914234375 0.24832060937499997 0.45997919062500003 0.3327311671875 0.43044231406250005 0.2520250109375 0.298983303125 0.1748334859375 0.3222914234375
1 0.9469777109375 0.257621953125 0.9134876468750001 0.21279160468749997 0.8331868640625 0.2407061421875 0.9306409375 0.3809893078125 0.9817980000000001 0.3647877828125 0.9469777109375 0.257621953125
1 0.577244415625 0.33012541562500003 0.49844480312500006 0.356966715625 0.5847382375 0.49713541718750004 0.67120583125 0.465435184375 0.577244415625 0.33012541562500003
1 0.8320567125 0.25006575 0.7466297875000001 0.2780564390625 0.8473028250000001 0.4123937546875 0.9265110359375001 0.37944702656249996 0.8320567125 0.25006575
1 0.6611505515625 0.30574682656249996 0.581464859375 0.33056850312499997 0.6703250328125 0.46427928593749995 0.7599712609375 0.44236188125 0.6611505515625 0.30574682656249996
1 0.6656239890625 0.3066833671875 0.7623713484375 0.4423030875 0.8460396140625001 0.414396578125 0.743783846875 0.2796186828125 0.6656239890625 0.3066833671875
1 0.501518365625 0.5313856140625 0.584279875 0.4994474734375 0.494670240625 0.3576764328125 0.4139786671875 0.38605784062500004 0.42497070625 0.40678857031250004 0.501518365625 0.5313856140625
1 0 0.5750644921875 0.0462040171875 0.6808627125 0.1363632984375 0.650367165625 0.0690644046875 0.50987125 0 0.5301262109375 0 0.5750644921875
0 0.162354875 0.490593471875 0.0742473421875 0.5154922921875 0.1400080875 0.6491829015625 0.22859946718750002 0.6179957765624999 0.162354875 0.490593471875
1 0.3362313109375 0.43511387656249995 0.25030103125 0.46181227812500003 0.32174503906249996 0.5890764671875 0.41067184218749997 0.5587403140625 0.3362313109375 0.43511387656249995
0 0.2488693703125 0.461282190625 0.1632497671875 0.48849462812500005 0.23234273125 0.61918155625 0.32173853124999996 0.5925371390625 0.2488693703125 0.461282190625
1 0.42017060624999997 0.40928242968750006 0.338374875 0.4360785390625 0.41082462968750005 0.5579696281250001 0.497681496875 0.5311902046875 0.42017060624999997 0.40928242968750006
1 1 0.49329122031250006 0.95760024375 0.50493690625 1 0.571534078125 1 0.49329122031250006
1 0.286189571875 0.7258639328125 0.1922156671875 0.752704671875 0.2830115671875 0.9370163421875001 0.3817650328125 0.9060807390625 0.286189571875 0.7258639328125
1 1 0.5783422453125 0.9538099640625 0.5076742859375 0.876644684375 0.530780584375 0.9856666328125 0.7097459234375 1 0.7044760343750001 1 0.5783422453125
1 0.38791441249999997 0.6932617140625 0.4858574296875 0.8734104109375 0.5824035249999999 0.8426163515624999 0.4771054671875 0.6592262343749999 0.38791441249999997 0.6932617140625
0 0.09640845 0.7879609328125 0.18343014375 0.9725472625 0.2812308765625 0.9351246484375 0.19006312812499998 0.7549323875 0.09640845 0.7879609328125
1 0.766260146875 0.5698693515625 0.8767500546875 0.7458260250000001 0.9667684515625 0.717728615625 0.8525857609375 0.5406793140625 0.766260146875 0.5698693515625
1 0.4821693625 0.6639132531249999 0.5820179515625 0.84043895 0.67538876875 0.8077982468749999 0.5739071921875001 0.63813551875 0.4821693625 0.6639132531249999
0 0.289918625 0.7237213359375 0.3854061453125 0.9072003515624999 0.4851078984375 0.8742296171874999 0.387100725 0.6994082921875 0.289918625 0.7237213359375
1 0.6667625296875 0.606801884375 0.7805336234375 0.77996699375 0.8754822687500001 0.746237953125 0.76389251875 0.571224509375 0.6667625296875 0.606801884375
0 0.6653571781250001 0.7868795390625001 0.6769052796875 0.8055784921875 0.776599075 0.7795183921875 0.6640412015625 0.6076978625 0.5764305953125 0.63707326875 0.6653571781250001 0.7868795390625001
1 0 0.19699221718749998 0.0328885515625 0.25828378750000003 0.11367184687500001 0.23113547968749998 0.0603387234375 0.135936434375 0 0.1555211390625 0 0.19699221718749998
0 0.1382320484375 0.11133096406250001 0.0610593078125 0.1349811703125 0.11471622968749999 0.232191465625 0.1968093734375 0.20833653281250003 0.1382320484375 0.11133096406250001
1 0.21628571718749998 0.0887885390625 0.1395108015625 0.1106178515625 0.197046990625 0.20825932656249999 0.27615067187500003 0.1849059421875 0.21628571718749998 0.0887885390625
1 0.3007570953125 0.0674494140625 0.21650322812499997 0.0882314328125 0.27623627968750003 0.18440833437499998 0.35631293125 0.15838985156250002 0.3007570953125 0.0674494140625
1 1 0.76294634375 0.9692293546874999 0.71913713125 0.8789946437499999 0.747868459375 0.962495296875 0.8754572812499999 1 0.8632712640625 1 0.76294634375
1 0.7843775046875 0.78475965 0.8639959015625 0.9074616750000001 0.9601838421875 0.8762083171875 0.8759062484375001 0.749459646875 0.7843775046875 0.78475965
1 0.6868936796875 0.8116521171875 0.7629947968749999 0.9402789234375 0.860737634375 0.9085203500000001 0.77910605 0.7851829875 0.6868936796875 0.8116521171875
1 0.4299643171875 1 0.3797877953125 0.9106583046875001 0.2873172953125 0.940116084375 0.3172092109375 1 0.4299643171875 1
1 0.5523907515625 1 0.48182196875 0.8792138109375 0.3838532125 0.9114822078125 0.43380044062499995 1 0.5523907515625 1
1 0.579192221875 1 0.6599741031249999 0.9737523749999999 0.5843483953125 0.8484635859375 0.4837333265625 0.879029190625 0.553811928125 1 0.579192221875 1
1 0.5865790546875 0.8462957234375 0.6607009359375 0.9735162125000001 0.76051096875 0.9410859671875 0.6826185031249999 0.8131168546875 0.5865790546875 0.8462957234375
1 0.3141962109375 1 0.2856005875 0.9412615828125 0.18567617812499998 0.9765569640624999 0.196378765625 1 0.3141962109375 1
1 0.5354796015625001 0 0.593627884375 0.0896345921875 0.668284734375 0.063949865625 0.6245269609374999 0 0.5354796015625001 0
1 0.356117253125 0.1579836421875 0.43147984531250005 0.132219965625 0.3728737765625 0.0454266578125 0.301887565625 0.0670821015625 0.356117253125 0.1579836421875
1 0.6261656078125 0 0.6693088031250001 0.064978259375 0.746365615625 0.041434340624999996 0.71193269375 0 0.6261656078125 0
1 0.502146571875 0 0.45030838125 0.019712240625 0.5127521515625 0.11091735 0.5909842515625 0.08763906875000001 0.530511740625 0 0.502146571875 0
1 0.44786094062500004 0.021531640625 0.3734007046875 0.0440150453125 0.43324296406249996 0.13339376875 0.5115342484375 0.1107741390625 0.44786094062500004 0.021531640625
1 0.7132123484374999 0 0.747677075 0.046003581249999995 0.8227875703124999 0.0180305875 0.806807715625 0 0.7132123484374999 0