1 1 0.2918628703125 0.9868011250000001 0.244894871875 0.91294628125 0.23974989687499998 0.9441562671874999 0.362844821875 1 0.3671631046875 1 0.2918628703125
1 0.8304375828125 0.23829525937499998 0.8664623890625001 0.36328385937499996 0.9408812015624999 0.3657359734375 0.9042164625 0.24073356562499998 0.8304375828125 0.23829525937499998
0 0.6418022718749999 0.2344759984375 0.5627687453125 0.2282131296875 0.5576195734375 0.22794327343749998 0.588034940625 0.3536491625 0.672051390625 0.35535634531250004 0.6418022718749999 0.2344759984375
1 0.647175828125 0.23306932656249998 0.6769102375 0.3534769484375 0.763341178125 0.3637986453125 0.730253784375 0.237535703125 0.647175828125 0.23306932656249998
1 0.734630125 0.2364746796875 0.7676599328125 0.3670963875 0.8557656109374999 0.3712311421875 0.8207503828125 0.2405231375 0.734630125 0.2364746796875
0 0.47526804843750003 0.225296834375 0.502155928125 0.3527408609375 0.5884291187499999 0.3545663140625 0.558015228125 0.22963343125 0.47526804843750003 0.225296834375
1 0.3833784140625 0.222999509375 0.40960470156250006 0.351780703125 0.499227778125 0.3544557015625 0.4731978234375 0.2250346859375 0.3833784140625 0.222999509375
0 0.116321728125 0.2066852890625 0.027726856249999998 0.20119284531249998 0.0450892203125 0.35491881406250003 0.13591774375000001 0.3590763375 0.116321728125 0.2066852890625
0 0.11675134375 0.2075571859375 0.137778403125 0.3625963828125 0.2307923765625 0.3682430109375 0.2119379171875 0.21424446718749998 0.11675134375 0.2075571859375
0 0.29588150625 0.21779438281250002 0.3231844921875 0.3753799484375 0.4104803796875 0.37928094843750004 0.3808618921875 0.21969986874999997 0.29588150625 0.21779438281250002
0 0.21245631718750002 0.213422253125 0.2318569234375 0.3692457078125 0.321856125 0.371940415625 0.2934226875 0.21936428437500002 0.21245631718750002 0.213422253125
0 0.9462703171875001 0.3769241625 0.8607194640625 0.37418759687500003 0.9017117953125 0.5410910343750001 0.9942083828125 0.5466294578124999 0.9462703171875001 0.3769241625
1 1 0.38072795937500004 0.950303009375 0.37611989375 0.996917428125 0.55368023125 0.9978651953125001 0.553827471875 1 0.5130929703125 1 0.38072795937500004
1 0.5878820828125 0.36588552343749997 0.5041294765625 0.3626822140625 0.5346724953125 0.5254537328125 0.6273857296875 0.5268582296875 0.5878820828125 0.36588552343749997
1 0.856280421875 0.382571190625 0.7658837000000001 0.37805771718750003 0.8120468734375 0.5405371765625 0.8983862546875001 0.53815323125 0.856280421875 0.382571190625
1 0.67554615 0.37324332031249996 0.59168929375 0.3678235453125 0.6269748328125 0.5254549328125 0.7191464437499999 0.5371942437499999 0.67554615 0.37324332031249996
1 0.679413140625 0.37573605312499997 0.721423653125 0.5380044671875 0.8101369265624999 0.541962853125 0.7626449953125001 0.37849885781250003 0.679413140625 0.37573605312499997
1 0.444092034375 0.5276154125 0.5334075109375 0.5274600781250001 0.5003254687500001 0.3619877546875 0.41423884843750003 0.3595487859375 0.4170917890625 0.38298397031250003 0.444092034375 0.5276154125
1 0 0.505359265625 0.057933221874999996 0.50769913125 0.045362453125 0.3514695015625 0.007260523437499999 0.348367990625 0 0.48690705 0 0.505359265625
0 0.14000720625000002 0.3670021859375 0.0482062828125 0.358618040625 0.06178645000000001 0.5079010703125 0.1563108515625 0.5105533234374999 0.14000720625000002 0.3670021859375
1 0.32346074062499997 0.3775903484375 0.2330571109375 0.3716815765625 0.2542978546875 0.5169778421875 0.34883053125 0.5205503296875 0.32346074062499997 0.3775903484375
0 0.23190264374999997 0.37066744375 0.14160558750000002 0.3653535125 0.1594015859375 0.5130168625 0.25304320625 0.5202259703125 0.23190264374999997 0.37066744375
1 0.41168013593749997 0.383595490625 0.3251275859375 0.3792693640625 0.34925219375 0.5198815484375 0.4405560109375 0.5260483390624999 0.41168013593749997 0.383595490625
1 0.98657936875 0.76917386875 0.9610778453125001 0.6750073921874999 0.882335040625 0.6672314484374999 0.9236690718749999 0.8705159984374999 0.9811650078125 0.8724860171875 0.98657936875 0.76917386875
1 0.171527075 0.632636078125 0.0735113703125 0.623960553125 0.0923607421875 0.8298173921875 0.1963464 0.8363702296875 0.171527075 0.632636078125
1 0.7969158375000001 0.6623136984375 0.8348258906250001 0.869721053125 0.9214964109375 0.8709537234375 0.877784725 0.6684358265625 0.7969158375000001 0.6623136984375
1 0.27890700156250003 0.638694975 0.30597631875000003 0.84321886875 0.4078360640625 0.8491087 0.37502269843749997 0.6388881171875 0.27890700156250003 0.638694975
0 0 0.8272977125000001 0.0913694375 0.8273984984375 0.0706843484375 0.6252767765625 0 0.62333304375 0 0.8272977125000001
1 0.6790558984375 0.6592247671875 0.7194312421875 0.8643355328125001 0.8141822875000001 0.870404403125 0.7707300546875 0.662935796875 0.6790558984375 0.6592247671875
1 0.378091609375 0.6451164375 0.4082591984375 0.846924515625 0.50780051875 0.8499348984375 0.47362197500000003 0.6539841 0.378091609375 0.6451164375
0 0.17580525625 0.6319682765625 0.1993649875 0.8387347859375 0.304976234375 0.8437180453125 0.2759246140625 0.6441748109375001 0.17580525625 0.6319682765625
0 0.572207203125 0.6580362796875 0.6166738796875 0.861708196875 0.718090953125 0.8642652906249999 0.6763415 0.6596438734375 0.572207203125 0.6580362796875
1 0.5059181859375 0.8266694812500001 0.5100268234375 0.84839680625 0.6131373875 0.8598680875 0.569326003125 0.6578965546875 0.476377121875 0.65389628125 0.5059181859375 0.8266694812500001
1 0.0255177171875 0 0.020415401562499998 0.0973579859375 0.1014711953125 0.1007903828125 0.088752234375 0 0.0255177171875 0
1 0.0891799921875 0 0.10212562031250001 0.10211852968749999 0.18785358125 0.10574877499999999 0.172489284375 0 0.0891799921875 0
1 0.9744822828125 1 0.9812105046875 0.8716178953125 0.9216663796875 0.872353559375 0.9513117078125 1 0.9744822828125 1
0 0.173581075 0 0.1884542890625 0.10711721406250001 0.27422528281249997 0.1143131171875 0.2541621265625 0.0020771875 0.224165046875 0 0.173581075 0
1 0.3356626328125 0.009049284375 0.25562138437500004 0.0018684937499999998 0.2744764890625 0.11432628281249999 0.357256546875 0.12091530156250001 0.3356626328125 0.009049284375
1 0.4227614375 0.0194657546875 0.336068078125 0.008604448437499999 0.3575165421875 0.12047878593750001 0.44217266562499996 0.124915425 0.4227614375 0.0194657546875
1 0.8479724890625 1 0.8159872874999999 0.8726147453124999 0.7208042125 0.8670632875000001 0.7495784125 1 0.8479724890625 1
1 0.7470332843749999 1 0.7173271640625 0.8674441859375 0.618557909375 0.8675958171874999 0.6466745421875 1 0.7470332843749999 1
1 0.9498681703124999 1 0.9179907703125 0.8714127015625 0.8221145109375 0.8704090593749999 0.8520939953125 1 0.9498681703124999 1
1 0.643160059375 1 0.6134501953125 0.8660926109375 0.5172243390625 0.8577032359375 0.5413411140625 1 0.643160059375 1
1 0.09528965625 0.8342814593749999 0.1094260234375 0.9802170578125 0.2141707671875 0.985706496875 0.192836384375 0.8399567890625 0.09528965625 0.8342814593749999
1 0.1963604859375 0.8421965953124999 0.21768819218750002 0.9858908375000001 0.3237189125 0.991447671875 0.300089390625 0.847214634375 0.1963604859375 0.8421965953124999
1 0.30195260625000003 0.8477304437500001 0.324962946875 0.9915128703124999 0.43288836562500005 0.9971690015625001 0.40755462187499997 0.85530208125 0.30195260625000003 0.8477304437500001
1 0.538663334375 1 0.5126773796874999 0.8575374234375 0.41043347812500003 0.8540702437500001 0.43370645625000004 0.997211875 0.48690704062499995 1 0.538663334375 1
1 0 0.9744822828125 0.10588197968749999 0.9800313234375 0.09326274062499999 0.8347383562499999 0 0.8322199984375 0 0.9744822828125
1 0.6645634859375 0.0258484875 0.6900457375 0.1459095265625 0.7694870296875 0.14870532812499998 0.74063508125 0.027533324999999997 0.6645634859375 0.0258484875
1 0.44213528750000003 0.12446332812500001 0.522268434375 0.1274394546875 0.4984939 0.0247851421875 0.4239565578125 0.0195283875 0.44213528750000003 0.12446332812500001
1 0.742888859375 0.0283352125 0.7700785953125 0.150040525 0.8510034109375001 0.155712503125 0.8099049875000001 0.0345824640625 0.742888859375 0.0283352125
1 0.5805568937500001 0.028554684375 0.60634705 0.136736665625 0.68828075625 0.14308194375 0.6605977859375 0.028808918750000002 0.5805568937500001 0.028554684375
1 0.5775999875 0.02938105625 0.49949847187499996 0.0236492734375 0.5235022203125 0.12917772656249998 0.6052539328125001 0.13616299062499998 0.5775999875 0.02938105625
1 1 0.13682893437500002 0.9673011796875001 0.047617646875 0.8896453578125 0.0396949109375 0.933405915625 0.161398578125 1 0.1648886265625 1 0.13682893437500002
1 0.8505876546875 0.16047711250000002 0.9312809109375 0.1612872109375 0.8956930312500001 0.0664292671875 0.8852218734375 0.0398971953125 0.8157018125000001 0.037621346875 0.8505876546875 0.16047711250000002
1 1 0.0484430421875 0.9707646515624999 0.046817285937499994 1 0.13216063125 1 0.0484430421875