1 0.8370997515624999 0.179057 0.8850374078125001 0.2851341734375 0.9562940140625 0.27816469375 0.9049369593750001 0.171902409375 0.8370997515624999 0.179057
1 0.7619979859375 0.19092345156249999 0.8146064875000001 0.2979401328125 0.8825263046874999 0.2882658296875 0.8293349109375001 0.1813389046875 0.7619979859375 0.19092345156249999
1 0.5902180953125 0.21760775312499997 0.5175035 0.22458090625 0.5127880375 0.2251598921875 0.5604207406249999 0.333719725 0.636930915625 0.3218403015625 0.5902180953125 0.21760775312499997
1 0.5948699859375 0.21548028125 0.6410404125 0.319368528125 0.7211144015625 0.314875878125 0.670968275 0.206240240625 0.5948699859375 0.21548028125
1 0.6747703578124999 0.2045839109375 0.7255588687500001 0.31716144062499996 0.8061665578125 0.306819128125 0.7535626859375 0.194480865625 0.6747703578124999 0.2045839109375
1 0.4376389625 0.2359259390625 0.4823477578125 0.346617440625 0.5609245890625 0.3344842640625 0.513416415625 0.2266216375 0.4376389625 0.2359259390625
1 0.35389046562500004 0.24853047031250003 0.398212015625 0.360534103125 0.4799639875 0.348632359375 0.4357186234375 0.23602008593749998 0.35389046562500004 0.24853047031250003
0 0.108958271875 0.276467246875 0.0276903109375 0.28566272187499997 0.06794391718750001 0.42158856250000004 0.151025996875 0.41083188281250005 0.108958271875 0.276467246875
1 0.10948706562499999 0.2771852921875 0.15327536875 0.4137106421875 0.2385778796875 0.403948428125 0.19692687656250002 0.26801498125 0.10948706562499999 0.2771852921875
0 0.2736646046875 0.2578098015625 0.32355360625 0.3956301734375 0.403389225 0.3852063015625 0.351081075 0.24595532812499998 0.2736646046875 0.2578098015625
0 0.19726625 0.26719034062499997 0.23970366406250002 0.4046830734375 0.321800078125 0.3927390328125 0.27168361406249997 0.259618984375 0.19726625 0.26719034062499997
1 0.8891995046875 0.297499571875 0.8111329359375 0.30869532187500004 0.8749288578125001 0.4527361671875 0.9597446375 0.4429589671875 0.8891995046875 0.297499571875
0 0.9633265281250001 0.44888780937500006 0.9973913640625 0.44817305156250004 0.9778606046875 0.289107790625 0.892730671875 0.2961297875 0.9633265281250001 0.44888780937500006
1 0.5622320953125 0.344784384375 0.4857229046875 0.3552717859375 0.5393784390625 0.49725365625 0.6237320015625001 0.48371201875000003 0.5622320953125 0.344784384375
1 0.8084409234375001 0.316968446875 0.72569394375 0.32733500000000004 0.7934769562499999 0.46655839375 0.8714430140625 0.45061671875 0.8084409234375001 0.316968446875
1 0.6429527 0.3374205984375 0.565995684375 0.34592484843750004 0.6231355093750001 0.48251152656249996 0.7086446078125 0.47838097656249995 0.6429527 0.3374205984375
0 0.6468589375 0.3390519984375 0.7108401125 0.47874826718749997 0.7919710375 0.468149778125 0.722825384375 0.3282503296875 0.6468589375 0.3390519984375
1 0.45752852343750006 0.5136722078125 0.5385503125 0.4992659296875 0.48216040312499997 0.355252815625 0.403655096875 0.36680265 0.4099786765625 0.3874913265625 0.45752852343750006 0.5136722078125
1 0 0.4957747421875 0.016446334375 0.5691874125 0.103946775 0.5573829 0.067642153125 0.4184327828125 0 0.424774040625 0 0.4957747421875
0 0.1559999609375 0.417329771875 0.07136193125 0.424428309375 0.10747544843750001 0.5569496328125 0.19367135 0.544244490625 0.1559999609375 0.417329771875
0 0.3241565421875 0.39758037812499997 0.24118093125 0.40668912968750004 0.283610446875 0.5343897984375 0.36996050937499997 0.522513615625 0.3241565421875 0.39758037812499997
0 0.239971728125 0.40595852812500005 0.1571876203125 0.41558695312499994 0.1968685421875 0.545973540625 0.2829895953125 0.537520821875 0.239971728125 0.40595852812500005
0 0.40516549687500003 0.38890745781249997 0.32593664843750003 0.39882902656249997 0.3702365515625 0.5218428578125 0.45407013125000006 0.5128231171875 0.40516549687500003 0.38890745781249997
1 1 0.669802415625 0.9501404250000001 0.5640796703125 0.877448503125 0.569641215625 0.9473524 0.7464523046875 1 0.7390233937499999 1 0.669802415625
1 0.22693466093749998 0.6519630750000001 0.1366107828125 0.659791384375 0.1865216109375 0.84251473125 0.2819244515625 0.8318176656249999 0.22693466093749998 0.6519630750000001
1 0.7991537890625 0.5788479671875 0.8666077359375001 0.759925753125 0.9454506437499999 0.747194275 0.8735113968749999 0.571454675 0.7991537890625 0.5788479671875
1 0.32533880625 0.6402781953125001 0.3824961421875 0.82048594375 0.47586422968750003 0.8095302468750001 0.412586778125 0.625100146875 0.32533880625 0.6402781953125001
0 0.043122485937499996 0.674915153125 0.08954844375 0.8572258359375 0.18523659374999998 0.8404906265625 0.1342552515625 0.6614305 0.043122485937499996 0.674915153125
0 0.69171319375 0.5948864421875 0.7610381937499999 0.7734983578125 0.8479842453125 0.7638396546874999 0.775491459375 0.583591840625 0.69171319375 0.5948864421875
1 0.416364146875 0.63022945625 0.47590010468750005 0.8074919843749999 0.5667055234375 0.7943086218750001 0.5044634015625 0.622971478125 0.416364146875 0.63022945625
0 0.2307103375 0.6506772093750001 0.2850404046875 0.8334689328125 0.3816681984375 0.821096065625 0.32350583125 0.6456987390625 0.2307103375 0.6506772093750001
1 0.594567271875 0.61088079375 0.667375521875 0.7875410125 0.7598107953125 0.7736490625 0.6893168875 0.59569814375 0.594567271875 0.61088079375
0 0.561289746875 0.7736180859374999 0.568480596875 0.792565278125 0.6638731921875001 0.78644565 0.591930546875 0.6112149328125 0.506949478125 0.622452171875 0.561289746875 0.7736180859374999
1 0 0.1928574328125 0.00023688749999999998 0.1937134375 0.0786065875 0.18329572031250002 0.0489994609375 0.087937540625 0 0.0941450703125 0 0.1928574328125
1 0.1261428828125 0.07846551874999999 0.049382765625000005 0.0878666421875 0.079412084375 0.184389509375 0.1577817875 0.17397179062499998 0.1261428828125 0.07846551874999999
1 1 0.7382068921875 0.9458279609375 0.748430125 1 0.8750603359375001 1 0.7382068921875
0 0.201429696875 0.069842925 0.1269686484375 0.07772718437500001 0.15854496406250002 0.1751105140625 0.2375219578125 0.167903034375 0.201429696875 0.069842925
1 0.2764959046875 0.0631156296875 0.20272059531250003 0.06942154843750001 0.2377520046875 0.1678747875 0.3139182515625 0.1605974828125 0.2764959046875 0.0631156296875
1 0.35719102812500003 0.0586018140625 0.2767929203125 0.0626495171875 0.3140846109375 0.1601621078125 0.3916102203125 0.15064316093750002 0.35719102812500003 0.0586018140625
1 0.8499743890625 0.7655456234375 0.7627187625 0.775740171875 0.8339047015625001 0.9493498203125 0.9276923281249999 0.9385886328125 0.8499743890625 0.7655456234375
1 0.7596243265625 0.7766392171875001 0.6700234109375 0.7925521796874999 0.73922726875 0.96323820625 0.8323228171875 0.9502985359375 0.7596243265625 0.7766392171875001
1 1 0.8775872 0.9423427046875 0.7481683328125001 0.8551828359375 0.7625768625 0.9335360203124999 0.9461704624999999 1 0.9390924999999999 1 0.8775872
1 0.6651490156250001 0.7920117546875 0.5764948828125 0.7998123546875 0.6398770078125 0.9769458546875001 0.7380300328125 0.9671576359375 0.6651490156250001 0.7920117546875
1 0.3339630859375 1 0.279310971875 0.83561428125 0.1898907828125 0.846074603125 0.232810675 1 0.3339630859375 1
1 0.43930939375 1 0.3777910203125 0.8250314218750001 0.2828657578125 0.8370722468749999 0.3373978546875 1 0.43930939375 1
1 0.519708775 1 0.5435143828125 0.9970770390625001 0.47659585625 0.815163171875 0.37956393906249997 0.8251992046875 0.440294603125 1 0.519708775 1
1 0.47901187187499994 0.8135919156250001 0.5437322859375 0.9983852640625 0.641547525 0.9863750625 0.5723424609375 0.800389025 0.47901187187499994 0.8135919156250001
1 0.2291952765625 1 0.188124334375 0.8468105921875001 0.0908807640625 0.8612484234375 0.12439647499999999 1 0.2291952765625 1
1 0.5776239453125 0.025738218750000003 0.6198806515624999 0.1299929484375 0.6924127296875 0.11982650624999999 0.64692125 0.015107645312500001 0.5776239453125 0.025738218750000003
1 0.39150425312500003 0.15024122499999998 0.4646928703125 0.1401269765625 0.42675981875 0.0513046796875 0.3582854828125 0.0584674328125 0.39150425312500003 0.15024122499999998
1 0.6490941625 0.0154711578125 0.6931623124999999 0.12093669843749999 0.7674989328125 0.1131283265625 0.71090145625 0.0104034234375 0.6490941625 0.0154711578125
1 0.501826059375 0.0415980359375 0.542469046875 0.1350857171875 0.6178284546875 0.12772368125 0.5744971859375 0.029042696875000003 0.501826059375 0.0415980359375
1 0.49927460156250003 0.042815928125 0.4274903671875 0.050119384375 0.46608945312500005 0.1414982609375 0.5413857078125 0.13474271875 0.49927460156250003 0.042815928125
1 0.8151843484375 0 0.7840741171875 0.002279403125 0.8431786812500001 0.10509664218749999 0.913766571875 0.0964295390625 0.8575384390625 0 0.8151843484375 0
0 0.767880984375 0.1174935953125 0.841232665625 0.1053355828125 0.7938224359375 0.025434467187499997 0.7800924031250001 0.0031684656249999998 0.7166458984374999 0.012219340625 0.767880984375 0.1174935953125
1 0.8611770468750001 0 0.9139635328125 0.095144734375 0.9537344421875 0.09261596093749999 0.9423626328125 0 0.8611770468750001 0