1 1 0.2669151015625 0.970343946875 0.25897751874999997 0.9775636828125001 0.386550546875 1 0.3927392703125 1 0.2669151015625
1 0.8890744921874999 0.24168613749999998 0.9006895500000001 0.3720546765625 0.9737717937499999 0.3887766890625 0.9615268968749999 0.2582715453125 0.8890744921874999 0.24168613749999998
1 0.7033671390625 0.20166625312500003 0.626455321875 0.1802937609375 0.6214178609375 0.17903778125 0.6273510703125 0.3090368578125 0.7100622609375 0.32686739375 0.7033671390625 0.20166625312500003
1 0.7089481703125 0.2013095109375 0.71522530625 0.32594485781250004 0.7986694046875 0.35274755625 0.79020218125 0.2216848515625 0.7089481703125 0.2013095109375
1 0.79473125625 0.2214778703125 0.8023049328124999 0.356834484375 0.8885918171875 0.3778484078125 0.8790723843749999 0.24202505 0.79473125625 0.2214778703125
1 0.54053250625 0.1605995109375 0.5426456515625 0.29163743750000004 0.6275646218750001 0.3100184359375 0.6214844984375001 0.180783109375 0.54053250625 0.1605995109375
1 0.45015301562500004 0.1406732203125 0.45135560625000004 0.2729046828125 0.539422421875 0.292768446875 0.5385366874999999 0.1599427859375 0.45015301562500004 0.1406732203125
0 0.189335075 0.07324329375000001 0.1028252875 0.05079443125000001 0.0904791375 0.205959546875 0.1794528171875 0.22751917812500003 0.189335075 0.07324329375000001
1 0.18959233749999999 0.0741869828125 0.18061618125 0.2313533203125 0.27146405625000003 0.25480363125 0.28238779062499997 0.099082584375 0.18959233749999999 0.0741869828125
0 0.36467326718750004 0.11871911093750001 0.3614112578125 0.2796063625 0.446942640625 0.3002338109375 0.44829911562499997 0.13693073125 0.36467326718750004 0.11871911093750001
0 0.2830579734375 0.0983701328125 0.27232375625 0.255998515625 0.36075853750000003 0.275954021875 0.36194172812500003 0.11979715625000001 0.2830579734375 0.0983701328125
1 0.9769507171875 0.40086236406250003 0.8929205609374999 0.3817203 0.9014001203124999 0.55444094375 0.9917574 0.5776849640624999 0.9769507171875 0.40086236406250003
1 1 0.40637085468749995 0.9810908609375 0.40084293281249994 0.993081584375 0.5851692859375001 0.9939900609375 0.5854968296874999 1 0.5613922796875 1 0.40637085468749995
1 0.62485131875 0.3210928359375 0.542688071875 0.3018353359375 0.5416329921874999 0.46846713749999996 0.6329978734374999 0.487669878125 0.62485131875 0.3210928359375
1 0.8869240046875 0.389147434375 0.7984454265625 0.3673192203125 0.8128848109375 0.5366641015625 0.8986771609374999 0.55090036875 0.8869240046875 0.389147434375
1 0.7100830921875 0.34520516875 0.62824224375 0.323738525 0.6328611093750001 0.4862049421875 0.7217069828125 0.515510875 0.7100830921875 0.34520516875
0 0.7134266265625 0.348410209375 0.7238021781249999 0.5167486828125 0.8107234406250001 0.5377051703125 0.7951597328125 0.36713257499999996 0.7134266265625 0.348410209375
1 0.451691571875 0.45319639062499995 0.5399976265624999 0.47020564374999996 0.5390616234375 0.300418478125 0.4544448109375 0.2814673875 0.45276635625 0.3051615671875 0.451691571875 0.45319639062499995
1 0.0914112625 0.202605309375 0.0609687140625 0.19407556406249998 0.022781034375000002 0.347237978125 0.0738487125 0.3593224453125 0.0914112625 0.202605309375
0 0.181973390625 0.23613303437500002 0.0928498953125 0.21021209062500001 0.077618346875 0.3602623203125 0.1705338234375 0.38104545 0.181973390625 0.23613303437500002
0 0.361260021875 0.281842565625 0.27304243437500003 0.258634946875 0.2661475546875 0.40621965624999995 0.35889457812500003 0.427913253125 0.361260021875 0.281842565625
0 0.27209605625 0.2574114890625 0.1838696234375 0.2348118484375 0.1731157375 0.38407249375 0.26428405 0.40918660781250005 0.27209605625 0.2574114890625
0 0.44730029375 0.3047256484375 0.3625852 0.2838211578125 0.3594397 0.42733375 0.4484974796875 0.45096918124999996 0.44730029375 0.3047256484375
1 0.9415015046875 0.796016928125 0.934371221875 0.6981122640625 0.858037165625 0.675301234375 0.85987138125 0.8840196671875 0.9163201890625 0.89701366875 0.9415015046875 0.796016928125
1 0.1621401734375 0.5045454703125001 0.0669301359375 0.4771425234375 0.046047584375 0.68408089375 0.14756554375 0.7105345234375 0.1621401734375 0.5045454703125001
1 0.7745557890625 0.6540302046875001 0.7722145265625 0.8661626140625 0.8576399828125 0.88403449375 0.853308625 0.67561636875 0.7745557890625 0.6540302046875001
1 0.2671077140625 0.531163490625 0.25460531249999996 0.73836489375 0.354149353125 0.7637551874999999 0.362067975 0.5498236375000001 0.2671077140625 0.531163490625
0 0 0.672596915625 0.045532103125 0.6815013640625 0.06388337031249999 0.47789926875 0 0.46364748906250003 0 0.672596915625
1 0.658660115625 0.6283316796875 0.6591962687499999 0.8386695671875 0.751679959375 0.8628707 0.7485552859375 0.6496128203125 0.658660115625 0.6283316796875
1 0.3639057015625 0.556564809375 0.3549868 0.76167926875 0.45279208125 0.7837801468750001 0.4566224375 0.58367994375 0.3639057015625 0.556564809375
0 0.1664967546875 0.504707996875 0.15009515 0.7134499421875 0.25352105156250004 0.7386657343749999 0.2631082171875 0.536002609375 0.1664967546875 0.504707996875
1 0.5532827859375 0.6066260437500001 0.5581388453125 0.8163290203125 0.6578850578125001 0.8383426453125 0.6558968562499999 0.6282240203125 0.5532827859375 0.6066260437500001
0 0.45539726406250003 0.760440146875 0.45528770625000003 0.7826888375000001 0.554996696875 0.8138320546875001 0.550461928125 0.6059343968750001 0.459362384375 0.58412263125 0.45539726406250003 0.760440146875
1 0.8906428125 1 0.9165317859375 0.8961650015625 0.8575392859375001 0.8854497140625 0.861711796875 1 0.8906428125 1
1 0.3636964796875 0 0.36337719687500003 0.012414790625 0.44392935 0.0348293328125 0.44396858906250003 0 0.3636964796875 0
1 0.444352609375 0 0.44427010781250004 0.034448164062499995 0.52708963125 0.055097390625 0.527628390625 0 0.444352609375 0
1 0.76034543125 1 0.7530397 0.86540060625 0.6600296921875 0.8416274859374999 0.663413284375 1 0.76034543125 1
1 0.6610692484375 1 0.6565199921875 0.841335540625 0.5588708703124999 0.8225060109375001 0.56196725625 1 0.6610692484375 1
1 0.8600437124999999 1 0.8540870359375001 0.883814171875 0.75951899375 0.8643995375 0.764341409375 1 0.8600437124999999 1
1 0.558887446875 1 0.554111115625 0.82003986875 0.460615178125 0.793263475 0.4556702296875 0.9997543062500001 0.456567628125 1 0.558887446875 1
1 0.048085575000000005 0.68905268125 0.028142268749999998 0.89765946875 0.1336101 0.923955553125 0.1434079578125 0.7134023421875 0.048085575000000005 0.68905268125
1 0.14646114062499999 0.7162916906250001 0.137175428125 0.9248444890625 0.24184125625 0.9509406109375 0.2480199265625 0.741180125 0.14646114062499999 0.7162916906250001
1 0.2497624546875 0.7420476 0.2428278390625 0.9511865937499999 0.3495391171875 0.977792703125 0.352682415625 0.7698180531250001 0.2497624546875 0.7420476
1 0.4537842953125 1 0.45615295156249996 0.792225975 0.355764215625 0.7691546140625001 0.34936718125 0.9777498343750001 0.43860772031249995 1 0.4537842953125 1
1 0 0.8906428125 0.0240711625 0.896644428125 0.0459945484375 0.6891144515625001 0 0.6788774109375 0 0.8906428125
1 0.846029215625 0.141489725 0.843036559375 0.0702218046875 0.7667961390625 0.051212934375 0.7680488999999999 0.12346316093750001 0.846029215625 0.141489725
1 0.5282484359375 0 0.5271394640625 0.054643690625 0.6057689671875 0.072981303125 0.6035317859375 0.010506559375 0.561392278125 0 0.5282484359375 0
1 0.9252521359375001 0.16407443906250002 0.9149099187499999 0.088141846875 0.8443304625 0.0705444109375 0.8463576187499999 0.142922121875 0.9252521359375001 0.16407443906250002
1 0.7668471890624999 0.12033131875 0.7636370296874999 0.050425279687500005 0.6842235999999999 0.030625287499999997 0.6870847546875 0.09832014375 0.7668471890624999 0.12033131875
1 0.6861144703125001 0.097543496875 0.6819498953124999 0.030058389062500003 0.6046097375 0.010775321875 0.6066547531250001 0.0749352046875 0.6861144703125001 0.097543496875
1 1 0.164117709375 0.9903516015625 0.1069515703125 0.9171165703125 0.0886920265625 0.9239266875000001 0.16870035625 1 0.1842840890625 1 0.164117709375