1 0.7886414125 0.1380052984375 0.851519409375 0.23750599062500002 0.9217761921875001 0.2205301875 0.8554535421875 0.1213238296875 0.7886414125 0.1380052984375
1 0.715230665625 0.160424375 0.78291079375 0.2602106203125 0.8494503421875 0.24099431875000002 0.78120011875 0.141379728125 0.715230665625 0.160424375
0 0.5472541046875 0.211244996875 0.47554020625 0.22842901875 0.4709075109375 0.22967034687500001 0.5338305734375 0.33169995937499996 0.60864755625 0.30907031093750004 0.5472541046875 0.211244996875
1 0.551604978125 0.20846192968750002 0.6124076390625001 0.30601855312500004 0.6918287656250001 0.2902860640625 0.6263822109375 0.188533146875 0.551604978125 0.20846192968750002
1 0.629949896875 0.18634110312500002 0.6965943046875 0.2919513171875 0.7757244625 0.27028609375 0.7072988640625 0.1651701578125 0.629949896875 0.18634110312500002
0 0.39729435625 0.2509941109375 0.45759469375000006 0.3555685734375 0.5344420624999999 0.3323948859375 0.47174177500000003 0.23104598593749998 0.39729435625 0.2509941109375
1 0.315343028125 0.2753653453125 0.37544116875 0.3813081078125 0.45549551875 0.357920734375 0.39538775937500004 0.2513577953125 0.315343028125 0.2753653453125
0 0 0.370487065625 0.053859832812499994 0.48878129687499994 0.1354053703125 0.46635399218750007 0.074408615625 0.3377027015625 0 0.35688319687500003 0 0.370487065625
0 0.075038490625 0.33834757031249996 0.138059965625 0.46892122187499996 0.22196556093750003 0.4471782765625 0.16116429999999998 0.316897515625 0.075038490625 0.33834757031249996
0 0.23644477187500001 0.29591253125 0.305747990625 0.4269271578125 0.38409477187499996 0.405288575 0.3121713484375 0.273180725 0.23644477187500001 0.29591253125
0 0.1613873515625 0.3160241078125 0.223194625 0.4477560171875 0.303587371875 0.42427796874999996 0.23471928125 0.2980021640625 0.1613873515625 0.3160241078125
0 0.8574234484375 0.24930482187499997 0.780954084375 0.2714681859375 0.865037625 0.406761009375 0.9484544984375001 0.3850713390625 0.8574234484375 0.24930482187499997
1 0.952871209375 0.3905059890625 0.9868269578125 0.3850112875 0.9448799843750001 0.2284630546875 0.8607606750000001 0.24743773125000001 0.952871209375 0.3905059890625
1 0.5372010984375 0.3425260125 0.46218888593749996 0.3637615515625 0.535844296875 0.498415103125 0.6182684515625 0.4730205640625 0.5372010984375 0.3425260125
1 0.7794288671875 0.28013056718749996 0.6981633578124999 0.3021201859375 0.7855539671875 0.43202945625 0.8612538859375001 0.405127615625 0.7794288671875 0.28013056718749996
1 0.6168639828125 0.3238276484375 0.5411245203124999 0.34314008125 0.617502890625 0.47190207187500005 0.7024088374999999 0.4557697 0.6168639828125 0.3238276484375
1 0.620999215625 0.3249133328125 0.704655575 0.45582949843750004 0.7842727328125 0.4338343359375 0.6954245218749999 0.3034392265625 0.620999215625 0.3249133328125
1 0.4563286890625 0.5263393546875 0.5353000125 0.500546375 0.45862458437500003 0.3642423359375 0.38176649687499997 0.3868218296875 0.391004696875 0.4066523703125 0.4563286890625 0.5263393546875
1 0 0.5658262484375001 0.01524501875 0.62272143125 0.0231796078125 0.64381158125 0.1089947265625 0.619715128125 0.053113320312500004 0.4856634265625 0 0.49827054843749996 0 0.5658262484375001
0 0.1412940234375 0.47216319375 0.057677284375000006 0.4911455078125 0.11246146562499999 0.6187862171875 0.196845415625 0.5939708875 0.1412940234375 0.47216319375
1 0.30662566875 0.4287955109375 0.22495429374999998 0.44955763906249996 0.28537343125 0.5714848671875 0.37002835156249997 0.547478028125 0.30662566875 0.4287955109375
0 0.2236424046875 0.448995653125 0.1422357328125 0.470251315625 0.20028554375000002 0.5952538265625 0.28519406406250003 0.5747073781250001 0.2236424046875 0.448995653125
1 0.386392303125 0.40874572656249997 0.3085813421875 0.429796178125 0.370209778125 0.5467676046875 0.4527514609375 0.5259742484375 0.386392303125 0.40874572656249997
1 1 0.5750139359374999 0.95592516875 0.50770916875 0.8840349671875 0.5234764249999999 0.9788441046875 0.690728534375 1 0.68464875625 1 0.5750139359374999
1 0.2452840234375 0.697173946875 0.15608569375 0.7176847234375 0.23174001875 0.8936621953125 0.3256117046875 0.8695661156250001 0.2452840234375 0.697173946875
1 0.80705715625 0.5436800078124999 0.90001835625 0.715548496875 0.9770474 0.6917383390625 0.8803544421874999 0.525844759375 0.80705715625 0.5436800078124999
1 0.342017040625 0.6716676171875 0.42456151562500005 0.8441093578125001 0.5163624890625 0.8200397390624999 0.42710423906250006 0.6442283203125 0.342017040625 0.6716676171875
0 0.06475205 0.74594511875 0.136864190625 0.9219982390625001 0.23017000781250002 0.8918155265625 0.1539617796875 0.719656590625 0.06475205 0.74594511875
1 0.7019035578125 0.574813753125 0.7963877765625 0.7439504265625 0.8819511062500001 0.7220805640625 0.7840692875 0.5517501078125 0.7019035578125 0.574813753125
1 0.4316036828125 0.648834890625 0.5161110515625 0.8179935875 0.6050359859375 0.792052696875 0.518658321875 0.6292073375 0.4316036828125 0.648834890625
0 0.24887752812500002 0.695356590625 0.328959646875 0.8707825625 0.42381977343750005 0.8448364859374999 0.3409485671875 0.67735290625 0.24887752812500002 0.695356590625
0 0.607035896875 0.604459078125 0.7047274125 0.77115265625 0.7951819234374999 0.744273534375 0.6996222546875 0.57596276875 0.607035896875 0.604459078125
1 0.5967051046875 0.7720929390625 0.606564890625 0.7900578859375 0.70107154375 0.770547096875 0.60444691875 0.6051635906249999 0.5210705953125 0.6283385328125 0.5967051046875 0.7720929390625
1 0 0.18206486875 0.0318908703125 0.24964093437499998 0.1087729609375 0.22821416874999997 0.06367974374999999 0.1370126484375 0 0.1540546703125 0 0.18206486875
0 0.1377327328125 0.11781601562499999 0.0644012359375 0.13615743281249998 0.10969645937500001 0.22924742031249998 0.18763819375 0.21095019218750002 0.1377327328125 0.11781601562499999
1 0.21183232031250002 0.10054828906249999 0.1389639203125 0.1172129484375 0.18786419999999998 0.2108896328125 0.2629860328125 0.1929168 0.21183232031250002 0.10054828906249999
1 0.29187144531250003 0.084707465625 0.21206356249999997 0.100039853125 0.2630909828125 0.1924574765625 0.3392558734375 0.17204915625 0.29187144531250003 0.084707465625
1 0.884181228125 0.723509728125 0.7983839296874999 0.745959615625 0.894023540625 0.9098259421874999 0.986271365625 0.8858922484375 0.884181228125 0.723509728125
1 0.8082085390625 0.9350538609375001 0.8925757671874999 0.910997909375 0.7954169765625 0.7472940375 0.7080810015625 0.775799375 0.8012676953125 0.9369136546875 0.8082085390625 0.9350538609375001
1 1 0.734658171875 0.9740775203125001 0.693149775 0.8889699375 0.719806115625 0.9894584734375 0.8864880875000001 1 0.88366349375 1 0.734658171875
1 0.615598725 0.7961907984375001 0.7031579359375 0.9632020859375 0.798623140625 0.9376222609375 0.7031316234375 0.7759420203125 0.615598725 0.7961907984375001
1 0.38613181875 1 0.323534015625 0.8737346968749999 0.2356101453125 0.896754396875 0.28064308125 1 0.38613181875 1
1 0.4984374359375 1 0.4204982515625 0.8493212859374999 0.3272934375 0.87469600625 0.389728896875 1 0.4984374359375 1
1 0.565826246875 1 0.6056022109375 0.9893420624999999 0.5178879234375 0.8255779203125 0.42229438437500005 0.849240578125 0.49956787968749994 1 0.565826246875 1
1 0.520081871875 0.82366551875 0.6055335046875 0.9893604734375 0.7014101703125 0.963670396875 0.6115286046875 0.79735081875 0.520081871875 0.82366551875
1 0.27734337343750004 1 0.23394787187500002 0.8977392312499999 0.1387631859375 0.9258395531250001 0.168077975 1 0.27734337343750004 1
1 0.5076181234375 0.020873378125 0.56455968125 0.11934605000000001 0.6356409937499999 0.09898986875 0.575400034375 0.0005062187499999999 0.5076181234375 0.020873378125
1 0.339093278125 0.1716615265625 0.410838328125 0.151265503125 0.360394640625 0.06764032812500001 0.2929466921875 0.084419353125 0.339093278125 0.1716615265625
1 0.580135971875 0 0.5776236546875 0.0005654046875 0.6365468812499999 0.0999964578125 0.7097646765625 0.081748490625 0.64856823125 0 0.580135971875 0
1 0.43407430937499997 0.047389075 0.48788487500000005 0.1353059953125 0.562188121875 0.11736150468749999 0.5049579125 0.0246211390625 0.43407430937499997 0.047389075
1 0.43169514375 0.048966615625 0.3609579375 0.0663508859375 0.41242785781249997 0.1524427828125 0.48675345312499996 0.1351144984375 0.43169514375 0.048966615625
1 0.7352577921875 0 0.7842937937500001 0.063088475 0.8536427375000001 0.04450648125 0.8186070109375001 0 0.7352577921875 0
1 0.652883203125 0 0.7107619390625 0.08606628125 0.782381934375 0.06360075625 0.73152603125 0 0.652883203125 0
1 0.8211266687500001 0 0.8536585499999999 0.0431922421875 0.8930632812500001 0.0350804828125 0.88366349375 0 0.8211266687500001 0