1 1 0.30766348125 0.9906146625 0.250587375 0.9158977 0.23889729375000002 0.9369128437500001 0.3705518765625 1 0.38041600937500003 1 0.30766348125
1 0.7245622046875 0.21146532499999998 0.6449799390625001 0.19522839375 0.639777753125 0.1943111078125 0.6549993515625 0.325995228125 0.7402176734375 0.338219403125 0.7245622046875 0.21146532499999998
1 0.730202028125 0.21070499374999999 0.7453931796875 0.336913896875 0.8319903406250001 0.358203478125 0.81412130625 0.22561910156249998 0.730202028125 0.21070499374999999
1 0.81870393125 0.225085940625 0.835969809375 0.36209754375 0.9250429312499999 0.3773018578125 0.9057689718749999 0.23995463125 0.81870393125 0.225085940625
1 0.5563697515625 0.18133919999999998 0.567787278125 0.3143513046875 0.6552855765625 0.32697750000000003 0.6399688968749999 0.19607998437500002 0.5563697515625 0.18133919999999998
1 0.4632193640625 0.16753186874999998 0.47379708125000003 0.3018217640625 0.5645955484375 0.3157303984375 0.5542974093749999 0.18081408593749998 0.4632193640625 0.16753186874999998
0 0.19370272187499998 0.1175991296875 0.1043018 0.100952496875 0.102749615625 0.2595136453125 0.1945886015625 0.27508100468749996 0.19370272187499998 0.1175991296875
1 0.1940306375 0.11853978437499998 0.19604079531250002 0.278894396875 0.289915990625 0.2962495046875 0.2899850046875 0.1372247984375 0.1940306375 0.11853978437499998
0 0.3748990015625 0.15131459375 0.382972646875 0.3150431625 0.4712515453125 0.329908584375 0.46107272187500004 0.1638608359375 0.3748990015625 0.15131459375
0 0.290614865625 0.1364530265625 0.2908731875 0.2974024859375 0.3820516515625 0.31137812187499997 0.37220261718750003 0.1526048203125 0.290614865625 0.1364530265625
1 1 0.3918489375 0.9297108390625001 0.3809279890625 0.950540209375 0.555844915625 0.996378990625 0.56428009375 1 0.5437443296875 1 0.3918489375
1 0.6533150703125 0.338424871875 0.5685519640625001 0.3247115390625 0.5792722718750001 0.4941205 0.6733716859375 0.5071223125000001 0.6533150703125 0.338424871875
1 0.9241495515624999 0.3889029765625 0.832794115625 0.3730273890625 0.859434171875 0.544089009375 0.9475257109375 0.5524410140625 0.9241495515624999 0.3889029765625
1 0.74153644375 0.35685304218749997 0.6569442671875 0.34087176406249997 0.6731292015625 0.505643371875 0.7653866046875 0.52909175 0.74153644375 0.35685304218749997
0 0.7451571218749999 0.35987173281249996 0.7676009390625 0.5302002875 0.8573139281250001 0.5453010171875 0.8294457390625001 0.3730719140625 0.7451571218749999 0.35987173281249996
1 0.4868959859375 0.485012978125 0.5777353 0.4960037625 0.5647706515625 0.3235301921875 0.47753871875 0.3103031203125 0.47751165 0.3345011421875 0.4868959859375 0.485012978125
1 0.10345841874999999 0.2560385765625 0.037695440625 0.2424741984375 0.0095226765625 0.40224988125000005 0.0967211140625 0.416548725 0.10345841874999999 0.2560385765625
0 0.197756665625 0.2836548734375 0.1054569890625 0.2636661609375 0.10061401562500001 0.4172351484375 0.1963992046875 0.43173245312499997 0.197756665625 0.2836548734375
0 0.382977375 0.31732640624999997 0.29178924687499996 0.3000304421875 0.295234003125 0.450499709375 0.39091263125000003 0.4659342515625 0.382977375 0.31732640624999997
0 0.2907420421875 0.2988546015625 0.1995879609375 0.28217710625 0.1992341984375 0.43462454843750004 0.2935523875 0.4536475984375 0.2907420421875 0.2988546015625
0 0.4719324375 0.3344477640625 0.384462515625 0.319242625 0.391424953125 0.465306496875 0.483496196875 0.482977321875 0.4719324375 0.3344477640625
1 0.93170795625 0.8937278828125 0.9381104234375 0.8947375640624999 0.9733599546875 0.6948275390624999 0.9150766984375001 0.6817557937500001 0.93170795625 0.8937278828125
1 0.19661833125 0.557833325 0.09803559843750001 0.5367724140625 0.091482075 0.74855478125 0.1964005375 0.768201365625 0.19661833125 0.557833325
1 0.8288331343750001 0.6660902328125 0.8414676234374999 0.8818292781249999 0.9294440078124999 0.8939020015624999 0.9102992578125001 0.6824130796875 0.8288331343750001 0.6660902328125
1 0.3050499484375 0.5774010875 0.307021371875 0.7888534328125 0.40986094843750004 0.8075601375 0.4027604875 0.5895952359375001 0.3050499484375 0.5774010875
0 0 0.734725 0.0907762984375 0.7459701671875 0.09499650468750001 0.537758596875 0 0.5234350734375 0 0.734725
1 0.7093739015625 0.6482358125000001 0.72480215 0.861946140625 0.8203909171875001 0.8799476484375001 0.8021285499999999 0.663454484375 0.7093739015625 0.6482358125000001
1 0.40510290624999995 0.5963147265625001 0.4105641078125 0.805390865625 0.511405978125 0.82087875 0.50113443125 0.6172608765625001 0.40510290624999995 0.5963147265625001
0 0.2010520140625 0.5576879578125 0.199174534375 0.7709837546875 0.3059420734375 0.7892364374999999 0.301332659375 0.58260375 0.2010520140625 0.5576879578125
1 0.6008739375000001 0.633689296875 0.6206422093749999 0.8464465062500001 0.7234480609375 0.861707378125 0.7065614171875 0.648323365625 0.6008739375000001 0.633689296875
0 0.5123987921875 0.7969745984375 0.5138619578125 0.8195918624999999 0.6172760578125 0.84413301875 0.5979616640625001 0.6331875 0.503946959375 0.6175154468749999 0.5123987921875 0.7969745984375
1 0.1922961609375 0 0.19233239062500002 0.009445578125 0.27905077968750003 0.02383983125 0.2785259828125 0 0.1922961609375 0
0 0.279093284375 0 0.279490628125 0.025307003124999998 0.365807271875 0.043334165625 0.36343869375 0 0.279093284375 0
1 0.3641582234375 0 0.3660610625 0.043378915625 0.44941221562500006 0.06041531875 0.44527361093750006 0 0.3641582234375 0
1 0.4456970953125 0 0.4497311296875 0.0600036828125 0.535258875 0.07508453125 0.530766934375 0 0.4456970953125 0
1 0.836567775 1 0.82195015625 0.8824216578125 0.72585743125 0.8648926171875001 0.7381671015625 1 0.836567775 1
1 0.7355829453125 1 0.7222742249999999 0.8648461031249999 0.6218223546874999 0.8526714796875 0.6346642625000001 1 0.7355829453125 1
1 0.919549815625 1 0.9308876484375 0.9356999500000001 0.925821971875 0.893931353125 0.828456171875 0.8809425265625 0.8410071109375 1 0.919549815625 1
1 0.6312163328125 1 0.6168164218750001 0.8505046140625 0.5200179312500001 0.8299582375 0.5277780265625001 1 0.6312163328125 1
1 0.09390256875 0.7534619250000001 0.089231946875 0.935283815625 0.19660187499999998 0.95421603125 0.1923832828125 0.7714120328125 0.09390256875 0.7534619250000001
1 0.19568689687500002 0.77413060625 0.2002196546875 0.9548539421875001 0.307825075 0.9738276812500001 0.3005360390625 0.7921837078125 0.19568689687500002 0.77413060625
1 0.3023661921875 0.7929410453125 0.3089629203125 0.9740283140624999 0.41858161562499996 0.9933570484375001 0.4088009453125 0.8138258734375 0.3023661921875 0.7929410453125
1 0.525354315625 1 0.5154151 0.8292219718749999 0.41188220312499996 0.8129320109375 0.41890609218749997 0.9934142625 0.4562556671875 1 0.525354315625 1
1 0 0.919549815625 0.085339565625 0.9345974828125 0.0917844265625 0.7536737390625 0 0.7398810765625 0 0.919549815625
1 0.8651141390625 0.1401443640625 0.855584325 0.054985804687499994 0.777177578125 0.0411605796875 0.7846840546875 0.12738377343750001 0.8651141390625 0.1401443640625
1 0.531599215625 0 0.5352773546875 0.074619921875 0.616388415625 0.08765033125 0.6083300015625001 0.011388196875000001 0.5437443296875 0 0.531599215625 0
1 0.9471280859375 0.15744844375 0.9285209328124999 0.067846496875 0.8571063828125001 0.055254184375 0.8655488468750001 0.141576578125 0.9471280859375 0.15744844375
1 0.78324263125 0.1242868046875 0.7735359500000001 0.040518462500000005 0.6915744859374999 0.0260664453125 0.70072163125 0.10760401875 0.78324263125 0.1242868046875
1 0.6996817796875 0.1068839390625 0.688965775 0.0256064578125 0.6094954765625 0.0115937 0.6174258015625 0.0895727765625 0.6996817796875 0.1068839390625
1 1 0.080450184375 0.9315052859374999 0.06837271875 0.9461100218749999 0.1622438453125 1 0.1694093640625 1 0.080450184375