1 1 0.1917308875 0.9624371937499999 0.189772653125 0.9960230859375001 0.3130568359375 1 0.31329455156249997 1 0.1917308875
1 0.879348590625 0.18975599999999998 0.917814975 0.314860765625 0.9927768984374999 0.3160227125 0.9536660375 0.1909152734375 0.879348590625 0.18975599999999998
1 0.6893787890625 0.189221375 0.6097040859375 0.184306790625 0.6045155734375001 0.18412560312499998 0.63734745625 0.3100503046875 0.7219583843749999 0.3102945765625 0.6893787890625 0.189221375
1 0.6947636875 0.1877120671875 0.7268168 0.3083187421875 0.8140100390624999 0.317186734375 0.778478375 0.1907484984375 0.6947636875 0.1877120671875
1 0.7828654453125 0.18960439375 0.8184158421875001 0.320428484375 0.9071861921875 0.32304315156249996 0.8696355171875 0.1921670609375 0.7828654453125 0.18960439375
1 0.521564225 0.1829072625 0.5508755109375 0.31064235 0.6377604234375001 0.3109660328125 0.6049436296875 0.1858189359375 0.521564225 0.1829072625
1 0.42901683593750006 0.1822073625 0.45768561406249997 0.31129921875 0.5479578671875001 0.3124187921875 0.51947548125 0.18267984375 0.42901683593750006 0.1822073625
0 0.159878921875 0.170478040625 0.07059220000000001 0.16650613593750002 0.0907764875 0.32084743125 0.182288375 0.3234372640625 0.159878921875 0.170478040625
1 0.1603267671875 0.1713476203125 0.18422348125000002 0.326945746875 0.27796170625 0.3309952734375 0.256270503125 0.17640593437500002 0.1603267671875 0.1713476203125
0 0.340840509375 0.1785052421875 0.37110012187499997 0.33655493281250004 0.45905112656249997 0.338948646875 0.426425340625 0.17893210312500002 0.340840509375 0.1785052421875
0 0.2567779140625 0.1755697125 0.27905104999999997 0.3319853046875 0.3697023015625 0.3331181109375 0.33839279843750003 0.1801276515625 0.2567779140625 0.1755697125
1 1 0.33249023125 0.9983991078125 0.3271833484375 0.912225353125 0.3259304375 0.9564302546875 0.4931137203125 1 0.49495986875 1 0.33249023125
1 0.6374089078125 0.32236255625 0.5530372671875 0.3206085796875 0.5866499421875 0.4838184390625 0.68001075625 0.48360572812499997 0.6374089078125 0.32236255625
1 0.9079040234375 0.33444202500000003 0.8168205734375 0.331486540625 0.8661532046874999 0.49412871249999996 0.9530306718749999 0.49021665 0.9079040234375 0.33444202500000003
1 0.7257913984375 0.328227296875 0.641275803125 0.3242454203125 0.679572403125 0.4822012390625 0.7725698265625 0.49239467187499997 0.7257913984375 0.328227296875
0 0.7297282359375 0.3306671390625 0.7748765921875 0.49316981406249993 0.8642555156249999 0.49559640624999995 0.813567875 0.33198710781249996 0.7297282359375 0.3306671390625
1 0.49549899062499997 0.48758126874999996 0.58541176875 0.48585896875 0.5491954828125001 0.319976665625 0.46248759687499996 0.319032525 0.4657721203125 0.3425579015625 0.49549899062499997 0.48758126874999996
1 0.003976796875 0.3773919078125 0.009935440625 0.47210514375 0.1063954140625 0.4743166421875 0.0909908546875 0.317372690625 0.0062615843749999995 0.3119641421875 0.003976796875 0.3773919078125
0 0.186544790625 0.3313388296875 0.09397958906250001 0.32451413906250004 0.11027808593749999 0.474452228125 0.205484190625 0.47546298125 0.186544790625 0.3313388296875
0 0.371417125 0.3387737125 0.2803021671875 0.334414703125 0.30424254375 0.4802078578125 0.399473175 0.4821442078125 0.371417125 0.3387737125
0 0.2791220984375 0.3334147453125 0.1881248953125 0.3296522671875 0.208639040625 0.47788706718749996 0.303036625 0.48349742031250004 0.2791220984375 0.3334147453125
0 0.46033487187500005 0.343267965625 0.3731247171875 0.340433546875 0.3998858984375 0.48146403125 0.49191163437499996 0.48606681875 0.46033487187500005 0.343267965625
1 0.9843322890625 0.82412466875 0.9889833593749999 0.8242028609375 0.99594120625 0.6249561781249999 0.939143153125 0.6203485890625 0.9843322890625 0.82412466875
1 0.222951059375 0.5980093703125 0.12412419687500001 0.5910005218750001 0.146722884375 0.7977585171875 0.251522453125 0.8025273015625001 0.222951059375 0.5980093703125
1 0.8530635484375001 0.6168991359375 0.89487825625 0.8248827203125 0.9821527343750001 0.8246031046875 0.9345834609375 0.6216399578125 0.8530635484375001 0.6168991359375
1 0.33115900468750004 0.60222174375 0.3620094046875 0.80749469375 0.46465710781249997 0.8116337781249999 0.4279238203125 0.600730771875 0.33115900468750004 0.60222174375
0 0.020633446875 0.5913617578125 0.0395415125 0.7970741359375 0.145682353125 0.7953425328125 0.1213013453125 0.5923741890625001 0.020633446875 0.5913617578125
1 0.73435745 0.6158582515625 0.77861359375 0.8214882781249999 0.874107990625 0.8259321187499999 0.82671279375 0.6179840921875 0.73435745 0.6158582515625
1 0.43112295625 0.606942546875 0.465044646875 0.809429109375 0.5653076796875001 0.8107121671874999 0.5274511609375 0.6141882578125 0.43112295625 0.606942546875
0 0.22724622968750002 0.5972625593750001 0.25460293125 0.804853078125 0.36101138593750004 0.8080143906249999 0.3282530171875 0.6077866578125 0.22724622968750002 0.5972625593750001
1 0.6267700125 0.6165361140625001 0.6751196546875 0.8206469484375001 0.7772630625 0.8214411171875 0.731632190625 0.616327459375 0.6267700125 0.6165361140625001
0 0.5630032734375 0.7873405546875001 0.5675218734375 0.8091258359375001 0.671527021875 0.8188578359375001 0.6238669953125 0.6164460703125 0.5302232734375 0.6140516078125 0.5630032734375 0.7873405546875001
1 0.049705503125 0 0.056697296875000004 0.0620611109375 0.143065075 0.06420994375 0.13381275937499998 0 0.049705503125 0
1 0.1342659703125 0 0.14374726875 0.0655345609375 0.2301150484375 0.06768339375 0.21906210312500002 0 0.1342659703125 0
0 0.21991523750000003 0 0.23074387500000001 0.06904948749999999 0.317217725 0.07478455625 0.30248542343749996 0 0.21991523750000003 0
1 0.30357253281249996 0 0.31747084999999997 0.0747933953125 0.400922990625 0.07997039218749999 0.3840189 0 0.30357253281249996 0
1 0.384472096875 0 0.4011770515625 0.0795267046875 0.4864799859375 0.08250554843749999 0.469784353125 0 0.384472096875 0
1 0.9223616859374999 1 0.875964015625 0.8281240359375 0.7800437890625 0.82420828125 0.821352815625 1 0.9223616859374999 1
1 0.81910833125 1 0.7765500859375 0.824652425 0.6771199515624999 0.8265367593749999 0.7171652609375 1 0.81910833125 1
1 0.9828443874999999 1 0.9877564765625 0.859336159375 0.97863161875 0.8251262968749999 0.8820935859375 0.8257977203125 0.9256458734375 1 0.9828443874999999 1
1 0.7140035015625 1 0.6719514703125 0.825114115625 0.5749315171875 0.8183617484375001 0.609016628125 1 0.7140035015625 1
1 0.149750034375 0.8021979390625 0.17114165625 0.9888207859374999 0.2786921625 0.9925765328124999 0.248051971875 0.8061968640625 0.149750034375 0.8021979390625
1 0.251639165625 0.8083882796875 0.28231962187500004 0.9927032062500001 0.3897867203125 0.9964560390624999 0.35615324375 0.8116175859375 0.251639165625 0.8083882796875
1 0.5003280218749999 1 0.46448276718750003 0.8178691484374999 0.358038053125 0.8121038109375001 0.3908859671875 0.9964944265625 0.4912724578125 1 0.5003280218749999 1
1 0.6068179421875 1 0.5703510921875 0.81827466875 0.4673592859375 0.8165794656250001 0.5005054640625 1 0.6068179421875 1
1 0.0402910875 0.801665915625 0.0548547671875 0.9847599578124999 0.167166196875 0.9886819593749999 0.14771754374999999 0.8026931093749999 0.0402910875 0.801665915625
1 0.8164119515625 0.1006987375 0.7930989687500001 0.009930468750000001 0.7151427406249999 0.007208178125000001 0.7363877609375 0.09927911406249999 0.8164119515625 0.1006987375
1 0.4707267953125 0 0.4864343984375 0.082051403125 0.5671582640625 0.08364030156249999 0.5465561421875 0.0013210046874999998 0.508727515625 0 0.4707267953125 0
1 0.8985992859374999 0.1063185484375 0.8648811249999999 0.0124371578125 0.7947560421875 0.009988335937499999 0.8170309890624999 0.10203155156249999 0.8985992859374999 0.1063185484375
1 0.7345611625 0.096465559375 0.711227021875 0.0070714375 0.6295175015625001 0.004218078125 0.65196535 0.0915189234375 0.7345611625 0.096465559375
1 0.6508547921875001 0.09096098281250001 0.6267206703125 0.0041204109375 0.5477576546875 0.0013629624999999999 0.5684309328125 0.0853673390625 0.6508547921875001 0.09096098281250001
1 1 0.0171556125 0.94545349375 0.015250806250000002 0.9816554453125 0.11059381718750001 1 0.11123442343750001 1 0.0171556125
1 0.86838540625 0.012559529687500001 0.8982645843749999 0.1111189546875 0.9795142078125 0.11051904374999999 0.9420179265625 0.015717546875 0.941770678125 0.015122199999999999 0.86838540625 0.012559529687500001