1 0.7606283734375 0.1018995828125 0.8306673640625 0.20877119687499998 0.9063879140625 0.18907671406249998 0.8326257343749999 0.08258674375 0.7606283734375 0.1018995828125
1 0.6816012703125 0.127559534375 0.7568444750000001 0.23465447187500002 0.8284965609375 0.2125950375 0.7526395984375001 0.105696715625 0.6816012703125 0.127559534375
0 0.50076404375 0.1857549734375 0.423470209375 0.2057017625 0.41847965 0.20713278124999998 0.48861749843749996 0.3167486796875 0.5691627578125 0.2908347828125 0.50076404375 0.1857549734375
1 0.5054189859375 0.18265551093750002 0.57317281875 0.28745431875 0.6588388765625 0.2689440875 0.58597469375 0.1596740671875 0.5054189859375 0.18265551093750002
1 0.5897934984375001 0.15723028125 0.6640308 0.2706657078125 0.7492643984375 0.2457208578125 0.6731086484375 0.13285409374999999 0.5897934984375001 0.15723028125
1 0.3392117421875 0.2316074484375 0.40656074374999995 0.34403305 0.48929322812500003 0.317491975 0.419410025 0.20861096093749998 0.3392117421875 0.2316074484375
1 0.25097766250000003 0.25954051875 0.31813486874999997 0.3734550296875 0.40433485156250004 0.3466241484375 0.33715495156249997 0.2320366171875 0.25097766250000003 0.25954051875
0 0 0.48772682968750003 0.0599673921875 0.470101425 0 0.3489523765625 0 0.48772682968750003
0 0 0.34796316250000003 0.06289196875 0.472840209375 0.153293690625 0.44772483437500005 0.084893396875 0.3074045859375 0 0.330123225 0 0.34796316250000003
0 0.165972975 0.283267578125 0.24359161718750003 0.4242310296875 0.3279776921875 0.3993292328125 0.24750089375 0.2572263796875 0.165972975 0.283267578125
0 0.08511756718749999 0.3064524921875 0.1546356546875 0.448329784375 0.241200175 0.42139436874999997 0.16414641562500001 0.2855669640625 0.08511756718749999 0.3064524921875
1 0.837292428125 0.2214720765625 0.7549491453125 0.24690964218749997 0.8486529812500001 0.392250328125 0.9385266890624999 0.3672016 0.837292428125 0.2214720765625
1 0.9389872 0.2169526609375 0.9329577671875 0.19692904218750001 0.84086818125 0.21938517656249998 0.9434156281250001 0.3730211203125 0.9817657015625001 0.366139028125 0.9389872 0.2169526609375
1 0.4924806390625 0.3284393390625 0.41169642968750003 0.352843478125 0.49409860468750005 0.49767839062499997 0.582824284375 0.46862601093749995 0.4924806390625 0.3284393390625
1 0.7534695421875 0.2563400078125 0.6659307390625 0.2816755078125 0.7631080546875 0.421112784375 0.844524540625 0.390545578125 0.7534695421875 0.2563400078125
1 0.5783496859375 0.30670534531250004 0.49674011093750003 0.3290351125 0.581973375 0.46742572187500003 0.6735691234375001 0.44838246875000004 0.5783496859375 0.30670534531250004
0 0.5828477921874999 0.307809225 0.6760025203125 0.44840684218750004 0.7617567859375 0.4230950625 0.6629919203125 0.283156715625 0.5828477921874999 0.307809225
1 0.40857167656250004 0.529424246875 0.4935515890625 0.5000016656249999 0.40784740468749997 0.3534296671875 0.32509155 0.3793259484375 0.33548505624999997 0.4006849375 0.40857167656250004 0.529424246875
0 0 0.5511100234375 0.0381477265625 0.6359775937500001 0.1290064546875 0.6075185734375 0.0664572015625 0.47630095624999996 0 0.4926038703125 0 0.5511100234375
1 0.24457874531249998 0.42624325625 0.1565762640625 0.45025366250000004 0.2243974765625 0.581513209375 0.31556555468749997 0.553926903125 0.24457874531249998 0.42624325625
0 0.155144946875 0.44966730625 0.0674387953125 0.474208659375 0.1327559796875 0.6088491140625 0.22426711093749999 0.5850144171875 0.155144946875 0.44966730625
1 0.33053334843750004 0.40304045000000005 0.2467156796875 0.42729417812500003 0.3157478921875 0.5531524796875 0.40469190624999996 0.5290924734375 0.33053334843750004 0.40304045000000005
1 1 0.5752669421875 0.9490424515625 0.5001877890624999 0.8715297062499999 0.5185998875 0.9774774 0.69843824375 1 0.691536553125 1 0.5752669421875
1 0.18348735 0.7186695546874999 0.087331565625 0.7425429234375 0.17271593125 0.932198084375 0.2738598765625 0.9043486203125 0.18348735 0.7186695546874999
1 0.788597196875 0.5419193234375 0.892635809375 0.726802009375 0.975552365625 0.699566784375 0.8675922375 0.5212370734375 0.788597196875 0.5419193234375
1 0.2877009171875 0.6892376671875 0.3804742203125 0.8749305453125 0.47937703593750003 0.8471471640624999 0.379268990625 0.6579176953125 0.2877009171875 0.6892376671875
0 0.08507136093749999 0.74472166875 0.052916728125 0.75481298125 0.1092834109375 0.9513869609375 0.1709797453125 0.9302218874999999 0.08507136093749999 0.74472166875
1 0.6753793375 0.577611584375 0.7810126046875 0.7595014609375 0.8732063953125 0.7342184125 0.7638714109375 0.5510940078125001 0.6753793375 0.577611584375
1 0.38423109218749996 0.6628368578125 0.47906432656250003 0.8449306406250001 0.574816625 0.8151679218749999 0.4780837078125 0.6399608859375 0.38423109218749996 0.6628368578125
0 0.1873415234375 0.716632015625 0.27750829062500004 0.9056086453125 0.37968564374999997 0.8757332109375 0.2866568109375 0.6954282125 0.1873415234375 0.716632015625
0 0.573267075 0.6115026171875 0.682324034375 0.79068269375 0.7797136 0.7598739453125 0.6729324562500001 0.578899978125 0.573267075 0.6115026171875
0 0.565402778125 0.7936523 0.5764322453124999 0.8129750078125 0.678354371875 0.79009133125 0.5704783171875001 0.6123140609375 0.480677915625 0.63897429375 0.565402778125 0.7936523
0 0 0.1591310890625 0.027441165625000003 0.2131907 0.11145491874999999 0.191923184375 0.06306379375 0.1051397234375 0 0.12322297499999998 0 0.1591310890625
1 0.1926658671875 0.1709888578125 0.1417533234375 0.0825758640625 0.064361875 0.1047675046875 0.1116983859375 0.191853371875 0.1926658671875 0.1709888578125
1 0.2748188109375 0.1469613703125 0.2250071625 0.058703209374999996 0.142217925 0.082442640625 0.1927703859375 0.170488378125 0.2748188109375 0.1469613703125
1 0.7832133296875 0.7616463828125 0.8747721187499999 0.9126855421875 0.9727210906250001 0.8845991265625001 0.87564891875 0.73572950625 0.7832133296875 0.7616463828125
1 0.68604648125 0.7956661125 0.7737605421875 0.9416501453125001 0.87256596875 0.9133181453124999 0.7800278671875 0.7631484015625001 0.68604648125 0.7956661125
1 1 0.74381225625 0.9723652609375 0.701152453125 0.8807596171875 0.7316229078125 0.97591351875 0.8836837125000001 1 0.876777025 1 0.74381225625
1 0.5863332875 0.8194691781250001 0.669366396875 0.971584684375 0.7706236703125 0.9425496296875 0.6806913421874999 0.7959102453125 0.5863332875 0.8194691781250001
1 0.31877969375 1 0.2716932109375 0.9089110187499999 0.17696677656249998 0.9354847843749999 0.2064210828125 1 0.31877969375 1
1 0.44047037031249997 1 0.376178725 0.8806613015625 0.27578201875 0.9098866749999999 0.32259337499999996 1 0.44047037031249997 1
1 0.5629987203125 1 0.4811380625 0.8531312281250001 0.3781215359375 0.880541290625 0.44190892187499997 1 0.5629987203125 1
1 0.5702704187500001 1 0.6670940843750001 0.9722362609375 0.5819501359375 0.8208017890624999 0.48347526093750004 0.851015771875 0.563505421875 1 0.5702704187500001 1
1 0.2033812671875 1 0.175186778125 0.93658379375 0.1108394140625 0.9568133890625001 0.12322297499999998 1 0.2033812671875 1
1 0.46620536718750005 0 0.517678546875 0.085688228125 0.5942247625 0.06230953593750001 0.554675015625 0 0.46620536718750005 0
1 0.351899071875 0.123109625 0.298397928125 0.037658745312500005 0.226097690625 0.0583905046875 0.2746351171875 0.1465435390625 0.351899071875 0.123109625
1 0.5562235546875 0 0.5952253640625 0.0633858234375 0.6741261796875 0.042257009375 0.6414001015624999 0 0.5562235546875 0
1 0.429729584375 0 0.37809101875 0.0148071203125 0.43499003125 0.104395809375 0.5150719109375 0.08357682968749999 0.46156219062500004 0 0.429729584375 0
1 0.4337614140625 0.10420835625 0.37508832812500004 0.015668128125 0.2996162859375 0.0373093875 0.35364313593749996 0.12435885937499999 0.4337614140625 0.10420835625
1 0.64259771875 0 0.6752912671875 0.046925896875 0.7523788671875 0.0212478328125 0.7348136249999999 0 0.64259771875 0