1 0.85121221875 0.1988399421875 0.893273409375 0.3066798328125 0.964350178125 0.3034706015625 0.9189052156249999 0.195268753125 0.85121221875 0.1988399421875
1 0.7760650874999999 0.20671192968750002 0.8227127812499999 0.3157281421875 0.89061868125 0.30965899375 0.8433878703125 0.20070155 0.7760650874999999 0.20671192968750002
0 0.6042052171875001 0.2242628828125 0.53168135625 0.2273998078125 0.526971678125 0.227729140625 0.568601234375 0.338018615625 0.6451467359375 0.330207115625 0.6042052171875001 0.2242628828125
1 0.6089322703125 0.22239247343750002 0.6493534109375 0.327966534375 0.7290517984375 0.3276763109375 0.6849318765625 0.2171806234375 0.6089322703125 0.22239247343750002
1 0.6887911046874999 0.2157338265625 0.7333437015625 0.3301775734375 0.8138756828125 0.32410599218749997 0.7675091 0.2098052875 0.6887911046874999 0.2157338265625
1 0.4518347734375 0.234505878125 0.4904518984375 0.3467599453125 0.5690615234374999 0.33880410781250003 0.5275193218750001 0.2292134984375 0.4518347734375 0.234505878125
1 0.368068325 0.242660396875 0.406232971875 0.3561973390625 0.4879815609375 0.3486367328125 0.44992415 0.23449933750000002 0.368068325 0.242660396875
0 0.12354747031249999 0.257644409375 0.042419828124999996 0.2625426984375 0.0753044546875 0.3996242890625 0.1583135375 0.3932701109375 0.12354747031249999 0.257644409375
0 0.1240349296875 0.2583850296875 0.16039621875 0.39624611249999997 0.24555716875 0.3909951828125 0.211286171875 0.2538332453125 0.1240349296875 0.2583850296875
0 0.2879705015625 0.2476962484375 0.3303187953125 0.3871611890625 0.410088815625 0.380968396875 0.3654141109375 0.23995673750000002 0.2879705015625 0.2476962484375
0 0.2116658125 0.2530319921875 0.24663621875000002 0.3917833859375 0.328728828125 0.3841987234375 0.285910571875 0.24938970781249997 0.2116658125 0.2530319921875
1 0.8967613343749999 0.3191764265625 0.8187067984375 0.326227909375 0.8745330156250001 0.47259471093750005 0.9592117171875 0.46730354375000005 0.8967613343749999 0.3191764265625
1 0.997830809375 0.4515187359375 0.9864955421875001 0.3154221609375 0.9003368187499999 0.318000078125 0.962458296875 0.47337792656250005 0.9994407125 0.4745414390625 0.997830809375 0.4515187359375
1 0.5698238812499999 0.34910101875 0.49335168593749995 0.3555301890625 0.539221628125 0.49932402343750004 0.6236372328125 0.4902704078125 0.5698238812499999 0.34910101875
1 0.815605384375 0.33430351406250003 0.7329491234375001 0.340287725 0.792982421875 0.4820781296875 0.8711838125 0.4703083484375 0.815605384375 0.33430351406250003
1 0.6503131546875001 0.3459932234375 0.5734995859375001 0.35042964374999996 0.6231076546875001 0.48904715625 0.708181 0.48939965625 0.6503131546875001 0.3459932234375
1 0.6541049109375 0.3478168171875 0.71034071875 0.48987877500000004 0.79140526875 0.4835800484375 0.7300548203125 0.3410472828125 0.6541049109375 0.3478168171875
1 0.4571411421875 0.511365059375 0.538295240625 0.501279225 0.48981726875 0.3553257671875 0.41130893281249997 0.3627060265625 0.4165094171875 0.38358086406249997 0.4571411421875 0.511365059375
1 0 0.4460334203125 0.0165292109375 0.543518440625 0.10397749375000001 0.53635385 0.0751689609375 0.39647464062500004 0 0.399565375 0 0.4460334203125
0 0.1629120328125 0.39998211562499997 0.0785489140625 0.4026224265625 0.1075018421875 0.5361074046875001 0.1937023046875 0.5279804640625 0.1629120328125 0.39998211562499997
1 0.330815809375 0.3891293 0.2479980140625 0.39385250781250003 0.28346938593750004 0.52287923125 0.3697797640625 0.515583540625 0.330815809375 0.3891293
0 0.24683597031249999 0.393063975 0.1641812171875 0.3983132328125 0.1967853390625 0.52986409375 0.282690565625 0.5259562328125 0.24683597031249999 0.393063975
1 0.4116592625 0.38473645625 0.33251749531249997 0.390462034375 0.37008856093750003 0.51493180625 0.453753175 0.5103416890625 0.4116592625 0.38473645625
1 1 0.7255555109375 0.943387028125 0.58708525625 0.87095901875 0.5888215296875 0.9311439859374999 0.768049846875 1 0.7619863765625 1 0.7255555109375
1 0.221115475 0.6366859671875 0.1310718359375 0.639754803125 0.1711085953125 0.8238129359374999 0.26634163125 0.8181597859374999 0.221115475 0.6366859671875
1 0.792781425 0.5938859015625 0.8503133765625 0.7772237453125 0.9292181421875 0.7686876093749999 0.8669576296875 0.590417334375 0.792781425 0.5938859015625
1 0.3193783140625 0.630208190625 0.366737178125 0.8121456374999999 0.4599643734375 0.806129653125 0.4067513421875 0.619680275 0.3193783140625 0.630208190625
0 0.0375087671875 0.6499037375000001 0.0741086046875 0.833370525 0.169938525 0.8217359046875 0.12864905 0.6412598593750001 0.0375087671875 0.6499037375000001
1 0.68532465 0.6042163890625 0.7448415500000001 0.78520290625 0.831628165625 0.7801403890625 0.769052575 0.5973642796874999 0.68532465 0.6042163890625
1 0.41023345781250004 0.6249708390625 0.46010588593749996 0.8041073703125001 0.5509056578125 0.795745646875 0.49803975781250004 0.6223524984375 0.41023345781250004 0.6249708390625
0 0.2249292484375 0.635605690625 0.2693480828125 0.8199619390624999 0.3658838296875 0.8127084046874999 0.317277625 0.6354957156250001 0.2249292484375 0.635605690625
0 0.588086540625 0.615039340625 0.651161609375 0.7942691296875 0.7436156578124999 0.7852886296875 0.6829043953125 0.6048976374999999 0.588086540625 0.615039340625
0 0.54660616875 0.774916253125 0.5527578140625 0.7941068437500001 0.647742834375 0.792998903125 0.5854525109375001 0.615233809375 0.5005339109375 0.6219662953125 0.54660616875 0.774916253125
1 0 0.079521040625 0.019952970312500002 0.169799959375 0.098267903125 0.16353691406249998 0.07384085312500001 0.067296690625 0 0.07274545624999999 0 0.079521040625
1 0.150889696875 0.06190891093749999 0.074224928125 0.0672462515625 0.099010440625 0.164665090625 0.1773253765625 0.1584020421875 0.150889696875 0.06190891093749999
1 1 0.760419421875 0.9295283734374999 0.769934559375 0.9955199046875001 0.9497745343749999 1 0.9495500828125 1 0.760419421875
0 0.226051915625 0.057267960937499994 0.151747546875 0.06121870625 0.178023578125 0.1595726375 0.25677438124999996 0.156529234375 0.226051915625 0.057267960937499994
1 0.3008967265625 0.0544976890625 0.2273548921875 0.056916746875 0.2570041453125 0.1565131671875 0.3329692078125 0.1532540015625 0.3008967265625 0.0544976890625
1 0.3812126234375 0.0542188046875 0.3012157015625 0.054050278125 0.3331569234375 0.1528303078125 0.410587484375 0.14741583593750002 0.3812126234375 0.0542188046875
1 0.8335145296875 0.7819382171875 0.7463928515625 0.78751674375 0.808016459375 0.9636325749999999 0.901649896875 0.9578316062500001 0.8335145296875 0.7819382171875
1 0.7432752359375 0.7882483640625 0.653528975 0.7993835359375 0.7133374906250001 0.9724927328125 0.8063973093750001 0.964492315625 0.7432752359375 0.7882483640625
1 0.926083228125 0.769493021875 0.8388376203125001 0.7792613375 0.907055184375 0.9656653531250001 0.99948724375 0.9606949140625 0.926083228125 0.769493021875
1 0.6487197359375 0.7985929296875 0.56033458125 0.8017212312499999 0.614030628125 0.9809299859375 0.7119457046875 0.97632265625 0.6487197359375 0.7985929296875
1 0.312577628125 1 0.2635507546875 0.8217939671875 0.1742671671875 0.8275236687499999 0.21273949375 1 0.312577628125 1
1 0.41573545625 1 0.36183165625 0.8164145375 0.2670027453125 0.82342701875 0.3159628984375 1 0.41573545625 1
1 0.45874978750000006 1 0.5173549046875 0.99590193125 0.4603977453125 0.8117616859375 0.3635823734375 0.8166735140625001 0.4166716265625 1 0.45874978750000006 1
1 0.462877028125 0.8103271671875 0.518300790625 0.9999412328125 0.6160524625 0.9931057703124999 0.5561837781250001 0.8020775953125 0.462877028125 0.8103271671875
1 0.2090100015625 1 0.1724759125 0.828162540625 0.075221775 0.8374346625 0.10557230312500002 1 0.2090100015625 1
1 0.6016765484375 0.0330658421875 0.63819469375 0.13879996875 0.7107033484375 0.13248235625 0.67099915 0.0261188015625 0.6016765484375 0.0330658421875
1 0.410503209375 0.1470111640625 0.483660696875 0.1407795859375 0.45063143906249997 0.0505962625 0.3823057390625 0.0541423671875 0.410503209375 0.1470111640625
1 0.673136646875 0.026592992187499997 0.71138954375 0.133623909375 0.7855664890625 0.12974204218750002 0.7347371578125 0.024780090625 0.673136646875 0.026592992187499997
1 0.5256310921875 0.044867278125 0.5611072578125 0.1398248484375 0.6362760187500001 0.1364395078125 0.5984018671875 0.036184554687499995 0.5256310921875 0.044867278125
1 0.5230357578125 0.045943823437499996 0.451418021875 0.0494572328125 0.48497540624999996 0.142214125 0.5600499796875 0.1394277921875 0.5230357578125 0.045943823437499996
1 0.8077754 0.0205241265625 0.8610879499999999 0.12570837968749998 0.9315893000000001 0.1207784453125 0.8792318765625 0.019041634374999998 0.8077754 0.0205241265625
1 0.7857188109375 0.1340969890625 0.8591443203125 0.12584429218749998 0.816246415625 0.04402668125 0.8037777734375 0.0211996140625 0.7403435515625 0.0268826796875 0.7857188109375 0.1340969890625
1 0.9671156390625001 0.01227135 0.8822904781249999 0.0179322046875 0.9318515218750001 0.1195127953125 0.9742561203125 0.1190422046875 0.9711146171875 0.06945938593749999 0.9671156390625001 0.01227135