1 0.8307046 0.1423201 0.884029259375 0.2502903703125 0.957304059375 0.240535296875 0.9004442546875 0.13249591562500002 0.8307046 0.1423201
1 0.7536401921875 0.1572762171875 0.8118187812500001 0.2660508890625 0.8815520171875001 0.2536183453125 0.822775221875 0.1449573296875 0.7536401921875 0.1572762171875
0 0.5773545015625 0.191011925 0.5025753625 0.20082294374999998 0.4977306296875 0.2015902734375 0.550830925 0.312138546875 0.6293481734374999 0.29711864375 0.5773545015625 0.191011925
1 0.58207730625 0.1886457171875 0.63349876875 0.2944158265625 0.715962153125 0.2869064546875 0.66026555 0.1763696953125 0.58207730625 0.1886457171875
1 0.664128596875 0.17452105 0.7206314546875 0.28911078749999997 0.8034327640625 0.27553371875 0.7450653734375 0.1612563125 0.664128596875 0.17452105
1 0.42057737343749996 0.215410253125 0.4707380828125 0.32826726875 0.5513786453125 0.3129110671875 0.498432215625 0.20307925781249997 0.42057737343749996 0.215410253125
1 0.334617415625 0.231438809375 0.38442626562500004 0.3456664328125 0.46835161249999996 0.33043597187499996 0.41859923749999994 0.21557628593749997 0.334617415625 0.231438809375
0 0 0.283390809375 0.0458499015625 0.42060970937500003 0.1311894140625 0.40651568125 0.0828928296875 0.2690859578125 0 0.2814069328125 0 0.283390809375
0 0.0834646 0.2698095125 0.1336152171875 0.40941189375000003 0.22128212343749998 0.3962667390625 0.1733584796875 0.2571999484375 0.0834646 0.2698095125
0 0.25217143750000004 0.24390308906249997 0.30866435625 0.384626340625 0.3906660140625 0.370992553125 0.331624784375 0.22887657187500002 0.25217143750000004 0.24390308906249997
0 0.17367867343750001 0.25633512187499996 0.2224705234375 0.3969861046875 0.3067497546875 0.3816995921875 0.2501931046875 0.2458446546875 0.17367867343750001 0.25633512187499996
1 0.8887738562499999 0.26292745 0.8086257234374999 0.2772960921875 0.8796952062500001 0.423953978125 0.9668593203125001 0.41081073437500004 0.8887738562499999 0.26292745
1 0.970771075 0.4168131046875 0.99286206875 0.41558202343749995 0.9670479343749999 0.2525979921875 0.8923677718749999 0.2613847828125 0.970771075 0.4168131046875
1 0.5531025171875 0.323514725 0.47453564843749996 0.33709523125 0.5350665578125 0.48198679375 0.621616784375 0.46496761875 0.5531025171875 0.323514725
1 0.806148834375 0.2859468671875 0.7211409140625 0.29962551406250004 0.7961493546875 0.441159503125 0.8760211328124999 0.42188712187500005 0.806148834375 0.2859468671875
1 0.6361286921875 0.31301344375 0.557027578125 0.3245593671875 0.6209576046875 0.46374763281250003 0.7090425484375 0.45641828437500004 0.6361286921875 0.31301344375
1 0.6402188062499999 0.3145606171875 0.7113214078125 0.456719540625 0.7946533171875 0.44285887031250004 0.7182141984375 0.30067456875 0.6402188062499999 0.3145606171875
1 0.4512044515625 0.50189118125 0.5342852296875 0.4840971234375 0.47085888125 0.33720303125 0.390270903125 0.3519534921875 0.397548665625 0.3731196109375 0.4512044515625 0.50189118125
1 0 0.5393508515625001 0.005457954687500001 0.5738110203125 0.087940271875 0.559734671875 0.045423718749999994 0.41735739531249993 0 0.42321832343750004 0 0.5393508515625001
0 0.136558321875 0.4130566625 0.0494801828125 0.423423784375 0.091565684375 0.5591604625000001 0.180047409375 0.542940340625 0.136558321875 0.4130566625
1 0.30935745625 0.38662130625 0.22406786093750003 0.3990075515625 0.272495359375 0.529533728125 0.36116631875 0.5141652421875 0.30935745625 0.38662130625
0 0.22279352968750002 0.39829535 0.137720446875 0.41121209218750004 0.18340942968750001 0.5446138421875 0.2719686109375 0.532793440625 0.22279352968750002 0.39829535
1 0.3926335515625 0.374756053125 0.311239734375 0.3878487546875 0.3614267625 0.5134617984375 0.44760491562500004 0.5011369046875 0.3926335515625 0.374756053125
1 1 0.611549471875 0.9613548578125 0.5363942046875 0.8865477687500001 0.5447447984375 0.9651120171875001 0.7250689703125001 1 0.7188959374999999 1 0.611549471875
1 0.2182896015625 0.6531326890625 0.1253708921875 0.6644577609375 0.18351974375 0.8516103375 0.2815749828125 0.8371372875 0.2182896015625 0.6531326890625
1 0.8060918671874999 0.5570649578125 0.882283265625 0.7418885609375 0.963176621875 0.725904190625 0.8825511125000001 0.5467607453125 0.8060918671874999 0.5570649578125
1 0.319405896875 0.637530884375 0.38494077187500003 0.821823128125 0.4808869765625 0.8071554265625001 0.4088832796875 0.618716125 0.319405896875 0.637530884375
0 0.0294522625 0.6834395890625 0.08399013125 0.87029010625 0.182120128125 0.8495633515625001 0.12299988906249999 0.6662368703125 0.0294522625 0.6834395890625
1 0.6958094 0.57749161875 0.7738418031250001 0.75969856875 0.8632084156250001 0.746601659375 0.7818477265625 0.5628164765625 0.6958094 0.57749161875
1 0.41296766093750004 0.623884775 0.4808498515625 0.8050465593749999 0.5740706578125 0.7881670875 0.5036115671875 0.6132289953125001 0.41296766093750004 0.623884775
0 0.222138875 0.6516680499999999 0.284850340625 0.8387332687500001 0.384108625 0.8224836124999999 0.3177116640625 0.6432013375000001 0.222138875 0.6516680499999999
0 0.5961482078125 0.59750445625 0.6777039125 0.7775687484375 0.772580759375 0.7598982984375 0.6933662265625 0.5784166328125 0.5961482078125 0.59750445625
0 0.567729571875 0.7669665765625 0.575838903125 0.7863009671875 0.67405008125 0.776561396875 0.593439578125 0.5979442640625 0.506158015625 0.6126031109375 0.567729571875 0.7669665765625
1 0 0.181957834375 0.04818425625 0.1738312703125 0.014164440625 0.076288928125 0 0.078588284375 0 0.181957834375
1 0.09342269843749999 0.063735653125 0.0145573875 0.07620191093749999 0.0490552234375 0.1749334484375 0.1295444546875 0.1613584546875 0.09342269843749999 0.063735653125
0 0.17079605625 0.0521271 0.0942479328125 0.062942675 0.13037338437499998 0.162508609375 0.211606046875 0.1522313109375 0.17079605625 0.0521271
1 0.24801071874999997 0.042486190624999996 0.17211278125 0.0516452203125 0.21184240000000001 0.1521938765625 0.290172165625 0.14194490937499998 0.24801071874999997 0.042486190624999996
1 0.33111427031249996 0.034932717187500004 0.2483002484375 0.041993601562499996 0.290327990625 0.141488778125 0.3699789140625 0.1288733109375 0.33111427031249996 0.034932717187500004
1 0.8653240656250001 0.7482944687499999 0.7756575 0.7619565171875 0.8554282078125001 0.9389245140625 0.9518144046874999 0.92444293125 0.8653240656250001 0.7482944687499999
1 0.772497115625 0.7629968140625001 0.6806185078125 0.7826556390625 0.7582375906250001 0.9566714749999999 0.8538304 0.9399620734375 0.772497115625 0.7629968140625001
1 1 0.8091003671875001 0.9600050328125 0.7270225359375 0.87059056875 0.7450384546875 0.9581201984375 0.9320736109375 1 0.9261305890625 1 0.8091003671875001
1 0.6755690546875 0.782271171875 0.584372315625 0.793507875 0.6562186015625 0.9743986781249999 0.7571447625000001 0.9607670234375 0.6755690546875 0.782271171875
1 0.3379833234375 1 0.279016290625 0.8411564968749999 0.187125821875 0.855170778125 0.23296342656250002 1 0.3379833234375 1
1 0.4479809453125 1 0.3802509953125 0.8266914796875 0.282737440625 0.8425369078125 0.3415524703125 1 0.4479809453125 1
1 0.5393508546875 1 0.5569274203125001 0.9972161453125 0.4818468359375 0.8129537578124999 0.3820865375 0.8268015562500001 0.449034275 1 0.5393508546875 1
1 0.4842827203125 0.8112426515625 0.5567153078125 0.9972497406249999 0.6571541171875 0.981341796875 0.5801084890625 0.794252671875 0.4842827203125 0.8112426515625
1 0.22933306875 1 0.18532983125 0.855994975 0.08551125468750001 0.8744018468749999 0.1204981390625 1 0.22933306875 1
1 0.5604706687500001 0 0.60477560625 0.099356465625 0.679250246875 0.08625008437500001 0.6382080359375 0 0.5604706687500001 0
1 0.369854946875 0.128461496875 0.44500895468749996 0.1153856 0.4026355265625 0.024899209375000002 0.3322387328125 0.0347546203125 0.369854946875 0.128461496875
1 0.6399786468750001 0 0.6800641125 0.0873712234375 0.756486603125 0.0766385640625 0.710781453125 0 0.6399786468750001 0
1 0.5379912765625 0 0.479741846875 0.0121776265625 0.5250813156249999 0.1073911453125 0.6025754359375 0.09708342187499999 0.555909246875 0 0.5379912765625 0
1 0.4771533484375 0.01352819375 0.40334624999999996 0.023647475 0.44649994531250004 0.1167535703125 0.5239509609375 0.10707522968750001 0.4771533484375 0.01352819375
1 0.7935195078125 0 0.8342869171875 0.0656269640625 0.9068099281249999 0.0541404484375 0.8727132234375 0 0.7935195078125 0
1 0.71405413125 0 0.7570396265625 0.0811386328125 0.832287553125 0.0659436328125 0.7900529828125 0 0.71405413125 0
1 0.87526443125 0 0.9069664312500001 0.05280490156249999 0.9349665625 0.050044182812500004 0.9270403421875001 0 0.87526443125 0