1 1 0.3587816703125 0.9379572749999999 0.3398376484375 0.9406364671875 0.45621293593749995 1 0.4748320125 1 0.3587816703125
1 0.8641891453125 0.3214161796875 0.870800778125 0.4404813328125 0.9371013484375 0.458114475 0.9299180921874999 0.338904190625 0.8641891453125 0.3214161796875
1 0.695638534375 0.278859459375 0.6259797671875 0.2568664203125 0.6214129359375 0.255556903125 0.6228413640625 0.3740983375 0.6979110109375 0.393058178125 0.695638534375 0.278859459375
1 0.7007518921875 0.278718746875 0.702659621875 0.39238860625 0.7781235343749999 0.4195404984375 0.7744111078125 0.299947215625 0.7007518921875 0.278718746875
1 0.7785581234375 0.29990815 0.7813216484375001 0.4233809625 0.85956248125 0.4453567453125 0.8550344187500001 0.321394859375 0.7785581234375 0.29990815
1 0.5480312171875 0.2361040203125 0.5459352640625 0.3554652015625 0.6230064296875 0.3749989671875 0.6214202109375 0.257147975 0.5480312171875 0.2361040203125
1 0.4660153359375 0.21498340468750002 0.4630502328125 0.3354011046875 0.5429537 0.35638853125000003 0.54622675 0.235440346875 0.4660153359375 0.21498340468750002
0 0.229638296875 0.14499671249999999 0.15123778593749998 0.12170727031249999 0.1351809671875 0.2625560046875 0.2158613953125 0.2851171828125 0.229638296875 0.14499671249999999
1 0.2298444890625 0.14586429375 0.2168071328125 0.2886459921875 0.29914290781249997 0.31299017500000004 0.3139163859375 0.1715884359375 0.2298444890625 0.14586429375
0 0.38854131875000003 0.192178334375 0.380613678125 0.3385358421875 0.45817568125 0.360134878125 0.4644354671875 0.2115152609375 0.38854131875000003 0.192178334375
0 0.31455099375 0.17096195 0.2998921484375 0.3141062984375 0.380129203125 0.3351893765625 0.38601090312499997 0.1930696625 0.31455099375 0.17096195
1 0.9396361531249999 0.46922160625 0.8634009703125001 0.44902430937500004 0.8658441828125 0.6065416609375001 0.9477377765625 0.630681865625 0.9396361531249999 0.46922160625
1 1 0.4880350203125 0.9434218265625001 0.4693404515625 0.9487183421875001 0.6375389499999999 0.97741964375 0.649017478125 1 0.5702704187500001 1 0.4880350203125
1 0.6201854171875001 0.3849911625 0.54566058125 0.3647503453125 0.5395740250000001 0.51641023125 0.6225130296875 0.5369046515625 0.6201854171875001 0.3849911625
1 0.857690390625 0.455587909375 0.7774708593749999 0.43279855312500004 0.7854665375 0.5874392921875 0.8634635812499999 0.60322866875 0.857690390625 0.455587909375
1 0.6973663859375 0.4097528140625 0.6232042046874999 0.387511515625 0.6224330234375001 0.535566525 0.7027584984375 0.5651754 0.6973663859375 0.4097528140625
1 0.7003246562500001 0.41278081406249995 0.704635959375 0.56637134375 0.7834585296875 0.5883157609375 0.7744726890625 0.43252028124999997 0.7003246562500001 0.41278081406249995
1 0.45781554062499996 0.49954227968750003 0.5380254718749999 0.5179389640625 0.5423886953125 0.3633409015625 0.46561129843750004 0.3432981109375 0.4633484765625 0.36481295937499997 0.45781554062499996 0.49954227968750003
1 0.136136253125 0.259533184375 0.0564825765625 0.234197690625 0.0301057265625 0.3782997515625 0.11526269687499999 0.4016227875 0.136136253125 0.259533184375
0 0.21790102500000003 0.293042003125 0.1372176890625 0.2665055265625 0.11868015000000001 0.4026027265625 0.2029881875 0.424587003125 0.21790102500000003 0.293042003125
0 0.3804066765625 0.3405666 0.300468153125 0.316530096875 0.2896281015625 0.45065771562499995 0.37375414687499997 0.4734652875 0.3804066765625 0.3405666
0 0.2996405421875 0.315385103125 0.2196752453125 0.2919017859375 0.20525562812499998 0.42742784531250005 0.28783321562499997 0.45329725156249995 0.2996405421875 0.315385103125
1 0.45836459218750003 0.3642358546875 0.3815573875 0.34241153125 0.37427033125000003 0.47295570937500003 0.45496384218749997 0.49740938437500004 0.45836459218750003 0.3642358546875
1 0.8988243406249999 0.923111871875 0.891571421875 0.738421396875 0.8224850859374999 0.7151378296875001 0.8177463656249999 0.9052069218750001 0.8978198453124999 0.9266149640625001 0.8988243406249999 0.923111871875
1 0.1915182234375 0.5367394937500001 0.1053158921875 0.5086531390625 0.07986335156249999 0.69635258125 0.1718618078125 0.7237827390625 0.1915182234375 0.5367394937500001
1 0.746817059375 0.69302050625 0.7381560171875 0.8860598453125 0.8157058796875001 0.9051468343750001 0.8181523859375 0.7152687765625 0.746817059375 0.69302050625
1 0.286665365625 0.5644330656250001 0.2688661921875 0.752648325 0.3590927015625 0.7790453703125 0.37290808124999997 0.5845521 0.286665365625 0.5644330656250001
0 0 0.6755234125 0.07947136875000001 0.6939872859375 0.1025071625 0.509241571875 0.013350134375 0.486045853125 0 0.5731559734375 0 0.6755234125
1 0.6416507359375 0.665803615625 0.6356755 0.8573041859374999 0.7194837187500001 0.88238583125 0.7231821890625 0.6881416578125 0.6416507359375 0.665803615625
1 0.3743809890625 0.5907495875000001 0.3599221375 0.7771831578125 0.4486601171875 0.8005283125 0.4583126953125 0.618491703125 0.3743809890625 0.5907495875000001
0 0.19549618124999998 0.537031121875 0.17408485625 0.7265202390625001 0.267865671875 0.752886440625 0.28286012656250004 0.568706503125 0.19549618124999998 0.537031121875
1 0.545977953125 0.642568559375 0.5439716546875 0.8336335968749999 0.634486790625 0.8569633296875001 0.63912776875 0.6656144796875 0.545977953125 0.642568559375
0 0.4517593046875 0.7793664609375 0.45097525781250003 0.79961713125 0.5411757359375 0.8312568390624999 0.5434202781249999 0.6418458859375 0.46080405312500006 0.61898506875 0.4517593046875 0.7793664609375
1 0.165376671875 0 0.161894221875 0.0263406 0.23810443750000002 0.047372521875000004 0.2428756859375 0 0.165376671875 0
1 0.24329473125 0 0.238418525 0.04869409375 0.31462874375 0.069726015625 0.3203260078125 0 0.24329473125 0
1 0.876777025 1 0.8984217109375001 0.9245160125 0.8155703187500001 0.906431871875 0.8158334046875 1 0.876777025 1
0 0.321147890625 0 0.314886315625 0.0710724125 0.390401209375 0.09529666249999999 0.395050696875 0 0.321147890625 0
1 0.39631207968750004 0 0.39062400468749997 0.0953605484375 0.46357887656249996 0.118422275 0.46722061562499995 0.01406768125 0.4242174453125 0 0.39631207968750004 0
1 0.54326455625 0.041442790624999996 0.467676146875 0.013754675 0.4639021234375 0.11808651249999999 0.5389841734374999 0.13961594375 0.54326455625 0.041442790624999996
1 0.72303546875 1 0.7206490828125001 0.8847337953125001 0.6363465265625 0.8600244390625 0.6346248812499999 1 0.72303546875 1
1 0.6324498671875001 1 0.6331467984375 0.85964291875 0.5444510296875 0.8392810140625 0.5418417046874999 1 0.6324498671875001 1
1 0.814147909375 1 0.8124644109375 0.9048290921875 0.7266034703125 0.8840361390625 0.7268293124999999 1 0.814147909375 1
1 0.53901648125 1 0.5401752875 0.8368789718749999 0.45552079062499995 0.8094195328125 0.44465277187499996 0.9972371484375 0.45352050781250003 1 0.53901648125 1
1 0.0815737375 0.7009459015624999 0.056563809374999996 0.8929964359375001 0.152314015625 0.920452365625 0.16797263125 0.7262563734375 0.0815737375 0.7009459015624999
1 0.1706751546875 0.7289874046875 0.1555518796875 0.921380809375 0.2504816265625 0.9486014765625 0.2627590453125 0.754994021875 0.1706751546875 0.7289874046875
1 0.26432546874999996 0.7558412 0.2513655921875 0.9488549484375 0.3481583921875 0.9766098375000001 0.357565209375 0.784516375 0.26432546874999996 0.7558412
1 0.44280336093750006 1 0.45147314375 0.8083278796875 0.360403103125 0.7840140390625 0.34795844531250003 0.976552503125 0.42972958125 1 0.44280336093750006 1
1 0 0.876777025 0.0528456734375 0.891930278125 0.079660140625 0.7009331750000001 0 0.6802501453125 0 0.876777025
1 0.759014959375 0.09732169375000001 0.75717689375 0.20979968750000003 0.8279153687499999 0.22878196874999998 0.8269571578124999 0.11461281406249998 0.759014959375 0.09732169375000001
1 0.539043678125 0.13920455781250002 0.6103661078125 0.1584914125 0.610154184375 0.061908432812500004 0.5443245171875 0.041746728125 0.539043678125 0.13920455781250002
1 0.8288152999999999 0.115796453125 0.8281715765625 0.23009679218749998 0.8996497703124999 0.251954778125 0.8876893359375 0.13528161249999998 0.8288152999999999 0.115796453125
1 0.6830457125 0.0823041375 0.6839292328125001 0.184240484375 0.756174509375 0.20690895937499998 0.7548455984375 0.099141759375 0.6830457125 0.0823041375
1 0.680221215625 0.0824282796875 0.611289790625 0.061102812500000006 0.611115865625 0.160299375 0.6830660328125 0.1835014578125 0.680221215625 0.0824282796875
1 1 0.1706252484375 0.958219434375 0.1563942484375 0.972451575 0.27413200937500004 1 0.28203139374999997 1 0.1706252484375
1 0.898295803125 0.25612231093750004 0.9705668953125001 0.2735915875 0.9581454031250001 0.18151756875 0.9542068609375001 0.15565685468749998 0.8922675874999999 0.139197703125 0.898295803125 0.25612231093750004