1 1 0.34377683124999997 0.9835236515625001 0.2711167421875 0.9147342078125 0.262694259375 0.9379335765624999 0.37877803125 1 0.3868558640625 1 0.34377683124999997
1 0.837676028125 0.25727997812500003 0.8652843453125 0.3753628953125 0.9347317109375 0.3813072546875 0.90652585625 0.26317999062499997 0.837676028125 0.25727997812500003
1 0.6615259171875 0.2444422640625 0.5879497265625 0.234724640625 0.5831494046875 0.23422010625 0.6054792203125 0.352694440625 0.6839345796875 0.35841793593750004 0.6615259171875 0.2444422640625
1 0.6666173796875 0.2433977203125 0.68856784375 0.3569081640625 0.7688620687500001 0.3707668484375 0.7440614953125 0.2516426375 0.6666173796875 0.2433977203125
1 0.7482039890625 0.2508706671875 0.7727391359375 0.3740481578125 0.85489924375 0.382231915625 0.828512321875 0.2588764078125 0.7482039890625 0.2508706671875
1 0.5062960046875 0.2277045109375 0.5252439640625 0.3476226890625 0.6058031734375 0.35356730937499997 0.5834372109375 0.23581237812500003 0.5062960046875 0.2277045109375
1 0.42050947499999997 0.221044371875 0.4387740671875 0.3421743109375 0.5224234953125 0.3490743515625 0.50437349375 0.2273586796875 0.42050947499999997 0.221044371875
0 0.171657946875 0.1927197984375 0.0891064515625 0.183248546875 0.0978741484375 0.3271549734375 0.18257845625 0.3354939265625 0.171657946875 0.1927197984375
1 0.172017221875 0.193552296875 0.18414691249999998 0.3388611265625 0.27082188125 0.348693340625 0.2606726109375 0.20445982968749998 0.172017221875 0.193552296875
0 0.338970403125 0.21189452343749998 0.3568431921875 0.3598817828125 0.4382576578125 0.3678081640625 0.4183172203125 0.21784999374999997 0.338970403125 0.21189452343749998
0 0.261197121875 0.203720221875 0.2717683390625 0.349678809375 0.3557684109375 0.3566156984375 0.3365957 0.213234409375 0.261197121875 0.203720221875
1 0.9392263078124999 0.391983809375 0.8593865671875 0.3852268921875 0.889603765625 0.5425587515625 0.9758003359374999 0.5522648109375 0.9392263078124999 0.391983809375
1 1 0.399730934375 0.9430350953125 0.391433853125 0.9779904640625 0.5589593359375 0.99615820625 0.5627561156249999 1 0.526203890625 1 0.399730934375
1 0.6047423203125 0.3640736421875 0.5266062296875 0.35697088906249996 0.5472560390625001 0.5099434703125 0.6338558109375 0.51581330625 0.6047423203125 0.3640736421875
1 0.8548299890625 0.3928099015625 0.770546609375 0.38416096718750004 0.8058122515624999 0.537630509375 0.886637678125 0.53966126875 0.8548299890625 0.3928099015625
1 0.6863331500000001 0.3752349171875 0.6082072046875 0.36606446875 0.633539828125 0.514487225 0.7191315921875 0.52994761875 0.6863331500000001 0.3752349171875
0 0.6898269875 0.377744878125 0.721220984375 0.53081365625 0.8039576328125 0.5388631937499999 0.767497665625 0.38441208437499996 0.6898269875 0.377744878125
1 0.46247685625 0.5074971546875 0.5459761390625 0.511748246875 0.523083971875 0.35613743750000004 0.44272894999999995 0.3496310828125 0.444258215625 0.37157944375 0.46247685625 0.5074971546875
1 0.013942668750000001 0.3411404765625 0.013146278124999999 0.46164812031249997 0.10246400781250001 0.46995904375 0.0982970109375 0.32395861406250004 0.0168971015625 0.3130309234375 0.013942668750000001 0.3411404765625
0 0.1860165109375 0.34307070156249997 0.1006083890625 0.3307507515625 0.10605618750000001 0.470336596875 0.194288459375 0.47745669062499996 0.1860165109375 0.34307070156249997
0 0.356994125 0.3619522984375 0.272772021875 0.3520046078125 0.28557443125000004 0.488257528125 0.373769765625 0.4962343640625 0.356994125 0.3619522984375
0 0.2717420609375 0.35100407499999997 0.18759070625000002 0.34161516718749996 0.197058071875 0.4799012796875 0.2842439109375 0.49121837343749997 0.2717420609375 0.35100407499999997
0 0.4391697375 0.37188217031250004 0.3584707796875 0.3635967640625 0.37419639843749997 0.495632771875 0.4592474703125 0.5058648671875 0.4391697375 0.37188217031250004
1 0.9697646640625001 0.8138738890624999 0.9385979890625 0.6700982578125 0.8653670171875 0.6589869296875001 0.89413753125 0.85019058125 0.9652976015625001 0.856375159375 0.9697646640625001 0.8138738890624999
1 0.2025860609375 0.5918114421875 0.11138253125 0.5789144828125 0.11900960625000001 0.771405234375 0.21589687031250002 0.78262070625 0.2025860609375 0.5918114421875
1 0.7857562265625 0.6502067578124999 0.8111258781249999 0.845078434375 0.8920852874999999 0.8504909843749999 0.861054934375 0.6598837375 0.7857562265625 0.6502067578124999
1 0.30267025 0.602734315625 0.318046003125 0.794389221875 0.41297815625 0.8048830953125 0.3925094328125 0.6076443593749999 0.30267025 0.602734315625
0 0.015378328124999998 0.572523646875 0.019650014062500002 0.763808553125 0.11820036406250001 0.7691055125 0.108675946875 0.58000018125 0.015378328124999998 0.572523646875
0 0.6757311890625 0.6415318562500001 0.7035168703125 0.8343877359375 0.7917951484375 0.844698365625 0.761247665625 0.6494969328125 0.6757311890625 0.6415318562500001
1 0.3950758875 0.61359125 0.4134797296875 0.8028713953125 0.5063844125 0.8105716546874999 0.4839468046875 0.6265446890625 0.3950758875 0.61359125
0 0.20661770625 0.5914005578125 0.21860384531250002 0.7849696374999999 0.31708689687499997 0.7948045171875 0.299616309375 0.607686878125 0.20661770625 0.5914005578125
1 0.575907159375 0.6351673578125 0.607587253125 0.82688565 0.702267384375 0.8342564093749999 0.6731734359375 0.6417882734375 0.575907159375 0.6351673578125
0 0.505754225 0.7888290421875 0.50854021875 0.809249928125 0.60437068125 0.8249992609374999 0.5732206093750001 0.6348955359375 0.4865265671875 0.6265985625 0.505754225 0.7888290421875
1 0.079266359375 0 0.0829544390625 0.0858496203125 0.16291635625 0.09344688125 0.15599151093750002 0 0.079266359375 0
1 0.1563903640625 0 0.1634636359375 0.094715015625 0.24342555312499997 0.1023122765625 0.2339435703125 0.0004312921875 0.2298521515625 0 0.1563903640625 0
1 0.9502020218749999 1 0.9654676453125 0.8547572999999999 0.8921762171875001 0.8518019875 0.9186943218750001 1 0.9502020218749999 1
0 0.2349395078125 0 0.24392066093749998 0.1036152609375 0.32374971406249997 0.114532715625 0.31044320625 0.0091025296875 0.23584412656249998 0 0.2349395078125 0
1 0.3862910890625 0.019601546875 0.3118174453125 0.008980143749999999 0.3239839 0.11455732968750001 0.4010464984375 0.12476284062500001 0.3862910890625 0.019601546875
1 0.4672050296875 0.033581293750000005 0.38669169062500003 0.0192075515625 0.40131073125 0.1243694296875 0.480231553125 0.1326643421875 0.4672050296875 0.033581293750000005
1 0.8236147624999999 1 0.79337515625 0.8468440640624999 0.7046679 0.8369936593749999 0.7313026921875 1 0.8236147624999999 1
1 0.7292302609375 1 0.701399078125 0.8371769875 0.609062625 0.8324571828125 0.6357628390625 1 0.7292302609375 1
1 0.9177886859375001 1 0.8887859468749999 0.8507455640625 0.7992099328125 0.8450930812499999 0.8267904984375001 1 0.9177886859375001 1
1 0.6329090140625 1 0.6043609265625001 0.8308069765624999 0.5148166484375001 0.8182643859375001 0.5360864390625 1 0.6329090140625 1
1 0.1215308375 0.7757034843749999 0.129981240625 0.9638636015625 0.2301987640625 0.9743968875 0.21244161250000002 0.7857854875 0.1215308375 0.7757034843749999
1 0.2156271984375 0.7880432078124999 0.23358441874999997 0.9747527343750001 0.333234 0.9852263265625 0.312348953125 0.7978178140625001 0.2156271984375 0.7880432078124999
1 0.31406564062500003 0.79838950625 0.3341961015625 0.9853274484375 0.4357765640625 0.9960039843749999 0.412414409375 0.810632584375 0.31406564062500003 0.79838950625
1 0.5342154406249999 1 0.51057421875 0.817886309375 0.4151653515625 0.8096279624999999 0.43570537187499997 0.9959965015625001 0.4737961109375 1 0.5342154406249999 1
1 0.0200491171875 0.7680995734375 0.02189306875 0.9525030765625001 0.126159334375 0.963461903125 0.1196139046875 0.7760289015625 0.0200491171875 0.7680995734375
1 0.6929307484375 0.0514210734375 0.7109231359375 0.1643997296875 0.785048809375 0.17091108906250002 0.7639603765625 0.056732771875 0.6929307484375 0.0514210734375
1 0.480218559375 0.13224179687499998 0.554982221875 0.1389550140625 0.5377411984375 0.042258484375 0.46831918281249996 0.033698396874999995 0.480218559375 0.13224179687499998
1 0.76602826875 0.057589901562500004 0.7855369859375 0.17218269218749999 0.860909828125 0.18144353124999998 0.8283714 0.0667015546875 0.76602826875 0.057589901562500004
1 0.6142703593750001 0.049805 0.6331272390625 0.1517445796875 0.709410503125 0.16168161875 0.6890799140625 0.053980775 0.6142703593750001 0.049805
1 0.6114661390625 0.050428467187500006 0.538735409375 0.041250925 0.5560511781249999 0.14063330624999998 0.6321332453124999 0.1511569390625 0.6114661390625 0.050428467187500006
1 1 0.1676302921875 0.9748719296875 0.08657785625 0.9026641906249999 0.0753834234375 0.9376633218749999 0.19079021093749998 1 0.197342059375 1 0.1676302921875
1 0.860289884375 0.18585684687499998 0.9356822843750001 0.1905819953125 0.907019721875 0.10055910312500001 0.898519315625 0.07535396093749999 0.8336427265624999 0.0698147203125 0.860289884375 0.18585684687499998