1 1 0.2728388203125 0.945943171875 0.25735509375 0.9509935125 0.38583016406250004 1 0.40027184218749995 1 0.2728388203125
1 0.8644281843750001 0.2385164546875 0.87385478125 0.3698820046875 0.9471374359375 0.388002515625 0.9370791421875 0.256488353125 0.8644281843750001 0.2385164546875
1 0.6781685953125 0.19495788281249998 0.6011114796875 0.172090715625 0.596062003125 0.1707377125 0.59977499375 0.3016307171875 0.6827320296875 0.32103736875 0.6781685953125 0.19495788281249998
1 0.6837933328125 0.194698028125 0.6879458125 0.32020086875 0.7714847 0.34864711875 0.76523915625 0.216639059375 0.6837933328125 0.194698028125
1 0.7698022671875 0.21651120468750001 0.7750736046875 0.3528233625 0.8615750234374999 0.375496175 0.8543529671875 0.23867990625000002 0.7698022671875 0.21651120468750001
1 0.5149536375 0.1507520421875 0.5148028296875 0.28262240312500003 0.599972915625 0.30262203906249996 0.5960987453125 0.172494809375 0.5149536375 0.1507520421875
1 0.4243132015625 0.12910082812499998 0.42322497031250006 0.26215580312500003 0.5115382765625001 0.28370306875 0.5129558234375 0.15005591406250002 0.4243132015625 0.12910082812499998
0 0.162914796875 0.056632878124999994 0.105445753125 0.0406448421875 0.065543440625 0.1895622984375 0.1502839734375 0.2116692734375 0.162914796875 0.056632878124999994
1 0.1631573828125 0.057586859375 0.151388496875 0.215547325 0.2424391984375 0.24075224999999997 0.256143621875 0.084280409375 0.1631573828125 0.057586859375
0 0.3386406890625 0.10549645156250001 0.332559659375 0.2673018171875 0.41830721875 0.2895724 0.42251190781250003 0.12530273281249998 0.3386406890625 0.10549645156250001
0 0.256830696875 0.08357552968750001 0.2432839046875 0.24196964062499998 0.3319660515625 0.26361573437499997 0.33587205 0.10653255937499999 0.256830696875 0.08357552968750001
1 0.9501276109375001 0.4002179234375 0.8658655421875 0.37946838125000004 0.8713992625 0.5533873125000001 0.9619596578125 0.578375990625 0.9501276109375001 0.4002179234375
1 1 0.4145019453125 0.9542959140624999 0.400271853125 0.9631626203125 0.585929215625 0.9917049062500001 0.5967839625 1 0.56582625 1 0.4145019453125
1 0.5970488453125 0.31371546562499997 0.5146682390625 0.29288291875 0.5107091015624999 0.46050684999999997 0.60235413125 0.4814476140625 0.5970488453125 0.31371546562499997
1 0.8596995625 0.38683414374999997 0.7710058796875 0.36330320625 0.7825981671875 0.53393166875 0.8687195593749999 0.54977693125 0.8596995625 0.38683414374999997
1 0.6824341921875 0.3394867578125 0.6004165593749999 0.3164373875 0.602241915625 0.479971365625 0.6911753578125001 0.5110319062500001 0.6824341921875 0.3394867578125
1 0.6857444765625 0.34277058125000004 0.6932631140625001 0.5123144078124999 0.780404171875 0.5349406953125 0.7677013515625 0.3630571125 0.6857444765625 0.34277058125000004
1 0.42042874062499996 0.4435471953125 0.5090325203125 0.4622268796875 0.511042053125 0.291393103125 0.42618606718749996 0.27082527968750003 0.42408440000000003 0.294633409375 0.42042874062499996 0.4435471953125
0 0.062362379687500004 0.201434184375 0.045457353125 0.34341034531250003 0.1386359203125 0.36596860625 0.15267173125 0.22038012031249998 0.064597840625 0.1930913296875 0.062362379687500004 0.201434184375
0 0.3323685328125 0.269548903125 0.243961575 0.244634821875 0.2344545359375 0.39299246875 0.3274476875 0.4164637296875 0.3323685328125 0.269548903125
0 0.24303010781249998 0.2433871453125 0.15460367656250001 0.21908457499999998 0.141182559375 0.3690598375 0.232526925 0.395944346875 0.24303010781249998 0.2433871453125
1 0.41858918437500003 0.294097834375 0.3336682171875 0.2715630171875 0.3280065484375 0.4158903875 0.4172519046875 0.4412497875 0.41858918437500003 0.294097834375
1 0.91279685625 0.8912728124999999 0.9020941468749999 0.6985153671875 0.8256436875000001 0.674211190625 0.8238615671874999 0.8842283453125 0.9090110687499999 0.9054015625 0.91279685625 0.8912728124999999
1 0.128038759375 0.490068859375 0.0326653 0.46080989843750003 0.008044695312499999 0.6686330171875 0.1097849734375 0.6970488546875 0.128038759375 0.490068859375
1 0.7419711015625 0.651329503125 0.7359260875 0.864707240625 0.8216149140625 0.8842036609375 0.820877890625 0.6744443140625 0.7419711015625 0.651329503125
1 0.2332489421875 0.51871130625 0.21706023281250003 0.726947784375 0.3168318109375 0.7542588015625 0.3285229453125 0.5391699937500001 0.2332489421875 0.51871130625
0 0 0.664410184375 0.007570596875 0.6660286921874999 0.029584903125 0.46151715937500004 0 0.45437224374999996 0 0.664410184375
1 0.6257433578125 0.6234181796875 0.6226262984375001 0.8350415765625 0.715310753125 0.8610309125000001 0.7158726671875 0.64642386875 0.6257433578125 0.6234181796875
1 0.330255821875 0.5459846765624999 0.3177109765625 0.7521851515625 0.41578930156249994 0.7761559375 0.423124228125 0.5749098265625 0.330255821875 0.5459846765624999
0 0.1324217921875 0.490309690625 0.11228089375000001 0.7000268546874999 0.2159634546875 0.7272312078125001 0.2291384375 0.5235087968750001 0.1324217921875 0.490309690625
1 0.52003523125 0.59971064375 0.52127814375 0.8107719484375 0.6213119593750001 0.8346894015625 0.6229634015625 0.623260825 0.52003523125 0.59971064375
0 0.41881776718749997 0.7527205859375 0.418320671875 0.7751023 0.518158290625 0.8082040703125 0.517207440625 0.5989647359375 0.4258748921875 0.5754038312499999 0.41881776718749997 0.7527205859375
1 0.88366349375 1 0.909593759375 0.9032269296875001 0.8214889375000001 0.885625678125 0.8236798796875 1 0.88366349375 1
1 0.420672940625 0 0.4202375265625 0.022126959374999998 0.503254621875 0.0443713234375 0.5044557515625 0 0.420672940625 0
1 0.72168200625 1 0.71663565 0.8636003000000001 0.6234138984375 0.8380322296875 0.6240773984375 1 0.72168200625 1
1 0.6217368984375 1 0.6198856875 0.837676225 0.5219076984375 0.8169994031250001 0.5219398484375 1 0.6217368984375 1
1 0.821987571875 1 0.8180419203125 0.88391894375 0.7231758890625 0.8627081515624999 0.7256875671875 1 0.821987571875 1
1 0.5188796515625 1 0.517158834375 0.8144338250000001 0.42350009999999993 0.785835640625 0.414931984375 0.993491365625 0.43717463749999996 1 0.5188796515625 1
1 0 0.88366349375 0.09222606093749999 0.9083753921875 0.1055495890625 0.6998602828125 0.010009946875 0.6736711375 0 0.7621482953125 0 0.88366349375
1 0.1085730578125 0.7028213453125 0.0957936671875 0.9093313296875 0.2006623 0.9374307953125 0.210381646875 0.7296632187500001 0.1085730578125 0.7028213453125
1 0.2121208046875 0.73056688125 0.20166278906250001 0.937698875 0.3085721359375 0.9663451484375001 0.315249609375 0.7603324109375 0.2121208046875 0.73056688125
1 0.31836365624999996 0.7597196421875 0.3084485171875 0.966312025 0.4130111875 0.9943295078125001 0.419025921875 0.78471265 0.31836365624999996 0.7597196421875
1 0.8228355921875 0.1369482484375 0.8211413609375 0.06841147812500001 0.744639771875 0.0479129390625 0.74464463125 0.1174283421875 0.8228355921875 0.1369482484375
1 0.50496399375 0 0.503312678125 0.0439157546875 0.5821517843749999 0.06376011875000001 0.5810452578125 0.0040779203125 0.5658262515625 0 0.50496399375 0
1 0.9021982640624999 0.161076009375 0.8934984921875 0.0877995125 0.82239325625 0.068746921875 0.8231412984375 0.1383951625 0.9021982640624999 0.161076009375
1 0.743489290625 0.114256175 0.7415651484375 0.047089096875 0.6619504296875001 0.025756396874999997 0.6635735078125 0.09069585625 0.743489290625 0.114256175
1 0.6626102031250001 0.08989727656249999 0.6597345531250001 0.0251626546875 0.5821130937500001 0.004364046875 0.5830095531249999 0.0657415921875 0.6626102031250001 0.08989727656249999
1 1 0.11633650625 0.9724156703125001 0.10894530625000001 0.982717634375 0.18408240781250002 1 0.188713203125 1 0.11633650625
1 0.9806337734374999 0.1835240390625 0.9692317015624999 0.10809216562499999 0.8955391984375 0.08834631875 0.900783484375 0.1657064640625 0.9806337734374999 0.1835240390625