1 0.9906331421875001 0.22304075625 0.9708464093750001 0.17074627343749998 0.8997366124999999 0.1720081734375 0.9399041625000001 0.28700401875 0.9928480531250001 0.2864675125 0.9906331421875001 0.22304075625
1 0.820653825 0.17751970625 0.86558761875 0.29392206249999997 0.9370118234374999 0.2900402 0.891464453125 0.1736781765625 0.820653825 0.17751970625
0 0.6398096921875001 0.18964884531249998 0.56365034375 0.190275859375 0.558699990625 0.19044872968749998 0.598325553125 0.3080055859375 0.6788723937500001 0.302609225 0.6398096921875001 0.18964884531249998
1 0.644834503125 0.1878554296875 0.683365075 0.300407215625 0.766943378125 0.30303930625 0.72471406875 0.185173734375 0.644834503125 0.1878554296875
1 0.7288134640624999 0.18379396875 0.7713523640625 0.305828775 0.8560157296875 0.30240970625 0.8115695531249999 0.18045851875000002 0.7288134640624999 0.18379396875
1 0.4796678984375 0.19480845468750002 0.5160630765625001 0.314320996875 0.5987795218749999 0.308848871875 0.5592200515625 0.1920304328125 0.4796678984375 0.19480845468750002
1 0.39153701875 0.2002995265625 0.42741093125 0.321144953125 0.5134043109374999 0.31620429687499996 0.4776647546875 0.1947311546875 0.39153701875 0.2002995265625
0 0.1345979203125 0.2070502640625 0.0493527984375 0.20921309531249999 0.0788310703125 0.354632465625 0.166102109375 0.35100740468749997 0.1345979203125 0.2070502640625
0 0.13508201875 0.2078473484375 0.16817729374999998 0.35421486562500004 0.25766441093750003 0.3518297125 0.22673539374999999 0.20627472343750003 0.13508201875 0.2078473484375
0 0.30736668906250003 0.202645028125 0.346681103125 0.3509204375 0.43054993750000004 0.34734577031249997 0.388852615625 0.1973575015625 0.30736668906250003 0.202645028125
0 0.22716270624999998 0.2054458125 0.25876708125 0.3526986609375 0.3451220625 0.347745375 0.3051449484375 0.2043505953125 0.22716270624999998 0.2054458125
1 0.998414115625 0.44585868125 0.9431053531250001 0.30027876249999996 0.8610039531250001 0.3048199828125 0.9141987484375 0.46085277187499996 0.99885648125 0.458526371875 0.998414115625 0.44585868125
1 0.94689735625 0.2991730453125 0.9982942046875 0.442424896875 0.9933000468750001 0.2994109125 0.94689735625 0.2991730453125
1 0.5992031 0.319709134375 0.518783571875 0.3236540109375 0.5616326234375 0.47661313437499997 0.650476990625 0.47020015156249995 0.5992031 0.319709134375
1 0.8574572390625 0.313201065625 0.770569653125 0.31644993125 0.8283428031250001 0.467823490625 0.9107703859375 0.45832412031249997 0.8574572390625 0.313201065625
1 0.6837135156249999 0.319406340625 0.60300876875 0.32124229843749996 0.64996634375 0.46889379531250003 0.7391571 0.4724001234375 0.6837135156249999 0.319406340625
1 0.68762280625 0.321464478125 0.7414041890624999 0.4729837453125 0.8266342671875 0.46934535312500003 0.7675071124999999 0.317142296875 0.68762280625 0.321464478125
1 0.4751277171875 0.4862548875 0.5605899046875 0.47863582656250003 0.5150850203124999 0.32330869687499997 0.43249578906249997 0.32817905625 0.43718691249999997 0.35033068125 0.4751277171875 0.4862548875
1 0 0.41433309375 0.0119507921875 0.503840265625 0.10390613281250001 0.49952628125 0.07880394843750001 0.3513140984375 0 0.3517942578125 0 0.41433309375
0 0.1706789015625 0.358237796875 0.082123628125 0.35790603125 0.10761058125 0.49939692031250005 0.1982926390625 0.4940245703125 0.1706789015625 0.358237796875
1 0.347130421875 0.353009171875 0.26011947812499997 0.3549255296875 0.292604046875 0.49196666093749997 0.38337102343749996 0.48747282187499996 0.347130421875 0.353009171875
0 0.258929796875 0.354053178125 0.1720706125 0.35652894062499996 0.201456609375 0.49611974375 0.2916751203125 0.49517490625000005 0.258929796875 0.354053178125
1 0.4320591109375 0.35136758281249997 0.3488660828125 0.354473903125 0.383718596875 0.486798590625 0.4716126125 0.4850534515625 0.4320591109375 0.35136758281249997
1 1 0.63221390625 0.9822171828125 0.583832471875 0.9062094546875 0.5829895609375 0.9627753125 0.77375271875 1 0.7717784734375 1 0.63221390625
1 0.223069421875 0.6093911484375 0.1285422 0.6093008171875 0.1638053953125 0.8044022625 0.263868275 0.8019652046875001 0.223069421875 0.6093911484375
1 0.8240515437499999 0.5854358390625001 0.877685603125 0.780424365625 0.9607326953124999 0.7743526546874999 0.9019555609375001 0.584520840625 0.8240515437499999 0.5854358390625001
1 0.3263392953125 0.6061982640625 0.369357475 0.7993386546875 0.467330371875 0.796445971875 0.418338471875 0.5983433484375 0.3263392953125 0.6061982640625
0 0.0300662921875 0.616528909375 0.061747284375 0.8108815984375 0.1626543234375 0.8021741390624999 0.1259468625 0.610794815625 0.0300662921875 0.616528909375
1 0.7110007656249999 0.5923428484375 0.7668019562499999 0.7849309796874999 0.8579867859375 0.7828039484375 0.7990437203125 0.5882204671875 0.7110007656249999 0.5923428484375
1 0.42179656093749995 0.6040372656249999 0.4675525578125 0.7943237843750001 0.5630657890624999 0.7888739593749999 0.513961378125 0.6045190484375 0.42179656093749995 0.6040372656249999
0 0.227107778125 0.6083952796875 0.266954915625 0.8039718453125 0.3684421578125 0.799899225 0.32394364531250003 0.611683221875 0.227107778125 0.6083952796875
1 0.60864679375 0.6001445453125 0.668243015625 0.7910157703125 0.7655134203125 0.7849759765625001 0.7084381468750001 0.59297030625 0.60864679375 0.6001445453125
0 0.5593177453125 0.76680335 0.5650676765625 0.7872182328124999 0.664704615625 0.7895535109375 0.6058777859375 0.6002520421875001 0.5165907171875 0.6042046953125 0.5593177453125 0.76680335
1 0.11152556250000001 0.10711915937500001 0.0913698875 0.01396490625 0.0118527609375 0.0167417046875 0.0291798953125 0.11082136093749999 0.11152556250000001 0.10711915937500001
1 0.1946086453125 0.104631146875 0.1725320703125 0.011130659375000001 0.0917851109375 0.01395040625 0.11226297656249999 0.1083333484375 0.1946086453125 0.104631146875
1 1 0.7717832015625 0.9610124796875 0.7756758578125 1 0.8949569281249999 1 0.7717832015625
0 0.27798321718749996 0.10558919687499999 0.25164871093749996 0.0083678453125 0.1735480828125 0.0110951796875 0.195298021875 0.1058883265625 0.27798321718749996 0.10558919687499999
1 0.357996803125 0.1049519828125 0.3296188109375 0.0056450703125 0.2530026609375 0.008320565625 0.27822472187499997 0.10558076406250001 0.357996803125 0.1049519828125
1 0.439596484375 0.1016710734375 0.41225551875 0.0027593328125 0.3300875453125 0.0056287015624999995 0.3582090953125 0.1045131828125 0.439596484375 0.1016710734375
1 0.8598991203124999 0.7847647578125 0.7683441281250001 0.7874222703125 0.8265320640624999 0.9749641718750001 0.9249230781250001 0.9723126531249999 0.8598991203124999 0.7847647578125
1 0.7650484515625 0.788077015625 0.6705386609375 0.7964832859375 0.7269331125 0.9807953656249999 0.824802928125 0.9758089249999999 0.7650484515625 0.788077015625
1 1 0.8991105578124999 0.9574161890624999 0.7750843921875 0.8655783390625 0.78214491875 0.9303048921875 0.9807528359375001 1 0.9794450109374999 1 0.8991105578124999
1 0.6655247875 0.7954743296875 0.5727344000000001 0.7955076828125 0.6224970171875001 0.9860111046875 0.725333978125 0.98477308125 0.6655247875 0.7954743296875
1 0.306907840625 1 0.26080926875 0.8056854359375001 0.1669818890625 0.8084223015625 0.2026504890625 1 0.306907840625 1
1 0.41419433281250007 1 0.364057996875 0.8036486593750001 0.26436925312500004 0.80753060625 0.310438284375 1 0.41419433281250007 1
1 0.46898434375000003 1 0.5205813140625 0.9981981937500001 0.4675792375 0.802386740625 0.36588425625 0.8039856234375 0.41516241093749995 1 0.46898434375000003 1
1 0.4702312421875 0.80096903125 0.5206889515625 0.9995822984375 0.6233766593750001 0.9959963640625 0.5683690718750001 0.7957295875 0.4702312421875 0.80096903125
1 0.1986745671875 1 0.16508035468749999 0.8090283625 0.06276617500000001 0.8151980249999999 0.0905626265625 1 0.1986745671875 1
1 0.6476780109375 0 0.6785683734375 0.10099613437499999 0.754827859375 0.09702253281249999 0.7225172203125 0 0.6476780109375 0
1 0.41340211250000003 0.0027192921875000002 0.439522884375 0.1012422609375 0.5164595656250001 0.097383078125 0.48511805625 0.0012945109375 0.42524490000000004 0.0023057328125 0.41340211250000003 0.0027192921875000002
1 0.7243052984375 0 0.7555057078125 0.0982487171875 0.8334255859375 0.09689896249999999 0.7907398484375 0 0.7243052984375 0
1 0.564623996875 0 0.59770096875 0.09923311875 0.6766426937500001 0.0984422578125 0.6434294671874999 0 0.564623996875 0
1 0.49490338125 0 0.48882980781249996 0.0000853 0.48600329999999997 0.000184003125 0.51778575 0.09894064375 0.5966068515625 0.0987764546875 0.5615379765624999 0 0.49490338125 0
1 0.86863989375 0 0.9127607953125001 0.095439078125 0.9860877734375 0.09287844375 0.9860243484375 0.0910621625 0.9432438968750001 0 0.86863989375 0
1 0.7947104687500001 0 0.8334263671875 0.10148590312500001 0.9107178421875 0.0955104203125 0.8687232546875 0.00785870625 0.8647925234375 0 0.7947104687500001 0
1 0.9465446656250001 0 0.985942903125 0.0887298703125 0.9828443874999999 0 0.9465446656250001 0