1 1 0.2878671734375 0.965174003125 0.282983190625 0.9875210515624999 0.4064584390625 1 0.40830540312499997 1 0.2878671734375
1 0.8838016015625 0.275844178125 0.9107726875000001 0.4015186921875 0.9840881593749999 0.40908137031249997 0.956486125 0.2833489953125 0.8838016015625 0.275844178125
1 0.6977981140625 0.2590361625 0.6201881265625 0.247398665625 0.6151221921875 0.24677664843749997 0.636504925 0.37277020625 0.7193487625 0.380262375 0.6977981140625 0.2590361625
1 0.7032009875 0.2580213796875 0.7242759234375 0.37874610625 0.8089111093750001 0.3948953296875 0.784928240625 0.26816799687500004 0.7032009875 0.2580213796875
1 0.7893226359375001 0.2674249171875 0.8129486859374999 0.3984440828125 0.899663340625 0.408611525 0.8740827437500001 0.27737002187500004 0.7893226359375001 0.2674249171875
1 0.5339870062500001 0.23847391718750002 0.5517669390625 0.3659365859375 0.6368310375 0.37370136875000004 0.6153965671875 0.24846975468750002 0.5339870062500001 0.23847391718750002
1 0.443409471875 0.2298557078125 0.46044409999999997 0.35859048437499996 0.548757553125 0.3674241828125 0.5319608203125 0.23807240156249998 0.443409471875 0.2298557078125
0 0.1808293328125 0.1953104421875 0.09372506093750001 0.1837710890625 0.10029046875 0.3364774421875 0.18969220625 0.3468556109375 0.1808293328125 0.1953104421875
1 0.1811935515625 0.196199453125 0.1912872625 0.35045347968749996 0.28274452656250004 0.362450365625 0.27472451875 0.2093721953125 0.1811935515625 0.196199453125
0 0.35736960156249997 0.2186754453125 0.3734851859375 0.3758730375 0.4594163078125 0.3857541078125 0.44115162343750003 0.2264297078125 0.35736960156249997 0.2186754453125
0 0.275292990625 0.2085977046875 0.2837267015625 0.3635121953125 0.3724101984375 0.372391325 0.35483362500000004 0.22005265000000002 0.275292990625 0.2085977046875
1 1 0.47482331718750004 0.9886396609375 0.420480621875 0.9043515281250001 0.4118678359375 0.9333433156250001 0.579195328125 0.9930750546875 0.5869804640625 1 0.5305813125000001 1 0.47482331718750004
1 0.6355119218749999 0.384819271875 0.553031571875 0.3758708296875 0.5719896203125 0.5384035203125 0.6634418546874999 0.546198746875 0.6355119218749999 0.384819271875
1 0.8993913015624999 0.4198233953125 0.8104404390625 0.409124278125 0.844842575 0.5724492437500001 0.9302617078125 0.576069996875 0.8993913015624999 0.4198233953125
1 0.7215687125 0.398132675 0.6391379515625 0.3869925703125 0.6631326890625 0.5447873046875 0.75333889375 0.56273063125 0.7215687125 0.398132675
1 0.725215596875 0.40085680312500005 0.755531746875 0.56368661875 0.8428585046875 0.5737222562500001 0.8072120500000001 0.40933509375000005 0.725215596875 0.40085680312500005
1 0.48239796406249996 0.5342704453125 0.5706024546874999 0.5402934171875 0.549323128125 0.374923359375 0.46448547656250005 0.3665668234375 0.46568985625000003 0.38986082031249997 0.48239796406249996 0.5342704453125
1 0.0104453453125 0.3843481828125 0.008179265625 0.4775071140625 0.1024593375 0.48793936562500007 0.100797640625 0.3330968421875 0.0182796546875 0.32054285312499997 0.0104453453125 0.3843481828125
0 0.19318488125 0.354949771875 0.10311381718749998 0.3403387875 0.10625027812500001 0.488404834375 0.199405065625 0.4975550375 0.19318488125 0.354949771875
0 0.373605853125 0.378070615625 0.284744190625 0.3659958734375 0.2957193765625 0.5106624578125001 0.3888190078125 0.5207201765625 0.373605853125 0.378070615625
0 0.283674009375 0.36491655624999997 0.19487664375 0.353435434375 0.2022874515625 0.500196715625 0.2942569578125 0.51377691875 0.283674009375 0.36491655624999997
0 0.460304084375 0.390089296875 0.375136221875 0.3798406421875 0.389281396875 0.5200902109375 0.4790141890625 0.532481490625 0.460304084375 0.390089296875
1 0.9323549140624999 0.9053808640625001 0.953706503125 0.9076115921874999 0.977432325 0.7143802703125 0.9055293437499999 0.7021740671875001 0.9323549140624999 0.9053808640625001
1 0.2060288671875 0.6189267859375 0.10984112343750001 0.6035988828125001 0.11428739375000001 0.807786028125 0.21651619375000003 0.8214347140625 0.2060288671875 0.6189267859375
1 0.8215213109375 0.6914207015625 0.8446821859375 0.8984539937499999 0.9301794156250001 0.9056620296875 0.9009532921875 0.7030464015625 0.8215213109375 0.6914207015625
1 0.3116432984375 0.632323375 0.3242980140625 0.8357652265625 0.42447322343750005 0.848613478125 0.40653862500000004 0.6391600171875 0.3116432984375 0.632323375
0 0.0084553078125 0.595080559375 0.009376565625 0.7979285078125 0.11347499999999999 0.8053335203125 0.106959028125 0.6047006109375 0.0084553078125 0.595080559375
1 0.7053540953125 0.680226503125 0.7311073421875001 0.8851668453125001 0.8242508093750001 0.8976999921875001 0.7956215734375001 0.6902230984375 0.7053540953125 0.680226503125
1 0.409140384375 0.645510596875 0.42504135156249995 0.8464900984374999 0.5231254109375 0.8563401703125001 0.502860778125 0.6608560015625 0.409140384375 0.645510596875
0 0.21029927812500002 0.618564459375 0.21933414999999998 0.8239738515624999 0.3232761375 0.8361880375 0.30832126249999997 0.6375178375 0.21029927812500002 0.618564459375
1 0.5999290562499999 0.671666715625 0.6298212750000001 0.8754719015625 0.7297887203125 0.8850049390624999 0.7026449453125 0.6804518578125001 0.5999290562499999 0.671666715625
0 0.5228677640625 0.83328060625 0.5254296015625 0.8549782374999999 0.6264558265625 0.8734138218749999 0.59709365625 0.6713297765624999 0.50558736875 0.6609599687500001 0.5228677640625 0.83328060625
1 0.087032784375 0 0.0890511203125 0.0804122296875 0.1734526359375 0.0899180359375 0.16840719843750002 0 0.087032784375 0
1 0.1688337984375 0 0.1740074421875 0.09127225312500001 0.25840895937499997 0.10077805937499999 0.2508527359375 0 0.1688337984375 0
0 0.2518969921875 0 0.2589079515625 0.102168271875 0.34310658437499997 0.11519121562500001 0.33101909375 0.00318891875 0.3082113375 0 0.2518969921875 0
1 0.411016271875 0.0156959875 0.33247438749999997 0.0030841437499999997 0.343353728125 0.1152215609375 0.42464075156250003 0.1274395640625 0.411016271875 0.0156959875
1 0.4963044109375 0.0319847984375 0.4114472375 0.0152856125 0.42492752187500005 0.1270273296875 0.50821516875 0.1372537671875 0.4963044109375 0.0319847984375
1 0.8437403375000001 1 0.8258810343749999 0.9000032234375 0.73227535625 0.8879501453125 0.748504590625 1 0.8437403375000001 1
1 0.7458616484375 1 0.7288157625 0.8880851078124999 0.6312764750000001 0.8814047671875 0.6479790765625 1 0.7458616484375 1
1 0.9423626328125 1 0.9427096984375 0.9971733781250001 0.926686215625 0.905871965625 0.8320830953125 0.8982530859375 0.84829846875 1 0.9423626328125 1
1 0.6444165843749999 1 0.6263363546875 0.879570078125 0.5318962875000001 0.8646479609375 0.5452699062499999 1 0.6444165843749999 1
1 0.11687232343750001 0.8123881531249999 0.1207883578125 0.9571935781249999 0.2238398875 0.9698467140625 0.21280344375000002 0.8247267609375 0.11687232343750001 0.8123881531249999
1 0.21612915156249998 0.82717790625 0.22730045468750001 0.97027161875 0.3316171734375 0.9830801015624999 0.318210040625 0.8392962078125 0.21612915156249998 0.82717790625
1 0.3200143609375 0.8399334046875 0.332841096875 0.9832303796874999 0.43902188906250006 0.9962677421875 0.4237691078125 0.8546979484375001 0.3200143609375 0.8399334046875
1 0.5425631531249999 1 0.5274178421875 0.8641701265625 0.42669658125 0.8536829703125 0.4398267546875 0.9963665671875 0.4694186921875 1 0.5425631531249999 1
1 0.009717890625 0.802484425 0.0086248546875 0.94342163125 0.1173016015625 0.9567654578125 0.11483942031250001 0.8126982921874999 0.009717890625 0.802484425
1 0.7346305281250001 0.0549956828125 0.7515305578125 0.17508479999999998 0.8297817796875 0.1833334953125 0.8096308265625 0.061916451562499995 0.7346305281250001 0.0549956828125
1 0.508209371875 0.136805615625 0.5871313484375 0.14527987656250002 0.57071971875 0.042464175 0.4974802109375 0.03212916875 0.508209371875 0.136805615625
1 0.811801115625 0.0628626046875 0.8302740343749999 0.1846903171875 0.9097922203125 0.1958762359375 0.8775457 0.07365371875 0.811801115625 0.0628626046875
1 0.651492709375 0.0518538375 0.6695142546875 0.16025675156250002 0.749982328125 0.1721760078125 0.730510903125 0.057639135937499995 0.651492709375 0.0518538375
1 0.6485160671875 0.05246380625 0.5717898421875 0.0414141765625 0.5882300218750001 0.14707835625000001 0.66847434375 0.1596157734375 0.6485160671875 0.05246380625
1 1 0.0918337859375 0.9559328203125 0.0842062828125 0.9907685687500001 0.207178225 1 0.208311703125 1 0.0918337859375
1 0.9090538015625 0.20054328125 0.9886779156250001 0.206921525 0.9600647765625 0.11097271718749999 0.9515509703125 0.0840997671875 0.8830605984375 0.077049553125 0.9090538015625 0.20054328125