1 0.9411785859374999 0.20268791406250003 0.8818451453125 0.1105806484375 0.8138895343750001 0.12629470781250002 0.8757687265625 0.2280150078125 0.9437112328125 0.21284580625 0.9411785859374999 0.20268791406250003
1 0.7391487031249999 0.14769730781249998 0.805885475 0.2497895640625 0.8736107203125 0.23150714687499999 0.8062935703124999 0.12957862343749998 0.7391487031249999 0.14769730781249998
1 0.5681372890625 0.196186625 0.495209009375 0.2123240640625 0.49049550000000003 0.2134992734375 0.552374775 0.31777801562499997 0.628543378125 0.2961867984375 0.5681372890625 0.196186625
1 0.5725931875 0.193447275 0.632405875 0.2931654734375 0.7131124843750001 0.2786295296875 0.6486728937499999 0.1745869296875 0.5725931875 0.193447275
1 0.6523250765624999 0.1724317578125 0.7179081609375 0.28039623125 0.798426990625 0.25985509218749997 0.731031340625 0.1523596671875 0.6523250765624999 0.1724317578125
1 0.4155694375 0.2337906109375 0.4747470546875 0.3405977046875 0.5529814640625 0.31849142656249996 0.4913155140625 0.2149049921875 0.4155694375 0.2337906109375
1 0.3321450984375 0.257019659375 0.3910933234375 0.3652070984375 0.4725790265625 0.3429402453125 0.41363223125 0.2341254109375 0.3321450984375 0.257019659375
0 0.08704783125 0.31589318125 0.0057158859375 0.33535227500000003 0.063518578125 0.468332828125 0.1464969890625 0.44706277656250004 0.08704783125 0.31589318125
1 0.0876740390625 0.316556284375 0.1491388390625 0.44970515000000005 0.2344947640625 0.429168103125 0.175272915625 0.2963539046875 0.0876740390625 0.316556284375
0 0.2518812328125 0.2764340703125 0.31969909531249996 0.4101377015625 0.3994241859375 0.3896099421875 0.3289727484375 0.2547552859375 0.2518812328125 0.2764340703125
0 0.1755145125 0.29547443281249997 0.2357289265625 0.4297736921875 0.31755893125 0.40742099062500003 0.2500963328125 0.27851756875 0.1755145125 0.29547443281249997
1 0.88153474375 0.2400501625 0.8037013078124999 0.2611411796875 0.8864089265624999 0.39942757812499996 0.9712690015625001 0.3789359484375 0.88153474375 0.2400501625
0 0.9756435546875 0.3845088421875 0.9861346984375 0.3829970359375 0.946837934375 0.2253863203125 0.88494770625 0.23821964687500002 0.9756435546875 0.3845088421875
1 0.5555928328124999 0.328785465625 0.479251646875 0.348963346875 0.5514110718749999 0.4864226234375 0.635332634375 0.46216683124999997 0.5555928328124999 0.328785465625
1 0.8020008187500001 0.269875590625 0.719313853125 0.2907078328125 0.8054672390625001 0.4236067671875 0.8826068671874999 0.3977100984375 0.8020008187500001 0.269875590625
1 0.6365976718749999 0.311254128125 0.5595546984374999 0.329474453125 0.634577559375 0.46102237031250004 0.7208454 0.44617698125 0.6365976718749999 0.311254128125
0 0.640765528125 0.3124237578125 0.7231194078125001 0.446276365625 0.8041373265624999 0.4254099703125 0.7165166984375 0.2919944359375 0.640765528125 0.3124237578125
1 0.47038919218749997 0.5132872453124999 0.55082153125 0.4885686921875 0.4756337109375 0.3493878734375 0.39739915312499996 0.3708930171875 0.4063967328125 0.39110889375 0.47038919218749997 0.5132872453124999
1 0 0.5414182734375 0.029658865625000003 0.62459363125 0.116990796875 0.6017093953125 0.0628188015625 0.4651666 0 0.4789266109375 0 0.5414182734375
0 0.15235531093750002 0.45303996875 0.06734161250000001 0.4707900171875 0.1205180109375 0.6008299625 0.2064136625 0.577193896875 0.15235531093750002 0.45303996875
0 0.3205541953125 0.41204248593750004 0.2374783484375 0.4316262609375 0.2964637140625 0.555985378125 0.38261919375 0.5331716859375 0.3205541953125 0.41204248593750004
0 0.23616003124999999 0.4310351703125 0.1533433390625 0.451122671875 0.209874090625 0.5785509890625 0.29622404062499996 0.5592414031249999 0.23616003124999999 0.4310351703125
0 0.4016884375 0.39314616562500004 0.3225165203125 0.41308839375 0.38281570625 0.5324563296875 0.46677340312500004 0.51285604375 0.4016884375 0.39314616562500004
1 1 0.5401538765625 0.9766250109374999 0.503096834375 0.903543721875 0.517798353125 0.9965366296875 0.688592965625 1 0.6876628765625 1 0.5401538765625
1 0.2536045859375 0.6824085953125001 0.16291134062499998 0.701607815625 0.2363505859375 0.8808952453125001 0.33184073125 0.8581509046875 0.2536045859375 0.6824085953125001
1 0.8252307234374999 0.5368985140625 0.9162692265624999 0.7123299671875001 0.9946990640625 0.6895831343750001 0.899774096875 0.5201298671875 0.8252307234374999 0.5368985140625
1 0.3520175703125 0.6582875265625 0.4324975859375 0.8341183578125 0.5258904171875 0.8113649203125 0.43867260625000004 0.6320098546875 0.3520175703125 0.6582875265625
0 0.0699162515625 0.7286077484375 0.13976725625 0.9079103453125 0.2347940265625 0.8790004046875 0.1607251109375 0.7035653125 0.0699162515625 0.7286077484375
0 0.7181895515625001 0.56656513125 0.8108194937500001 0.7392600984375 0.897856353125 0.718623396875 0.8018074437499999 0.5446622453125001 0.7181895515625001 0.56656513125
1 0.44314585156249997 0.636746690625 0.5256726625 0.8092911624999999 0.6161868703125 0.7845953828125001 0.5316524499999999 0.61840360625 0.44314585156249997 0.636746690625
0 0.257276165625 0.6806328140625 0.33520900781249996 0.8594391515625001 0.4317333875 0.8348409046875 0.3508332109375 0.6640189203125 0.257276165625 0.6806328140625
1 0.6215909109375 0.5949045328125 0.7175126234375 0.7651841796875 0.8095926046875 0.739565996875 0.715858765625 0.567687696875 0.6215909109375 0.5949045328125
0 0.6081103828125001 0.76426453125 0.6177709953125 0.782604378125 0.71382153125 0.76450843125 0.618956575 0.5955722171875 0.5341108078125 0.617566703125 0.6081103828125001 0.76426453125
1 0 0.23668529375 0.044625870312499996 0.22508428125000002 0.002686890625 0.1319626921875 0 0.1326435859375 0 0.23668529375
1 0.079798371875 0.1127366390625 0.003067065625 0.131842965625 0.045579757812499996 0.22609437968749999 0.1238178609375 0.20575547656249998 0.079798371875 0.1127366390625
0 0.15513150625 0.094604228125 0.08054437187499999 0.11188419999999999 0.1247344 0.2068164640625 0.2039891484375 0.18966101562499998 0.15513150625 0.094604228125
1 0.2304770859375 0.07842344375 0.1563890921875 0.094015625 0.2042191 0.1896036828125 0.280612521875 0.1727274828125 0.2304770859375 0.07842344375
1 0.3118114453125 0.0637886359375 0.230720403125 0.0779132359375 0.28072706875 0.1722647578125 0.35822057812499997 0.15294345625 0.3118114453125 0.0637886359375
1 1 0.885206959375 0.9000888734375 0.7201074203125 0.81280464375 0.7413266875 0.9066994875000001 0.9087114203125 1 0.8862338515625 1 0.885206959375
1 0.80977621875 0.7426248953125001 0.7208248312500001 0.7699417796875 0.8123434984375001 0.9346052953124999 0.9052123375000001 0.9098716343750001 0.80977621875 0.7426248953125001
1 1 0.7048244515625 0.9916662890625 0.6909591796875 0.9050047156250001 0.7164446453125 1 0.8802781218750001 1 0.7048244515625
1 0.811059296875 0.937751021875 0.715810434375 0.7700003375 0.6268083515625 0.788963425 0.7132225390625 0.9608977812499999 0.7650182140624999 0.949230353125 0.811059296875 0.937751021875
1 0.3949913765625 1 0.3296617421875 0.862330878125 0.2402138484375 0.8840896062500001 0.28840925156249997 1 0.3949913765625 1
1 0.5079379703125 1 0.428289178125 0.839319153125 0.3334512859375 0.863368215625 0.3986260703125 1 0.5079379703125 1
1 0.5613922812500001 1 0.6145477406250001 0.9867468546874999 0.5273353468749999 0.8169924546875 0.430109428125 0.8392686328125001 0.5090410140625 1 0.5613922812500001 1
1 0.5295914234375 0.8150963140625 0.61443235 0.9867756249999999 0.712037884375 0.9624398328125 0.6226659828125001 0.7900661453125 0.5295914234375 0.8150963140625
1 0.284966128125 1 0.23851286093750002 0.885056846875 0.141621025 0.9118281984375001 0.1747232109375 1 0.284966128125 1
1 0.5419635796875 0 0.5314301234375 0.0029652000000000003 0.587316484375 0.10354299375 0.659661334375 0.0841863921875 0.610120146875 0 0.5419635796875 0
1 0.3580629125 0.1525486046875 0.431080590625 0.1331632015625 0.38150665625 0.04771415625 0.312905446875 0.0635158703125 0.3580629125 0.1525486046875
1 0.6120065484375 0 0.6605605203125 0.0852201078125 0.7350308390625 0.0680326765625 0.6858804671875001 0 0.6120065484375 0
1 0.45648075625000006 0.0285086703125 0.5093867515625 0.1183565375 0.5849507484375 0.1014948265625 0.5286688421875 0.006709484375 0.45648075625000006 0.0285086703125
1 0.45404315625 0.0300629390625 0.3821002875 0.046419814062499995 0.4326689734375 0.1343813859375 0.508244503125 0.118143271875 0.45404315625 0.0300629390625
1 0.7729766078125 0 0.8108364453125001 0.0504512203125 0.8813951093749999 0.0328589703125 0.8564181609375 0 0.7729766078125 0
0 0.6890330390625 0 0.7359629140624999 0.0724168046875 0.8088912359375 0.050936215625 0.769557240625 0 0.6890330390625 0