1 1 0.363874515625 0.9384952249999999 0.3439148015625 0.9391429796875 0.460319121875 1 0.48057980625 1 0.363874515625
1 0.8650598265625 0.3242087046875 0.8695924796875 0.44337111250000005 0.9355752140625 0.46215867499999996 0.93047355625 0.3428411796875 0.8650598265625 0.3242087046875
0 0.69727760625 0.2787168515625 0.6280132796875 0.2555114515625 0.623469996875 0.25412243125 0.622829375 0.37267073906250003 0.69755669375 0.3929378375 0.69727760625 0.2787168515625
1 0.7023926390625 0.278665403125 0.7023162671875001 0.3923512421875 0.7772948203125 0.4208160296875 0.7756701500000001 0.30117616875 0.7023926390625 0.278665403125
1 0.7798172140624999 0.3012094828125 0.7804254203125 0.42471172187499995 0.85827080625 0.44804965 0.8559068671875 0.3240276171875 0.7798172140624999 0.3012094828125
1 0.5504389546875 0.23339182187500002 0.54626018125 0.352698246875 0.622978696875 0.3735741140625 0.623449503125 0.2557133859375 0.5504389546875 0.23339182187500002
1 0.4688041703125 0.2108430515625 0.463737940625 0.3311906609375 0.5432629578125 0.3535693984375 0.5486463453125 0.23269675781250002 0.4688041703125 0.2108430515625
0 0.2336845671875 0.1367416703125 0.1557024546875 0.1120874953125 0.1371899328125 0.25263454687500003 0.21746432499999999 0.27660035625 0.2336845671875 0.1367416703125
0 0.2338755890625 0.137612715625 0.2183483328125 0.2801451359375 0.300246703125 0.30592256562500003 0.3174857328125 0.1648001953125 0.2338755890625 0.137612715625
0 0.39173995625 0.1866893453125 0.3812592328125 0.33288620468749996 0.45843246875 0.3558355953125 0.46728506875000003 0.2073478609375 0.39173995625 0.1866893453125
0 0.31813117812499997 0.164184884375 0.3009763515625 0.307051596875 0.3808332359375 0.32953179375 0.3891943703125 0.187536375 0.31813117812499997 0.164184884375
1 0.9379157828125001 0.473308353125 0.862044703125 0.4517836453125 0.8617384875 0.6093196453124999 0.9431983031250001 0.6348854125 0.9379157828125001 0.473308353125
1 1 0.493892440625 0.94169880625 0.4734932484375 0.9440590468750001 0.6417585671875 0.975469540625 0.6549610203125 1 0.5747255015625 1 0.493892440625
1 0.6199837265625 0.3835155515625 0.5458234921875 0.3619771796875 0.5370910328125 0.51350774375 0.619659728125 0.5354465265624999 0.6199837265625 0.3835155515625
1 0.8562204437500001 0.45824658281249997 0.776410859375 0.434060671875 0.7817064671875 0.5888174046875 0.8594160687500001 0.6059656109375 0.8562204437500001 0.45824658281249997
1 0.6967207890625 0.40962042656250003 0.6229580671875 0.3860882078125 0.6196030875 0.5341072078125 0.6993995828124999 0.565113446875 0.6967207890625 0.40962042656250003
0 0.6996257640625 0.4126995953125 0.701255884375 0.566341975 0.7796834671874999 0.58965869375 0.7734180015625001 0.4337301171875 0.6996257640625 0.4126995953125
1 0.45563938750000005 0.495215478125 0.5355160359375 0.51500921875 0.5425767015625 0.36051085 0.46616079531250004 0.3391311625 0.46352282968749997 0.3606032421875 0.45563938750000005 0.495215478125
1 0.053476215625000004 0.25036168124999997 0.0301106890625 0.3665268515625 0.114847646875 0.391332528125 0.1381978296875 0.2496288609375 0.061601425 0.22378531875 0.053476215625000004 0.25036168124999997
0 0.21936533749999998 0.28455956875 0.13915741406249998 0.256619015625 0.11824747656250001 0.3923719609375 0.202158996875 0.4158242671875 0.21936533749999998 0.28455956875
1 0.3810168203125 0.3349130421875 0.301509965625 0.3094850796875 0.288330715625 0.443403084375 0.3720459015625 0.4676753859375 0.3810168203125 0.3349130421875
0 0.300702465625 0.308325815625 0.2211591875 0.2834504890625 0.20437651093750003 0.4187042484375 0.2864900375 0.4460108921875 0.300702465625 0.308325815625
1 0.458549778125 0.3599392453125 0.38213515781249996 0.33677777343750004 0.37257090000000004 0.46717489375000004 0.4528253453125 0.49303313906249996 0.458549778125 0.3599392453125
1 0.81649073125 0.717142553125 0.80843556875 0.907099996875 0.8892718515625001 0.930230925 0.8851601890625 0.741628296875 0.81649073125 0.717142553125
1 0.1887334484375 0.527759496875 0.10303441875 0.4981729828125 0.07430995 0.6853996296875 0.1658156703125 0.7144312046875 0.1887334484375 0.527759496875
1 0.741220228125 0.693708009375 0.7291915046875 0.886566790625 0.80639644375 0.90700430625 0.81215640625 0.717197865625 0.741220228125 0.693708009375
1 0.2833827765625 0.5571094000000001 0.26230150625 0.7449853531249999 0.3520535828125 0.7729530484375 0.369261234375 0.5787305109374999 0.2833827765625 0.5571094000000001
0 0 0.664478428125 0.07395930625 0.6830278546875 0.100215846875 0.49871230781250003 0.0114772203125 0.47396411875 0 0.541016178125 0 0.664478428125
1 0.6365449234375 0.664659859375 0.6272284515625 0.85602698125 0.7105861703125 0.8825674609374999 0.7176741062499999 0.6884174187500001 0.6365449234375 0.664659859375
1 0.3706257546875 0.5849527609375 0.3529153921875 0.7711055953125 0.441232428125 0.7959958859375 0.4540605140625 0.6141554640625 0.3706257546875 0.5849527609375
0 0.1927057109375 0.52812050625 0.167990603125 0.717207084375 0.26129698437500004 0.745205971875 0.2795035390625 0.561315775 0.1927057109375 0.52812050625
0 0.5412922203125 0.6397586203125 0.53595168125 0.8307595437499999 0.6260458703125 0.8556654296874999 0.634025640625 0.6644267187499999 0.5412922203125 0.6397586203125
0 0.4447004671875 0.7748913453124999 0.44356311875000004 0.7951252484375 0.5331976671875001 0.828334353125 0.5387475453125 0.63899141875 0.45654287968749996 0.6146922328125 0.4447004671875 0.7748913453124999
1 0.1705600109375 0 0.168021646875 0.016921331249999998 0.2438531984375 0.0392801015625 0.248503209375 0 0.1705600109375 0
1 0.24892769375 0 0.244144171875 0.040606953125 0.31997572500000004 0.0629657234375 0.3262286015625 0 0.24892769375 0
1 0.8699805375 1 0.8918281296874999 0.9285397453125 0.8062384734375 0.9082867796875 0.8048955515625 1 0.8699805375 1
0 0.32700922656250003 0 0.3202097609375 0.0643164109375 0.3952903828125 0.08985488750000001 0.4012478640625 0 0.32700922656250003 0
1 0.402452575 0 0.3955120296875 0.0899226515625 0.46805330468750006 0.11425410625000001 0.47351573125 0.0099789625 0.44472183750000005 0 0.402452575 0
1 0.549070328125 0.038677050000000004 0.473976653125 0.0096739546875 0.46838236406249995 0.1139240359375 0.5430772375 0.13676055 0.549070328125 0.038677050000000004
1 0.7120839953125 1 0.711710378125 0.88493540625 0.6278519 0.8587585296875 0.623648403125 1 0.7120839953125 1
1 0.6214825359375 1 0.6246593171875 0.8583212265625001 0.5363324234375 0.836414465625 0.5308195984374999 1 0.6214825359375 1
1 0.8031828703125001 1 0.8031610140625001 0.9066300406250001 0.7176760359375 0.884341775 0.715882521875 1 0.8031828703125001 1
1 0.5280204296875 1 0.5320992515625 0.8339381687499999 0.4479368828125 0.8050054859375001 0.43379265 0.9926048234374999 0.4561469734375 1 0.5280204296875 1
1 0.0581603390625 0.8877619375 0.14269208125 0.9122203140625 0.16188391562499999 0.7168365875 0.0759399109375 0.6900221 0.047168415625 0.8844013687500001 0.0581603390625 0.8877619375
1 0.2561543515625 0.7472241093750001 0.164538365625 0.7196143687500001 0.14591619375 0.9132060234375 0.24044045625 0.9413219156249999 0.2561543515625 0.7472241093750001
1 0.241252534375 0.94235326875 0.3375729203125 0.971801365625 0.35043084062499996 0.7783965609375 0.2577057515625 0.748098496875 0.241252534375 0.94235326875
1 0.4316026328125 1 0.443908903125 0.803843359375 0.35327706875 0.777943828125 0.33723988125000004 0.9730851156250001 0.4252745 1 0.4316026328125 1
1 0 0.8699805375 0.0434422203125 0.8832621578125 0.07402682656250001 0.6899759796875 0 0.6693700578125 0 0.8699805375
1 0.7638126484375001 0.0983128078125 0.7600118499999999 0.2107415921875 0.8304082656249999 0.2309555390625 0.8314427296875 0.11678704843750001 0.7638126484375001 0.0983128078125
1 0.5431439124999999 0.1363502640625 0.6141188765625001 0.15687893125000002 0.61559259375 0.060306962500000005 0.550124821875 0.038999440625 0.5431439124999999 0.1363502640625
1 0.8332799296875001 0.1180029359375 0.8306414890625 0.232274634375 0.9017273203125 0.2553767578125 0.8918049359375001 0.138512621875 0.8332799296875001 0.1180029359375
1 0.6881170640625001 0.08197169374999999 0.687221415625 0.1839079328125 0.7590600703125 0.20783380937499998 0.759612159375 0.1000598296875 0.6881170640625001 0.08197169374999999
1 0.6852908296875 0.082046521875 0.6167420859375 0.0595212828125 0.6148369687499999 0.1586997015625 0.6863712468750001 0.1831539546875 0.6852908296875 0.082046521875
1 1 0.1745568390625 0.9619558250000001 0.1608529625 0.9741309906250001 0.2788211765625 1 0.2867301265625 1 0.1745568390625
1 0.9003008265625001 0.2595200234375 0.97225603125 0.27824794375 0.9614433421875 0.1859711640625 0.9579567328125 0.16004565312500002 0.89631414375 0.14250801875000002 0.9003008265625001 0.2595200234375