1 1 0.4199996796875 0.978976946875 0.297233515625 0.9072876125 0.28461366093749996 0.9251772953125 0.40804578906250005 1 0.42180539531249994 1 0.4199996796875
1 0.826757728125 0.274708109375 0.8491611953125 0.4004848609375 0.9216782546875001 0.410532684375 0.8986504578125001 0.2846766375 0.826757728125 0.274708109375
0 0.6426971109374999 0.251579484375 0.566058609375 0.23733526875000002 0.561051303125 0.2365421890625 0.57789613125 0.3624426390625 0.6598744265625001 0.372749896875 0.6426971109374999 0.251579484375
1 0.6480958203125 0.250758228125 0.6648183375000001 0.3714140171875 0.748273825 0.3903830703125 0.72887336875 0.2636637859375 0.6480958203125 0.250758228125
1 0.733261515625 0.263077565625 0.7521585 0.3940479875 0.83788630625 0.40714668749999994 0.817056778125 0.275887809375 0.733261515625 0.263077565625
1 0.48079737187499993 0.2254888078125 0.49401461874999997 0.3527240859375 0.5781874796875 0.3633789265625 0.5612647921875 0.23823359375000003 0.48079737187499993 0.2254888078125
1 0.39118101875 0.21379553437499998 0.4036141640625 0.34226874218750003 0.49097547500000005 0.35409779375 0.478799946875 0.2250198828125 0.39118101875 0.21379553437499998
0 0.045777634375 0.17162053593749999 0.0468596640625 0.3078483453125 0.13524760156249999 0.3212492921875 0.13171982499999998 0.170398971875 0.0481959890625 0.1563516484375 0.045777634375 0.17162053593749999
0 0.13205046874999998 0.171294703125 0.1367058828125 0.32487854375 0.22707803906250001 0.3399585890625 0.22444029062499998 0.187614540625 0.13205046874999998 0.171294703125
0 0.30615829375 0.19971403906250002 0.3166892390625 0.356430221875 0.401649190625 0.369217346875 0.3890588078125 0.210314096875 0.30615829375 0.19971403906250002
0 0.22503154374999998 0.18686482499999998 0.22801611562500002 0.3410473625 0.31574318749999997 0.35293434375 0.3035929421875 0.2009944546875 0.22503154374999998 0.18686482499999998
0 0.9258000781250001 0.422014003125 0.8424270078125 0.41054359218750003 0.86538783125 0.577767978125 0.9552651765625001 0.5926891390625 0.9258000781250001 0.422014003125
1 1 0.4356586796875 0.9298258593750001 0.42164320625 0.957190815625 0.599853975 0.9890805359374999 0.6082936375 1 0.539350853125 1 0.4356586796875
1 0.57649134375 0.3743777578125 0.49492452656249997 0.36263641875 0.5080916359375001 0.5247507359375 0.598604921875 0.5356567109375 0.57649134375 0.3743777578125
1 0.8372263296875 0.41827507031250005 0.7492971390625 0.404570884375 0.777767996875 0.5680062703125001 0.8624374187500001 0.5745567406250001 0.8372263296875 0.41827507031250005
1 0.6614566765625 0.3905788828125 0.5800153109374999 0.3766620765625 0.5983471 0.5342439031249999 0.68727053125 0.5551878390625 0.6614566765625 0.3905788828125
1 0.6649821921875 0.39341111562500003 0.689414121875 0.5562133359375 0.77575414375 0.5692022671875 0.74608499375 0.4046686765625 0.6649821921875 0.39341111562500003
1 0.4192979796875 0.5175470515625 0.5066488734375 0.5265801796875 0.491276115625 0.3615669765625 0.407348628125 0.350332121875 0.40773410468750004 0.373513853125 0.4192979796875 0.5175470515625
1 0.047480703125 0.30450761875 0.025388484375 0.3003525609375 0.0013401265625 0.4521879234375 0.043745212500000005 0.458384503125 0.047480703125 0.30450761875
0 0.1384332734375 0.3294107421875 0.049528106249999995 0.31178180312500003 0.047492281250000004 0.45897798125 0.13964856718750002 0.47128885 0.1384332734375 0.3294107421875
1 0.3167325984375 0.35861745156249997 0.2289397953125 0.343549815625 0.23480367812499997 0.487640040625 0.3268736484375 0.5008505234375 0.3167325984375 0.35861745156249997
0 0.22791496718749998 0.342440625 0.1401653484375 0.327964909375 0.1424180328125 0.4740127421875 0.233243625 0.4906833546875 0.22791496718749998 0.342440625
1 0.40237971562499997 0.373554590625 0.318190234375 0.3604287015625 0.32735456875 0.5002407078125 0.41600113125 0.5156529125 0.40237971562499997 0.373554590625
1 0.9412695703124999 0.9101601953125 0.9096990703125 0.714664484375 0.8335000718750001 0.698972396875 0.8530627000000001 0.9017641171875 0.9406585171874999 0.9140182343750001 0.9412695703124999 0.9101601953125
1 0.1420029796875 0.5920876921875 0.0470507328125 0.5735350671874999 0.044363396875 0.7765268234375 0.1453709828125 0.7936202156250001 0.1420029796875 0.5920876921875
1 0.7504795 0.6853852359375 0.76627111875 0.8918514500000001 0.8508933109375001 0.9019682 0.8289270999999999 0.6996807359375 0.7504795 0.6853852359375
1 0.24638024062500002 0.6090477234375 0.2518673234375 0.811582940625 0.3508641515625 0.8278101781249999 0.34034481250000004 0.619120503125 0.24638024062500002 0.6090477234375
0 0 0.7694240484375 0.043642228125 0.7740624296874999 0.044151368749999996 0.574529859375 0 0.5686569359375 0 0.7694240484375
1 0.6355499296875 0.6702481484375 0.6539877765625 0.87472488125 0.7460151703125 0.8903959515625001 0.7248105515625001 0.6832999796875 0.6355499296875 0.6702481484375
1 0.4494636109375 0.8135171453125001 0.4512521484375 0.8351599984375 0.5508994625 0.8569670781250001 0.5287797125 0.655202978125 0.43830230625000005 0.6417375640625 0.4494636109375 0.8135171453125001
1 0.3427067125 0.6255190875000001 0.3515019765625 0.8257204734375 0.4485271953125 0.8388970328124999 0.43520901875 0.64400378125 0.3427067125 0.6255190875000001
0 0.14625480468750002 0.5918754234375 0.14808005625 0.7962400171875 0.2508382046875 0.811967625 0.24290181249999998 0.6140929953125001 0.14625480468750002 0.5918754234375
0 0.531192465625 0.6580995109375001 0.5537785359375 0.8615917062499999 0.6526844125 0.8745184500000001 0.632852725 0.6703783359375 0.531192465625 0.6580995109375001
1 0.0729596578125 0 0.064094434375 0.0559728140625 0.1280622921875 0.06544785625 0.1266864296875 0 0.0729596578125 0
1 0.127123309375 0 0.1285659515625 0.0668123109375 0.21202051875 0.079173759375 0.20886833125 0 0.127123309375 0
1 0.9270403421875001 1 0.9410246421874999 0.9117066078124999 0.850915903125 0.9033528499999999 0.8629424765625 1 0.9270403421875001 1
0 0.20976958437499998 0 0.21246751874999997 0.0805720421875 0.29559836875 0.0964203734375 0.288601646875 0 0.20976958437499998 0
1 0.2898879796875 0 0.295842653125 0.0964590640625 0.37611114843750004 0.1114070984375 0.3664783265625 0 0.2898879796875 0
1 0.36695378437500004 0 0.3764101609375 0.11100750625 0.45873393125 0.12404630937500001 0.45057115468750003 0.0190610375 0.3688942 0 0.36695378437500004 0
1 0.7628463109375 1 0.7475533890625 0.8927403343750001 0.6550504625 0.877530178125 0.66842155625 1 0.7628463109375 1
1 0.665886990625 1 0.6516114390625 0.877544621875 0.5550167796875 0.867535690625 0.5689538468750001 1 0.665886990625 1
1 0.861083165625 1 0.84741831875 0.9020559625000001 0.7537710234375 0.891216215625 0.7672127578125 1 0.861083165625 1
1 0.5655610265625 1 0.550176540625 0.8655423015625001 0.4569450984375 0.8474532124999999 0.466633296875 1 0.5655610265625 1
1 0.0467693984375 0.781187921875 0.0455484015625 0.9342545 0.14785396875 0.9504581109375 0.14157085625000002 0.7967621296875 0.0467693984375 0.781187921875
1 0.1447870328125 0.7993120765625 0.15129300625 0.9510028015625 0.2545419578125 0.9673558281249999 0.24570101093750002 0.8148800828124999 0.1447870328125 0.7993120765625
1 0.24746999218750002 0.815575459375 0.25571735625 0.9675419937499999 0.3608374125 0.984191375 0.34995357656250003 0.8338300999999999 0.24746999218750002 0.815575459375
1 0.4641757046875 1 0.45251597343750005 0.846823678125 0.3528949703125 0.83292305625 0.3614879953125 0.9842944171875001 0.46064914218749997 1 0.4641757046875 1
1 0 0.9270403421875001 0.0420119484375 0.9336943812499999 0.0447405546875 0.7814257171875 0 0.7754969609375 0 0.9270403421875001
1 0.686356584375 0.050160768749999994 0.6989567890624999 0.1700407875 0.7763496953125 0.18094076875 0.760568490625 0.059629184375 0.686356584375 0.050160768749999994
1 0.4587437625 0.12360091718749999 0.53679468125 0.134748165625 0.5240785812500001 0.0320443203125 0.4517333484375 0.0192451109375 0.4587437625 0.12360091718749999
1 0.762690025 0.060644129687500006 0.7767911671875 0.18230564375 0.8553396375 0.19616725 0.8275792078125 0.073637271875 0.762690025 0.060644129687500006
1 0.6039351609375 0.044164925 0.618055109375 0.1524747359375 0.697521025 0.1670976796875 0.6821751109374999 0.0526443046875 0.6039351609375 0.044164925
1 0.600959046875 0.0446679375 0.5251774078125 0.0310382609375 0.5378227828125001 0.136572753125 0.617045084375 0.1518020359375 0.600959046875 0.0446679375
1 1 0.18127157656249998 0.9801479609375001 0.10255427343750001 0.9050268984375001 0.08683059843749999 0.93533158125 0.21019458124999998 1 0.220437053125 1 0.18127157656249998
1 0.8544443015625 0.2007779265625 0.9332651249999999 0.2098672859375 0.9081978078124999 0.11356305156249999 0.9006807515625 0.08657327031249999 0.8329357328125001 0.07720136562499999 0.8544443015625 0.2007779265625