1 1 0.367677028125 0.9597016859374999 0.354595915625 0.9602388375 0.4793165734375 1 0.492558809375 1 0.367677028125
1 0.8813340984375 0.33357916875 0.8860147984375001 0.46124983124999996 0.9564277375 0.48129229531249995 0.9511398234374999 0.3534562203125 0.8813340984375 0.33357916875
0 0.7022836296875 0.28505934375 0.6283733828125 0.26028773437499997 0.62352518125 0.258805490625 0.622684121875 0.385825034375 0.702430115625 0.407441153125 0.7022836296875 0.28505934375
1 0.7077440968750001 0.2849974359375 0.70751183125 0.40680633750000006 0.7875151546875 0.4372055421875 0.7859394171874999 0.3090194578125 0.7077440968750001 0.2849974359375
1 0.790366446875 0.3090496546875 0.7908519671875001 0.441375434375 0.8739224859375 0.4662776625 0.8715633765625 0.3333972796875 0.790366446875 0.3090496546875
1 0.545590609375 0.2366904921875 0.5409714984375 0.36452700937500004 0.6228423281250001 0.3867927578125 0.62350119375 0.2605101484375 0.545590609375 0.2366904921875
1 0.458473784375 0.2126388296875 0.45290591718749995 0.34159210624999997 0.5377707484375 0.36546438124999997 0.543677884375 0.2359481421875 0.458473784375 0.2126388296875
0 0.20757728437499998 0.13355458125 0.12436254843750001 0.1072422421875 0.104413721875 0.25785605624999997 0.1900764203125 0.283427809375 0.20757728437499998 0.13355458125
0 0.207780046875 0.13448761250000002 0.191015415625 0.2872246921875 0.2784093421875 0.31473535468749997 0.29699945625 0.1635068046875 0.207780046875 0.13448761250000002
0 0.3762382609375 0.1868614984375 0.3648560421875 0.34351815625 0.44720954687500003 0.368004978125 0.45685675000000003 0.20889592031249998 0.3762382609375 0.1868614984375
0 0.297689296875 0.1628466703125 0.2791867578125 0.3159440875 0.36440572968749996 0.33992463281249996 0.3735196765625 0.187772425 0.297689296875 0.1628466703125
0 0.9589115593749999 0.4932355234375 0.87794624375 0.470273453125 0.8774104765624999 0.639065953125 0.9643365156250001 0.6663504109375 0.9589115593749999 0.4932355234375
1 1 0.5063996015625001 0.9629497656250001 0.4934286140625 0.9652462640625 0.673713515625 0.96922446875 0.6753877265625 1 0.5747255 1 0.5063996015625001
1 0.61963195625 0.3974484921875 0.5404930218749999 0.3744695125 0.5309700359375 0.5368386515625 0.6190846359375 0.560235503125 0.61963195625 0.3974484921875
1 0.8717201640625 0.47720589531249996 0.7865539453125 0.45139769999999996 0.79200191875 0.6172049203125 0.8749356953125 0.6354753484375 0.8717201640625 0.47720589531249996
1 0.701515653125 0.42531683749999993 0.6228037140625 0.40020102187499995 0.6190259484375 0.558800565625 0.7041691484375 0.591916425 0.701515653125 0.42531683749999993
1 0.7046126859374999 0.42861216406249997 0.7061491578125 0.593230271875 0.7898412140625 0.6181090046875 0.7833594515625 0.45104749375 0.7046126859374999 0.42861216406249997
1 0.44404307187500003 0.5173473828125 0.52928670625 0.538449496875 0.5370289546875 0.3729027171875 0.4554818328125 0.3500967484375 0.452637284375 0.3731065265625 0.44404307187500003 0.5173473828125
1 0.10549365468750001 0.2546342734375 0.0571580265625 0.2383190203125 0.011871943749999999 0.386443121875 0.080378996875 0.40649375781249997 0.10549365468750001 0.2546342734375
0 0.1920952359375 0.291953190625 0.10650876406250001 0.26212260781249996 0.08400700312500001 0.40760294999999996 0.17355308593750002 0.4326196875 0.1920952359375 0.291953190625
1 0.3645945765625 0.3456901328125 0.2797531765625 0.31855073749999996 0.26550650937500003 0.46205478125 0.354841915625 0.4879503625 0.3645945765625 0.3456901328125
0 0.2788926921875 0.31730971406249997 0.194011675 0.2907624875 0.17591650781249998 0.43570250625 0.263538090625 0.46485136093749996 0.2788926921875 0.31730971406249997
1 0.4473293359375 0.37240168125 0.36578594999999997 0.34768661875 0.3554030265625 0.48741341406250005 0.441041921875 0.5150128453125 0.4473293359375 0.37240168125
1 0.9044207921874999 0.8873510015624999 0.9022381703125 0.7807971234375 0.8289646515625 0.7546529 0.8201137453125 0.95819365625 0.8777236343749999 0.9746734734375 0.9044207921874999 0.8873510015624999
1 0.1590726390625 0.55257059375 0.06762648593750001 0.520983725 0.0367143109375 0.7216259734375 0.13435995625 0.752610553125 0.1590726390625 0.55257059375
1 0.7486429984375 0.7296437375 0.7355463890625 0.9362984046875 0.817937065625 0.9580938328125 0.8243376031249999 0.7547179093749999 0.7486429984375 0.7296437375
1 0.2600737234375 0.5838920796875 0.237319953125 0.7852198921875 0.3330949578125 0.8150669046875001 0.35172198125 0.606944171875 0.2600737234375 0.5838920796875
0 0 0.7099788593749999 0.0363431359375 0.7190851953124999 0.064616890625 0.521565321875 0 0.503552059375 0 0.7099788593749999
1 0.6369385875 0.6986588593749999 0.6267393390625 0.903711690625 0.7156901359375001 0.9320379890625 0.72351406875 0.7240063484375 0.6369385875 0.6986588593749999
1 0.432724059375 0.8146353625 0.43148308750000003 0.8363165046875001 0.5271256828124999 0.871779584375 0.5333013359375001 0.668900565625 0.4455784734375 0.6429741734375 0.432724059375 0.8146353625
1 0.353170384375 0.6136091968749999 0.33401740625 0.8130863046875 0.4282645578125 0.8396379296875001 0.442199890625 0.644787834375 0.353170384375 0.6136091968749999
0 0.1633126265625 0.55295213125 0.136678059375 0.7555818890625 0.23624731250000003 0.7854576078125 0.25592698281250004 0.588404146875 0.1633126265625 0.55295213125
0 0.5352874890625 0.6721047 0.5293331109375 0.8767598953125001 0.625477390625 0.9033258734375 0.6342495140625 0.6984124015625001 0.5352874890625 0.6721047
1 0.22249192812500002 0 0.21887058124999997 0.030537082812499998 0.29979259375 0.054392864062500004 0.305240953125 0 0.22249192812500002 0
1 0.8699805375 1 0.8780189875 0.973707415625 0.8177667296875001 0.9594681515625 0.8171252687499999 1 0.8699805375 1
0 0.3059906234375 0 0.300040640625 0.0558397484375 0.380156803125 0.0831034234375 0.38574881875 0 0.3059906234375 0
1 0.3868918734375 0 0.3803933265625 0.0831757359375 0.45780028906250003 0.1091495109375 0.46363176875 0 0.3868918734375 0
1 0.4641030203125 0 0.45815200312500004 0.10879542187499999 0.5378599546875 0.1331645890625 0.5443877453125 0.0280649859375 0.471791746875 0 0.4641030203125 0
1 0.71701780625 1 0.716887109375 0.934573634375 0.6274012609375 0.9066375828125001 0.6245174640625 1 0.71701780625 1
1 0.6217815453125 1 0.6239936968750001 0.9061732687499999 0.5297320640625001 0.8828183624999999 0.5256526984375001 1 0.6217815453125 1
1 0.8144411953124999 1 0.814483678125 0.957697115625 0.7232563515625 0.9339296765625 0.7221538187500001 1 0.8144411953124999 1
1 0.52213570625 1 0.525216353125 0.8801707437499999 0.4354097484375 0.8492823859374999 0.423933803125 0.9995901078125 0.4252745 1 0.52213570625 1
1 0.038448196875 0.7265765625 0.016381596875 0.87498889375 0.1152922765625 0.9052289234374999 0.1301595421875 0.755193015625 0.038448196875 0.7265765625
1 0.13298953593750001 0.7581657515625 0.11861606250000001 0.9062451078124999 0.21853928437499998 0.9367947015625001 0.23075477656249999 0.7876267593749999 0.13298953593750001 0.7581657515625
1 0.2324097671875 0.7885615671874999 0.2196884265625 0.9371460296875 0.32141406875 0.9682466796875 0.33135543125 0.8209015125000001 0.2324097671875 0.7885615671874999
1 0.3343944359375 0.8204126578125001 0.32209076875 0.9684535671875001 0.42149925312500003 0.998845790625 0.43111134375000004 0.8480425640625 0.3343944359375 0.8204126578125001
1 0 0.8699805375 0.012986575 0.8739509312499999 0.0364060046875 0.7265296828125 0 0.71640019375 0 0.8699805375
1 0.77355028125 0.09167704531250001 0.7693437859375 0.2121440109375 0.8444665265625 0.2337089234375 0.8457222124999999 0.11138161718749999 0.77355028125 0.09167704531250001
1 0.5379316765625 0.1327248984375 0.6136716125 0.1546262515625 0.6153728796875 0.051152171875 0.5455130109375 0.028409014062499998 0.5379316765625 0.1327248984375
1 0.847681846875 0.112681946875 0.844713746875 0.23512195937499997 0.9205686265624999 0.2597804984375 0.9101312359374999 0.13457946875 0.847681846875 0.112681946875
1 0.6927654375000001 0.07426870937499999 0.691674159375 0.1834895734375 0.768331596875 0.2090297265625 0.7690638578125 0.0935544640625 0.6927654375000001 0.07426870937499999
1 0.689748278125 0.07435263125 0.6166010265625 0.05030883125 0.6144357765625 0.1565761671875 0.690767584375 0.18268285 0.689748278125 0.07435263125
1 0.919040321875 0.2642216953125 0.995829071875 0.2841923375 0.9844086671875001 0.185336634375 0.9807210171875 0.15756334375 0.9149396078124999 0.1388543609375 0.919040321875 0.2642216953125