1 0.947558546875 0.158845409375 0.9205156234375 0.10952745312500001 0.8498099921875 0.12074807968750001 0.9059446453125 0.2296670234375 0.958644028125 0.2217143015625 0.947558546875 0.158845409375
1 0.771751690625 0.1373189 0.8328342031249999 0.2469710359375 0.9034865249999999 0.23309661718750002 0.8417980484375001 0.123570628125 0.771751690625 0.1373189
0 0.593183915625 0.1747399375 0.5173560265625 0.18603568125 0.5124457125 0.18690150156250002 0.5683985671875 0.298447403125 0.64793235625 0.2817861671875 0.593183915625 0.1747399375
1 0.5979416296875 0.1722494609375 0.6521024515625 0.2789632546875 0.735781721875 0.26987437812500004 0.677190240625 0.15838579375 0.5979416296875 0.1722494609375
1 0.681083396875 0.15643701875 0.7405670343749999 0.2720351890625 0.8244809312499999 0.256766734375 0.763107825 0.1415190984375 0.681083396875 0.15643701875
1 0.43427672968750003 0.20231790625 0.48728326875 0.3162644953125 0.5689691156250001 0.29922379062500004 0.51318549375 0.1884041625 0.43427672968750003 0.20231790625
1 0.34719642500000003 0.220136134375 0.3998699265625 0.335483440625 0.48489660937499995 0.31851298125 0.4322691734375 0.2025215828125 0.34719642500000003 0.220136134375
0 0.092024378125 0.2628619125 0.007354753125 0.276960546875 0.057092621875000006 0.41768203125000003 0.14357701875 0.4018430125 0.092024378125 0.2628619125
0 0.09261849062500001 0.2635880578125 0.1460945 0.40474718750000005 0.234961428125 0.3898327296875 0.18375847343750001 0.24917942656249997 0.09261849062500001 0.2635880578125
0 0.263623721875 0.23426612812499997 0.3235660109375 0.37645430156250004 0.40666614062499995 0.3611421828125 0.3441088234375 0.2175817171875 0.263623721875 0.23426612812499997
0 0.1840683984375 0.248293878125 0.2361821953125 0.3905437828125 0.3215675546875 0.3735100765625 0.2616478140625 0.236276340625 0.1840683984375 0.248293878125
1 0.986501796875 0.37970355312500004 0.9109936171875 0.2424414234375 0.8297905515625 0.258468675 0.9046545859374999 0.4064390859375 0.9887158062499999 0.392259825 0.986501796875 0.37970355312500004
1 0.9146187234375001 0.24080869843750002 0.9859016531250001 0.37629996875 0.9609062265625001 0.2345438578125 0.9146187234375001 0.24080869843750002
1 0.570911415625 0.309982321875 0.4913013734375 0.3251799 0.5554225546875 0.47153824687499996 0.6430850265625 0.4527017390625 0.570911415625 0.309982321875
1 0.8274282640624999 0.267314003125 0.741273440625 0.2827245671875 0.8200490390624999 0.42541242968750004 0.900883265625 0.40440067031250004 0.8274282640624999 0.267314003125
1 0.6551090296875001 0.2978394125 0.5749195015625 0.3109762640625 0.6423931671875 0.451472028125 0.7317892953125 0.44246758125 0.6551090296875001 0.2978394125
1 0.6592938828125 0.2993417609375 0.73411088125 0.4427340734375 0.8185589796875 0.4271677453125 0.7383176078125 0.28384334375 0.6592938828125 0.2993417609375
1 0.4705439796875 0.4932631328125 0.554666284375 0.47369914687500003 0.48756632499999997 0.325354159375 0.4059230578125 0.341777621875 0.4136996671875 0.3631854953125 0.4705439796875 0.4932631328125
1 0 0.5351933546875001 0.0113105328125 0.5756785765625 0.1023678125 0.558496975 0.056601124999999995 0.414380415625 0 0.4226883609375 0 0.5351933546875001
0 0.1491511828125 0.4084039046875 0.060832835937499996 0.42048147968749994 0.10604229999999999 0.5578490640625 0.1956822375 0.5397916359375 0.1491511828125 0.4084039046875
1 0.32430624531249996 0.378471928125 0.237841953125 0.39257246874999996 0.289403821875 0.5245271796875 0.3792513671875 0.507332934375 0.32430624531249996 0.378471928125
0 0.236533975 0.39187021718750004 0.15029925625 0.40650671406249994 0.19912933593749998 0.5414353078125 0.28892691406250004 0.5278530640625 0.236533975 0.39187021718750004
1 0.40873340625 0.3649368421875 0.3262413671875 0.379687746875 0.37950345625000004 0.5066126328125 0.46687196249999996 0.492558909375 0.40873340625 0.3649368421875
1 1 0.53868200625 0.9896684796875 0.5194083609375 0.9137859875000001 0.5292186703125 0.996871403125 0.7113115750000001 1 0.7107014453125 1 0.53868200625
1 0.23652726093749998 0.6512363640625 0.1422898703125 0.6643912015625 0.2047480078125 0.8537903171875 0.3041495890625 0.8373423171875001 0.23652726093749998 0.6512363640625
1 0.8322333671875001 0.5431670734375 0.9129877796875 0.72987965 0.99491929375 0.7121953734375001 0.9097600343750001 0.531340015625 0.8322333671875001 0.5431670734375
1 0.339019784375 0.6335861359375 0.408933609375 0.8199452468749999 0.506188125 0.803336240625 0.42962514687500003 0.6128712765625 0.339019784375 0.6335861359375
0 0.045140765625 0.685389178125 0.1039233625 0.8745443843749999 0.20328875468750002 0.851732171875 0.139911946875 0.66624301875 0.045140765625 0.685389178125
1 0.720511090625 0.5658873984375 0.8030897234375001 0.7499052984375 0.893685059375 0.735010075 0.8076953234375001 0.54944484375 0.720511090625 0.5658873984375
1 0.43386913125 0.618058440625 0.506112565625 0.801191203125 0.600557371875 0.7823796734374999 0.5258064703125 0.6056245375 0.43386913125 0.618058440625
0 0.2404133078125 0.6496785421875 0.3075072171875 0.8389086375 0.40809968124999996 0.8206318796875 0.337399515625 0.6393853578125 0.2404133078125 0.6496785421875
0 0.61957661875 0.5880001218750001 0.7056978265625 0.7697760687499999 0.8018116078125 0.7501306640625 0.71804449375 0.566871475 0.61957661875 0.5880001218750001
0 0.5937321625 0.76092035625 0.6023211046875 0.7804499109374999 0.7019660828125 0.768815303125 0.6168315171875001 0.5884951843749999 0.52838339375 0.6049429984375 0.5937321625 0.76092035625
1 0 0.17682781875 0.05503878125 0.1665536046875 0.021909073437500003 0.0765870234375 0 0.080450184375 0 0.17682781875
1 0.1375077703125 0.152433996875 0.1024148484375 0.0623916828125 0.022320940625 0.07651440000000001 0.055943782812499995 0.16765973125 0.1375077703125 0.152433996875
0 0.22074965156249998 0.1417061609375 0.1808916234375 0.0485541109375 0.1034226453125 0.062213981249999994 0.13837090624999998 0.153589675 0.22074965156249998 0.1417061609375
1 0.3004180140625 0.12986021718750002 0.25823113124999997 0.03491706875 0.18223462343750002 0.048317303125 0.22098920312499998 0.14166392187500002 0.3004180140625 0.12986021718750002
1 0.3812973703125 0.1151586546875 0.34019950468750004 0.0204638328125 0.2586960734375 0.0348350875 0.30056821093749997 0.12939338281249999 0.3812973703125 0.1151586546875
1 0.895865725 0.736695284375 0.8049756578125 0.7521707828124999 0.88922709375 0.930827721875 0.98693214375 0.91440035625 0.895865725 0.736695284375
1 0.801782171875 0.753284753125 0.7087513984375 0.7749005906249999 0.7907630203125 0.9505916109375001 0.887621728125 0.9319114609374999 0.801782171875 0.753284753125
1 1 0.7296749140625 0.9917158171875 0.7133889515625 0.901160078125 0.7332899171875 0.9928685890625 0.9208072765624999 1 0.919549815625 1 0.7296749140625
1 0.70361235 0.7745980984374999 0.6111235453125 0.787632778125 0.6873911374999999 0.9704202046875 0.789725753125 0.9547778656249999 0.70361235 0.7745980984374999
1 0.3635984109375 1 0.301621084375 0.8414766468750001 0.208477009375 0.8573495890625 0.2563533359375 1 0.3635984109375 1
1 0.4761504140625 1 0.404254346875 0.8249809765625 0.3054279390625 0.8428158031249999 0.3672459 1 0.4761504140625 1
1 0.54374433125 1 0.585695353125 0.992602903125 0.507267709375 0.80921895625 0.406121928125 0.8250607359375 0.4772290609375 1 0.54374433125 1
1 0.5097127953125 0.8074351890625 0.5855277578125 0.9926324546874999 0.6872674515625 0.9746930015625 0.6068032453125001 0.7884654703125 0.5097127953125 0.8074351890625
1 0.252685896875 1 0.20666638750000002 0.8582197218750001 0.10554314843749998 0.8787012031250001 0.141608234375 1 0.252685896875 1
1 0.5816090484374999 0 0.6194101140625 0.0810024640625 0.69486940625 0.0663591640625 0.6618851328125 0 0.5816090484374999 0
1 0.3413368265625 0.0202632921875 0.3811639875 0.11474182968749999 0.45731432187500004 0.1001176140625 0.4126238640625 0.0087954890625 0.3530838328125 0.018191978125 0.3413368265625 0.0202632921875
1 0.663341515625 0 0.6957167109375 0.06748558437499999 0.773198334375 0.0552232421875 0.7389738859375 0 0.663341515625 0
1 0.4935017828125 0 0.5385547093749999 0.0905771796875 0.6171331375 0.07872837187500001 0.5776143359375 0 0.4935017828125 0
1 0.4618009296875 0 0.416154490625 0.0070709203124999995 0.413350840625 0.007565278125 0.45885426875 0.10148328124999999 0.5374001765624999 0.090275603125 0.49028888125 0 0.4618009296875 0
1 0.82456063125 0 0.852075346875 0.042652890625 0.924809284375 0.029827934374999997 0.9244918421874999 0.0280276265625 0.906165990625 0 0.82456063125 0
1 0.7408423859375 0 0.7738411328125 0.0597921734375 0.850048915625 0.0430102046875 0.8214573828124999 0 0.7408423859375 0