1 1 0.29967199375 0.9416020421875 0.2893914015625 0.959913028125 0.41584973437499995 1 0.423222059375 1 0.29967199375
1 0.8591347984375 0.27924892031250004 0.882068025 0.40810904687500005 0.9563295875 0.4183978921875 0.9327570156249999 0.289456571875 0.8591347984375 0.27924892031250004
0 0.6706461578125 0.25556678593750004 0.592164275 0.2409789296875 0.58703651875 0.24016677187500002 0.6042773171875 0.36915405 0.6882277984375 0.3797079796875 0.6706461578125 0.25556678593750004
1 0.6761748578125 0.25472498125 0.6932907937499999 0.3783389640625 0.7787533703125 0.39776703750000003 0.7588955000000001 0.267941034375 0.6761748578125 0.25472498125
1 0.7633893015625 0.26734010625 0.7827312640625 0.4015215578125 0.8705212859374999 0.41493512031249996 0.8492002921875 0.2804582828125 0.7633893015625 0.26734010625
1 0.50485195625 0.22884828750000002 0.51837776875 0.359203403125 0.60457560625 0.3701132796875 0.58725501875 0.24189965 0.50485195625 0.22884828750000002
1 0.41307969531250005 0.2168749140625 0.42580244218749996 0.3484983828125 0.515265378125 0.3606110328125 0.5028064953125 0.22836800937500001 0.41307969531250005 0.2168749140625
0 0.14737734062500002 0.17243335937499998 0.0592402015625 0.157609746875 0.060464565625 0.31326045156250004 0.1509787171875 0.3269834734375 0.14737734062500002 0.17243335937499998
0 0.147715871875 0.1733510359375 0.152471821875 0.330701634375 0.2450178234375 0.34614479375 0.2423280046875 0.1900642453125 0.147715871875 0.1733510359375
0 0.326011796875 0.20245439843750002 0.3367844484375 0.363013728125 0.42378815937500003 0.37610813125 0.41090667031250006 0.21330824375000002 0.326011796875 0.20245439843750002
0 0.24293354374999998 0.1892960953125 0.2459783921875 0.347260203125 0.3358158890625 0.3594321734375 0.323384609375 0.2037664125 0.24293354374999998 0.1892960953125
1 0.9901314250000001 0.6016585812499999 0.9605497515625 0.4301605140625 0.8751710140625001 0.41841500312499996 0.8986719031250001 0.58973935 0.9896275609374999 0.604839859375 0.9901314250000001 0.6016585812499999
1 1 0.4368367828125 0.964672446875 0.42978031874999995 0.9905933984375 0.5987418015625 1 0.53935085625 1 0.4368367828125
1 0.602837825 0.38138201718750003 0.5193088328125001 0.369358796875 0.5327806859375 0.535448471875 0.625471525 0.546615165625 0.602837825 0.38138201718750003
1 0.8698445937500001 0.426336509375 0.7798002484375 0.41230277343750005 0.808944065625 0.579744771875 0.8956507234375 0.58644956875 0.8698445937500001 0.426336509375
1 0.68984679375 0.3979741578125 0.6064464328125 0.383722103125 0.6252076046874999 0.545167725 0.7162695718750001 0.5666187109374999 0.68984679375 0.3979741578125
0 0.69345694375 0.40087559375000004 0.7184646765625 0.5676692 0.8068816562500001 0.5809702546875 0.776510790625 0.41240320625000004 0.69345694375 0.40087559375000004
1 0.44185058593750004 0.5280747453125 0.5313030640624999 0.5373228937500001 0.5155726953124999 0.368263396875 0.4296261796875 0.3567592625 0.430019196875 0.3805095671875 0.44185058593750004 0.5280747453125
1 0.0611008 0.3098377359375 0.0249627640625 0.30304045625 0.00023645781249999998 0.45915620625000003 0.0572638796875 0.46748919375 0.0611008 0.3098377359375
0 0.154240446875 0.33534486874999997 0.0631969328125 0.3172901875 0.0611010859375 0.468096946875 0.155474359375 0.48070287343749996 0.154240446875 0.33534486874999997
1 0.3368286859375 0.365254603125 0.246924115625 0.349823965625 0.252918328125 0.4974479984375 0.34720314218750004 0.5109756078125 0.3368286859375 0.365254603125
0 0.24587470625000002 0.34868764531249996 0.1560143140625 0.33386344375 0.15831027343749998 0.48349337031250006 0.2513205015625 0.5005660749999999 0.24587470625000002 0.34868764531249996
1 0.4245359421875 0.3805517046875 0.3383212671875 0.36711016875 0.3476956828125 0.5103508 0.43847453437499995 0.5261343953125001 0.4245359421875 0.3805517046875
1 0.9570418109375 0.8105781890625 0.94403931875 0.7299903359375 0.866007625 0.7139190625 0.886025871875 0.9216833953125001 0.9382866046875 0.9289938921875001 0.9570418109375 0.8105781890625
1 0.1578763859375 0.6044644953125 0.0606403265625 0.585463925 0.057873106249999993 0.793434865625 0.1613103453125 0.8109399578125001 0.1578763859375 0.6044644953125
1 0.780990028125 0.7000048546875 0.7971462328125 0.9115340921874999 0.88380425625 0.9218926453125 0.86132454375 0.71464511875 0.780990028125 0.7000048546875
1 0.26476440625 0.6218327015625 0.27036837187499996 0.8293352953124999 0.3717465265625 0.8459531374999999 0.3609896546875 0.6321455078125 0.26476440625 0.6218327015625
0 0 0.78483908125 0.05713476562499999 0.7909100796875 0.057671109374999995 0.586483334375 0 0.5788127328125 0 0.78483908125
1 0.6632955984375 0.6845050953125 0.6821618671875 0.8939958546875 0.7764028953125 0.910044409375 0.754703465625 0.697870375 0.6632955984375 0.6845050953125
1 0.36340791875 0.6387008578125 0.37239985937500003 0.8438121296875 0.47175918125000005 0.8573046140624999 0.4581350796875 0.6576320156250001 0.36340791875 0.6387008578125
0 0.162230553125 0.6042467015625 0.164084421875 0.813623815625 0.2693144578125 0.8297294921875 0.2612018859375 0.627001984375 0.162230553125 0.6042467015625
0 0.556427490625 0.6720662953125001 0.5795418890625 0.88054805625 0.6808271515625 0.89378445625 0.6605334703125 0.6846386796874999 0.556427490625 0.6720662953125001
0 0.472320234375 0.8338263749999999 0.47415019531249997 0.85599995 0.5761940734375 0.8783344484375 0.5535570859375001 0.6716231328125 0.4609031828125 0.6578342187499999 0.472320234375 0.8338263749999999
1 0.0729596578125 0 0.06453494843749999 0.0531915203125 0.14363964375 0.0649082765625 0.1422804828125 0 0.0729596578125 0
1 0.1427291 0 0.144155321875 0.06630615937499999 0.2296174546875 0.07896455937499999 0.22648077500000002 0 0.1427291 0
1 0.9270403421875001 1 0.93838580625 0.9283675609375001 0.8838272875 0.9233112562500001 0.8933604624999999 1 0.9270403421875001 1
0 0.22739011250000002 0 0.23007510781249998 0.0803971046875 0.31520546562499996 0.09662793593749999 0.308203865625 0 0.22739011250000002 0
1 0.309497809375 0 0.31545562656250004 0.0966675578125 0.3976548109375 0.1119762234375 0.3879852640625 0 0.309497809375 0
1 0.38846940625 0 0.39796105000000004 0.11156680625 0.48226511875 0.124919259375 0.47391375468749997 0.0173595171875 0.39953928906249997 0 0.38846940625 0
1 0.7904493593749999 1 0.7779779578125 0.91244618125 0.6832499171874999 0.8968698796875 0.6944970078125 1 0.7904493593749999 1
1 0.69173618125 1 0.679728128125 0.8968849375 0.5808094890625 0.8866377406250001 0.592723190625 1 0.69173618125 1
1 0.8911198453125 1 0.8802456265625 0.9219828203124999 0.784345346875 0.9108842125000001 0.7953454546875001 1 0.8911198453125 1
1 0.5890430421875 1 0.5758529078125 0.8845958218750001 0.480379034375 0.866070028125 0.4888713015625 1 0.5890430421875 1
1 0.060336662500000006 0.7982101125 0.0592245625 0.9364205921875 0.163076328125 0.9528690953125001 0.1574185265625 0.8141592234375 0.060336662500000006 0.7982101125
1 0.160711915625 0.8167714734375 0.16656016093749998 0.9534208812499999 0.272007103125 0.9701220359375 0.2640534078125 0.8327137703125 0.160711915625 0.8167714734375
1 0.2658649125 0.8334260718750001 0.27328115468749997 0.970323825 0.3805856234375 0.987319184375 0.3708135859375 0.8521207828125 0.2658649125 0.8334260718750001
1 0.48607274375 1 0.47584336406250005 0.865425384375 0.3738258359375 0.8511912718750001 0.38154876875 0.98747173125 0.46064914375 1 0.48607274375 1
1 0 0.9270403421875001 0.0557874734375 0.9358762109375001 0.058258975000000005 0.79845389375 0 0.790734465625 0 0.9270403421875001
1 0.715371465625 0.049204398437500005 0.7282659375 0.1720238921875 0.8075206312500001 0.1831854296875 0.791368709375 0.058899496875 0.715371465625 0.049204398437500005
1 0.48227521875 0.12446294218750001 0.5622037421875 0.1358777625 0.5491893015625 0.030655746875 0.4751039046875 0.017548018749999998 0.48227521875 0.12446294218750001
1 0.7935412281249999 0.059939178125000006 0.807972625 0.1845837515625 0.8884104703125001 0.1987794671875 0.8599911140625001 0.073246153125 0.7935412281249999 0.059939178125000006
1 0.6309668687500001 0.043067665625 0.645418525 0.1540330421875 0.7267958390625 0.1690087046875 0.711089171875 0.0517491640625 0.6309668687500001 0.043067665625
1 0.6279190890625 0.0435832375 0.550314646875 0.029624929687500003 0.5632564515625 0.13774702656249999 0.6443842421875 0.153343915625 0.6279190890625 0.0435832375
1 1 0.09946358125 0.9393017390624999 0.086757284375 0.9703265171875 0.21314486875 1 0.2178446859375 1 0.09946358125
1 0.8874932421875 0.20350330312499998 0.968210353125 0.21280970156249998 0.942546959375 0.1141451953125 0.9348510125 0.0864939703125 0.8654762890625 0.07689726718749999 0.8874932421875 0.20350330312499998