1 1 0.2979345109375 0.9896868171875 0.25238369843749997 0.919780796875 0.24382318125000002 0.9433437 0.3619158921875 1 0.36929115625 1 0.2979345109375
1 0.8414713671875 0.23832394531249998 0.8695146125000001 0.3584499375 0.940089525 0.3644893125 0.9114390390624999 0.244318275 0.8414713671875 0.23832394531249998
1 0.662461021875 0.22528404218750003 0.587690640625 0.2154064921875 0.582812390625 0.21489376718750003 0.6054913359375 0.33541856875 0.6852206125 0.341232215625 0.662461021875 0.22528404218750003
1 0.6676353203125001 0.2242208140625 0.6899293203125 0.33969574687500004 0.771526403125 0.35378534375 0.746336634375 0.23259969218749998 0.6676353203125001 0.2242208140625
1 0.7505465140625 0.23181386874999999 0.7754660765625 0.357123071875 0.85896000625 0.3654391859375 0.832158603125 0.2399490953125 0.7505465140625 0.23181386874999999
1 0.5047111921874999 0.2082741109375 0.523953175 0.3302681640625 0.605820453125 0.336306525 0.5831046921875 0.2165136 0.5047111921874999 0.2082741109375
1 0.417531753125 0.201508434375 0.4360791234375 0.324735325 0.5210867171875 0.33174530625 0.5027574875 0.2079225078125 0.417531753125 0.201508434375
0 0.164640675 0.17272167031250002 0.08074915 0.16309579375 0.089642721875 0.309494959375 0.17572216406250002 0.317968665625 0.164640675 0.17272167031250002
1 0.16500569375000002 0.17356855468750002 0.17731571562499998 0.3213940359375 0.2653976609375 0.33138665624999997 0.255100109375 0.1846548984375 0.16500569375000002 0.17356855468750002
0 0.3346690609375 0.1922094140625 0.35281517500000004 0.3427590796875 0.435551378125 0.35081344375 0.41530425156249995 0.1982589515625 0.3346690609375 0.1922094140625
0 0.2556332265625 0.18390241406250002 0.26635938124999997 0.332389090625 0.3517233078125 0.339436521875 0.3322556234375 0.1935727921875 0.2556332265625 0.18390241406250002
1 0.9446559125 0.375350365625 0.86351988125 0.3684855453125 0.8942098765625 0.5285403203125 0.9818056671875001 0.5384046546875 0.9446559125 0.375350365625
1 1 0.3822899484375 0.9485266390625 0.3747904375 0.9840306046875 0.5452149359375 0.9977014125 0.5480734890625001 1 0.526203890625 1 0.3822899484375
1 0.60474115625 0.34699504375 0.52533649375 0.3397782015625 0.5463041671875 0.4953992578125 0.634310153125 0.5013608453125 0.60474115625 0.34699504375
1 0.85888840625 0.3762004859375 0.773236765625 0.367411375 0.8090576640625 0.523536325 0.8911959359375 0.5255929703125 0.85888840625 0.3762004859375
1 0.6876562140625 0.358340340625 0.6082621015624999 0.349019971875 0.633989190625 0.5000118203125 0.7209696875 0.5157302734375 0.6876562140625 0.358340340625
0 0.691206521875 0.36089339374999996 0.7230929234375 0.516611078125 0.8071727734374999 0.5247905828125 0.7701382609375 0.36766719531250003 0.691206521875 0.36089339374999996
1 0.46014795781249995 0.492920309375 0.54500326875 0.49723545781249995 0.521757109375 0.3389307125 0.44009739999999997 0.3323208609375 0.441648984375 0.3546493859375 0.46014795781249995 0.492920309375
1 0.0035662921875000003 0.4398651015625 0.00352289375 0.44632848125 0.0942907109375 0.4547731421875 0.0900728234375 0.3062431609375 0.018618971875 0.29664842187499996 0.0035662921875000003 0.4398651015625
0 0.1792152 0.32567634375 0.09242096875 0.3131527328125 0.0979412046875 0.455156825 0.1876060640625 0.4623901453125 0.1792152 0.32567634375
0 0.3529683203125 0.34486545625 0.267379103125 0.334755078125 0.280373815625 0.4733676421875 0.37000103906250004 0.48147255624999996 0.3529683203125 0.34486545625
0 0.26633252500000004 0.33373732500000003 0.1808151375 0.3241954046875 0.1904203921875 0.4648767796875 0.2790213375 0.4763799515625 0.26633252500000004 0.33373732500000003
0 0.4364778046875 0.3549579421875 0.354468775 0.34653825 0.37043467343750003 0.48086049218750004 0.45686629375 0.49126010625000005 0.4364778046875 0.3549579421875
1 0.972345584375 0.789318078125 0.943985371875 0.6582843125 0.869565978125 0.6469888671875 0.8987818859375001 0.8415025640625 0.9662446625 0.847364475 0.972345584375 0.789318078125
1 0.19602530625 0.5787255890624999 0.10334158125 0.5656156375 0.1110704078125 0.7614411734375001 0.20953039687500002 0.7728398453125 0.19602530625 0.5787255890624999
1 0.7886628546875001 0.6380657078125 0.8144222265625001 0.836311384375 0.8966962671875001 0.841808409375 0.8651837406249999 0.6479017109375 0.7886628546875001 0.6380657078125
1 0.297734190625 0.5898262265625001 0.3133376765625 0.7848005359375 0.40981087499999996 0.79546533125 0.38903232499999996 0.594811015625 0.297734190625 0.5898262265625001
0 0.005778440625000001 0.55912510625 0.01009750625 0.7537242859375 0.11024828281250001 0.759101690625 0.10059090156249999 0.5667204640625 0.005778440625000001 0.55912510625
1 0.6768513625 0.6292531453125 0.705066246875 0.8254478140625 0.7947774953125 0.835926953125 0.763756209375 0.637346403125 0.6768513625 0.6292531453125
1 0.39163978906249997 0.6008606624999999 0.41032082968749994 0.7934187140625 0.50473394375 0.801241715625 0.481953 0.614028340625 0.39163978906249997 0.6008606624999999
0 0.200122496875 0.578307121875 0.2122810796875 0.7752291687499999 0.3123629421875 0.785223140625 0.29463006875 0.5948649625 0.200122496875 0.578307121875
1 0.5754063390625 0.6227898453125 0.6075790343749999 0.817826765625 0.703796478125 0.82531435625 0.6742520265625 0.6295142984375001 0.5754063390625 0.6227898453125
0 0.504096021875 0.7791224 0.5069249250000001 0.7998968375 0.6043104234375 0.8159080578125 0.5726761734375 0.6225136234375 0.48457466875 0.6140828515625001 0.504096021875 0.7791224
1 0.0717687171875 0 0.07450840625 0.06400975625000001 0.1557684984375 0.07172946718749999 0.15046674531249998 0 0.0717687171875 0
1 0.15088548125 0 0.1563245203125 0.0730195109375 0.23758461406250003 0.080739221875 0.23008733593750003 0 0.15088548125 0
1 0.9502020218749999 1 0.9663939687499999 0.8459439234374999 0.8967885250000001 0.84314211875 0.9248091374999999 1 0.9502020218749999 1
0 0.2309912078125 0 0.2380876171875 0.082064728125 0.3192123046875 0.09316218125 0.307477053125 0 0.2309912078125 0
1 0.3087334671875 0 0.3194502921875 0.09318719375 0.397763665625 0.10356068437499999 0.383259796875 0 0.3087334671875 0
1 0.383718140625 0 0.39803223593750003 0.103160428125 0.4782342421875 0.11158999843749999 0.4650074953125 0.01079144375 0.40458738906249997 0 0.383718140625 0
1 0.8282954453125001 1 0.796382925 0.8381096515625 0.7062356765625 0.8280987625 0.7342750328125 1 0.8282954453125001 1
1 0.7322145890625 1 0.7029137296875 0.8282856437499999 0.60907773125 0.8234946781250001 0.6371568328125 1 0.7322145890625 1
1 0.9239824140625 1 0.8933432968749999 0.8420677796874999 0.8023126953125 0.8363276562499999 0.8314049515624999 1 0.9239824140625 1
1 0.6343133171875001 1 0.6042998421875 0.8218164171875 0.513302284375 0.8090667843749999 0.5356034359375 1 0.6343133171875001 1
1 0.1136321015625 0.7658136171875001 0.12245945625000001 0.9630730296875001 0.2245939703125 0.9738078 0.20601864218750002 0.776059865625 0.1136321015625 0.7658136171875001
1 0.2092557203125 0.77835634375 0.22804661718750002 0.9741706875 0.329404471875 0.9848238265625 0.307547678125 0.7882892 0.2092557203125 0.77835634375
1 0.3092921890625 0.7888706 0.33035987499999997 0.9849242437499999 0.43369853437500006 0.995785575 0.409237309375 0.8013145187499999 0.3092921890625 0.7888706
1 0.533779253125 1 0.508990975 0.8086826453124999 0.412033059375 0.8002921703125001 0.4335320328125 0.995768075 0.473796109375 1 0.533779253125 1
1 0.010502599999999999 0.7580896187499999 0.012412740625 0.9515066531249999 0.11851701875000001 0.9626586625 0.11168399062500001 0.7661448937500001 0.010502599999999999 0.7580896187499999
1 0.6943982703125 0.0289143875 0.7126699546874999 0.143848771875 0.7879991125 0.15046443437499998 0.7665812234375 0.0343099546875 0.6943982703125 0.0289143875
1 0.478221084375 0.11116013281249999 0.5541985734375 0.11798107499999999 0.5366885859375 0.0196108828125 0.4661397359375 0.010910446875 0.478221084375 0.11116013281249999
1 0.7686826124999999 0.0351816984375 0.7884950749999999 0.151758015625 0.8650913484375 0.161170659375 0.8320375125 0.0444440703125 0.7686826124999999 0.0351816984375
1 0.614460159375 0.027279360937500004 0.6336116515625 0.130983275 0.7111330609375 0.1410837328125 0.6904845796875 0.0315188890625 0.614460159375 0.027279360937500004
1 0.6116103109375 0.02791395625 0.5376990640625 0.0185857484375 0.555284703125 0.11968832812500001 0.6326015796875 0.1303855671875 0.6116103109375 0.02791395625
1 1 0.1262914515625 0.9809157828125 0.0646479421875 0.9075362546875001 0.053267834375 0.94309069375 0.1706704734375 1 0.1766518828125 1 0.1262914515625
1 0.8644608265624999 0.16566052343749998 0.9410774953125 0.170458878125 0.9119596484375 0.07887928281249999 0.903324046875 0.053238340625000005 0.83739411875 0.047610578125000004 0.8644608265624999 0.16566052343749998