1 1 0.3692488765625 0.9555568515624999 0.35567656406250003 0.958304865625 0.47891223906249997 1 0.4919925890625 1 0.3692488765625
1 0.877620465625 0.3362214765625 0.884521903125 0.4623028234375 0.9545680078125001 0.48092842812500003 0.94706265 0.3546937984375 0.877620465625 0.3362214765625
1 0.699546265625 0.2912755890625 0.6259547234375 0.268035396875 0.6211299640625 0.2666519203125 0.6225547687499999 0.3921823640625 0.7018660609375 0.4122066390625 0.699546265625 0.2912755890625
1 0.7049495640625 0.29112293125 0.7068843171875 0.411494196875 0.7866063765625 0.44019330625 0.7827688578124999 0.313550615625 0.7049495640625 0.29112293125
1 0.787150965625 0.3135062875 0.7899830265625 0.444257946875 0.87264310625 0.4674737453125 0.8679468359375001 0.33620543125 0.787150965625 0.3135062875
1 0.543602628125 0.2461043203125 0.541302696875 0.37250536875 0.6227285484375 0.393135984375 0.621136515625 0.2683368046875 0.543602628125 0.2461043203125
1 0.4569529109375 0.223796815625 0.4537338078125 0.35131729843750004 0.5381514703125 0.3734852703125 0.5416963515625 0.245402803125 0.4569529109375 0.223796815625
0 0.207227246875 0.14985189375000002 0.1243993765625 0.12524508750000002 0.107331903125 0.27441070624999997 0.192569440625 0.29824467499999996 0.207227246875 0.14985189375000002
1 0.207444509375 0.150770484375 0.1935662671875 0.3019808953125 0.28055171093750003 0.3277018234375 0.2962634984375 0.17795150937499998 0.207444509375 0.150770484375
0 0.3751037046875 0.19970228125 0.3666222625 0.35469570625 0.448565303125 0.3775130265625 0.455285965625 0.22012529062500003 0.3751037046875 0.19970228125
0 0.2969345234375 0.1772876296875 0.2813426265625 0.328883228125 0.36611271562500003 0.3511522546875 0.372429221875 0.200647975 0.2969345234375 0.1772876296875
1 0.9572385656250001 0.4926887046875 0.8766965531249999 0.47135483437500003 0.8791658531250001 0.638158765625 0.965684196875 0.66366400625 0.9572385656250001 0.4926887046875
0 1 0.5056237218749999 0.9612387390625001 0.49281185625 0.96671545 0.6709247328125 0.970682559375 0.67251248125 1 0.570270415625 1 0.5056237218749999
1 0.6197405015624999 0.40371940000000006 0.5410058171875 0.3823382234375 0.5344660343750001 0.5429453796875 0.6220916453124999 0.5645891078124999 0.6197405015624999 0.40371940000000006
1 0.8706576 0.47830954531250003 0.78590724375 0.45423361250000005 0.7942457921875 0.6179873437500001 0.8766526765625 0.634652115625 0.8706576 0.47830954531250003
1 0.7012786531249999 0.42988609687499996 0.62292860625 0.4063862171875 0.6220080609374999 0.563172134375 0.7068654984375 0.5944696359375 0.7012786531249999 0.42988609687499996
0 0.704402446875 0.43309053750000004 0.708848525 0.5957347625 0.7921233390625 0.618916928125 0.7827393265625 0.45394107031250003 0.704402446875 0.43309053750000004
1 0.44808526875 0.525141115625 0.5328286140625 0.5445653609375001 0.5375494765625 0.3808480046875 0.45643440625 0.3596781390625 0.45402796875 0.3824632671875 0.44808526875 0.525141115625
1 0.10834349375 0.27120895625 0.050712628125000006 0.25287363281249997 0.0084119078125 0.40039377187499997 0.0861853671875 0.42169205 0.10834349375 0.27120895625
0 0.1947190296875 0.30663534375 0.10948125156249999 0.278591665625 0.08979583437500001 0.42272733437500004 0.17886701875 0.4459477953125 0.1947190296875 0.30663534375
0 0.3664020796875 0.3568463609375 0.28194955 0.331449540625 0.2703993390625 0.47349399375 0.3592776296875 0.497586428125 0.3664020796875 0.3568463609375
0 0.2810758453125 0.33023761875 0.19659462968750002 0.3054266234375 0.1812609546875 0.44895453593749995 0.26850083125 0.47629045625 0.2810758453125 0.33023761875
0 0.4487619953125 0.381855690625 0.3676166984375 0.358799259375 0.3598234359375 0.49704643437499996 0.44507344687500006 0.5228844875 0.4487619953125 0.381855690625
1 0.9103110359375 0.883053009375 0.9062572828125001 0.7777966921874999 0.8332715390625 0.7531894609374999 0.8281285828125 0.9544697359375001 0.8854397890625 0.9697893515624999 0.9103110359375 0.883053009375
1 0.1666668703125 0.5647217640625 0.0755983734375 0.5350407546875 0.048569165625 0.7338264296875 0.1457627984375 0.7628084125 0.1666668703125 0.5647217640625
1 0.753330203125 0.72982194375 0.7440404765624999 0.9342504078125 0.8259724796875 0.9544075609375 0.82869315625 0.753331221875 0.753330203125 0.72982194375
1 0.267187478125 0.5939804484375 0.2482450859375 0.7933068921875 0.3435670703125 0.8211961078125001 0.3583043359375 0.615224296875 0.267187478125 0.5939804484375
0 0 0.7201401125 0.0481566515625 0.7313219390625 0.0726300140625 0.535665890625 0 0.5167748421875 0 0.7201401125
0 0.6422221578125 0.7010752 0.6357715734375 0.9038722453125001 0.7243123984375 0.930373075 0.72835911875 0.72467226875 0.6422221578125 0.7010752
1 0.359856309375 0.62178618125 0.34444485 0.81922349375 0.43819610937500003 0.8438819203125 0.4485257234375 0.6511042765624999 0.359856309375 0.62178618125
0 0.170870103125 0.5650277515625 0.14810990156249998 0.7657057468749999 0.247187684375 0.7935597640625 0.26316349843750003 0.5985085921875 0.170870103125 0.5650277515625
1 0.5411429328125 0.6765383109374999 0.53888656875 0.8788713109374999 0.6345157265625 0.9035121374999999 0.6395563156249999 0.700876709375 0.5411429328125 0.6765383109374999
0 0.4414860671875 0.82147000625 0.44064312812499995 0.8429153578124999 0.5359338640625 0.8763563984375 0.5384407953125 0.67577485 0.4511579453125 0.6516249546874999 0.4414860671875 0.82147000625
1 0.1389427453125 0 0.1357279046875 0.0242473296875 0.21624293749999998 0.0464650578125 0.2209436875 0 0.1389427453125 0
1 0.2213885921875 0 0.21657388593750002 0.0478643328125 0.297088921875 0.0700820625 0.3028498375 0 0.2213885921875 0
1 0.876777025 1 0.8857149421875 0.9688297796875001 0.8258283171875 0.9557684703125 0.8259226109375 1 0.876777025 1
0 0.303694278125 0 0.2973601328125 0.07150766875 0.3771381546875 0.0971064625 0.381931 0 0.303694278125 0
1 0.38322251875 0 0.37737353281249997 0.09717395625 0.45444724843750006 0.1215435046875 0.45836988125 0.0110328359375 0.4246545828125 0 0.38322251875 0
1 0.5387046875 0.039967909375 0.45885145468750005 0.010701048437500001 0.454789059375 0.1211877125 0.5341116234375 0.1439330921875 0.5387046875 0.039967909375
1 0.7268839625 1 0.725542140625 0.932858659375 0.63647869375 0.906752421875 0.635271434375 1 0.7268839625 1
1 0.6325707578124999 1 0.63309786875 0.906350690625 0.5393890859375 0.8848513953125 0.5374460703125 1 0.6325707578124999 1
1 0.8233272171875001 1 0.8225475031249999 0.9540733953125 0.731834540625 0.932115615625 0.7319207171875 1 0.8233272171875001 1
1 0.5339591375 1 0.5348726953125 0.8823107640625001 0.4454393203125 0.853292534375 0.4368699140625 1 0.5339591375 1
1 0.0503732234375 0.7386893828125001 0.0311706 0.8857150515625 0.129603046875 0.9139400999999999 0.14165140625 0.7654306859375 0.0503732234375 0.7386893828125001
1 0.14450516875 0.768320828125 0.1329107640625 0.9148885734375 0.23235085625 0.9434025609375001 0.24179009375 0.7957952671874999 0.14450516875 0.768320828125
1 0.243444703125 0.7966912828125 0.233494440625 0.9437304781250001 0.33472823906250004 0.9727588031250001 0.3419490921875 0.8269908109375 0.243444703125 0.7966912828125
1 0.43438992968749995 1 0.44116301875 0.8521393968750001 0.344948203125 0.8264568296875 0.33540166562499996 0.9729519046874999 0.42972958281249996 1 0.43438992968749995 1
1 0 0.876777025 0.0277919953125 0.8847462515625001 0.04835116875 0.738677271875 0 0.7261266484375 0 0.876777025
1 0.7666446 0.098987865625 0.764622084375 0.21809965937500003 0.839356684375 0.238150790625 0.8384256296875 0.1172501078125 0.7666446 0.098987865625
1 0.5341747953125 0.1434974046875 0.6095262328125 0.163870653125 0.60937121875 0.0615926171875 0.5398245125 0.0402890140625 0.5341747953125 0.1434974046875
1 0.8403882515625 0.11850221718750001 0.839626478125 0.2395429609375 0.915140675 0.2626388421875 0.9025855421875001 0.13909434375000002 0.8403882515625 0.11850221718750001
1 0.6863799015625001 0.0831389828125 0.6872407640625 0.191085575 0.7635649453125 0.2150391890625 0.762237609375 0.1009182296875 0.6863799015625001 0.0831389828125
1 0.6833952140624999 0.0832724578125 0.6105717671875001 0.06073868125 0.6103171984375 0.1657846890625 0.6863291625 0.1903035875 0.6833952140624999 0.0832724578125
1 1 0.1692053609375 0.9770984328125 0.1614016015625 0.992053278125 0.2860718453125 1 0.28835053125 1 0.1692053609375
0 0.9137069859375 0.2670530875 0.9900621562499999 0.28550090156249996 0.9770022781250001 0.18800641875 0.9728589421875 0.16062358906250002 0.9074205078125 0.1432380890625 0.9137069859375 0.2670530875