1 0.7999656374999999 0.1422269171875 0.8631960171875 0.25061255781249997 0.9385482890624999 0.23517102343750002 0.8716431640625 0.12696925781249999 0.7999656374999999 0.1422269171875
1 0.7210589078125 0.1633494421875 0.789386653125 0.27222020156250004 0.8608672484375001 0.254251425 0.791926815625 0.145542090625 0.7210589078125 0.1633494421875
1 0.540524121875 0.21117201406250002 0.46361433124999996 0.2267805234375 0.45864116875 0.22792866875 0.5218266984375 0.339010559375 0.602236915625 0.31771663437500003 0.540524121875 0.21117201406250002
1 0.5452540875 0.2083705390625 0.6063483359374999 0.31460661875 0.69140275625 0.3008349875 0.62552293125 0.1899528734375 0.5452540875 0.2083705390625
1 0.6293981640624999 0.1877516328125 0.69641058125 0.302788790625 0.7813731734375 0.282684903125 0.7124480375 0.168107309375 0.6293981640624999 0.1877516328125
1 0.3795593328125 0.247876521875 0.439861803125 0.36157115625 0.5224516218749999 0.3397740296875 0.459478071875 0.2294258265625 0.3795593328125 0.247876521875
1 0.29149668906250004 0.2707573953125 0.35153389062499996 0.38590232812499997 0.43754269375000004 0.363998309375 0.37751801406249996 0.248192215625 0.29149668906250004 0.2707573953125
0 0 0.474909759375 0.005537075000000001 0.4883026640625 0.0930967703125 0.4674777546875 0.03293689375 0.328103159375 0 0.335377078125 0 0.474909759375
1 0.0335832078125 0.3288139859375 0.0958261765625 0.4703131046875 0.1858710703125 0.4503062625 0.125978909375 0.309202840625 0.0335832078125 0.3288139859375
0 0.2068217828125 0.289678753125 0.2757302234375 0.4318843171875 0.3598585875 0.41177930937499996 0.28820324531249997 0.2683102359375 0.2068217828125 0.289678753125
0 0.12624820625 0.308280628125 0.1871571796875 0.4509681328125 0.2735292484375 0.42898024531249995 0.2049097765625 0.29184025625 0.12624820625 0.308280628125
1 0.8690430359375 0.26340651406250004 0.7868923515625 0.28414138125 0.8713650953125001 0.4314620140625 0.9608881984375 0.4114935296875 0.8690430359375 0.26340651406250004
1 0.965386696875 0.4174504703125 0.9932826078125 0.413935971875 0.954526309375 0.246064003125 0.8726612156250001 0.26154283125 0.965386696875 0.4174504703125
1 0.5250146046874999 0.3506726046875 0.44444788125 0.37047376249999997 0.5178520734375 0.5167204984375 0.6064551875 0.49276710625 0.5250146046874999 0.3506726046875
1 0.7849522265625 0.2933136578125 0.6977064421875 0.3136827625 0.7858943046875 0.4553918046875 0.8674004046875 0.4295791359375 0.7849522265625 0.2933136578125
1 0.6104349874999999 0.3337499546875 0.52916526875 0.3514746609375 0.6056819250000001 0.49154652656250003 0.6965850078125 0.477555396875 0.6104349874999999 0.3337499546875
1 0.6147936453125 0.33506249062500004 0.698972584375 0.4777037328125 0.784465284375 0.45726663749999996 0.694744853125 0.3149850390625 0.6147936453125 0.33506249062500004
1 0.43224986093749995 0.543478828125 0.517194946875 0.51897085625 0.4406390296875 0.3708517921875 0.3580596109375 0.39201540156250003 0.3671583734375 0.413492678125 0.43224986093749995 0.543478828125
1 0 0.5569678015624999 0.0190995015625 0.6396968328125 0.0593781734375 0.6298885171874999 0.0048574281249999995 0.48495247499999994 0 0.4859274546875 0 0.5569678015624999
0 0.0991471765625 0.47388921249999993 0.0095108125 0.490965496875 0.0630996921875 0.6290293375 0.1537661125 0.6057669015625 0.0991471765625 0.47388921249999993
0 0.27659522812500004 0.43390809375000006 0.188962775 0.4529540265625 0.2487549609375 0.5851424140625 0.339679940625 0.562751628125 0.27659522812500004 0.43390809375000006
0 0.18758798593749998 0.452305825 0.1002189796875 0.471887584375 0.1573781765625 0.607263434375 0.2484459453125 0.5885692265625 0.18758798593749998 0.452305825
1 0.3621755484375 0.41554941875000007 0.2786386890625 0.43504795781250005 0.3398989828125 0.5620015078125 0.42845829375 0.5429550812499999 0.3621755484375 0.41554941875000007
1 1 0.601367553125 0.9643350546875 0.5424448515625 0.8872897171874999 0.5565371671875 0.981998325 0.738314209375 1 0.7338140046875 1 0.601367553125
1 0.20150203281249998 0.7175535625 0.10587266718749999 0.7360481937500001 0.1798869125 0.9264006312499999 0.28061868749999996 0.90426189375 0.20150203281249998 0.7175535625
1 0.80467011875 0.5751647484375 0.8972437781249999 0.7617909203125001 0.9800501890625 0.73932248125 0.8832879890625 0.5589219937500001 0.80467011875 0.5751647484375
1 0.3053290375 0.6940199765624999 0.3868017921875 0.880864615625 0.48533005781250005 0.858676084375 0.3968397453125 0.66798820625 0.3053290375 0.6940199765624999
0 0.10354119843750001 0.7380692125 0.045270203125000005 0.7530546 0.090600765625 0.949402834375 0.1782847046875 0.9243738859375 0.10354119843750001 0.7380692125
1 0.691680003125 0.6043771687499999 0.785973865625 0.7881499671875 0.8777866812499999 0.7680703328125 0.7799227234375 0.5828976015625 0.691680003125 0.6043771687499999
1 0.40145662499999996 0.6730659453125 0.48513768593749995 0.8564864484375001 0.5806754749999999 0.832195765625 0.4947734265625 0.655431646875 0.40145662499999996 0.6730659453125
0 0.2053909828125 0.715752521875 0.2841351359375 0.9056841046875 0.3859861515625 0.8816114328125 0.30398395625 0.7000373796875 0.2053909828125 0.715752521875
1 0.5896852531250001 0.6323910875000001 0.687480228125 0.8136815765625001 0.784679390625 0.7884488203125 0.689211309375 0.6055155171875 0.5896852531250001 0.6323910875000001
0 0.5725465296875 0.81061498125 0.5823748984375 0.8301278875 0.6836138359375 0.8128986671874999 0.5869056078125 0.63304423125 0.49737114218749995 0.65459679375 0.5725465296875 0.81061498125
1 0 0.2304857453125 0.0735059171875 0.2127379828125 0.0288880421875 0.11386489687500001 0 0.120524884375 0 0.2304857453125
0 0.108359671875 0.09620005937500001 0.029686843750000004 0.1129808421875 0.074450296875 0.213873690625 0.1580252390625 0.1973136234375 0.108359671875 0.09620005937500001
1 0.1878101 0.08059221250000001 0.10969136718750001 0.0956038640625 0.1582678578125 0.1972576109375 0.2388314765625 0.1809369796875 0.1878101 0.08059221250000001
1 0.2735258359375 0.066728428125 0.18807471874999998 0.08005918749999999 0.2389599609375 0.18045152656250002 0.3207223953125 0.16157518125 0.2735258359375 0.066728428125
1 0.7880233828125001 0.7903659296875001 0.862709603125 0.92941394375 0.9597937171875 0.9070003109375 0.88010634375 0.769677090625 0.7880233828125001 0.7903659296875001
1 0.6908768296875001 0.8187589375 0.762111878125 0.952638759375 0.8603956734375 0.92994815625 0.7848185875 0.791676003125 0.6908768296875001 0.8187589375
1 1 0.780904075 0.9768394562499999 0.740714503125 0.8853357921875 0.7659112703125001 0.9632737109375 0.906196890625 1 0.8977179578125 1 0.780904075
1 0.591758834375 0.837002715625 0.6587265234374999 0.9765071484375 0.7588424265625 0.953393571875 0.6856071328125 0.818724515625 0.591758834375 0.837002715625
1 0.31960718906249996 1 0.27825578906250004 0.908625240625 0.1838899703125 0.9298411171875 0.21159576093750002 1 0.31960718906249996 1
1 0.4361169203125 1 0.382288634375 0.8862648625 0.28221927343750003 0.9097911046875 0.32326143749999997 1 0.4361169203125 1
1 0.5532089484375 1 0.48674941718750003 0.8646344359375 0.3842020765625 0.8862465203125 0.437524428125 1 0.5532089484375 1
1 0.5569678062500001 1 0.656268040625 0.9770747343749999 0.58738704375 0.8380854171875001 0.48915319999999995 0.862679415625 0.5539404171875 1 0.5569678062500001 1
1 0.2086095234375 1 0.182085740625 0.9308278453125001 0.0916903296875 0.9541222546875 0.1022820421875 1 0.2086095234375 1
1 0.531367425 0 0.5053493171875 0.006839253125 0.5623030453125 0.11390595781249999 0.6386563609375 0.09489370312499999 0.5851358953125 0 0.531367425 0
1 0.3205636703125 0.16115603750000002 0.3976244390625 0.14212633125000002 0.347037509375 0.0511242859375 0.27468010625 0.06646194375 0.3205636703125 0.16115603750000002
1 0.5871937203125001 0 0.639582990625 0.0960003359375 0.718131453125 0.0793148390625 0.663047634375 0 0.5871937203125001 0
1 0.426150746875 0.0323216921875 0.480161440625 0.128023378125 0.5598533203125 0.1117021140625 0.5023822484375 0.0107322796875 0.426150746875 0.0323216921875
1 0.42356224062500003 0.033912946875 0.3476839765625 0.0497716046875 0.39927196875000004 0.1434405828125 0.47896501562499993 0.12777672499999998 0.42356224062500003 0.033912946875
1 0.753173940625 0 0.7980898375 0.062239695312499996 0.8725354046874999 0.045052582812500006 0.8395986125 0 0.753173940625 0
1 0.666805659375 0 0.7190337890625 0.0839529828125 0.7960374703124999 0.062713521875 0.7494533984375 0 0.666805659375 0
1 0.8420935093749999 0 0.8726004406250001 0.043652864062500005 0.906469859375 0.0379086453125 0.897717959375 0 0.8420935093749999 0