1 1 0.35239057812499996 0.97827488125 0.24782996562499998 0.9073781562500001 0.237887978125 0.9292151750000001 0.358459865625 1 0.36893568593750004 1 0.35239057812499996
1 0.8278857937499999 0.23091269374999998 0.85424010625 0.35363235 0.925861746875 0.36102091875000003 0.8988910640625001 0.23824472812500003 0.8278857937499999 0.23091269374999998
0 0.646179728125 0.2144904453125 0.5703626015625 0.20312268906250003 0.5654137031250001 0.20251504062499998 0.58630881875 0.3255459484375 0.6672386328125001 0.3328661578125 0.646179728125 0.2144904453125
1 0.651457696875 0.2134998109375 0.6720518546875 0.331385809375 0.75473206875 0.3471595265625 0.731296865625 0.223411971875 0.651457696875 0.2134998109375
1 0.735589675 0.22268659687499998 0.7586765265625 0.3506250109375 0.84338785 0.3605577640625 0.8183916046874999 0.2324021421875 0.735589675 0.22268659687499998
1 0.4861530125 0.1944034234375 0.503528659375 0.3188686984375 0.5866274421875 0.3264552234375 0.565681825 0.20416833437499998 0.4861530125 0.1944034234375
1 0.3976681578125 0.1859832609375 0.4143157890625 0.31169067968749997 0.5005888921875 0.3203211453125 0.48417362812500003 0.194011246875 0.3976681578125 0.1859832609375
0 0.14115410625 0.15223704062500001 0.056062100000000004 0.140964628125 0.0624836796875 0.2900792 0.1498200015625 0.3002178609375 0.14115410625 0.15223704062500001
0 0.1415099546875 0.1531051578125 0.15137838125 0.303731178125 0.2407228125 0.31545058593749997 0.23288022812500003 0.16597286875 0.1415099546875 0.1531051578125
0 0.31361597343750003 0.175061546875 0.3293672703125 0.328562203125 0.41331315 0.3382152796875 0.395462309375 0.182637734375 0.31361597343750003 0.175061546875
0 0.233435521875 0.165216625 0.241682346875 0.3164874875 0.3283169453125 0.3251623359375 0.3111386734375 0.176406225 0.233435521875 0.165216625
1 0.9303086578125 0.3721522625 0.847967865625 0.36373772031249996 0.8762983375 0.527130653125 0.965150953125 0.5387109671875 0.9303086578125 0.3721522625
1 1 0.382407940625 0.9342527281249999 0.3716507578125 0.96729053125 0.54567948125 0.99730768125 0.552508484375 1 0.5305813078125 1 0.382407940625
1 0.585339384375 0.3373115328125 0.5047645796875 0.3285693234375 0.52329293125 0.48727972656249996 0.61263223125 0.49489630937499995 0.585339384375 0.3373115328125
1 0.843122675 0.3715058828125 0.75622679375 0.3610538453125 0.7898423796875 0.5205386828125 0.8732877796875 0.5240786796875 0.843122675 0.3715058828125
1 0.6694082046875 0.35031620937499997 0.588881734375 0.33943389375 0.6123301359375 0.49351805156250006 0.700452725 0.51104395625 0.6694082046875 0.35031620937499997
1 0.6729709578125 0.3529764453125 0.702594953125 0.51197756875 0.787904225 0.52178165 0.75307301875 0.36125953593750004 0.6729709578125 0.3529764453125
1 0.43577140468750003 0.4832392453125 0.5219379187500001 0.48912509374999996 0.5011417859375 0.327643946875 0.4182641859375 0.3194796015625 0.4194419390625 0.3422257125 0.43577140468750003 0.4832392453125
1 0.0629789578125 0.28677814687500003 0.023169025 0.2807221203125 0.0046747265625 0.43134609843750005 0.06461025468750001 0.43797838437500003 0.0629789578125 0.28677814687500003
0 0.15323238125 0.3081218 0.0652419859375 0.2938498578125 0.068313615625 0.4384331 0.15931619531250002 0.4473728765625 0.15323238125 0.3081218
1 0.3294852640625 0.33070809218749997 0.24267645 0.3189127953125 0.25340548749999997 0.46017694374999996 0.3443542328125 0.4700028859375 0.3294852640625 0.33070809218749997
0 0.24163094375 0.31785881250000003 0.15488497343750002 0.3066431734375 0.162132109375 0.44995256250000004 0.2519770234375 0.46321806875 0.24163094375 0.31785881250000003
1 0.4141806359375 0.3424485390625 0.330980359375 0.3324365625 0.34480590312500004 0.46938776249999997 0.4324657328125 0.4814921984375 0.4141806359375 0.3424485390625
1 0.961309546875 0.8456897578125 0.9245685078125 0.660019365625 0.8491334625 0.6472151171875 0.875349628125 0.8456432515625 0.960226371875 0.8545115171875001 0.961309546875 0.8456897578125
1 0.1657932 0.5658899296875 0.07182743281250001 0.550917615625 0.0761815046875 0.750301884375 0.176048640625 0.7636347921875 0.1657932 0.5658899296875
1 0.7670661859375 0.6367103625 0.7897025390625 0.83887479375 0.8732244187499999 0.8459176921875 0.8446632015625 0.6480666953124999 0.7670661859375 0.6367103625
1 0.268967715625 0.5789768453125 0.28134050781250003 0.777633775 0.37920146718750003 0.7901849703125 0.36167049375000004 0.5856575734375 0.268967715625 0.5789768453125
0 0 0.7425426468749999 0.07538775625000001 0.7479070265625001 0.06901199531249999 0.5519932812499999 0 0.5452526890625 0 0.7425426468749999
1 0.6535828609375 0.6257734859374999 0.6787515734375 0.8258943328124999 0.7697432656250001 0.8381374750000001 0.7417648953125 0.63553959375 0.6535828609375 0.6257734859374999
1 0.36421245625 0.5918589015625 0.37975635625000004 0.7881115703125 0.47557433437499996 0.7977350046875 0.45576789062499995 0.606848178125 0.36421245625 0.5918589015625
0 0.1699649078125 0.565536346875 0.1788016078125 0.7661143484374999 0.2803422671875 0.7780465875 0.265722715625 0.5840489484375 0.1699649078125 0.565536346875
0 0.5505936109375 0.6174096046875001 0.5798055875 0.8164222109375 0.6774634140625 0.8257361671875 0.6509363265625 0.6259934 0.5505936109375 0.6174096046875001
0 0.47532145000000003 0.775217859375 0.4778252078125 0.7964052296874999 0.5765178046874999 0.8144123703125 0.5478237140625 0.6170804453125001 0.4584314796875 0.6069498390625 0.47532145000000003 0.775217859375
1 0.0576373671875 0 0.052704675 0.040173562499999996 0.1339424296875 0.04932340625 0.13117104375 0 0.0576373671875 0
1 0.1316098078125 0 0.1344844859375 0.050645796875 0.2169360875 0.05993235625 0.21243736875 0 0.1316098078125 0
1 0.9423626328125 1 0.9604971984375 0.8523058125 0.8732943390625 0.8472763375 0.89778705 1 0.9423626328125 1
0 0.21321279375 0 0.217423621875 0.061289893750000005 0.2996772109375 0.07401084687500001 0.291682565625 0 0.21321279375 0
1 0.292728459375 0 0.2999186453125 0.0740404921875 0.379327865625 0.0859752890625 0.3688362875 0 0.292728459375 0
1 0.3692758265625 0 0.3796079859375 0.0855727671875 0.46097149843749996 0.09556295000000001 0.45014935625 0 0.3692758265625 0
1 0.7998629687500001 1 0.7713359390625001 0.8403866109375 0.6798927375 0.828612221875 0.7047358546875 1 0.7998629687500001 1
1 0.70261724375 1 0.6765131 0.8287438296875 0.5812274687500001 0.82221559375 0.6062859421875 1 0.70261724375 1
1 0.89683694375 1 0.8698119500000001 0.8461225109375 0.7773945875 0.8386779625 0.803123659375 1 0.89683694375 1
1 0.603382040625 1 0.5764014109375 0.82042380625 0.4841429578125 0.8058478234375 0.5033447078125 1 0.603382040625 1
1 0.0787069359375 0.7547958875 0.08407127812500001 0.9526852874999999 0.18753778593749998 0.9653893765625 0.17242185625 0.7668492078125 0.0787069359375 0.7547958875
1 0.1756708390625 0.7692428671875 0.19103433125 0.9658186984375 0.293814128125 0.9784384703125 0.27539340156250003 0.7810813828125001 0.1756708390625 0.7692428671875
1 0.277156059375 0.781703684375 0.2947946859375 0.9785588687500001 0.3995745484375 0.9914242171875 0.3785139375 0.7961262796875 0.277156059375 0.781703684375
1 0.5014877734375001 1 0.47976797812500005 0.8053809968750001 0.3813737078125 0.7951353296875 0.39945339375 0.9914093421875 0.469418684375 1 0.5014877734375001 1
1 0 0.9423626328125 0.08010141093749999 0.9521978484375 0.07672102812500001 0.7550986234375 0 0.7476433640625 0 0.9423626328125
1 0.77510951875 0.14057535625 0.756366228125 0.027722901562500003 0.6826318359375 0.0186694578125 0.69866615 0.1325166515625 0.77510951875 0.14057535625
1 0.45120650625 0 0.4609658125 0.095125340625 0.5380644453125 0.1034043375 0.522026753125 0.0030063296875 0.5007210453125001 0 0.45120650625 0
1 0.8532716718750001 0.15282718281250002 0.8223846375000001 0.035828943749999995 0.758300365625 0.027960384375 0.775590465625 0.141900284375 0.8532716718750001 0.15282718281250002
1 0.672401509375 0.01741333125 0.6009336750000001 0.0121792921875 0.6185443671875 0.11803316562499999 0.697153546875 0.129676203125 0.6781754484375 0.01812228125 0.672401509375 0.01741333125
1 0.5980258515625 0.0127747578125 0.52307209375 0.0019810859375 0.539137821875 0.10516056874999999 0.617528453125 0.1174072125 0.5980258515625 0.0127747578125
1 1 0.1506983015625 0.9727169109375 0.056658503125 0.92556075625 0.048497378125000004 0.8987422015625001 0.045204473437499997 0.93237735 0.1638675 1 0.17217051875 1 0.1506983015625
1 0.9023781109375 0.0699234546875 0.8943721218749999 0.0446678953125 0.8463078656249999 0.038766346875 0.82715164375 0.036794290625 0.8525505578124999 0.157384409375 0.9303349953125 0.16361673125 0.9023781109375 0.0699234546875