1 1 0.3536233734375 0.9347353109375 0.33369208125 0.9373939171875 0.45338350624999996 1 0.4730244328125 1 0.3536233734375
1 0.8590613640625 0.314802609375 0.8657526859375 0.437257546875 0.9337653078124999 0.4553420078125 0.9264875984375 0.33273824375 0.8590613640625 0.314802609375
1 0.68615658125 0.2711632796875 0.614701734375 0.2485972171875 0.6100170484375 0.24725390468750003 0.61139065625 0.36917421250000004 0.688399575 0.3886163921875 0.68615658125 0.2711632796875
1 0.69140314375 0.27101458906250003 0.6932723078125 0.3879240453125 0.7706793984375 0.41579155468750006 0.7669631578125 0.292791178125 0.69140314375 0.27101458906250003
1 0.7712181453125 0.2927477796875 0.7739577734374999 0.41973903906250004 0.8542180828125 0.44228069531249997 0.8496683671874999 0.3147877890625 0.7712181453125 0.2927477796875
1 0.5347403765625 0.2273033109375 0.5324972296875 0.3500694765625 0.61155931875 0.37010039375 0.610023278125 0.2488903359375 0.5347403765625 0.2273033109375
1 0.4506060953125 0.20564413906249998 0.4474703546875 0.32949761875 0.5294373421875 0.35102144687500003 0.5328894546875 0.22662211718749997 0.4506060953125 0.20564413906249998
0 0.208130715625 0.1338453640625 0.12770759062499998 0.109952715625 0.11112351718749999 0.25482994375 0.1938864640625 0.27797179375000003 0.208130715625 0.1338453640625
1 0.2083416015625 0.13473752187500002 0.1948540796875 0.2816004875 0.279314078125 0.30657489375 0.294581840625 0.1611298890625 0.2083416015625 0.13473752187500002
0 0.3711332046875 0.182248953125 0.3628856265625 0.3327857171875 0.44244972968749996 0.3549404109375 0.4489877953125 0.20207833125 0.3711332046875 0.182248953125
0 0.295233453125 0.1604850484375 0.28008195625 0.30772225937500003 0.3623911375 0.3293442078125 0.368536234375 0.18316765937499999 0.295233453125 0.1604850484375
1 0.93635746875 0.4667638703125 0.8581536359375 0.44604985468749997 0.8605381921875 0.6080566140625 0.9445446578125001 0.632821571875 0.93635746875 0.4667638703125
1 1 0.4866360875 0.9402415890625001 0.466883165625 0.9455454234375 0.6398734125 0.976490034375 0.652259409375 1 0.570270415625 1 0.4866360875
1 0.6086571234375 0.3803796859375 0.5322081890625 0.35961958125 0.5258455 0.5156084812499999 0.6109274171875 0.536622890625 0.6086571234375 0.3803796859375
1 0.852289321875 0.45280503281250006 0.76999944375 0.4294281421875 0.7780832234374999 0.5884719609375 0.8580981968750001 0.60465100625 0.852289321875 0.45280503281250006
1 0.6878278171875001 0.40578746875 0.6117525296874999 0.382969559375 0.6108463671875 0.535246671875 0.6932396546875 0.5656374468750001 0.6878278171875001 0.40578746875
0 0.6908607390625 0.408899509375 0.6951650546875 0.5668660328125 0.7760222671875 0.5893749781250001 0.76692345 0.42914426250000004 0.6908607390625 0.408899509375
1 0.4419720171875 0.4983230265625 0.5242554546875 0.51718200625 0.5288522343750001 0.358172490625 0.450091953125 0.33761780625000004 0.447753534375 0.3597478640625 0.4419720171875 0.4983230265625
1 0.11210601406250001 0.25172019375 0.05614844375 0.2339166875 0.015063262499999999 0.37719774375 0.0905788625 0.3978774078125 0.11210601406250001 0.25172019375
0 0.195973034375 0.2861209921875 0.11321018593750001 0.2588904984375 0.0940845078125 0.3988826359375 0.1805699375 0.42142832031250005 0.195973034375 0.2861209921875
0 0.3626716609375 0.334874540625 0.280671071875 0.310214721875 0.26944476562499997 0.44817514531249997 0.3557428265625 0.4715677421875 0.3626716609375 0.334874540625
0 0.27982280937500004 0.309037721875 0.1977943203125 0.2849468859375 0.1828941921875 0.42434840156250003 0.2676011125 0.45089133593749997 0.27982280937500004 0.309037721875
0 0.44264037343749996 0.3591581734375 0.36385088906249996 0.33677118125 0.3562728421875 0.471043234375 0.4390477453125 0.4961315296875 0.44264037343749996 0.3591581734375
1 0.8159662187500001 0.719782846875 0.8109566390625 0.9152750734374999 0.8942817203125 0.9375478562499999 0.88683273125 0.7436766828125 0.8159662187500001 0.719782846875
1 0.168714378125 0.5367875265625 0.080290084375 0.5079672453125 0.054029364062499995 0.7010383328125 0.14840115781250002 0.7291792078125 0.168714378125 0.5367875265625
1 0.73834579375 0.6970936171875 0.72930949375 0.8956438234374999 0.8088630890624999 0.9152148562500001 0.811520640625 0.7199208890625 0.73834579375 0.6970936171875
1 0.26631661093750003 0.5651968828125 0.24790806718749997 0.7587925531249999 0.34046259375 0.7858722328125001 0.3547885234375 0.5858226375 0.26631661093750003 0.5651968828125
0 0 0.6861542859374999 0.053629012499999996 0.6986058984375 0.0774077890625 0.5085746375 0 0.48844151562500004 0 0.6861542859374999
1 0.6304632203125 0.6691823109375 0.624183828125 0.8661477906249999 0.710154025 0.8918795453125 0.71409951875 0.6920939984375 0.6304632203125 0.6691823109375
1 0.3562949609375 0.5921956921875 0.3413150640625 0.7839562796874999 0.4323446875 0.80789820625 0.44238979531249994 0.62066368125 0.3562949609375 0.5921956921875
0 0.1727956515625 0.5370843828125 0.15067994375 0.7319930359375 0.24688131875 0.759038234375 0.262409009375 0.5695951234375001 0.1727956515625 0.5370843828125
1 0.532318203125 0.645359003125 0.53011139375 0.8418734499999999 0.6229644421875 0.8657981375 0.6278747296875 0.6689897390625 0.532318203125 0.645359003125
0 0.435540965625 0.786130559375 0.43472079687500004 0.8069592484375001 0.5272445453125 0.8394310968750001 0.5296945156249999 0.6446177078125 0.444945615625 0.6211691796875 0.435540965625 0.786130559375
1 0.14028822968750002 0 0.1387154203125 0.0118585765625 0.21689298906249999 0.0334310359375 0.22027692187499998 0 0.14028822968750002 0
1 0.220715659375 0 0.21721422656249997 0.034790045312500004 0.2953917953125 0.05636250625 0.3000282609375 0 0.220715659375 0
1 0.876777025 1 0.8952960484375 0.9354164921875 0.808723 0.9165366374999999 0.808894128125 1 0.876777025 1
0 0.3007735734375 0 0.295655028125 0.0577470921875 0.3731166984375 0.0826034421875 0.3771993359375 0 0.3007735734375 0
1 0.3783265390625 0 0.37334524375 0.0826689765625 0.44818115937499997 0.10633164375 0.45196307031250005 0 0.3783265390625 0
1 0.452417553125 0 0.44851308124999995 0.10598605624999999 0.52553273125 0.1280710859375 0.530000721875 0.027095389062500003 0.4560772625 0 0.452417553125 0
1 0.713451346875 1 0.7113478984375 0.894293553125 0.624870209375 0.8689450843750001 0.6231633015625 1 0.713451346875 1
1 0.620837203125 1 0.621587490625 0.8685551703125001 0.530598865625 0.847681521875 0.5280169890625 1 0.620837203125 1
1 0.806975171875 1 0.8055374937499999 0.9148905703124999 0.717457815625 0.8935713828124999 0.7175842765625 1 0.806975171875 1
1 0.5249999625 1 0.5262136921875 0.845214309375 0.4393770359375 0.81703761875 0.42869528125 0.99970341875 0.42972958281249996 1 0.5249999625 1
1 0.055780703125 0.70576129375 0.032229534375 0.8860186953125 0.1296149921875 0.9139435265625 0.14440883124999998 0.7317263921875 0.055780703125 0.70576129375
1 0.147179578125 0.73453319375 0.1329017609375 0.9148859921874999 0.23002033281249998 0.9427342937500001 0.2416401359375 0.7612098734375 0.147179578125 0.73453319375
1 0.24324667500000002 0.762079990625 0.23099140468749998 0.9430127453124999 0.3299675796875 0.97139370625 0.33889109687499996 0.79150041875 0.24324667500000002 0.762079990625
1 0.34180324687499997 0.79098155625 0.3300337328125 0.9714126750000001 0.426818203125 0.9991651750000001 0.4352248796875 0.8159179796875 0.34180324687499997 0.79098155625
1 0 0.876777025 0.0285839421875 0.8849733390625 0.053817307812500007 0.705749690625 0 0.691780653125 0 0.876777025
1 0.7513235234375 0.0844001265625 0.74935031875 0.2000866421875 0.8219153125 0.219555265625 0.8210207703125001 0.10213153906250001 0.7513235234375 0.0844001265625
1 0.5255941046875 0.1276479234375 0.598758015625 0.1474293515625 0.5986155375 0.04809265625 0.5310880375 0.027407171875000004 0.5255941046875 0.1276479234375
1 0.822926359375 0.103347484375 0.8221771703125 0.2209073796875 0.8954989046874999 0.24333312812500002 0.8833177046875 0.12334253125000001 0.822926359375 0.103347484375
1 0.673388528125 0.069013334375 0.67421593125 0.1738555140625 0.7483240875 0.1971142671875 0.7470442265624999 0.0862753234375 0.673388528125 0.069013334375
1 0.670490415625 0.0691432078125 0.5997813265625 0.047263184375 0.5995258875 0.14928828125 0.6733308375 0.1730960859375 0.670490415625 0.0691432078125
1 1 0.16010964218749998 0.95566724375 0.145002415625 0.9701784546875001 0.2660861984375 1 0.2746373890625 1 0.16010964218749998
1 0.8941064624999999 0.247620540625 0.9682451406249999 0.2655318296875 0.9555717874999999 0.1708421375 0.9515508015625 0.1442471109375 0.8880120843749999 0.12736673125 0.8941064624999999 0.247620540625