1 0.8374880390625 0.1764727484375 0.8875737734375001 0.28228485625 0.9591478703125 0.274019621875 0.90561843125 0.168081734375 0.8374880390625 0.1764727484375
1 0.7621306078125001 0.189729640625 0.8169323859375 0.2964039671875 0.8851018843749999 0.2854779828125 0.82971519375 0.17890419062500001 0.7621306078125001 0.189729640625
1 0.5897579359375 0.219591778125 0.516716925 0.2278864359375 0.5119825109375 0.22855181562500002 0.5618047703125 0.3368655640625 0.638579065625 0.323570775 0.5897579359375 0.219591778125
1 0.5944013421875 0.217370553125 0.642670725 0.3210129359375 0.723159809375 0.3150824796875 0.6708073125 0.206736871875 0.5944013421875 0.217370553125
1 0.674603903125 0.20500436875 0.7276715859375 0.3173021203125 0.8085955 0.30548054375 0.75370544375 0.19345540781249998 0.674603903125 0.20500436875
1 0.43655825937500004 0.24070311093750002 0.483475815625 0.351211803125 0.5623250765625001 0.3376253984375 0.512640290625 0.230010478125 0.43655825937500004 0.24070311093750002
1 0.3525136859375 0.254854725 0.3990645265625 0.366689571875 0.48111254062500003 0.3532798296875 0.4346277265625 0.24083166562499997 0.3525136859375 0.254854725
0 0.10655968906249999 0.287267240625 0.02495140625 0.2979473515625 0.067827021875 0.4339072203125 0.1512333390625 0.4216253359375 0.10655968906249999 0.287267240625
1 0.10710428125 0.2879798859375 0.1535468546875 0.4244801625 0.23920465468750002 0.413159003125 0.1949228984375 0.27721615312500003 0.10710428125 0.2879798859375
0 0.27195539062499996 0.2656007609375 0.32455887968749997 0.40329548125 0.40470453749999996 0.3914055265625 0.34964200624999997 0.2523150640625 0.27195539062499996 0.2656007609375
0 0.1952499609375 0.27638100625 0.24035020937499998 0.4138778046875 0.32274404843750004 0.40041945625 0.26999378749999997 0.2674548140625 0.1952499609375 0.27638100625
1 0.89197748125 0.2946445234375 0.8136252562499999 0.3072793625 0.8803300234375 0.45098318906249996 0.965497834375 0.439655553125 0.89197748125 0.2946445234375
1 0.9692053484375001 0.445553653125 0.997110771875 0.4444786625 0.974735875 0.2852730046875 0.8955064921875 0.29320491875 0.9692053484375001 0.445553653125
1 0.563820528125 0.3479588546875 0.487022909375 0.3598539828125 0.5434888250000001 0.50166651875 0.6281258265624999 0.4865619859375 0.563820528125 0.3479588546875
1 0.8110611390625 0.31564531093750003 0.727985171875 0.32752901562500003 0.7986174687500001 0.46631863593749995 0.8767856765625 0.448913653125 0.8110611390625 0.31564531093750003
1 0.6449100718749999 0.339130125 0.5676272328125 0.349039140625 0.627504690625 0.48536544687500005 0.7134687109375 0.4797031515625 0.6449100718749999 0.339130125
1 0.6488688765624999 0.3407015203125 0.7156841625 0.48003370624999997 0.7971300640625001 0.467945315625 0.7251149171875 0.328499984375 0.6488688765624999 0.3407015203125
1 0.46142114999999995 0.5196195390625 0.5426907390625 0.5037044296875 0.4834381203125 0.35989778125 0.4046506359375 0.3728963875 0.41137451406250003 0.3935867703125 0.46142114999999995 0.5196195390625
1 0 0.5065650515625 0.018589778125 0.5832233125 0.10642339062499999 0.56980988125 0.0674682828125 0.43073948125 0 0.4382557828125 0 0.5065650515625
0 0.1563514453125 0.42807102812500003 0.07131569843749999 0.43670219374999997 0.1099662484375 0.5693119640625001 0.19647155 0.5550159953125 0.1563514453125 0.42807102812500003
0 0.325199590625 0.405245728125 0.24187161875 0.41586877656250004 0.28679290625 0.543520021875 0.373467796875 0.530054828125 0.325199590625 0.405245728125
0 0.240642203125 0.41515551562499997 0.1575159875 0.4262977046875 0.1997186484375 0.5566980874999999 0.286222909375 0.54667915 0.240642203125 0.41515551562499997
1 0.4065563984375 0.3950956046875 0.3270124765625 0.4064697984375 0.3737338265625 0.5293755250000001 0.45792661093750003 0.51882683125 0.4065563984375 0.3950956046875
1 1 0.6468375749999999 0.9579497515625001 0.5616091234375 0.884906903125 0.5684840453125 0.9583296125 0.74502979375 1 0.7384067078125 1 0.6468375749999999
1 0.23182115468750003 0.6627374859375 0.1410772578125 0.6722027671874999 0.194486921875 0.8550460078125001 0.29029098593749997 0.8426066203125 0.23182115468750003 0.6627374859375
1 0.8062903890625 0.5791230171875 0.8773225671875 0.760002071875 0.95642909375 0.7458093906250001 0.8809772015625 0.5703769203125 0.8062903890625 0.5791230171875
1 0.3306277703125 0.6492519046874999 0.3912846734375 0.829437878125 0.485036925 0.8167743546875 0.418148440625 0.63245091875 0.3306277703125 0.6492519046874999
0 0.0472768515625 0.6890593140625 0.0971729578125 0.8715491328124999 0.193158634375 0.8530334953125 0.1387358359375 0.67389243125 0.0472768515625 0.6890593140625
1 0.698467659375 0.5971455203125 0.77133935625 0.7755121765624999 0.8586526375 0.764266090625 0.782565059375 0.584310484375 0.698467659375 0.5971455203125
1 0.42203867500000003 0.6375416515625 0.485037421875 0.8147242953125 0.5761723062499999 0.7998661328125001 0.51055419375 0.6286890859375001 0.42203867500000003 0.6375416515625
0 0.23559764843750003 0.6613779421875 0.29345498281250004 0.8442119390625 0.3904622828125 0.830065953125 0.328878165625 0.6547344859375 0.23559764843750003 0.6613779421875
1 0.6010022875 0.61494196875 0.6773446171875 0.7912847640625 0.7701070234375 0.7756853687499999 0.6960707609375001 0.5980039578125 0.6010022875 0.61494196875
0 0.5703617921874999 0.7791578578125 0.5779278718749999 0.7980819125 0.6738015703125 0.7902452140625 0.598355146875 0.6153244734375 0.5130465265625 0.6281230609375 0.5703617921874999 0.7791578578125
1 0 0.20533431093750001 0.074393715625 0.194121090625 0.0429387015625 0.09876317500000001 0 0.1049659875 0 0.20533431093750001
1 0.1203921953125 0.08787779531249999 0.0433231328125 0.0986851234375 0.0752232828125 0.19520665625 0.153894096875 0.183348759375 0.1203921953125 0.08787779531249999
1 1 0.73811755625 0.9568303203124999 0.7470453515625 1 0.8432282421874999 1 0.73811755625
0 0.19599246875 0.0778792640625 0.1212101546875 0.08712084375 0.1546818640625 0.18448024999999998 0.23401978125 0.1758394546875 0.19599246875 0.0778792640625
1 0.271403878125 0.069790303125 0.19728396718750002 0.0774327953125 0.2342507515625 0.17580699375 0.310759375 0.167145596875 0.271403878125 0.069790303125
1 0.35251755625 0.063827603125 0.2716945859375 0.0693163953125 0.31091915625 0.1667049015625 0.388756371875 0.15576559375000001 0.35251755625 0.063827603125
1 0.86068484375 0.765946278125 0.7730694359375 0.777736609375 0.8477261781250001 0.9510407578125 0.9419039515625001 0.938565403125 0.86068484375 0.765946278125
1 0.7699716265625 0.7786951906249999 0.6800963453125 0.7962766453125 0.7527077296875 0.966676140625 0.8461511125 0.9520225874999999 0.7699716265625 0.7786951906249999
1 1 0.8468385609375 0.9533190093749999 0.7468436359374999 0.8658735453125 0.7628693359375001 0.9461794250000001 0.9422073578125 1 0.93464336875 1 0.8468385609375
1 0.7511267625 0.9696202218750001 0.6751824671875 0.7958192875 0.5861181249999999 0.8052272390624999 0.65298449375 0.9822122656250001 0.704881471875 0.9761195734375001 0.7511267625 0.9696202218750001
1 0.3417877234375 1 0.28772770468750003 0.8464701531250001 0.1979390328125 0.858565915625 0.2400656640625 1 0.3417877234375 1
1 0.4482648671875 1 0.3866299359375 0.8340912906250001 0.2913298625 0.84787336875 0.34524067812500003 1 0.4482648671875 1
1 0.534963403125 1 0.5537436203125 0.9973606125 0.4858714375 0.8224252171875 0.3884167125 0.8342287015625001 0.449300271875 1 0.534963403125 1
1 0.4882749046875 0.8208027171875001 0.5536277171874999 0.9973769015625 0.6516661625 0.9835984968749999 0.5819501796875 0.8058803515624999 0.4882749046875 0.8208027171875001
1 0.23654605625 1 0.19617455 0.859337109375 0.0985837421875 0.8755702375000001 0.1309590765625 1 0.23654605625 1
1 0.573735228125 0.026893667187499998 0.6180731640625 0.13097361093749998 0.6908747609375 0.1194713921875 0.6432740046875 0.014981865624999998 0.573735228125 0.026893667187499998
1 0.3886427328125 0.1553633296875 0.46210582499999997 0.1439020015625 0.42238771406250003 0.055262703125 0.3536164140625 0.06367316875 0.3886427328125 0.1553633296875
1 0.645466659375 0.0153090203125 0.6916483546875 0.12057443593749999 0.7663067984375 0.11141135312499999 0.7075664140625 0.0091227109375 0.645466659375 0.0153090203125
1 0.49774712499999996 0.044178079687499996 0.5402733546875 0.1374604859375 0.6159686859375 0.128728134375 0.57064690625 0.030271425 0.49774712499999996 0.044178079687499996
1 0.49520120937499995 0.0454476703125 0.423102065625 0.054058024999999996 0.4635349671875 0.1452561484375 0.5391773468750001 0.1371347296875 0.49520120937499995 0.0454476703125
1 0.78125008125 0 0.8423127499999999 0.102000034375 0.9131843625 0.0920396796875 0.8573087312500001 0 0.78125008125 0
1 0.7667674421874999 0.11579379062499999 0.8403589124999999 0.10227462968750001 0.7912610124999999 0.02277263125 0.777057484375 0.0006270000000000001 0.713377978125 0.010847190625 0.7667674421874999 0.11579379062499999
1 0.8608934406250001 0 0.9133600968750001 0.090744359375 0.94701275625 0.08801276875 0.93464336875 0 0.8608934406250001 0