1 0.11171875 0.75 0.04140625 0.1203125
1 0.234375 0.740625 0.04453125 0.10625
1 0.30390625 0.7328125 0.0453125 0.12734375
1 0.36953125 0.7359375 0.06015625 0.153125
1 0.484375 0.6921875 0.07578125 0.1390625
1 0.60078125 0.6640625 0.0796875 0.1390625
0 0.045123157812499995 0.7256772687499999 0.0025944796875 0.7287621468750001 0 0.8521558171875 0.0190852109375 0.8552406953125 0.045123157812499995 0.7256772687499999
0 0.0911236109375 0.71333798125 0.0416514484375 0.7256772687499999 0.01734935625 0.8614103390625001 0.077236709375 0.8567830781250001 0.0911236109375 0.71333798125
0 0.205690721875 0.70871071875 0.148407165625 0.7164227453125 0.1379919734375 0.850613434375 0.20482280937500003 0.84752855625 0.205690721875 0.70871071875
0 0.439164628125 0.6639804890625001 0.381881071875 0.6824895343749999 0.4122586734375 0.8089680828124999 0.47561780000000003 0.7981710640624999 0.439164628125 0.6639804890625001
0 0.5459203453125 0.65009870625 0.5033916015625 0.659353228125 0.53810895 0.7734923765625 0.5919207328125 0.7580682109375 0.5459203453125 0.65009870625
0 0.6428955078125 0.628129825 0.6127511171875 0.6439290625 0.646600490625 0.7395590515625 0.6969406265625 0.7256772687499999 0.6428955078125 0.628129825
0 0.6835205078125 0.62257426875 0.6448646671875 0.636216921875 0.6960726515625 0.7272197640625 0.7386013953125 0.7102531015625 0.6835205078125 0.62257426875
0 0.8376871749999999 0.5799816765625 0.808903940625 0.5884019265625 0.85230053125 0.6439290625 0.8766026874999999 0.6331321 0.8376871749999999 0.5799816765625
0 0.862715721875 0.5698928828125001 0.8392815406249999 0.5822322265625 0.8809423078125 0.6346745390625 0.9026406671875 0.6223351390625 0.862715721875 0.5698928828125001
0 0.88528205625 0.565265621875 0.8618478749999999 0.5729777046875 0.90090484375 0.6223351390625 0.9226030765625 0.613080615625 0.88528205625 0.565265621875
0 0.904376490625 0.5590959203125 0.8861499046875 0.5714352640625 0.9226030765625 0.6177078765624999 0.9399618140625 0.600741271875 0.904376490625 0.5590959203125
0 0.9304144703125001 0.5560110984375 0.904376490625 0.565265621875 0.9416976375000001 0.6084533546875 0.9599242218749999 0.5930291875 0.9304144703125001 0.5560110984375