1 0.17578125 0.82890625 0.0640625 0.153125
1 0.2890625 0.77890625 0.075 0.128125
1 0.51171875 0.7 0.1078125 0.1484375
1 0.5703125 0.66015625 0.0625 0.0953125
1 0.68359375 0.6421875 0.0859375 0.109375
1 0.71796875 0.59921875 0.0859375 0.103125
1 0.85 0.53515625 0.0546875 0.0828125
1 0.89296875 0.51171875 0.0484375 0.0796875
1 0.92734375 0.49453125 0.0484375 0.08125
1 0.94296875 0.46640625 0.0515625 0.0796875
0 0.1444187140625 0.8110495203125 0.0961749765625 0.816936246875 0.0967138390625 0.9451478234374999 0.156696503125 0.9382285765624999 0.1444187140625 0.8110495203125
0 0.25298973125 0.77070486875 0.2019728296875 0.7825965078125 0.21593454687500002 0.8944330921875 0.276255775 0.8846827906250001 0.25298973125 0.77070486875
0 0.40238561562499997 0.8305405359375 0.46691056875000003 0.8081230765624999 0.422272565625 0.7042244609375 0.36520225625 0.7192678671875 0.369889271875 0.7348916984375 0.40238561562499997 0.8305405359375
0 0.3702243890625 0.7222416515625001 0.30950121406250003 0.7466299484375 0.34000172968750003 0.852541815625 0.4110285203125 0.840710565625 0.3702243890625 0.7222416515625001
0 0.48292449375 0.6904599625000001 0.42371023125 0.703088134375 0.46291988125000005 0.7990237812500001 0.533946684375 0.7871925984375 0.48292449375 0.6904599625000001