1 0.40859375 0.70703125 0.0734375 0.1515625
1 0.4703125 0.68125 0.0734375 0.1375
1 0.53515625 0.68203125 0.0921875 0.121875
1 0.58984375 0.6546875 0.0765625 0.1546875
1 0.640625 0.64609375 0.075 0.11875
1 0.68984375 0.6234375 0.1 0.1359375
1 0.83515625 0.565625 0.06875 0.1109375
1 0.86328125 0.54609375 0.046875 0.0828125
1 0.896875 0.546875 0.059375 0.09375
1 0.91953125 0.53125 0.0421875 0.0875
1 0.94453125 0.528125 0.0515625 0.0859375
0 0.0320209234375 0.7511570328125 0.012499990625 0.751606990625 0.0171226578125 0.839812728125 0.0320209234375 0.7511570328125
0 0.019781221874999998 0.8905411578125 0.0687973890625 0.8879723281249999 0.08204088125 0.74694089375 0.0289623484375 0.7538530765625 0.0170687296875 0.8387837109375 0.019781221874999998 0.8905411578125
0 0.136451090625 0.740899853125 0.0824519703125 0.747220465625 0.07033670625 0.8831074296875 0.134755296875 0.87973139375 0.136451090625 0.740899853125
0 0.19577391718749998 0.7317081640625 0.1372624234375 0.7392626296875 0.1336105734375 0.8750071609375001 0.198673865625 0.8668131125 0.19577391718749998 0.7317081640625
0 0.2523848578125 0.7229973015625 0.19419004687500002 0.72990025 0.2005465734375 0.8683096718750001 0.27405678437500003 0.8501044875 0.2523848578125 0.7229973015625
0 0.3151383609375 0.7082205109374999 0.2530737234375 0.7236247640625 0.271456021875 0.8518354890625 0.34504958281250003 0.83522075625 0.3151383609375 0.7082205109374999
0 0.375744275 0.69355626875 0.3158474359375 0.70598225625 0.3405760484375 0.8354552046875 0.411402084375 0.8173906921875 0.375744275 0.69355626875