1 0.06484375 0.784375 0.0578125 0.1546875
1 0.20078125 0.75625 0.053125 0.1234375
1 0.2734375 0.76015625 0.06875 0.1484375
1 0.34765625 0.73828125 0.0578125 0.1328125
1 0.46328125 0.703125 0.0890625 0.1390625
1 0.528125 0.67890625 0.059375 0.103125
1 0.64921875 0.65546875 0.0859375 0.1265625
1 0.86015625 0.60625 0.078125 0.115625
1 0.90078125 0.56484375 0.0546875 0.1109375
1 0.96328125 0.5484375 0.05 0.1109375
0 0.9324031234374999 0.544782353125 0.9085811156249999 0.5551512453125 0.958230015625 0.6136658953125 0.9779509609374999 0.5963555781250001 0.9324031234374999 0.544782353125
0 0.65136185625 0.6224154921875 0.696718534375 0.70815066875 0.7422644390625 0.69547945625 0.69517905625 0.6199540328124999 0.689763940625 0.60808976875 0.65136185625 0.6224154921875
0 0.6022453875 0.6422089328125 0.5460906828125001 0.6547919296875 0.598652571875 0.7709403828125 0.6516463171875 0.7479594031250001 0.6022453875 0.6422089328125
0 0.42553111875000005 0.6799219843750001 0.3579806875 0.6937041421875 0.392639146875 0.82204130625 0.46484482343750005 0.80720805625 0.42553111875000005 0.6799219843750001
0 0.16981148125 0.729224196875 0.10124097812499999 0.733814228125 0.0980975046875 0.88147400625 0.16943876093750002 0.871745665625 0.16981148125 0.729224196875
0 0.0397154015625 0.7355437046875 0.0040378125 0.7356895812500001 0.0067193734375 0.8893161031249999 0.026726640625 0.889506175 0.0397154015625 0.7355437046875