1 0.68984375 0.30625 0.2828125 0.4625
0 0.965625 0.2875 0.06875 0.375
1 0.16484375 0.36015625 0.2671875 0.425
0 0.55703125 0.3359375 0.25 0.396875
0 0.80546875 0.3203125 0.24375 0.40625
0 0.903125 0.3109375 0.19375 0.39375
0 0.43203125 0.35078125 0.2421875 0.4140625
0 0.08515625 0.38125 0.1703125 0.378125
0 0.31015625 0.36328125 0.2484375 0.403125
1 0.91953125 0.66796875 0.1609375 0.4140625
0 0.70546875 0.71875 0.246875 0.40625
0 0.8296875 0.71484375 0.2609375 0.421875
0 0.584375 0.73359375 0.2578125 0.4109375
0 0.46328125 0.7421875 0.253125 0.409375
1 0.1078125 0.74375 0.215625 0.4125
0 0.209375 0.76640625 0.24375 0.40625
1 0.33359375 0.7578125 0.2953125 0.4703125