0 0.5421875 0.8375 0.18671875 0.171875
1 0.675 0.7953125 0.18203125 0.22109375
0 0.3390625 0.63515625 0.14765625 0.2234375
1 0.678125 0.67890625 0.16484375 0.203125
1 0.56953125 0.6078125 0.15625 0.15703125
1 0.690625 0.56640625 0.1515625 0.1953125
1 0.69609375 0.475 0.1453125 0.184375
0 0.603125 0.42265625 0.15546875 0.1375
0 0.3859375 0.440625 0.13515625 0.20703125
0 0.27578125 0.4890625 0.184375 0.19609375
0 0.45234375 0.1390625 0.121875 0.15390625
0 0.7140625 0.321875 0.15078125 0.18125
0 0.64921875 0.08125 0.14375 0.14765625
0 0.18515625 0.1734375 0.1078125 0.16484375
0 0.2609375 0.0234375 0.06640625 0.04609375
0 0.93125 0.3296875 0.1359375 0.18125
0 0.13515625 0.315625 0.125 0.17578125
1 0.421875 0.26796875 0.12578125 0.153125
1 0.0734375 0.46875 0.12109375 0.17578125
0 0.1578125 0.24453125 0.13828125 0.15625
0 0.92734375 0.41796875 0.1453125 0.2171875
1 0.92734375 0.50703125 0.1453125 0.2359375
1 0.925 0.615625 0.14453125 0.27421875
1 0.925 0.71875 0.1390625 0.265625
1 0.921875 0.8046875 0.13671875 0.23515625
0 0.3171875 0.740625 0.17109375 0.26796875
0 0.05625 0.55 0.1125 0.2640625
1 0.0390625 0.67578125 0.078125 0.2390625