0 0.54296875 0.8375 0.1859375 0.171875
1 0.67421875 0.7953125 0.1828125 0.221875
0 0.33828125 0.63515625 0.1484375 0.2234375
1 0.678125 0.6796875 0.165625 0.203125
1 0.56953125 0.6078125 0.1546875 0.15625
1 0.69140625 0.56640625 0.1515625 0.1953125
1 0.69609375 0.475 0.1453125 0.184375
0 0.603125 0.4234375 0.15625 0.1375
0 0.3859375 0.440625 0.134375 0.20625
0 0.27578125 0.4890625 0.1828125 0.196875
0 0.45234375 0.1390625 0.1234375 0.153125
0 0.71484375 0.321875 0.1515625 0.18125
0 0.64921875 0.08203125 0.1421875 0.1484375
0 0.18515625 0.17265625 0.1078125 0.1640625
0 0.26015625 0.02265625 0.0671875 0.0453125
0 0.93046875 0.3296875 0.1359375 0.18125
0 0.13515625 0.315625 0.1265625 0.175
1 0.42109375 0.26796875 0.1265625 0.1515625
1 0.0734375 0.46796875 0.121875 0.1765625
0 0.1578125 0.24375 0.1375 0.15625
0 0.92734375 0.41796875 0.1453125 0.2171875
1 0.928125 0.50859375 0.14375 0.2359375
1 0.92578125 0.615625 0.1453125 0.275
1 0.92421875 0.71875 0.1390625 0.265625
1 0.921875 0.8046875 0.1375 0.234375
0 0.3171875 0.740625 0.171875 0.26875
0 0.05625 0.55 0.1125 0.265625
1 0.03984375 0.67578125 0.0796875 0.2390625