0 0.43984375 0.8546875 0.2296875 0.2203125
1 0.58125 0.8484375 0.240625 0.26875
0 0.290625 0.6 0.20625 0.2609375
1 0.615625 0.73515625 0.21875 0.2453125
1 0.52734375 0.634375 0.1953125 0.1953125
1 0.65859375 0.62578125 0.2015625 0.234375
1 0.6875 0.53671875 0.19375 0.221875
0 0.609375 0.46015625 0.190625 0.178125
0 0.38984375 0.41953125 0.1890625 0.240625
0 0.2671875 0.43828125 0.2328125 0.24375
0 0.53515625 0.13828125 0.1625 0.184375
0 0.74765625 0.3890625 0.1984375 0.2203125
0 0.74609375 0.134375 0.18125 0.184375
0 0.26171875 0.10078125 0.1515625 0.1921875
0 0.9328125 0.453125 0.134375 0.215625
0 0.17421875 0.22890625 0.171875 0.2078125
1 0.4703125 0.2578125 0.165625 0.184375
1 0.078125 0.36484375 0.15625 0.2046875
0 0.215625 0.16328125 0.178125 0.190625
0 0.91484375 0.5390625 0.1703125 0.253125
1 0.90234375 0.63125 0.1953125 0.271875
1 0.87734375 0.7359375 0.215625 0.3109375
1 0.84921875 0.83828125 0.209375 0.3
1 0.82421875 0.89453125 0.1984375 0.2109375
0 0.24140625 0.69921875 0.2421875 0.3125
0 0.0625 0.44375 0.125 0.2875
1 0.02734375 0.56484375 0.0546875 0.2515625