0 0.159375 0.765625 0.13046875 0.09609375
1 0.60703125 0.803125 0.10859375 0.0984375
1 0.8484375 0.80625 0.103125 0.0765625
0 0.11328125 0.84609375 0.1140625 0.11328125
1 0.54921875 0.875 0.1015625 0.084375
1 0.75703125 0.88515625 0.10625 0.07734375
1 0.47421875 0.9484375 0.1109375 0.1015625
1 0.69765625 0.9609375 0.0953125 0.078125
1 0.20078125 0.09765625 0.04921875 0.06953125
1 0.53125 0.11484375 0.06171875 0.05546875
1 0.6890625 0.1234375 0.06015625 0.06328125
1 0.14765625 0.13828125 0.046875 0.07265625
1 0.471875 0.16484375 0.0609375 0.05859375
1 0.975 0.16484375 0.05 0.0640625
1 0.65 0.18125 0.05234375 0.07109375
1 0.11640625 0.20625 0.0625 0.07734375
1 0.59140625 0.21640625 0.05859375 0.06328125
1 0.4375 0.21640625 0.06640625 0.07265625
1 0.96484375 0.2375 0.06328125 0.05703125
1 0.0453125 0.2515625 0.06015625 0.09375
1 0.384375 0.275 0.0609375 0.07265625
1 0.61875 0.02890625 0.053125 0.05703125
1 0.56640625 0.29296875 0.07109375 0.065625
1 0.9265625 0.3015625 0.07734375 0.071875
1 0.3375 0.32421875 0.0625 0.06484375
1 0.50703125 0.33828125 0.07734375 0.06875
1 0.88984375 0.3640625 0.0875 0.07265625
1 0.290625 0.3796875 0.065625 0.07734375
1 0.828125 0.39375 0.0921875 0.071875
1 0.4703125 0.4 0.06015625 0.0796875
1 0.22734375 0.4359375 0.0625 0.08828125
1 0.41015625 0.45234375 0.06484375 0.09140625
1 0.971875 0.4671875 0.05625 0.07734375
1 0.803125 0.490625 0.09296875 0.07421875
1 0.17109375 0.50859375 0.0609375 0.0921875
1 0.3578125 0.51640625 0.0765625 0.0875
1 0.25078125 0.05390625 0.05625 0.065625
1 0.953125 0.54296875 0.07265625 0.053125
1 0.74453125 0.5453125 0.10078125 0.08203125
1 0.0890625 0.5703125 0.06015625 0.07421875
1 0.7171875 0.0609375 0.065625 0.0453125
1 0.3 0.61484375 0.075 0.09453125
1 0.71796875 0.6171875 0.10078125 0.07421875
1 0.91875 0.621875 0.1046875 0.08828125
1 0.5625 0.0625 0.053125 0.0484375
1 0.21796875 0.66328125 0.1 0.1015625
1 0.0609375 0.6671875 0.090625 0.096875
1 0.66484375 0.70234375 0.09921875 0.08984375
1 0.89140625 0.725 0.09609375 0.08984375