0 0.53359375 0.3171875 0.046875 0.046875
0 0.4875 0.34375 0.05 0.05
0 0.659375 0.34453125 0.05625 0.046875
0 0.44765625 0.3765625 0.0515625 0.0640625
0 0.39375 0.40859375 0.0765625 0.08125
0 0.64453125 0.38359375 0.0671875 0.0890625
0 0.60234375 0.409375 0.0640625 0.0765625
0 0.334375 0.45 0.0765625 0.0921875
1 0.928125 0.36640625 0.13125 0.1390625
0 0.2671875 0.49140625 0.08125 0.0984375
0 0.55078125 0.453125 0.08125 0.09375
0 0.19921875 0.53359375 0.0671875 0.0875
0 0.4953125 0.50859375 0.103125 0.128125
0 0.1390625 0.565625 0.0625 0.090625
0 0.42734375 0.571875 0.1171875 0.16875
1 0.93984375 0.528125 0.1203125 0.175
0 0.35 0.63671875 0.125 0.18125
1 0.8875 0.61484375 0.225 0.2828125
0 0.2625 0.71328125 0.1328125 0.1953125
0 0.1703125 0.76328125 0.115625 0.20625
1 0.8203125 0.8609375 0.228125 0.221875
1 0.77109375 0.24765625 0.1078125 0.1125
0 0.57421875 0.2984375 0.0359375 0.0484375