1 0.54296875 0.31640625 0.1265625 0.1265625
1 0.36640625 0.26640625 0.1484375 0.1234375
1 0.55859375 0.396875 0.1390625 0.15
1 0.35078125 0.34609375 0.19375 0.178125
0 0.603125 0.496875 0.1265625 0.125
0 0.35703125 0.4390625 0.1171875 0.1078125
1 0.66875 0.58203125 0.215625 0.2125
1 0.3640625 0.5734375 0.253125 0.2359375
0 0.71484375 0.74296875 0.1671875 0.1890625
1 0.359375 0.75234375 0.265625 0.2609375
1 0.753125 0.88671875 0.21875 0.2265625
0 0.4328125 0.8984375 0.171875 0.203125
0 0.80234375 0.97890625 0.1296875 0.0421875
0 0.56484375 0.96640625 0.1765625 0.0671875
1 0.3609375 0.12109375 0.103125 0.0609375
1 0.49921875 0.175 0.1109375 0.103125
1 0.3375 0.16015625 0.109375 0.0875
0 0.50859375 0.22890625 0.071875 0.0625
1 0.31640625 0.221875 0.1125 0.10625
0 0.4890625 0.28359375 0.0671875 0.06875