1 0.56328125 0.340625 0.1109375 0.2140625
0 0.665625 0.36796875 0.10625 0.1625
1 0.05234375 0.46171875 0.1046875 0.1578125
1 0.76640625 0.36796875 0.115625 0.2046875
1 0.08125 0.48046875 0.096875 0.128125
1 0.12890625 0.47421875 0.1015625 0.1375
1 0.87109375 0.36953125 0.103125 0.171875
1 0.1765625 0.51875 0.1375 0.203125
1 0.27109375 0.55390625 0.1421875 0.2609375
1 0.3765625 0.57734375 0.14375 0.253125
0 0.5265625 0.59765625 0.1515625 0.2890625
1 0.68984375 0.6140625 0.184375 0.3359375
1 0.83828125 0.64609375 0.1765625 0.3734375
0 0.38984375 0.11640625 0.028125 0.0375
0 0.34140625 0.125 0.034375 0.0390625
0 0.4140625 0.12109375 0.0296875 0.040625
0 0.50234375 0.11015625 0.0375 0.0453125
0 0.45078125 0.1234375 0.034375 0.0359375
0 0.5453125 0.115625 0.0390625 0.05625
0 0.64453125 0.12734375 0.040625 0.0484375
0 0.3265625 0.178125 0.028125 0.05625
0 0.28828125 0.18515625 0.0390625 0.059375
0 0.42578125 0.171875 0.0359375 0.0546875
0 0.52421875 0.1765625 0.0453125 0.0640625
0 0.590625 0.175 0.053125 0.0796875
1 0.70234375 0.16171875 0.05625 0.0953125
0 0.6484375 0.1796875 0.0546875 0.09375
1 0.77734375 0.17265625 0.075 0.10625
1 0.171875 0.29140625 0.096875 0.115625
1 0.1703125 0.29765625 0.11875 0.1375
1 0.30625 0.29921875 0.1265625 0.1484375
0 0.18828125 0.34375 0.0453125 0.090625
1 0.45859375 0.31015625 0.1140625 0.1671875
0 0.24296875 0.34296875 0.05 0.1109375
0 0.390625 0.325 0.0671875 0.128125