1 0.6453125 0.303125 0.090625 0.134375
0 0.0140625 0.49296875 0.028125 0.0546875
1 0.25234375 0.5140625 0.175 0.190625
0 0.0484375 0.5859375 0.096875 0.1296875
1 0.39375 0.5625 0.2 0.278125
1 0.515625 0.67265625 0.2328125 0.3078125
0 0.10546875 0.7125 0.178125 0.184375
0 0.20234375 0.85625 0.171875 0.2328125
0 0.36015625 0.89453125 0.175 0.2046875
1 0.553125 0.18828125 0.059375 0.0734375
1 0.609375 0.20703125 0.090625 0.0890625
0 0.675 0.21328125 0.05 0.075
1 0.48515625 0.2359375 0.103125 0.1109375
0 0.5640625 0.28671875 0.06875 0.1078125