1 0.21328125 0.49765625 0.3015625 0.3359375
1 0.446875 0.465625 0.2875 0.3390625
1 0.6875 0.45234375 0.2640625 0.321875
1 0.88515625 0.41171875 0.2296875 0.3234375
1 0.65 0.1046875 0.196875 0.1671875
1 0.48046875 0.11796875 0.196875 0.1671875
0 0.32578125 0.13515625 0.2 0.1671875
0 0.8015625 0.0921875 0.190625 0.1796875
0 0.909375 0.0828125 0.146875 0.165625
1 0.06640625 0.51796875 0.1328125 0.2984375
1 0.02109375 0.21484375 0.0421875 0.0984375
1 0.0359375 0.1421875 0.071875 0.0875
1 0.01484375 0.28984375 0.0296875 0.1078125