1 0.03125 0.8953125 0.028125 0.159375
0 0.0984375 0.9015625 0.1125 0.146875
1 0.2015625 0.88671875 0.11875 0.1546875
0 0.309375 0.8796875 0.10625 0.146875
1 0.40703125 0.8828125 0.0984375 0.15625
1 0.51015625 0.88046875 0.1140625 0.1640625
1 0.609375 0.8671875 0.10625 0.146875
1 0.715625 0.8625 0.11875 0.153125
1 0.8109375 0.8546875 0.121875 0.146875
1 0.9171875 0.85390625 0.1375 0.1546875
1 0.89609375 0.70859375 0.0984375 0.1421875
0 0.97109375 0.703125 0.0578125 0.14375
0 0.796875 0.71640625 0.109375 0.1328125
1 0.703125 0.71796875 0.103125 0.1453125
0 0.60234375 0.7359375 0.1078125 0.128125
1 0.503125 0.73671875 0.1 0.1515625
1 0.40625 0.7359375 0.096875 0.1625
1 0.31484375 0.7234375 0.1046875 0.16875
1 0.2140625 0.74140625 0.109375 0.1578125
1 0.109375 0.7484375 0.096875 0.15625
1 0.0359375 0.75234375 0.053125 0.1578125
0 0.9515625 0.46015625 0.090625 0.1234375
1 0.93125 0.328125 0.121875 0.14375
1 0.853125 0.46171875 0.109375 0.1453125
0 0.8359375 0.3375 0.109375 0.128125
1 0.753125 0.3453125 0.1125 0.1375
1 0.6734375 0.4765625 0.09375 0.1375
0 0.76484375 0.4765625 0.0921875 0.134375
0 0.66328125 0.34765625 0.0953125 0.1265625
0 0.575 0.36328125 0.090625 0.1390625
0 0.58125 0.47890625 0.1 0.1234375
0 0.88046875 0.053125 0.0890625 0.10625
0 0.89140625 0.146875 0.0890625 0.10625
0 0.79609375 0.0578125 0.0921875 0.1125
0 0.81171875 0.16015625 0.0890625 0.1046875
0 0.72109375 0.06484375 0.0953125 0.1234375
0 0.72890625 0.1671875 0.0921875 0.109375
0 0.640625 0.07421875 0.084375 0.1140625
0 0.64453125 0.171875 0.0890625 0.109375
1 0.48984375 0.35859375 0.0921875 0.1296875
1 0.49609375 0.48046875 0.0953125 0.1296875
1 0.403125 0.48671875 0.10625 0.1359375
0 0.40390625 0.3671875 0.0921875 0.11875
1 0.31640625 0.484375 0.1015625 0.13125
1 0.3171875 0.37109375 0.08125 0.1078125
1 0.228125 0.3765625 0.084375 0.11875
1 0.1453125 0.38515625 0.0875 0.1265625
1 0.05 0.3828125 0.090625 0.11875
1 0.56171875 0.17265625 0.0765625 0.0984375
1 0.5546875 0.0734375 0.084375 0.1
1 0.48359375 0.1734375 0.0859375 0.10625
1 0.40546875 0.18515625 0.0921875 0.1140625
1 0.3234375 0.19140625 0.0875 0.1015625
1 0.240625 0.190625 0.096875 0.10625
1 0.15703125 0.18828125 0.0859375 0.0890625
1 0.16875 0.09296875 0.08125 0.1109375
1 0.07734375 0.19296875 0.0859375 0.0828125
1 0.0203125 0.0921875 0.040625 0.09375
1 0.0203125 0.18828125 0.040625 0.1078125
0 0.2203125 0.49765625 0.1 0.1203125
1 0.13671875 0.50234375 0.0953125 0.1234375
1 0.0484375 0.503125 0.096875 0.128125
0 0.48203125 0.08359375 0.0703125 0.0953125
0 0.40625 0.09140625 0.08125 0.0921875
0 0.3265625 0.0953125 0.08125 0.0875
0 0.24375 0.09765625 0.09375 0.0828125
0 0.08515625 0.1 0.0890625 0.1