0 0.81796875 0.69765625 0.34375 0.3125
0 0.6078125 0.64296875 0.3234375 0.384375
0 0.2921875 0.49140625 0.2265625 0.265625
0 0.35625 0.3703125 0.2328125 0.16875
0 0.36875 0.18515625 0.1234375 0.134375
0 0.453125 0.203125 0.1296875 0.13125
0 0.553125 0.2359375 0.140625 0.1328125
0 0.88046875 0.384375 0.1671875 0.1875
0 0.9578125 0.3171875 0.084375 0.125
1 0.97421875 0.38359375 0.0515625 0.1703125
1 0.82265625 0.53359375 0.346875 0.2765625
1 0.6265625 0.46484375 0.2875 0.2453125
1 0.4859375 0.37890625 0.2875 0.2453125
1 0.1875 0.4015625 0.1859375 0.228125
1 0.43671875 0.54296875 0.240625 0.3265625
1 0.09921875 0.33359375 0.184375 0.2203125
1 0.065625 0.29140625 0.096875 0.1734375
0 0.28984375 0.3015625 0.1703125 0.1265625
1 0.1875 0.22734375 0.1984375 0.14375
1 0.11796875 0.078125 0.1015625 0.1453125
1 0.23125 0.10703125 0.1078125 0.146875
1 0.2953125 0.14140625 0.13125 0.1734375
0 0.06328125 0.21640625 0.0515625 0.0953125
0 0.88359375 0.28203125 0.1765625 0.1375
0 0.6515625 0.1921875 0.159375 0.125
0 0.7625 0.22578125 0.1828125 0.14375
1 0.6640625 0.23828125 0.1875 0.221875
1 0.7640625 0.29375 0.1625 0.19375
0 0.5609375 0.17421875 0.1515625 0.125
0 0.4828125 0.1390625 0.15 0.1046875
0 0.3953125 0.115625 0.15625 0.1125
1 0.33359375 0.0765625 0.16875 0.1390625
0 0.1734375 0.0953125 0.09375 0.1015625
0 0.08828125 0.09296875 0.05 0.0859375
0 0.98203125 0.1640625 0.0359375 0.09375
0 0.94609375 0.18828125 0.1078125 0.1046875
0 0.93515625 0.140625 0.1296875 0.09375
0 0.8515625 0.10546875 0.1265625 0.0859375
0 0.77421875 0.08203125 0.15 0.1
0 0.70390625 0.06484375 0.1359375 0.0890625
0 0.625 0.04375 0.1265625 0.0765625
0 0.3109375 0.0296875 0.08125 0.059375
0 0.36484375 0.028125 0.0734375 0.05625
0 0.4171875 0.0328125 0.078125 0.065625
0 0.47421875 0.0484375 0.09375 0.0890625
0 0.54140625 0.0703125 0.1046875 0.1046875
0 0.61328125 0.084375 0.1171875 0.096875
0 0.69375 0.10234375 0.0984375 0.0828125
0 0.771875 0.13046875 0.1203125 0.0921875
0 0.8625 0.16640625 0.11875 0.11875