1 0.9609375 0.58125 0.078125 0.21875
1 0.93125 0.53828125 0.1375 0.2328125
1 0.86015625 0.49375 0.1921875 0.265625
1 0.7765625 0.44921875 0.1671875 0.2453125
1 0.70625 0.4078125 0.178125 0.253125
1 0.6296875 0.36171875 0.159375 0.2390625
1 0.48828125 0.284375 0.184375 0.2828125
0 0.55625 0.346875 0.184375 0.2734375
0 0.86875 0.91875 0.15 0.1625
0 0.7984375 0.88671875 0.225 0.2265625
1 0.696875 0.85390625 0.240625 0.2921875
1 0.60078125 0.840625 0.2140625 0.31875
1 0.509375 0.7984375 0.225 0.3578125
1 0.41328125 0.74921875 0.2078125 0.3375
1 0.32578125 0.7234375 0.19375 0.315625
1 0.225 0.66015625 0.2109375 0.3296875
0 0.12265625 0.62578125 0.2375 0.346875
1 0.4171875 0.24140625 0.1625 0.2328125
1 0.34375 0.209375 0.159375 0.25625
1 0.26953125 0.16484375 0.1578125 0.25
1 0.19140625 0.1328125 0.1640625 0.2546875
1 0.12109375 0.10078125 0.1453125 0.2015625
1 0.084375 0.084375 0.065625 0.16875
1 0.0734375 0.55546875 0.146875 0.3484375
1 0.021875 0.51171875 0.04375 0.3421875
1 0.1375 0.846875 0.20625 0.21875
0 0.05859375 0.80859375 0.1171875 0.2484375
1 0.446875 0.95859375 0.16875 0.0828125
1 0.559375 0.98046875 0.146875 0.0390625