1 0.0921875 0.4515625 0.184375 0.234375
1 0.15078125 0.42265625 0.190625 0.228125
1 0.2265625 0.403125 0.2265625 0.2625
1 0.303125 0.384375 0.2046875 0.24375
1 0.36953125 0.3640625 0.2140625 0.2515625
1 0.440625 0.34296875 0.1953125 0.234375
1 0.5734375 0.3078125 0.2265625 0.275
0 0.50625 0.34609375 0.2234375 0.26875
0 0.11640625 0.77890625 0.2328125 0.2671875
0 0.18984375 0.77890625 0.28125 0.321875
1 0.28046875 0.7640625 0.2953125 0.35625
1 0.365625 0.753125 0.265625 0.3296875
1 0.45078125 0.7265625 0.2796875 0.346875
1 0.540625 0.70546875 0.259375 0.3234375
1 0.6171875 0.7015625 0.24375 0.303125
1 0.7125 0.6703125 0.2609375 0.31875
0 0.80390625 0.6625 0.2875 0.3421875
1 0.64140625 0.2875 0.1953125 0.2296875
1 0.70703125 0.27578125 0.1984375 0.246875
1 0.77734375 0.25390625 0.19375 0.240625
1 0.84765625 0.2453125 0.203125 0.2484375
1 0.9109375 0.21875 0.178125 0.23125
1 0.94453125 0.22109375 0.1109375 0.1953125
1 0.87421875 0.61953125 0.2515625 0.3453125
1 0.92109375 0.5875 0.1578125 0.321875
1 0.74375 0.86328125 0.26875 0.2734375
0 0.83359375 0.84609375 0.2171875 0.284375
0 0.28671875 0.91640625 0.146875 0.1109375
1 0.46796875 0.9078125 0.2140625 0.184375
1 0.37109375 0.9140625 0.1828125 0.171875
0 0.90234375 0.803125 0.1 0.1921875