1 0.946875 0.6359375 0.1046875 0.30625
1 0.8609375 0.56171875 0.246875 0.2421875
1 0.7125 0.46171875 0.203125 0.2546875
1 0.590625 0.38984375 0.19375 0.2234375
1 0.515625 0.33125 0.1921875 0.184375
1 0.45234375 0.28046875 0.1953125 0.1625
1 0.37734375 0.24453125 0.1671875 0.1328125
1 0.32421875 0.209375 0.16875 0.11875
0 0.27734375 0.175 0.1265625 0.1078125
1 0.25 0.146875 0.153125 0.0984375
1 0.20859375 0.12109375 0.153125 0.0984375
1 0.1765625 0.10078125 0.159375 0.10625
1 0.1578125 0.0796875 0.1609375 0.1109375
1 0.1265625 0.0625 0.15625 0.1
1 0.1734375 0.79140625 0.346875 0.3859375
1 0.1453125 0.590625 0.290625 0.2984375
1 0.1109375 0.48359375 0.221875 0.2234375