1 0.09453125 0.62265625 0.1890625 0.5546875
1 0.1484375 0.53203125 0.296875 0.5328125
1 0.23203125 0.40234375 0.4640625 0.5984375
1 0.38203125 0.3140625 0.415625 0.5046875
1 0.51875 0.25546875 0.484375 0.5109375
1 0.65234375 0.18359375 0.4484375 0.3671875
1 0.93359375 0.68203125 0.1328125 0.3796875
1 0.853125 0.74375 0.29375 0.371875
1 0.72109375 0.82734375 0.36875 0.325
1 0.5390625 0.88515625 0.321875 0.2296875
1 0.0671875 0.26171875 0.134375 0.2890625
1 0.13046875 0.20234375 0.2609375 0.2640625
1 0.25 0.13671875 0.3109375 0.2328125
1 0.39921875 0.08515625 0.2734375 0.1703125
1 0.53515625 0.040625 0.2390625 0.08125
1 0.8515625 0.0625 0.096875 0.125