1 0.490625 0.94375 0.240625 0.1125
1 0.58671875 0.88984375 0.2734375 0.2203125
1 0.69140625 0.85078125 0.2796875 0.275
1 0.7875 0.784375 0.284375 0.2984375
0 0.8640625 0.70859375 0.271875 0.2890625
1 0.89921875 0.65078125 0.2015625 0.2578125
1 0.9359375 0.5953125 0.128125 0.23125
1 0.96953125 0.5375 0.0609375 0.1875
1 0.05546875 0.71953125 0.0703125 0.1703125
1 0.10234375 0.6734375 0.1859375 0.215625
0 0.196875 0.6234375 0.203125 0.21875
1 0.28046875 0.58125 0.2078125 0.228125
0 0.36328125 0.5265625 0.1953125 0.2109375
1 0.44921875 0.47890625 0.19375 0.215625
1 0.51484375 0.434375 0.190625 0.196875
0 0.5828125 0.39921875 0.1671875 0.18125
0 0.640625 0.36484375 0.1703125 0.175
1 0.69453125 0.31640625 0.18125 0.1875
1 0.7515625 0.27265625 0.171875 0.1921875
1 0.81328125 0.24375 0.1765625 0.1875
1 0.859375 0.20546875 0.1578125 0.1640625
1 0.8875 0.1828125 0.125 0.175
1 0.05078125 0.51875 0.1015625 0.190625
1 0.0921875 0.48828125 0.153125 0.1734375
1 0.178125 0.446875 0.1703125 0.184375
0 0.2484375 0.425 0.1546875 0.1609375
0 0.3296875 0.38203125 0.171875 0.1734375
0 0.390625 0.34609375 0.1578125 0.1671875
1 0.4515625 0.31875 0.1671875 0.171875
1 0.5203125 0.2828125 0.15625 0.1625
0 0.56953125 0.2546875 0.1640625 0.1828125
0 0.61796875 0.21015625 0.1703125 0.175
0 0.66953125 0.1765625 0.18125 0.184375
0 0.70859375 0.16015625 0.1546875 0.1484375
0 0.7515625 0.13984375 0.159375 0.1625
1 0.384375 0.1421875 0.1359375 0.15
1 0.4484375 0.11328125 0.1359375 0.15
0 0.496875 0.11171875 0.1375 0.146875
0 0.559375 0.0796875 0.1453125 0.1453125
1 0.5953125 0.053125 0.140625 0.10625
1 0.64765625 0.0375 0.1359375 0.075