1 0.696875 0.8375 0.2078125 0.309375
1 0.5828125 0.8046875 0.2109375 0.2890625
1 0.47890625 0.77265625 0.225 0.315625
1 0.37109375 0.76015625 0.228125 0.3078125
1 0.2609375 0.75390625 0.2453125 0.315625
1 0.1734375 0.72265625 0.2203125 0.2890625
1 0.10078125 0.71875 0.2015625 0.309375
1 0.06484375 0.67265625 0.1296875 0.2859375
1 0.7234375 0.43515625 0.1609375 0.2078125
1 0.65078125 0.4234375 0.146875 0.1984375
1 0.58046875 0.41875 0.153125 0.2125
1 0.49921875 0.41953125 0.1546875 0.196875
1 0.425 0.41875 0.1515625 0.1984375
1 0.359375 0.4140625 0.1515625 0.1953125
1 0.2984375 0.4046875 0.140625 0.1890625
1 0.2328125 0.39609375 0.15 0.196875
0 0.17109375 0.39296875 0.14375 0.1921875
1 0.11640625 0.37890625 0.165625 0.2078125
1 0.06875 0.3703125 0.1375 0.1890625
1 0.73359375 0.28984375 0.115625 0.1453125
1 0.6625 0.27265625 0.1203125 0.146875
1 0.59609375 0.26796875 0.1046875 0.1375
1 0.546875 0.2734375 0.115625 0.1484375
1 0.4890625 0.27578125 0.1125 0.146875
1 0.43515625 0.27734375 0.11875 0.140625
1 0.371875 0.27578125 0.1203125 0.14375
1 0.32265625 0.27265625 0.128125 0.146875
1 0.2703125 0.26953125 0.10625 0.1328125
1 0.2234375 0.2578125 0.1234375 0.1484375
1 0.1734375 0.25546875 0.1421875 0.159375
1 0.1296875 0.24921875 0.115625 0.1421875
1 0.0859375 0.2453125 0.10625 0.1453125
1 0.0578125 0.2578125 0.059375 0.1375
1 0.7546875 0.14296875 0.0984375 0.121875
1 0.7 0.14609375 0.0890625 0.1078125
1 0.65 0.14296875 0.09375 0.1171875
1 0.603125 0.140625 0.1015625 0.115625
1 0.55390625 0.14765625 0.090625 0.1
1 0.509375 0.1484375 0.096875 0.1171875
1 0.4625 0.14375 0.1 0.121875
1 0.41640625 0.15234375 0.078125 0.0890625
1 0.3765625 0.153125 0.08125 0.0984375
1 0.33046875 0.153125 0.0984375 0.1125
1 0.290625 0.15078125 0.078125 0.0828125
1 0.24609375 0.14765625 0.08125 0.0984375
1 0.203125 0.14921875 0.078125 0.0890625
1 0.1734375 0.14765625 0.06875 0.0828125
1 0.13515625 0.1421875 0.0734375 0.084375
1 0.63203125 0.08671875 0.0828125 0.096875
1 0.58359375 0.078125 0.0796875 0.096875
1 0.540625 0.08671875 0.09375 0.1109375
1 0.5 0.078125 0.090625 0.103125
1 0.45703125 0.08359375 0.0796875 0.0921875
1 0.4234375 0.0875 0.0828125 0.096875
1 0.38046875 0.08671875 0.08125 0.09375
1 0.34296875 0.09375 0.0765625 0.0828125
1 0.31015625 0.0890625 0.0828125 0.096875
1 0.2671875 0.090625 0.096875 0.103125
1 0.234375 0.08359375 0.0796875 0.0921875
1 0.18828125 0.08515625 0.090625 0.09375
0 0.8921875 0.08515625 0.0875 0.034375
1 0.984375 0.115625 0.03125 0.040625
1 0.865625 0.0765625 0.09375 0.03125
1 0.77734375 0.05625 0.075 0.0265625
1 0.73828125 0.0515625 0.0828125 0.0359375
1 0.70390625 0.0453125 0.0703125 0.0359375
1 0.640625 0.03984375 0.071875 0.0546875
1 0.60390625 0.028125 0.05625 0.0453125
1 0.5734375 0.03046875 0.071875 0.0609375
1 0.54296875 0.02734375 0.0671875 0.0546875
1 0.50078125 0.03046875 0.0703125 0.0609375
1 0.46953125 0.0359375 0.0828125 0.071875
1 0.4421875 0.034375 0.084375 0.06875
1 0.40390625 0.02890625 0.0640625 0.0578125
1 0.37421875 0.0328125 0.0796875 0.065625
1 0.346875 0.03671875 0.08125 0.0734375
1 0.3140625 0.03046875 0.06875 0.0609375
1 0.2828125 0.0328125 0.075 0.065625
1 0.246875 0.03515625 0.075 0.0703125