1 0.87421875 0.86875 0.1953125 0.2625
1 0.8953125 0.91640625 0.109375 0.1671875
1 0.81953125 0.7984375 0.2078125 0.290625
1 0.753125 0.7125 0.190625 0.265625
1 0.70078125 0.628125 0.2078125 0.271875
0 0.61171875 0.584375 0.1953125 0.253125
0 0.565625 0.5171875 0.190625 0.246875
1 0.5328125 0.43828125 0.215625 0.2421875
1 0.48203125 0.37421875 0.1890625 0.2421875
1 0.4390625 0.3140625 0.2125 0.2625
1 0.3953125 0.2546875 0.1875 0.221875
0 0.34609375 0.21640625 0.1734375 0.2171875
1 0.315625 0.165625 0.175 0.221875
1 0.28125 0.1171875 0.190625 0.23125
1 0.24921875 0.09609375 0.1890625 0.1921875
1 0.2171875 0.06328125 0.184375 0.1265625
1 0.18359375 0.04609375 0.1671875 0.0921875
1 0.1515625 0.02890625 0.13125 0.0578125
1 0.1421875 0.01171875 0.09375 0.0234375
1 0.41171875 0.9484375 0.2234375 0.103125
1 0.34375 0.89375 0.265625 0.209375
1 0.27109375 0.825 0.3109375 0.33125
0 0.21328125 0.76640625 0.3015625 0.3921875
1 0.17578125 0.67890625 0.2671875 0.3453125
1 0.1171875 0.59765625 0.234375 0.3328125
0 0.09609375 0.525 0.1921875 0.3
1 0.09140625 0.45703125 0.1828125 0.3140625
1 0.07578125 0.3953125 0.1515625 0.28125
1 0.053125 0.32734375 0.096875 0.2453125
1 0.06796875 0.85 0.1359375 0.16875
1 0.040625 0.796875 0.08125 0.21875
1 0.00703125 0.7453125 0.0140625 0.259375
1 0.96953125 0.65546875 0.0609375 0.2421875
1 0.93984375 0.5796875 0.1203125 0.259375
1 0.90390625 0.51328125 0.1796875 0.2546875
1 0.84453125 0.45703125 0.1765625 0.2453125
1 0.7828125 0.384375 0.15625 0.21875
1 0.7390625 0.33828125 0.178125 0.2296875
1 0.6921875 0.2921875 0.159375 0.215625
1 0.64765625 0.23671875 0.1546875 0.2078125
1 0.61015625 0.19375 0.1578125 0.2
0 0.5625 0.15859375 0.146875 0.1859375
1 0.52265625 0.10390625 0.1609375 0.2078125
1 0.48984375 0.075 0.1546875 0.15
1 0.459375 0.04453125 0.14375 0.0890625
1 0.41484375 0.03046875 0.1453125 0.0609375
1 0.98203125 0.2765625 0.0359375 0.2
0 0.9546875 0.24609375 0.090625 0.1734375
0 0.9296875 0.203125 0.140625 0.19375
1 0.903125 0.16640625 0.14375 0.1796875
1 0.86171875 0.11640625 0.1453125 0.1578125
1 0.80859375 0.08828125 0.1265625 0.1203125
1 0.97265625 0.15703125 0.0546875 0.1265625
1 0.7625 0.0640625 0.1 0.08125
1 0.36953125 0.0171875 0.1390625 0.034375