1 0.89453125 0.875 0.0953125 0.1859375
1 0.8171875 0.8703125 0.1796875 0.2140625
1 0.7015625 0.86484375 0.1921875 0.196875
1 0.5859375 0.84765625 0.171875 0.190625
1 0.47578125 0.8359375 0.184375 0.196875
1 0.3484375 0.8203125 0.190625 0.203125
1 0.240625 0.8015625 0.196875 0.209375
1 0.11484375 0.796875 0.2015625 0.2125
1 0.0515625 0.77109375 0.103125 0.2109375
1 0.02421875 0.60703125 0.0484375 0.1734375
0 0.08203125 0.6296875 0.1640625 0.196875
1 0.16796875 0.640625 0.1703125 0.1953125
1 0.27578125 0.64921875 0.1671875 0.1796875
1 0.38125 0.65859375 0.1671875 0.1921875
0 0.49375 0.671875 0.1796875 0.196875
1 0.6046875 0.690625 0.175 0.2015625
0 0.7140625 0.7125 0.1625 0.1828125
1 0.81875 0.70625 0.1546875 0.178125
1 0.9109375 0.721875 0.1328125 0.1828125
1 0.9703125 0.44296875 0.059375 0.1546875
1 0.91796875 0.43984375 0.1421875 0.1578125
1 0.81953125 0.4265625 0.1515625 0.1578125
1 0.7265625 0.41328125 0.1484375 0.1546875
1 0.628125 0.41171875 0.1515625 0.1671875
1 0.5375 0.3984375 0.1453125 0.153125
1 0.4453125 0.3875 0.1390625 0.1453125
1 0.34921875 0.37734375 0.1484375 0.1546875
1 0.2578125 0.3703125 0.1546875 0.1578125
1 0.1625 0.35703125 0.1625 0.1578125
0 0.07734375 0.3515625 0.1359375 0.1484375
1 0.03359375 0.33671875 0.0484375 0.1375
1 0.96640625 0.190625 0.0671875 0.13125
1 0.91171875 0.18125 0.1421875 0.15
1 0.8328125 0.1765625 0.13125 0.140625
1 0.75 0.1546875 0.128125 0.14375
1 0.66640625 0.153125 0.1296875 0.14375
1 0.59453125 0.14140625 0.125 0.140625
1 0.51015625 0.13515625 0.1296875 0.14375
1 0.4234375 0.12109375 0.13125 0.14375
1 0.34609375 0.1234375 0.1234375 0.1421875
1 0.26953125 0.09921875 0.1390625 0.1546875
1 0.1859375 0.0890625 0.1390625 0.153125
1 0.12109375 0.0921875 0.09375 0.134375