1 0.959375 0.63046875 0.08125 0.3265625
1 0.875 0.5578125 0.25 0.271875
1 0.728125 0.465625 0.23125 0.28125
1 0.59453125 0.3984375 0.21875 0.2484375
1 0.51171875 0.34296875 0.2140625 0.2078125
1 0.44140625 0.29453125 0.215625 0.184375
1 0.3609375 0.2625 0.184375 0.1515625
1 0.30234375 0.2296875 0.1859375 0.1359375
0 0.25078125 0.196875 0.140625 0.121875
1 0.22109375 0.16953125 0.1671875 0.1140625
1 0.175 0.1453125 0.1671875 0.1140625
1 0.140625 0.1265625 0.175 0.1234375
1 0.11953125 0.10625 0.1765625 0.128125
1 0.08515625 0.090625 0.1703125 0.115625
1 0.19453125 0.81640625 0.3703125 0.3671875
1 0.153125 0.63984375 0.30625 0.3328125
1 0.11171875 0.53046875 0.2234375 0.2484375