1 0.0890625 0.5734375 0.178125 0.571875
1 0.1484375 0.4875 0.296875 0.5375
1 0.246875 0.36171875 0.45625 0.5921875
1 0.41171875 0.28359375 0.396875 0.5
1 0.559375 0.24296875 0.459375 0.4859375
1 0.70078125 0.175 0.4296875 0.35
1 0.9421875 0.70703125 0.115625 0.3828125
1 0.85703125 0.7609375 0.2859375 0.365625
1 0.7203125 0.83046875 0.3640625 0.3203125
1 0.53125 0.88125 0.31875 0.2375
1 0.08046875 0.21484375 0.1609375 0.2640625
1 0.146875 0.16015625 0.29375 0.2296875
1 0.29453125 0.10625 0.3046875 0.2
1 0.44921875 0.06640625 0.2671875 0.1328125
1 0.59140625 0.0265625 0.2359375 0.053125