1 0.775 0.76640625 0.2796875 0.421875
1 0.61640625 0.78671875 0.271875 0.4140625
1 0.465625 0.790625 0.2625 0.4109375
1 0.31328125 0.7984375 0.2546875 0.3875
1 0.15390625 0.79375 0.2703125 0.3671875
1 0.10703125 0.1890625 0.1828125 0.3171875
1 0.03828125 0.19765625 0.0484375 0.2875
1 0.3546875 0.1765625 0.2140625 0.3046875
1 0.48359375 0.1609375 0.2171875 0.3109375
1 0.61875 0.15 0.2171875 0.2984375
1 0.8640625 0.15 0.20625 0.2453125
0 0.7421875 0.1515625 0.21875 0.275
0 0.2203125 0.17734375 0.2125 0.3125
1 0.07734375 0.81171875 0.1546875 0.3046875