1 0.05703125 0.625 0.1125 0.21875
1 0.08359375 0.57109375 0.15625 0.21875
1 0.1515625 0.5203125 0.1890625 0.25
1 0.22109375 0.4703125 0.16875 0.2328125
1 0.28046875 0.42421875 0.1796875 0.2390625
1 0.34296875 0.37265625 0.159375 0.2265625
1 0.46171875 0.284375 0.1828125 0.265625
0 0.409375 0.34921875 0.1828125 0.2578125
0 0.17734375 0.91484375 0.2328125 0.1703125
0 0.2671875 0.8796875 0.234375 0.240625
1 0.3515625 0.8453125 0.240625 0.309375
1 0.43359375 0.81640625 0.2140625 0.3203125
1 0.509375 0.75546875 0.225 0.3359375
1 0.590625 0.69765625 0.209375 0.315625
1 0.66640625 0.66171875 0.1953125 0.2953125
1 0.74921875 0.59140625 0.2109375 0.3078125
0 0.8375 0.546875 0.2359375 0.328125
1 0.521875 0.2359375 0.1625 0.21875
1 0.58359375 0.196875 0.1609375 0.2390625
1 0.64609375 0.14765625 0.15625 0.2328125
1 0.7125 0.1140625 0.165625 0.228125
1 0.77421875 0.08203125 0.1578125 0.1640625
1 0.8265625 0.06484375 0.128125 0.1296875
1 0.89765625 0.47109375 0.2046875 0.3359375
1 0.93984375 0.4140625 0.1203125 0.334375
1 0.8671875 0.79296875 0.225 0.2953125
0 0.928125 0.71875 0.14375 0.28125
0 0.4203125 0.98515625 0.140625 0.0296875
1 0.60546875 0.92421875 0.1890625 0.15
1 0.50390625 0.9515625 0.1640625 0.096875
0 0.9828125 0.6484375 0.034375 0.20625