1 0.31328125 0.815625 0.1765625 0.35
1 0.459375 0.8078125 0.16875 0.34375
1 0.59609375 0.7890625 0.1609375 0.34375
1 0.73828125 0.78359375 0.1515625 0.3484375
1 0.88359375 0.77421875 0.1671875 0.3640625
1 0.84140625 0.1859375 0.1421875 0.2625
1 0.93984375 0.17578125 0.0953125 0.2609375
1 0.596875 0.21875 0.1375 0.25
1 0.47890625 0.22578125 0.1390625 0.2546875
1 0.35546875 0.23046875 0.1390625 0.2546875
1 0.12421875 0.240625 0.1328125 0.271875
0 0.23984375 0.23984375 0.1421875 0.2578125
0 0.71875 0.19921875 0.134375 0.2578125
1 0.9609375 0.78125 0.078125 0.34375