1 0.1015625 0.35859375 0.203125 0.5328125
1 0.1734375 0.31796875 0.346875 0.5171875
1 0.32421875 0.2890625 0.4734375 0.578125
1 0.49609375 0.31484375 0.409375 0.4890625
1 0.65625 0.3171875 0.4859375 0.5796875
1 0.7953125 0.31953125 0.409375 0.4953125
1 0.75625 0.88671875 0.275 0.2265625
1 0.6421875 0.88515625 0.390625 0.2296875
1 0.4515625 0.87265625 0.353125 0.2546875
1 0.26640625 0.85234375 0.3078125 0.2578125
1 0.2546875 0.09765625 0.265625 0.1953125
1 0.35234375 0.0953125 0.3390625 0.190625
1 0.509375 0.109375 0.31875 0.21875
1 0.6609375 0.11953125 0.28125 0.2390625
1 0.80234375 0.15078125 0.246875 0.1953125