1 0.209375 0.94140625 0.1671875 0.071875
1 0.36328125 0.9296875 0.2046875 0.1359375
1 0.46640625 0.89375 0.2171875 0.2125
1 0.5703125 0.8578125 0.2125 0.215625
1 0.67265625 0.8171875 0.2109375 0.2296875
0 0.76015625 0.76796875 0.203125 0.221875
1 0.83984375 0.734375 0.215625 0.190625
1 0.90078125 0.69140625 0.1765625 0.1859375
1 0.940625 0.64609375 0.1078125 0.1640625
1 0.0234375 0.584375 0.046875 0.15625
1 0.08046875 0.55390625 0.14375 0.171875
0 0.1828125 0.53125 0.15 0.1703125
1 0.26796875 0.5140625 0.1515625 0.178125
0 0.3546875 0.48515625 0.14375 0.1640625
1 0.44296875 0.4625 0.140625 0.16875
1 0.5125 0.4390625 0.1421875 0.1515625
0 0.58203125 0.4234375 0.121875 0.1421875
0 0.6421875 0.40703125 0.1265625 0.134375
1 0.7015625 0.37578125 0.134375 0.14375
1 0.76328125 0.35078125 0.1234375 0.1515625
1 0.825 0.33984375 0.13125 0.14375
1 0.87578125 0.31640625 0.1171875 0.1265625
1 0.93203125 0.30234375 0.13125 0.146875
1 0.053125 0.39921875 0.10625 0.1609375
1 0.121875 0.3859375 0.1109375 0.1359375
1 0.20859375 0.36953125 0.125 0.14375
0 0.2765625 0.36640625 0.115625 0.1234375
0 0.359375 0.34765625 0.1296875 0.13125
0 0.42265625 0.33046875 0.1171875 0.1296875
1 0.48359375 0.3203125 0.125 0.13125
1 0.55390625 0.30390625 0.1171875 0.1234375
0 0.6046875 0.29140625 0.11875 0.14375
0 0.65859375 0.2625 0.1265625 0.134375
0 0.71328125 0.24453125 0.1359375 0.140625
0 0.7515625 0.23984375 0.11875 0.1109375
0 0.79453125 0.23203125 0.1203125 0.1234375
1 0.46640625 0.1453125 0.0984375 0.1171875
1 0.5296875 0.13515625 0.0984375 0.1171875
0 0.57421875 0.1453125 0.1015625 0.1140625
0 0.6375 0.13203125 0.109375 0.1109375
1 0.67890625 0.1046875 0.1078125 0.1
1 0.73359375 0.09140625 0.1046875 0.0953125