1 0.73515625 0.915625 0.2703125 0.16875
1 0.73984375 0.9734375 0.1546875 0.053125
1 0.70234375 0.86484375 0.3015625 0.2703125
1 0.66640625 0.79921875 0.275 0.3234375
1 0.64375 0.7 0.29375 0.334375
0 0.57109375 0.6265625 0.275 0.3125
0 0.5484375 0.5453125 0.26875 0.3046875
1 0.54375 0.4578125 0.2921875 0.309375
1 0.515625 0.378125 0.265625 0.3
1 0.49375 0.30546875 0.2953125 0.328125
1 0.47109375 0.23203125 0.2578125 0.2796875
0 0.43515625 0.17890625 0.2421875 0.2703125
1 0.42265625 0.128125 0.2453125 0.25625
1 0.4046875 0.10234375 0.2625 0.2046875
1 0.3796875 0.0765625 0.246875 0.153125
1 0.36015625 0.03828125 0.2203125 0.0765625
1 0.33359375 0.015625 0.1921875 0.03125
1 0.2578125 0.90234375 0.24375 0.1515625
1 0.209375 0.82734375 0.321875 0.2703125
1 0.1828125 0.7390625 0.365625 0.4125
0 0.1671875 0.6703125 0.334375 0.484375
1 0.15078125 0.57265625 0.3015625 0.4265625
1 0.12734375 0.4765625 0.2546875 0.396875
0 0.11640625 0.3984375 0.2328125 0.35
1 0.12421875 0.33125 0.2484375 0.359375
1 0.12265625 0.265625 0.2203125 0.31875
1 0.12109375 0.19140625 0.159375 0.265625
1 0.02265625 0.70625 0.0453125 0.203125
1 0.8921875 0.81484375 0.13125 0.253125
1 0.88828125 0.73046875 0.196875 0.290625
1 0.875 0.65546875 0.25 0.3078125
1 0.84140625 0.58125 0.2546875 0.2984375
1 0.80546875 0.4890625 0.225 0.265625
1 0.77890625 0.4296875 0.25 0.284375
1 0.7484375 0.36875 0.228125 0.2640625
1 0.7234375 0.3 0.2203125 0.2546875
1 0.70078125 0.2453125 0.221875 0.2484375
0 0.66640625 0.19453125 0.20625 0.23125
1 0.6453125 0.13125 0.225 0.25
1 0.62265625 0.09375 0.1984375 0.1875
1 0.603125 0.0578125 0.16875 0.115625
1 0.5640625 0.03671875 0.159375 0.0734375
0 0.97265625 0.409375 0.0546875 0.196875
0 0.9546875 0.36015625 0.090625 0.2328125
1 0.94765625 0.31640625 0.1046875 0.2234375
1 0.9375 0.2546875 0.125 0.203125
1 0.9234375 0.2078125 0.153125 0.159375
1 0.89375 0.16953125 0.125 0.1125
1 0.52421875 0.015625 0.1453125 0.03125