1 0.909375 0.6390625 0.18125 0.225
1 0.85625 0.58203125 0.16875 0.221875
1 0.790625 0.53046875 0.203125 0.2546875
1 0.7203125 0.4796875 0.178125 0.2328125
1 0.6640625 0.43203125 0.1890625 0.2421875
1 0.60078125 0.3796875 0.171875 0.228125
1 0.48515625 0.28984375 0.2 0.26875
0 0.5375 0.35546875 0.1984375 0.2609375
0 0.75703125 0.91875 0.2453125 0.1625
0 0.66640625 0.88203125 0.2515625 0.2359375
1 0.5859375 0.84609375 0.2625 0.3078125
1 0.5046875 0.81796875 0.2328125 0.321875
1 0.4296875 0.75625 0.2453125 0.3390625
1 0.35078125 0.69765625 0.228125 0.3171875
1 0.27578125 0.6625 0.2125 0.2984375
1 0.19453125 0.590625 0.2296875 0.3109375
0 0.1171875 0.5453125 0.234375 0.33125
1 0.42734375 0.24140625 0.1734375 0.221875
1 0.365625 0.20078125 0.1734375 0.2421875
1 0.30546875 0.1515625 0.171875 0.2359375
1 0.2375 0.115625 0.178125 0.23125
1 0.1796875 0.08359375 0.165625 0.1671875
1 0.15078125 0.06328125 0.0953125 0.1265625
1 0.0796875 0.47109375 0.159375 0.3265625
1 0.0375 0.42265625 0.075 0.3046875
1 0.09609375 0.76796875 0.1921875 0.2609375
0 0.0453125 0.7140625 0.090625 0.28125
0 0.51953125 0.98515625 0.1265625 0.0296875
1 0.3421875 0.9171875 0.171875 0.15
1 0.4390625 0.95 0.15 0.1