1 0.9375 0.50625 0.125 0.328125
1 0.8546875 0.459375 0.290625 0.309375
1 0.6921875 0.40703125 0.2734375 0.3078125
1 0.553125 0.3734375 0.2546875 0.275
1 0.4625 0.3390625 0.2421875 0.2359375
1 0.3859375 0.30859375 0.2375 0.215625
1 0.30234375 0.29609375 0.2015625 0.178125
1 0.23984375 0.27734375 0.1984375 0.165625
0 0.184375 0.25859375 0.1546875 0.1421875
1 0.15 0.23828125 0.178125 0.140625
1 0.1015625 0.22578125 0.178125 0.140625
1 0.078125 0.215625 0.15625 0.15
1 0.0671875 0.20078125 0.134375 0.1546875
1 0.046875 0.1921875 0.09375 0.14375
1 0.27265625 0.82421875 0.4390625 0.3515625
1 0.1859375 0.69921875 0.359375 0.371875
1 0.12734375 0.60546875 0.2546875 0.2796875