1 0.89609375 0.58828125 0.2078125 0.4109375
0 0.790625 0.6296875 0.33125 0.396875
1 0.63046875 0.6578125 0.3203125 0.3890625
1 0.46640625 0.684375 0.29375 0.378125
1 0.29296875 0.6953125 0.3296875 0.4
1 0.159375 0.715625 0.31875 0.4375
1 0.09609375 0.684375 0.1921875 0.365625
1 0.90234375 0.34140625 0.1953125 0.2765625
0 0.815625 0.35625 0.2640625 0.290625
1 0.69296875 0.3765625 0.26875 0.3078125
1 0.57265625 0.384375 0.25625 0.2890625
1 0.4515625 0.4328125 0.253125 0.303125
1 0.3203125 0.43515625 0.25 0.2984375
1 0.19140625 0.44375 0.2515625 0.3
1 0.09375 0.44921875 0.1875 0.2703125
1 0.0328125 0.45703125 0.065625 0.2390625
1 0.875 0.08984375 0.0640625 0.14375
1 0.8375 0.090625 0.128125 0.1609375
1 0.7671875 0.08828125 0.14375 0.1578125
1 0.6890625 0.10390625 0.140625 0.14375
1 0.59921875 0.11015625 0.13125 0.1453125
1 0.521875 0.1375 0.1359375 0.140625
1 0.434375 0.15546875 0.15 0.15
1 0.3609375 0.16484375 0.1484375 0.1640625
1 0.26875 0.171875 0.1578125 0.1671875
1 0.1859375 0.18125 0.1546875 0.1625
1 0.10859375 0.19296875 0.1609375 0.1671875
1 0.06171875 0.21015625 0.1234375 0.1765625
1 0.82578125 0.02265625 0.0703125 0.0453125
1 0.78515625 0.03046875 0.1421875 0.0609375
0 0.7125 0.0390625 0.121875 0.078125
1 0.6515625 0.04375 0.11875 0.0875
1 0.57265625 0.05 0.1390625 0.1
1 0.5 0.059375 0.128125 0.11875
1 0.428125 0.07109375 0.121875 0.1203125
1 0.3578125 0.075 0.10625 0.10625
1 0.2890625 0.0890625 0.1 0.1046875
1 0.2265625 0.09921875 0.0859375 0.0796875
1 0.16171875 0.11796875 0.090625 0.0734375
1 0.0921875 0.134375 0.0984375 0.0640625
1 0.03359375 0.1546875 0.0671875 0.053125