1 0.8484375 0.6578125 0.18125 0.309375
0 0.7015625 0.64453125 0.190625 0.2890625
1 0.56484375 0.62265625 0.1828125 0.2828125
1 0.42421875 0.5984375 0.1609375 0.284375
1 0.28046875 0.559375 0.1890625 0.29375
1 0.1421875 0.53984375 0.21875 0.3328125
1 0.078125 0.490625 0.15625 0.309375
1 0.91328125 0.44453125 0.1734375 0.2140625
0 0.79921875 0.4296875 0.1640625 0.203125
1 0.69375 0.4125 0.1625 0.21875
1 0.59375 0.384375 0.153125 0.203125
1 0.4828125 0.38984375 0.146875 0.2203125
1 0.37578125 0.35546875 0.1453125 0.2171875
1 0.2703125 0.32578125 0.146875 0.2171875
1 0.1703125 0.29609375 0.140625 0.1921875
1 0.07734375 0.2796875 0.1171875 0.2
1 0.959375 0.234375 0.08125 0.13125
1 0.90546875 0.21875 0.1046875 0.11875
1 0.83515625 0.1984375 0.0890625 0.109375
1 0.7671875 0.1890625 0.090625 0.096875
1 0.6921875 0.17109375 0.08125 0.1015625
1 0.621875 0.1703125 0.0875 0.096875
1 0.54609375 0.1609375 0.0984375 0.1
1 0.48359375 0.14765625 0.0921875 0.1140625
1 0.40859375 0.12734375 0.1015625 0.1140625
1 0.3375 0.11171875 0.1 0.1109375
1 0.271875 0.1 0.103125 0.1125
1 0.20625 0.08515625 0.125 0.1296875
1 0.12890625 0.075 0.1078125 0.11875
1 0.98046875 0.1421875 0.0390625 0.090625
1 0.94296875 0.134375 0.0953125 0.084375
1 0.87578125 0.1234375 0.0953125 0.090625
0 0.81171875 0.1265625 0.0796875 0.084375
1 0.759375 0.1125 0.075 0.090625
1 0.69375 0.0984375 0.09375 0.090625
1 0.62734375 0.096875 0.0859375 0.08125
1 0.5640625 0.090625 0.08125 0.078125
1 0.50703125 0.07421875 0.0703125 0.0703125
1 0.44609375 0.0625 0.0640625 0.075
1 0.39375 0.04765625 0.059375 0.0671875
1 0.33515625 0.0390625 0.0640625 0.071875
1 0.275 0.03125 0.078125 0.0625
1 0.21015625 0.0265625 0.0765625 0.053125
1 0.140625 0.02421875 0.084375 0.0484375