1 0.9203125 0.4046875 0.159375 0.215625
1 0.84921875 0.3859375 0.15 0.2140625
1 0.7671875 0.3765625 0.1828125 0.2453125
1 0.68125 0.37109375 0.159375 0.225
1 0.60859375 0.359375 0.1703125 0.2328125
1 0.528125 0.34921875 0.153125 0.2203125
1 0.38359375 0.334375 0.178125 0.259375
0 0.46171875 0.3625 0.178125 0.2515625
0 0.93359375 0.77265625 0.1328125 0.2765625
0 0.871875 0.77734375 0.225 0.31875
1 0.7703125 0.765625 0.234375 0.334375
1 0.67734375 0.76796875 0.20625 0.3125
1 0.58203125 0.75546875 0.2171875 0.328125
1 0.48515625 0.746875 0.2015625 0.309375
1 0.403125 0.75703125 0.1875 0.290625
1 0.296875 0.73984375 0.203125 0.3015625
0 0.2 0.746875 0.228125 0.31875
1 0.309375 0.32421875 0.15625 0.2140625
1 0.23671875 0.32265625 0.153125 0.234375
1 0.16015625 0.3125 0.1515625 0.2296875
1 0.0828125 0.3140625 0.159375 0.2328125
1 0.0390625 0.296875 0.078125 0.225
1 0.10703125 0.71640625 0.2015625 0.321875
1 0.05234375 0.696875 0.1046875 0.309375
1 0.29453125 0.91171875 0.2046875 0.1765625
0 0.1796875 0.91015625 0.203125 0.1796875
0 0.7921875 0.921875 0.125 0.071875
1 0.59296875 0.934375 0.1640625 0.13125
1 0.6984375 0.9234375 0.14375 0.1125
0 0.109375 0.9140625 0.075 0.171875