1 0.00859375 0.88046875 0.0171875 0.1703125
0 0.071875 0.89140625 0.1234375 0.159375
1 0.18125 0.8796875 0.13125 0.1671875
0 0.29375 0.8765625 0.1171875 0.1578125
1 0.396875 0.884375 0.109375 0.16875
1 0.50546875 0.88515625 0.1265625 0.1765625
1 0.6109375 0.87421875 0.1171875 0.1578125
1 0.7234375 0.87265625 0.13125 0.165625
1 0.82421875 0.86875 0.1328125 0.159375
1 0.92578125 0.871875 0.1296875 0.1671875
1 0.91875 0.71796875 0.109375 0.153125
0 0.98046875 0.71484375 0.0296875 0.1515625
0 0.8140625 0.721875 0.1203125 0.14375
1 0.715625 0.7203125 0.1140625 0.15625
0 0.609375 0.7359375 0.11875 0.1390625
1 0.5046875 0.73203125 0.1109375 0.1640625
1 0.40234375 0.728125 0.1078125 0.175
1 0.30546875 0.71171875 0.115625 0.18125
1 0.19921875 0.728125 0.121875 0.1703125
1 0.08828125 0.73125 0.1078125 0.16875
1 0.0203125 0.73203125 0.040625 0.1671875
0 0.96796875 0.45703125 0.0640625 0.1328125
1 0.95078125 0.31796875 0.0984375 0.1546875
1 0.88203125 0.45546875 0.1203125 0.1578125
0 0.86953125 0.32421875 0.1203125 0.1390625
1 0.78125 0.32890625 0.1234375 0.15
1 0.69375 0.46484375 0.1046875 0.1484375
0 0.7890625 0.46875 0.1015625 0.1453125
0 0.6875 0.32890625 0.1046875 0.1375
0 0.59296875 0.3421875 0.1 0.15
0 0.59609375 0.4640625 0.109375 0.134375
0 0.92578125 0.04921875 0.0953125 0.071875
0 0.93515625 0.12578125 0.096875 0.115625
0 0.83671875 0.05 0.1 0.0796875
0 0.85 0.13671875 0.096875 0.1140625
0 0.7578125 0.053125 0.103125 0.0921875
0 0.76328125 0.140625 0.1015625 0.11875
0 0.67265625 0.05234375 0.0921875 0.096875
0 0.67421875 0.14296875 0.0984375 0.11875
1 0.50390625 0.33359375 0.1015625 0.140625
1 0.50546875 0.46171875 0.10625 0.140625
1 0.40703125 0.46640625 0.1171875 0.146875
0 0.41328125 0.33984375 0.1015625 0.128125
1 0.3171875 0.46015625 0.1125 0.1421875
1 0.321875 0.34140625 0.090625 0.1171875
1 0.22734375 0.34296875 0.09375 0.128125
1 0.1390625 0.34921875 0.096875 0.1375
1 0.046875 0.34453125 0.0859375 0.128125
1 0.5859375 0.14140625 0.084375 0.10625
1 0.58203125 0.0453125 0.0921875 0.0890625
1 0.50390625 0.1390625 0.09375 0.1140625
1 0.421875 0.1484375 0.1015625 0.1234375
1 0.33359375 0.15078125 0.0953125 0.1109375
1 0.2484375 0.14765625 0.10625 0.115625
1 0.159375 0.14140625 0.09375 0.096875
1 0.17421875 0.05078125 0.0890625 0.1015625
1 0.07578125 0.14375 0.09375 0.090625
1 0.028125 0.04375 0.028125 0.0875
1 0.025 0.1375 0.0296875 0.115625
0 0.21484375 0.47109375 0.109375 0.1296875
1 0.12578125 0.471875 0.1046875 0.134375
1 0.04375 0.4703125 0.0875 0.1375
0 0.5046875 0.04765625 0.078125 0.0953125
0 0.42578125 0.04921875 0.0890625 0.0984375
0 0.3421875 0.0515625 0.0890625 0.0953125
0 0.2546875 0.05 0.1015625 0.090625
0 0.0859375 0.05078125 0.096875 0.1015625