1 0.04453125 0.615625 0.0890625 0.246875
1 0.0765625 0.56953125 0.153125 0.2671875
1 0.13515625 0.52578125 0.25625 0.3125
1 0.22421875 0.48515625 0.2265625 0.2875
1 0.29765625 0.44453125 0.240625 0.296875
1 0.38125 0.4015625 0.215625 0.278125
1 0.534375 0.32890625 0.253125 0.328125
0 0.45859375 0.38984375 0.25 0.31875
0 0.1015625 0.9109375 0.171875 0.078125
0 0.18125 0.884375 0.253125 0.171875
1 0.290625 0.8640625 0.2859375 0.2515625
1 0.38828125 0.8578125 0.2703125 0.284375
1 0.48515625 0.82734375 0.3015625 0.3453125
1 0.5859375 0.8125 0.2875 0.375
1 0.67890625 0.7953125 0.26875 0.3640625
1 0.78515625 0.73515625 0.290625 0.38125
0 0.86640625 0.69765625 0.2671875 0.3984375
1 0.609375 0.28671875 0.2171875 0.2703125
1 0.68671875 0.25546875 0.2203125 0.2953125
1 0.76640625 0.215625 0.215625 0.2875
1 0.8515625 0.18828125 0.225 0.2921875
1 0.9109375 0.16484375 0.178125 0.2203125
1 0.91640625 0.62578125 0.1671875 0.3828125
1 0.97265625 0.58515625 0.0546875 0.3484375
1 0.846875 0.903125 0.203125 0.19375
0 0.9171875 0.8625 0.0875 0.2125
1 0.53359375 0.9890625 0.1484375 0.021875