1 0.82265625 0.72578125 0.2609375 0.3625
0 0.675 0.67734375 0.265625 0.3453125
1 0.53828125 0.621875 0.25625 0.3359375
1 0.3984375 0.56328125 0.234375 0.3328125
1 0.25859375 0.48828125 0.265625 0.3484375
1 0.13671875 0.4359375 0.2734375 0.396875
1 0.0921875 0.3734375 0.184375 0.35
1 0.9125 0.5171875 0.175 0.25625
0 0.8265625 0.478125 0.21875 0.25
1 0.721875 0.4359375 0.2203125 0.265625
1 0.625 0.38203125 0.20625 0.246875
1 0.50859375 0.36171875 0.2046875 0.2625
1 0.40625 0.30078125 0.2015625 0.259375
1 0.3046875 0.24453125 0.2046875 0.259375
1 0.20859375 0.190625 0.190625 0.2328125
1 0.1234375 0.15234375 0.1546875 0.23125
1 0.990625 0.31171875 0.01875 0.1484375
1 0.959375 0.284375 0.08125 0.146875
1 0.91875 0.24765625 0.11875 0.134375
1 0.8515625 0.221875 0.1171875 0.121875
1 0.778125 0.1859375 0.1078125 0.125
1 0.7046875 0.16796875 0.1140625 0.121875
1 0.62890625 0.13984375 0.1265625 0.1265625
1 0.5671875 0.11171875 0.121875 0.140625
1 0.4953125 0.07265625 0.1328125 0.1421875
1 0.42421875 0.05390625 0.1296875 0.1078125
1 0.35859375 0.04140625 0.1328125 0.0828125
1 0.2921875 0.03125 0.153125 0.0625
1 0.2140625 0.0125 0.13125 0.025
1 0.959375 0.1796875 0.08125 0.115625
0 0.91171875 0.16796875 0.103125 0.10625
1 0.8609375 0.140625 0.1 0.1109375
1 0.796875 0.1109375 0.11875 0.115625
1 0.72890625 0.09296875 0.1078125 0.1046875
1 0.66484375 0.07109375 0.103125 0.1
1 0.6078125 0.0453125 0.0875 0.08125
1 0.5453125 0.03046875 0.078125 0.0609375
1 0.49453125 0.0140625 0.0703125 0.028125