1 0.91640625 0.815625 0.1671875 0.296875
1 0.95625 0.8625 0.0875 0.1875
1 0.88046875 0.746875 0.2390625 0.33125
1 0.80703125 0.6640625 0.23125 0.303125
1 0.7421875 0.5796875 0.2515625 0.3109375
0 0.64296875 0.54375 0.2359375 0.290625
0 0.58671875 0.47734375 0.2296875 0.2828125
1 0.54296875 0.39765625 0.2546875 0.28125
1 0.48203125 0.33515625 0.228125 0.278125
1 0.4296875 0.2765625 0.2546875 0.3015625
1 0.3765625 0.21796875 0.2234375 0.25625
0 0.31953125 0.1828125 0.2078125 0.25
1 0.2828125 0.1359375 0.209375 0.2484375
1 0.24296875 0.11640625 0.221875 0.203125
1 0.20703125 0.0984375 0.215625 0.159375
1 0.16953125 0.0671875 0.203125 0.090625
1 0.13125 0.05234375 0.18125 0.0515625
1 0.4703125 0.94140625 0.246875 0.1171875
1 0.39296875 0.8875 0.3046875 0.225
1 0.30859375 0.821875 0.3671875 0.35625
0 0.23984375 0.778125 0.3640625 0.44375
1 0.19140625 0.69296875 0.321875 0.3953125
1 0.13046875 0.61171875 0.2609375 0.3765625
0 0.10390625 0.53671875 0.2078125 0.3390625
1 0.0953125 0.46484375 0.190625 0.3515625
1 0.075 0.40234375 0.15 0.3140625
1 0.04296875 0.33203125 0.0859375 0.2703125
1 0.103125 0.88515625 0.1484375 0.1921875
1 0.06796875 0.83203125 0.0953125 0.2390625
1 0.9921875 0.58203125 0.015625 0.2578125
1 0.95625 0.50390625 0.0875 0.2828125
1 0.9171875 0.43828125 0.165625 0.2859375
1 0.87578125 0.3828125 0.2140625 0.2796875
1 0.80234375 0.3125 0.190625 0.25
1 0.75078125 0.26875 0.2140625 0.2640625
1 0.69609375 0.225 0.19375 0.246875
1 0.6421875 0.17109375 0.1875 0.2375
1 0.59765625 0.12890625 0.1890625 0.2296875
0 0.54296875 0.1015625 0.1765625 0.203125
1 0.496875 0.08125 0.1875 0.1625
1 0.46015625 0.05234375 0.1734375 0.1046875
1 0.42421875 0.02109375 0.1546875 0.0421875
0 0.94296875 0.14921875 0.0640625 0.1890625
0 0.91171875 0.10703125 0.1203125 0.2140625
1 0.8921875 0.08515625 0.146875 0.1703125
1 0.85625 0.05546875 0.16875 0.1109375
1 0.7984375 0.0328125 0.14375 0.065625
1 0.74609375 0.01171875 0.1109375 0.0234375