1 0.74765625 0.9515625 0.1953125 0.096875
1 0.62578125 0.85546875 0.4609375 0.2890625
1 0.39765625 0.75859375 0.5796875 0.4828125
1 0.28046875 0.66015625 0.5609375 0.6421875
1 0.16015625 0.53671875 0.3203125 0.5359375
1 0.8296875 0.8046875 0.2609375 0.303125
0 0.75078125 0.75859375 0.3484375 0.340625
1 0.6265625 0.64296875 0.3703125 0.3953125
1 0.496875 0.50625 0.3546875 0.3484375
1 0.35625 0.3859375 0.3140625 0.3140625
1 0.21796875 0.28671875 0.3296875 0.3328125
1 0.1359375 0.19921875 0.2125 0.3046875