1 0.74921875 0.79140625 0.1421875 0.2734375
1 0.634375 0.78515625 0.15 0.2515625
1 0.5296875 0.778125 0.159375 0.275
1 0.42578125 0.78984375 0.1640625 0.2671875
1 0.32109375 0.80703125 0.1796875 0.2703125
1 0.23203125 0.79765625 0.1609375 0.2484375
1 0.1453125 0.8140625 0.175 0.265625
1 0.08984375 0.78046875 0.1328125 0.2515625
1 0.68671875 0.4078125 0.1171875 0.178125
1 0.615625 0.4125 0.10625 0.171875
1 0.5484375 0.4234375 0.109375 0.184375
1 0.47265625 0.4421875 0.1140625 0.16875
1 0.40234375 0.45703125 0.1109375 0.1703125
1 0.33984375 0.46640625 0.1109375 0.1671875
1 0.28046875 0.47109375 0.1015625 0.1640625
1 0.2171875 0.47734375 0.109375 0.1703125
0 0.15859375 0.4875 0.1046875 0.165625
1 0.10390625 0.4859375 0.1234375 0.178125
1 0.053125 0.48828125 0.10625 0.1640625
1 0.66484375 0.26953125 0.0859375 0.1234375
1 0.59375 0.26875 0.090625 0.125
1 0.53046875 0.278125 0.0765625 0.11875
1 0.48515625 0.29453125 0.0859375 0.1265625
1 0.43203125 0.30859375 0.0828125 0.1265625
1 0.38125 0.321875 0.090625 0.11875
1 0.321875 0.334375 0.090625 0.121875
1 0.27421875 0.3421875 0.0984375 0.121875
1 0.225 0.35078125 0.078125 0.1140625
1 0.178125 0.35 0.09375 0.125
1 0.13046875 0.35859375 0.1109375 0.1328125
1 0.08828125 0.36171875 0.0859375 0.1203125
1 0.0421875 0.36796875 0.084375 0.1265625
1 0.01875 0.38515625 0.0375 0.1296875
1 0.65234375 0.1265625 0.0734375 0.103125
1 0.60234375 0.14140625 0.0671875 0.0921875
1 0.55390625 0.15 0.0703125 0.1
1 0.509375 0.15703125 0.078125 0.0953125
1 0.46484375 0.17421875 0.0703125 0.0828125
1 0.42265625 0.18515625 0.0734375 0.0984375
1 0.378125 0.190625 0.075 0.103125
1 0.33671875 0.20859375 0.0609375 0.0734375
1 0.29921875 0.21796875 0.0609375 0.0828125
1 0.25625 0.228125 0.075 0.09375
1 0.21796875 0.234375 0.0609375 0.06875
1 0.17578125 0.24140625 0.0609375 0.0828125
1 0.1359375 0.25234375 0.059375 0.0734375
1 0.10703125 0.25703125 0.0515625 0.0703125
1 0.0703125 0.26015625 0.05625 0.0703125
1 0.525 0.1 0.0625 0.08125
1 0.478125 0.103125 0.059375 0.08125
1 0.4390625 0.1203125 0.071875 0.09375
1 0.39921875 0.12109375 0.0703125 0.0859375
1 0.36015625 0.13515625 0.0609375 0.0765625
1 0.3296875 0.146875 0.0625 0.08125
1 0.2890625 0.1546875 0.0625 0.078125
1 0.2546875 0.1703125 0.059375 0.06875
1 0.2234375 0.171875 0.0625 0.08125
1 0.18359375 0.1828125 0.0765625 0.084375
1 0.15078125 0.18359375 0.0609375 0.0765625
1 0.1078125 0.19453125 0.071875 0.0765625
0 0.76953125 0.025 0.0828125 0.05
0 0.809375 0.021875 0.08125 0.04375
1 0.84609375 0.021875 0.0828125 0.04375
1 0.88515625 0.02890625 0.0734375 0.0578125
1 0.7421875 0.02265625 0.090625 0.0453125
1 0.70078125 0.0171875 0.0671875 0.034375
1 0.6546875 0.02265625 0.071875 0.0453125
1 0.6171875 0.0265625 0.078125 0.053125
1 0.58359375 0.028125 0.0640625 0.05625
1 0.5234375 0.0375 0.0625 0.075
1 0.48671875 0.034375 0.0484375 0.06875
1 0.4578125 0.046875 0.059375 0.071875
1 0.42734375 0.0484375 0.0546875 0.071875
1 0.38828125 0.0625 0.0546875 0.075
1 0.359375 0.0765625 0.0625 0.08125
1 0.3328125 0.08046875 0.065625 0.0796875
1 0.296875 0.0875 0.05 0.0625
1 0.2703125 0.09609375 0.0625 0.0703125
1 0.2453125 0.1078125 0.0625 0.075
1 0.2125 0.10859375 0.053125 0.0640625
1 0.1828125 0.11484375 0.05625 0.0734375
1 0.15078125 0.1296875 0.0578125 0.06875