1 0.896875 0.571875 0.20625 0.390625
0 0.7859375 0.60625 0.309375 0.378125
1 0.6328125 0.62734375 0.296875 0.3671875
1 0.4734375 0.646875 0.2734375 0.359375
1 0.3078125 0.6515625 0.30625 0.3796875
1 0.16328125 0.6734375 0.3265625 0.428125
1 0.103125 0.640625 0.20625 0.3625
1 0.90625 0.33203125 0.1875 0.2640625
0 0.81796875 0.34375 0.246875 0.275
1 0.70078125 0.36015625 0.2515625 0.290625
1 0.58515625 0.3640625 0.2390625 0.2734375
1 0.46875 0.40625 0.2359375 0.2875
1 0.34296875 0.403125 0.2328125 0.2828125
1 0.21875 0.40625 0.234375 0.284375
1 0.10625 0.4078125 0.2125 0.25625
1 0.04765625 0.41875 0.0953125 0.2375
1 0.8859375 0.09296875 0.05625 0.1390625
1 0.8484375 0.090625 0.121875 0.1546875
1 0.78203125 0.08671875 0.134375 0.1484375
1 0.70625 0.09921875 0.13125 0.1359375
1 0.6203125 0.10234375 0.1234375 0.1375
1 0.54453125 0.12578125 0.1265625 0.1328125
1 0.46015625 0.140625 0.140625 0.140625
1 0.38984375 0.14765625 0.1390625 0.1546875
1 0.3015625 0.15 0.1484375 0.1578125
1 0.22265625 0.15625 0.14375 0.1546875
1 0.14765625 0.1640625 0.1515625 0.1578125
1 0.0796875 0.17890625 0.159375 0.1640625
1 0.03359375 0.1953125 0.0671875 0.1375
1 0.84140625 0.02265625 0.0640625 0.0453125
1 0.8015625 0.0296875 0.134375 0.059375
0 0.73203125 0.0375 0.1140625 0.075
1 0.67265625 0.040625 0.1109375 0.08125
1 0.596875 0.0453125 0.13125 0.090625
1 0.52578125 0.05234375 0.1203125 0.1046875
1 0.4578125 0.05859375 0.115625 0.1125
1 0.38984375 0.0609375 0.1 0.1
1 0.32265625 0.071875 0.09375 0.0953125
1 0.2640625 0.0796875 0.0796875 0.071875
1 0.2015625 0.0953125 0.084375 0.065625
1 0.13515625 0.109375 0.09375 0.0578125
1 0.06484375 0.1265625 0.0890625 0.0453125
1 0.01875 0.1453125 0.0375 0.040625