1 0.10625 0.63671875 0.175 0.2171875
1 0.15390625 0.58125 0.1625 0.2140625
1 0.2125 0.52890625 0.1953125 0.2453125
1 0.2734375 0.47578125 0.175 0.228125
1 0.32421875 0.4265625 0.184375 0.2359375
1 0.37890625 0.37421875 0.165625 0.221875
1 0.4828125 0.28203125 0.190625 0.2609375
0 0.43828125 0.34765625 0.190625 0.253125
0 0.271875 0.90234375 0.2375 0.1953125
0 0.353125 0.8671875 0.24375 0.265625
1 0.42734375 0.82890625 0.2515625 0.3359375
1 0.49921875 0.7796875 0.2234375 0.3140625
1 0.5640625 0.71640625 0.234375 0.328125
1 0.6359375 0.6578125 0.21875 0.3078125
1 0.70390625 0.61796875 0.2046875 0.2890625
1 0.775 0.54609375 0.2203125 0.3015625
0 0.853125 0.496875 0.2453125 0.321875
1 0.534375 0.23203125 0.16875 0.215625
1 0.58828125 0.190625 0.1671875 0.234375
1 0.6421875 0.1390625 0.1640625 0.2265625
1 0.7015625 0.1078125 0.171875 0.215625
1 0.7546875 0.07578125 0.1625 0.1515625
1 0.8015625 0.05703125 0.134375 0.1140625
1 0.896875 0.41953125 0.20625 0.3265625
1 0.93515625 0.36640625 0.1296875 0.3171875
1 0.89296875 0.721875 0.2140625 0.290625
0 0.9375 0.65 0.125 0.271875
0 0.503125 0.959375 0.140625 0.08125
1 0.6703125 0.88984375 0.1921875 0.203125
1 0.58046875 0.9234375 0.1671875 0.153125
0 0.9859375 0.578125 0.028125 0.19375