1 0.0359375 0.49296875 0.071875 0.5609375
1 0.1109375 0.425 0.221875 0.5
1 0.2421875 0.346875 0.3734375 0.54375
1 0.421875 0.32421875 0.3265625 0.4578125
1 0.584375 0.2796875 0.3875 0.540625
1 0.74609375 0.23671875 0.3765625 0.4484375
1 0.86953125 0.859375 0.2046875 0.28125
1 0.753125 0.884375 0.353125 0.23125
1 0.54765625 0.9 0.3234375 0.2
1 0.3484375 0.9140625 0.284375 0.171875
1 0.10859375 0.13203125 0.1859375 0.2640625
1 0.19921875 0.10703125 0.3046875 0.2140625
1 0.3671875 0.09765625 0.290625 0.1953125
1 0.53125 0.08828125 0.259375 0.1765625
1 0.6828125 0.075 0.234375 0.1421875
1 0.9734375 0.22578125 0.053125 0.2203125