1 0.91796875 0.83359375 0.084375 0.1828125
1 0.84375 0.83359375 0.1703125 0.2078125
1 0.728125 0.834375 0.184375 0.1890625
1 0.61328125 0.82109375 0.1640625 0.1828125
1 0.503125 0.8171875 0.1765625 0.1890625
1 0.37734375 0.8078125 0.18125 0.1953125
1 0.26953125 0.79453125 0.1875 0.2015625
1 0.1453125 0.7953125 0.19375 0.2046875
1 0.06328125 0.77734375 0.1265625 0.2046875
1 0.0328125 0.61328125 0.065625 0.1734375
0 0.0921875 0.63359375 0.18125 0.1890625
1 0.1890625 0.63828125 0.1625 0.1875
1 0.29609375 0.64296875 0.159375 0.1734375
1 0.40234375 0.64765625 0.159375 0.1859375
0 0.5125 0.653125 0.1703125 0.1890625
1 0.62265625 0.66640625 0.1671875 0.1953125
0 0.7328125 0.68203125 0.153125 0.1765625
1 0.8359375 0.66875 0.1453125 0.171875
1 0.9265625 0.68046875 0.121875 0.1765625
1 0.97265625 0.40234375 0.0546875 0.1515625
1 0.9203125 0.4015625 0.1359375 0.153125
1 0.82265625 0.39296875 0.14375 0.15
1 0.72890625 0.38515625 0.140625 0.1484375
1 0.63203125 0.3890625 0.14375 0.1609375
1 0.5421875 0.38125 0.1390625 0.146875
1 0.4515625 0.37421875 0.1328125 0.1390625
1 0.3546875 0.3703125 0.140625 0.1484375
1 0.26328125 0.36640625 0.146875 0.1515625
1 0.1703125 0.359375 0.15625 0.1515625
0 0.07890625 0.3578125 0.140625 0.1453125
1 0.03515625 0.34609375 0.053125 0.1390625
1 0.9625 0.15078125 0.075 0.1265625
1 0.9015625 0.146875 0.1359375 0.14375
1 0.821875 0.14453125 0.125 0.134375
1 0.73984375 0.128125 0.1203125 0.1390625
1 0.65625 0.13046875 0.1234375 0.1375
1 0.584375 0.1234375 0.11875 0.1359375
1 0.5015625 0.121875 0.121875 0.1390625
1 0.415625 0.1125 0.125 0.1375
1 0.33828125 0.11875 0.1171875 0.1359375
1 0.26171875 0.09765625 0.1328125 0.1484375
1 0.17890625 0.09375 0.1328125 0.146875
1 0.10859375 0.09765625 0.1 0.1328125