1 0.84296875 0.6875 0.28125 0.4734375
1 0.75078125 0.58828125 0.2625 0.390625
1 0.64921875 0.46171875 0.271875 0.4140625
1 0.53828125 0.37265625 0.2375 0.3484375
1 0.44765625 0.2765625 0.2828125 0.4109375
1 0.36328125 0.1765625 0.2890625 0.353125
1 0.03359375 0.63359375 0.0671875 0.3921875
1 0.0953125 0.70390625 0.190625 0.3578125
1 0.1890625 0.78359375 0.2671875 0.3125
1 0.325 0.86015625 0.240625 0.2609375
1 0.94453125 0.42109375 0.1109375 0.3421875
1 0.890625 0.3234375 0.21875 0.346875
1 0.81328125 0.22734375 0.25625 0.3515625
1 0.696875 0.165625 0.2546875 0.315625
1 0.58203125 0.11953125 0.2296875 0.2390625
1 0.48046875 0.0765625 0.2078125 0.153125
1 0.1765625 0.0765625 0.1625 0.153125