0 0.859375 0.93828125 0.1 0.1234375
1 0.78671875 0.92578125 0.1046875 0.1484375
1 0.7109375 0.91875 0.109375 0.1625
1 0.62734375 0.9109375 0.1140625 0.178125
1 0.54609375 0.90859375 0.1046875 0.1828125
1 0.4734375 0.89921875 0.1 0.2015625
1 0.39921875 0.896875 0.1046875 0.196875
1 0.3125 0.8828125 0.103125 0.2
1 0.228125 0.875 0.1 0.190625
1 0.14609375 0.85625 0.1140625 0.20625
1 0.05390625 0.8375 0.1078125 0.215625
1 0.01328125 0.82265625 0.0265625 0.2234375
0 0.02578125 0.52578125 0.0515625 0.1828125
0 0.05625 0.37109375 0.090625 0.1609375
1 0.071875 0.53984375 0.0875 0.2046875
1 0.1265625 0.3640625 0.078125 0.153125
1 0.14375 0.5375 0.084375 0.184375
1 0.2140625 0.55234375 0.096875 0.1859375
1 0.27734375 0.5546875 0.0890625 0.18125
1 0.35 0.56484375 0.1 0.1828125
1 0.4234375 0.571875 0.090625 0.190625
1 0.48828125 0.5796875 0.0859375 0.178125
1 0.55546875 0.59140625 0.1015625 0.2046875
1 0.62578125 0.596875 0.0984375 0.2
1 0.6921875 0.615625 0.090625 0.190625
1 0.76015625 0.62578125 0.0953125 0.1796875
1 0.825 0.63125 0.090625 0.175
1 0.89609375 0.64140625 0.0890625 0.1703125
1 0.95859375 0.65078125 0.0765625 0.1859375
1 0.965625 0.48203125 0.06875 0.1578125
1 0.9125 0.471875 0.09375 0.15625
1 0.84140625 0.46171875 0.0828125 0.1546875
1 0.771875 0.44921875 0.09375 0.1765625
1 0.7078125 0.434375 0.078125 0.159375
1 0.64609375 0.428125 0.0796875 0.15625
0 0.578125 0.42421875 0.08125 0.1484375
0 0.515625 0.41796875 0.084375 0.1453125
0 0.446875 0.40546875 0.08125 0.1484375
1 0.38125 0.3921875 0.075 0.153125
0 0.31875 0.4 0.0875 0.140625
0 0.25390625 0.39140625 0.0796875 0.1390625
0 0.190625 0.37734375 0.0875 0.1734375
0 0.925 0.2359375 0.071875 0.146875
1 0.9703125 0.2359375 0.059375 0.165625
0 0.86328125 0.225 0.0796875 0.165625
1 0.81328125 0.203125 0.0828125 0.178125
1 0.7484375 0.190625 0.075 0.165625
0 0.68125 0.18984375 0.090625 0.1609375
0 0.4859375 0.17265625 0.084375 0.1671875
0 0.41953125 0.1546875 0.0703125 0.15
1 0.22734375 0.13125 0.0734375 0.15625
1 0.1734375 0.11015625 0.1 0.1796875
1 0.1 0.10859375 0.09375 0.1859375