1 0.77890625 0.79453125 0.26875 0.3875
0 0.6140625 0.7515625 0.275 0.3671875
1 0.46171875 0.7 0.265625 0.359375
1 0.3078125 0.64375 0.240625 0.35625
1 0.1515625 0.56953125 0.275 0.371875
1 0.0765625 0.53671875 0.153125 0.3953125
1 0.8875 0.5640625 0.225 0.278125
0 0.76875 0.525 0.2265625 0.2640625
1 0.6515625 0.484375 0.228125 0.28125
1 0.54375 0.4328125 0.215625 0.2625
1 0.415625 0.41796875 0.2109375 0.2796875
1 0.3 0.3546875 0.209375 0.2765625
1 0.1859375 0.3015625 0.2109375 0.2765625
1 0.10078125 0.25703125 0.15 0.234375
1 0.965625 0.3328125 0.06875 0.165625
1 0.93046875 0.30625 0.1390625 0.15625
1 0.85625 0.26953125 0.1234375 0.1421875
1 0.78046875 0.24453125 0.121875 0.128125
1 0.6984375 0.2078125 0.1125 0.1328125
1 0.61796875 0.19296875 0.11875 0.1265625
1 0.534375 0.1671875 0.13125 0.134375
1 0.46484375 0.13984375 0.128125 0.1484375
1 0.38359375 0.1015625 0.1375 0.15
1 0.30703125 0.07109375 0.1359375 0.1421875
1 0.2328125 0.0578125 0.140625 0.115625
1 0.18359375 0.05 0.1203125 0.1
1 0.96484375 0.215625 0.0703125 0.115625
1 0.91875 0.19140625 0.125 0.121875
0 0.84296875 0.18046875 0.1078125 0.1125
1 0.78671875 0.15546875 0.103125 0.1171875
1 0.71484375 0.12578125 0.1234375 0.121875
1 0.6390625 0.11171875 0.1140625 0.109375
1 0.56953125 0.090625 0.1078125 0.1046875
1 0.50625 0.0609375 0.09375 0.09375
1 0.4390625 0.0421875 0.0875 0.084375
1 0.38046875 0.02578125 0.0796875 0.0515625
1 0.31640625 0.01640625 0.0859375 0.0328125