1 0.478125 0.93828125 0.246875 0.1234375
1 0.575 0.88203125 0.284375 0.2359375
1 0.67578125 0.83984375 0.2890625 0.290625
1 0.76875 0.76484375 0.2921875 0.3046875
0 0.84375 0.68671875 0.28125 0.29375
1 0.88671875 0.625 0.2265625 0.265625
1 0.921875 0.56484375 0.15625 0.2421875
1 0.9546875 0.50625 0.090625 0.196875
1 0.090625 0.67421875 0.165625 0.2125
0 0.1703125 0.6234375 0.209375 0.2234375
1 0.253125 0.57890625 0.2140625 0.2328125
0 0.33359375 0.521875 0.2015625 0.215625
1 0.41796875 0.4703125 0.1984375 0.21875
1 0.4828125 0.4234375 0.1953125 0.2015625
0 0.55 0.3859375 0.171875 0.1859375
0 0.6078125 0.34921875 0.1734375 0.1796875
1 0.65859375 0.29765625 0.1859375 0.1921875
1 0.715625 0.253125 0.175 0.1953125
1 0.775 0.22109375 0.18125 0.190625
1 0.82109375 0.18125 0.1625 0.16875
1 0.85859375 0.153125 0.1515625 0.184375
1 0.0375 0.52109375 0.075 0.1859375
1 0.06953125 0.49140625 0.1390625 0.1765625
1 0.14609375 0.4484375 0.175 0.1890625
0 0.21484375 0.42265625 0.159375 0.1640625
0 0.2953125 0.37734375 0.1765625 0.1765625
0 0.35546875 0.3390625 0.1625 0.171875
1 0.41484375 0.309375 0.171875 0.175
1 0.4828125 0.27109375 0.1609375 0.165625
0 0.53203125 0.24140625 0.16875 0.1875
0 0.578125 0.19453125 0.1734375 0.1796875
0 0.62890625 0.15859375 0.1859375 0.1890625
0 0.66796875 0.14140625 0.1578125 0.153125
0 0.709375 0.11953125 0.1640625 0.165625
1 0.3421875 0.13359375 0.1390625 0.153125
1 0.40390625 0.103125 0.1390625 0.153125
0 0.453125 0.09921875 0.1421875 0.15
0 0.51484375 0.0703125 0.1484375 0.140625
1 0.55 0.04609375 0.14375 0.0921875
1 0.60234375 0.02890625 0.1359375 0.0578125