1 0.0609375 0.68125 0.10625 0.21875
1 0.08515625 0.63203125 0.1609375 0.2296875
1 0.159375 0.5796875 0.196875 0.2625
1 0.23515625 0.52734375 0.1734375 0.2421875
1 0.296875 0.478125 0.184375 0.25
1 0.36640625 0.42421875 0.1640625 0.2359375
1 0.49609375 0.3328125 0.1921875 0.278125
0 0.4359375 0.40078125 0.190625 0.2703125
0 0.19140625 0.95859375 0.1546875 0.0828125
0 0.2609375 0.9203125 0.21875 0.159375
1 0.3578125 0.88359375 0.2375 0.2328125
1 0.4484375 0.86484375 0.215625 0.2703125
1 0.53359375 0.82890625 0.2328125 0.3421875
1 0.6234375 0.7765625 0.215625 0.33125
1 0.70546875 0.73984375 0.2015625 0.3109375
1 0.79375 0.66640625 0.21875 0.3234375
0 0.88359375 0.6203125 0.2328125 0.34375
1 0.55859375 0.28125 0.1671875 0.228125
1 0.625 0.23984375 0.165625 0.2515625
1 0.6921875 0.18984375 0.1625 0.2453125
1 0.76640625 0.14921875 0.1703125 0.2515625
1 0.83125 0.10390625 0.165625 0.2078125
1 0.92421875 0.54296875 0.1515625 0.3453125
1 0.97265625 0.49609375 0.0546875 0.3296875
1 0.88984375 0.825 0.1796875 0.18125
0 0.95546875 0.7625 0.0890625 0.19375
1 0.6046875 0.97265625 0.1375 0.0546875