1 0.8625 0.8921875 0.13125 0.215625
0 0.759375 0.89296875 0.3 0.2140625
0 0.63828125 0.85234375 0.4046875 0.2953125
0 0.4625 0.8234375 0.415625 0.353125
0 0.29453125 0.76484375 0.378125 0.3578125
0 0.159375 0.71640625 0.31875 0.3609375
0 0.0625 0.675 0.125 0.328125
1 0.9390625 0.42421875 0.121875 0.3078125
1 0.8765625 0.36015625 0.246875 0.3234375
1 0.740625 0.334375 0.278125 0.33125
0 0.615625 0.27109375 0.284375 0.3296875
1 0.49140625 0.21640625 0.2984375 0.3625
1 0.378125 0.17578125 0.3 0.3515625
1 0.2265625 0.14140625 0.303125 0.2828125