1 0.95 0.65546875 0.0984375 0.1984375
0 0.91328125 0.6296875 0.1453125 0.1921875
1 0.83671875 0.596875 0.1640625 0.2109375
0 0.7625 0.5640625 0.14375 0.203125
1 0.69296875 0.528125 0.1640625 0.215625
1 0.621875 0.4953125 0.13125 0.1859375
1 0.553125 0.46875 0.1390625 0.1984375
0 0.48828125 0.4453125 0.140625 0.184375
1 0.41484375 0.4125 0.1359375 0.178125
1 0.34296875 0.38359375 0.1375 0.18125
1 0.27265625 0.33828125 0.1484375 0.1875
1 0.2 0.30703125 0.146875 0.1953125
0 0.125 0.2828125 0.146875 0.1921875