1 0.9203125 0.87265625 0.159375 0.1828125
1 0.784375 0.884375 0.1765625 0.1921875
1 0.61953125 0.8859375 0.203125 0.225
1 0.478125 0.8890625 0.1875 0.221875
1 0.35234375 0.8921875 0.1640625 0.215625
0 0.20625 0.88828125 0.18125 0.2234375
1 0.09453125 0.8953125 0.1328125 0.209375
1 0.12421875 0.68828125 0.1515625 0.1984375
1 0.04140625 0.6921875 0.06875 0.203125
1 0.28359375 0.69609375 0.1625 0.2125
1 0.3984375 0.69609375 0.1484375 0.1921875
0 0.5203125 0.70234375 0.1484375 0.203125
0 0.63671875 0.696875 0.1359375 0.1984375
1 0.759375 0.69609375 0.1625 0.19375
0 0.91875 0.69609375 0.1625 0.2171875
1 0.93984375 0.35625 0.109375 0.15
0 0.83671875 0.35546875 0.1234375 0.1375
0 0.01953125 0.3625 0.0390625 0.128125
1 0.07578125 0.35703125 0.1125 0.146875
1 0.73984375 0.353125 0.1015625 0.146875
1 0.1921875 0.3640625 0.1390625 0.1609375
1 0.30703125 0.36328125 0.1359375 0.1546875
1 0.409375 0.3640625 0.1265625 0.15
0 0.51328125 0.3609375 0.15 0.1546875
0 0.63984375 0.3625 0.13125 0.1625
0 0.94921875 0.2328125 0.0640625 0.1375
1 0.8828125 0.21953125 0.1328125 0.1421875
0 0.76953125 0.2265625 0.1375 0.1421875
0 0.6625 0.2328125 0.1296875 0.140625
1 0.56171875 0.228125 0.115625 0.15625
1 0.47578125 0.22890625 0.121875 0.1359375
1 0.38046875 0.23046875 0.1125 0.1359375
0 0.2921875 0.23984375 0.1109375 0.1328125
0 0.1921875 0.2390625 0.1328125 0.1328125
0 0.0890625 0.23359375 0.11875 0.128125
1 0.02578125 0.2390625 0.0515625 0.128125
0 0.01640625 0.07109375 0.0328125 0.0484375
1 0.06484375 0.06484375 0.096875 0.053125
1 0.1515625 0.0578125 0.1046875 0.059375
1 0.23828125 0.05703125 0.09375 0.0734375
1 0.315625 0.05234375 0.0890625 0.078125
1 0.3890625 0.04921875 0.103125 0.0890625
0 0.47265625 0.0453125 0.1015625 0.090625
0 0.56953125 0.04140625 0.1078125 0.0828125
1 0.65234375 0.04296875 0.0921875 0.0859375
1 0.73203125 0.03828125 0.1140625 0.0765625
0 0.815625 0.04609375 0.115625 0.0921875
0 0.9 0.04296875 0.115625 0.0859375