1 0.91484375 0.87421875 0.1625 0.19375
1 0.77890625 0.88203125 0.1703125 0.203125
1 0.6171875 0.88046875 0.1953125 0.2359375
1 0.48046875 0.8828125 0.1796875 0.234375
1 0.35703125 0.884375 0.1546875 0.23125
0 0.215625 0.8796875 0.171875 0.2375
1 0.09609375 0.88046875 0.146875 0.2171875
1 0.13828125 0.67109375 0.14375 0.190625
1 0.04765625 0.6734375 0.0859375 0.1984375
1 0.29296875 0.68203125 0.1546875 0.2046875
1 0.40546875 0.6828125 0.140625 0.184375
0 0.5234375 0.69140625 0.1421875 0.1953125
0 0.6375 0.68828125 0.128125 0.190625
1 0.75625 0.6890625 0.1546875 0.1859375
0 0.9140625 0.69296875 0.1578125 0.209375
1 0.940625 0.3609375 0.109375 0.1453125
0 0.8375 0.36015625 0.11875 0.1328125
0 0.03046875 0.35234375 0.0609375 0.1265625
1 0.096875 0.3484375 0.1078125 0.1421875
1 0.74296875 0.35546875 0.096875 0.1421875
1 0.2109375 0.35703125 0.1328125 0.1546875
1 0.321875 0.35859375 0.1296875 0.1484375
1 0.421875 0.3609375 0.1203125 0.14375
0 0.521875 0.359375 0.14375 0.1484375
0 0.6453125 0.36328125 0.125 0.15625
0 0.9515625 0.24140625 0.065625 0.1328125
1 0.88515625 0.22890625 0.1265625 0.1359375
0 0.775 0.2328125 0.13125 0.1359375
0 0.67109375 0.2375 0.1234375 0.1359375
1 0.571875 0.23203125 0.1109375 0.15
1 0.48828125 0.23046875 0.1171875 0.13125
1 0.39609375 0.23046875 0.1078125 0.13125
0 0.309375 0.23828125 0.10625 0.128125
0 0.2125 0.2359375 0.128125 0.128125
0 0.11328125 0.22890625 0.1125 0.1234375
1 0.03671875 0.2328125 0.0734375 0.125
0 0.03046875 0.06328125 0.0609375 0.0546875
1 0.09140625 0.059375 0.0953125 0.059375
1 0.17734375 0.0546875 0.1015625 0.0640625
1 0.259375 0.0546875 0.0921875 0.078125
1 0.33515625 0.0515625 0.0875 0.084375
1 0.4078125 0.05 0.1015625 0.0953125
0 0.48828125 0.0484375 0.0984375 0.096875
0 0.58359375 0.04453125 0.1046875 0.0890625
1 0.66328125 0.046875 0.0890625 0.09375
1 0.740625 0.04296875 0.109375 0.0859375
0 0.82265625 0.0515625 0.1109375 0.103125
0 0.9078125 0.0484375 0.115625 0.096875
0 0.959375 0.0484375 0.0125 0.096875