1 0.93984375 0.903125 0.0703125 0.19375
1 0.8328125 0.89765625 0.18125 0.2046875
1 0.65078125 0.87890625 0.2078125 0.2421875
1 0.4921875 0.87109375 0.190625 0.2578125
1 0.35 0.86171875 0.1640625 0.25625
0 0.1890625 0.8390625 0.1828125 0.2640625
1 0.06484375 0.825 0.1296875 0.24375
1 0.12578125 0.58828125 0.153125 0.2125
1 0.03203125 0.58203125 0.0640625 0.2203125
1 0.30078125 0.61796875 0.1640625 0.2296875
1 0.4296875 0.63359375 0.1484375 0.203125
0 0.565625 0.65703125 0.1484375 0.2171875
0 0.69609375 0.6671875 0.1359375 0.215625
1 0.8328125 0.6828125 0.165625 0.2046875
0 0.9609375 0.70234375 0.065625 0.2234375
0 0.95078125 0.3125 0.0984375 0.146875
0 0.046875 0.21015625 0.0484375 0.1375
1 0.11640625 0.2109375 0.1140625 0.1578125
1 0.85859375 0.2984375 0.1015625 0.159375
1 0.2453125 0.23515625 0.146875 0.1703125
1 0.3734375 0.25234375 0.1375 0.1640625
1 0.4890625 0.265625 0.1296875 0.159375
0 0.603125 0.275 0.1546875 0.1609375
0 0.7453125 0.29375 0.134375 0.171875
1 0.98359375 0.16328125 0.0328125 0.1421875
0 0.90859375 0.159375 0.1421875 0.1484375
0 0.78828125 0.15234375 0.1359375 0.1484375
1 0.6765625 0.13359375 0.11875 0.165625
1 0.5796875 0.1234375 0.128125 0.14375
1 0.4734375 0.11015625 0.1140625 0.14375
0 0.3734375 0.109375 0.1140625 0.140625
0 0.2640625 0.09609375 0.140625 0.1375
0 0.14921875 0.0765625 0.121875 0.134375
1 0.0703125 0.071875 0.059375 0.1296875