0 0.925 0.68984375 0.15 0.2765625
1 0.86171875 0.91796875 0.0984375 0.1640625
0 0.83203125 0.7109375 0.253125 0.3265625
1 0.7734375 0.9078125 0.24375 0.184375
1 0.6984375 0.69453125 0.25625 0.33125
1 0.57265625 0.69375 0.271875 0.3421875
1 0.62265625 0.90390625 0.2265625 0.1921875
1 0.48046875 0.89765625 0.2265625 0.2046875
0 0.465625 0.6984375 0.2671875 0.3453125
1 0.37109375 0.88828125 0.2203125 0.2234375
0 0.28125 0.86953125 0.2234375 0.2109375
0 0.178125 0.84765625 0.21875 0.190625
1 0.378125 0.68359375 0.25 0.3046875
1 0.2875 0.68828125 0.2234375 0.28125
1 0.18671875 0.69765625 0.2234375 0.278125
0 0.12578125 0.67265625 0.20625 0.234375
1 0.09375 0.8109375 0.1875 0.196875
1 0.0359375 0.8265625 0.071875 0.103125
1 0.08671875 0.67421875 0.1734375 0.2734375
1 0.03359375 0.690625 0.0671875 0.225
1 0.965625 0.3484375 0.06875 0.215625
1 0.91015625 0.34765625 0.1796875 0.2203125
1 0.81171875 0.36328125 0.190625 0.209375
0 0.9234375 0.21171875 0.153125 0.1953125
0 0.7609375 0.2359375 0.2515625 0.20625
0 0.62109375 0.378125 0.165625 0.1953125
1 0.71875 0.346875 0.178125 0.2125
1 0.546875 0.3859375 0.1765625 0.2046875
1 0.4625 0.3890625 0.1671875 0.203125
0 0.5625 0.278125 0.2046875 0.1609375
0 0.40703125 0.2953125 0.178125 0.140625
0 0.38984375 0.41015625 0.15625 0.1921875
1 0.3265625 0.403125 0.165625 0.196875
0 0.26171875 0.41484375 0.15625 0.18125
1 0.2046875 0.41640625 0.1828125 0.203125
0 0.23203125 0.3234375 0.20625 0.1703125
0 0.13984375 0.42421875 0.1984375 0.228125
0 0.0953125 0.43046875 0.190625 0.2109375
0 0.88828125 0.12890625 0.13125 0.0890625
1 0.80859375 0.12109375 0.128125 0.1171875
0 0.6078125 0.134375 0.1375 0.146875
0 0.5515625 0.1390625 0.140625 0.1609375
0 0.48828125 0.1515625 0.1234375 0.1328125
0 0.4265625 0.1703125 0.1265625 0.1375
0 0.3796875 0.1765625 0.1375 0.1546875