1 0.4125 0.7734375 0.275 0.0859375
1 0.684375 0.76171875 0.2703125 0.090625
1 0.66875 0.68125 0.2546875 0.078125
1 0.41328125 0.68828125 0.2625 0.09375
1 0.40390625 0.61484375 0.25 0.084375
0 0.66484375 0.61484375 0.2765625 0.0734375
1 0.4046875 0.55 0.2421875 0.075
1 0.65546875 0.546875 0.2421875 0.075
1 0.64453125 0.48359375 0.2421875 0.0703125
1 0.40703125 0.49296875 0.2234375 0.0859375
1 0.3984375 0.43515625 0.21875 0.06875
1 0.65078125 0.421875 0.2296875 0.0640625
1 0.40390625 0.3921875 0.21875 0.0609375
1 0.61875 0.378125 0.234375 0.05625
1 0.62734375 0.340625 0.2375 0.0546875
1 0.4046875 0.334375 0.203125 0.05625
1 0.61328125 0.29140625 0.2140625 0.059375
1 0.60859375 0.2515625 0.203125 0.05625
0 0.4078125 0.2953125 0.20625 0.0515625
0 0.41015625 0.25703125 0.20625 0.0625
0 0.403125 0.21953125 0.1953125 0.05625
0 0.60859375 0.20859375 0.196875 0.040625
0 0.41171875 0.18125 0.1953125 0.04375
0 0.6078125 0.18125 0.2046875 0.04375
0 0.415625 0.14765625 0.190625 0.0484375
0 0.6015625 0.146875 0.190625 0.046875
0 0.415625 0.11640625 0.171875 0.046875
0 0.57890625 0.115625 0.15625 0.0359375
0 0.42265625 0.0875 0.1640625 0.0421875
0 0.5890625 0.084375 0.171875 0.0375
0 0.41484375 0.05546875 0.1609375 0.046875
0 0.57734375 0.053125 0.153125 0.0390625
0 0.4171875 0.0203125 0.1609375 0.0390625
0 0.571875 0.0203125 0.1453125 0.0390625
0 0.8859375 0.02578125 0.1703125 0.0515625
0 0.89921875 0.06171875 0.1578125 0.0390625
0 0.90546875 0.08515625 0.146875 0.0421875
0 0.91796875 0.115625 0.1265625 0.040625
0 0.92109375 0.1515625 0.1234375 0.040625
0 0.93671875 0.1828125 0.0953125 0.0375
0 0.9359375 0.22578125 0.103125 0.0390625
0 0.95 0.259375 0.078125 0.046875
0 0.08515625 0.0359375 0.146875 0.0375
0 0.084375 0.05625 0.1484375 0.0515625
0 0.0765625 0.084375 0.1296875 0.046875
0 0.06640625 0.1125 0.1296875 0.053125
0 0.07109375 0.1453125 0.1421875 0.0671875
0 0.059375 0.17890625 0.11875 0.0453125
1 0.059375 0.209375 0.11875 0.065625
1 0.06015625 0.23671875 0.1203125 0.0671875
1 0.04765625 0.28828125 0.09375 0.078125
1 0.0453125 0.34296875 0.090625 0.0515625
1 0.03984375 0.44140625 0.078125 0.059375
1 0.03671875 0.39375 0.0734375 0.059375
1 0.0375 0.48515625 0.075 0.065625
1 0.03984375 0.5453125 0.075 0.075