1 0.87109375 0.81171875 0.2578125 0.2984375
1 0.79375 0.6875 0.328125 0.3125
1 0.68046875 0.58359375 0.2484375 0.26875
1 0.5984375 0.46875 0.234375 0.240625
1 0.5171875 0.37265625 0.2328125 0.2015625
1 0.45625 0.29765625 0.2078125 0.1953125
1 0.4015625 0.26015625 0.1828125 0.1625
1 0.3578125 0.21484375 0.171875 0.1375
1 0.33203125 0.1796875 0.175 0.1171875
1 0.30703125 0.14296875 0.1734375 0.1203125
1 0.27890625 0.1078125 0.165625 0.1140625
1 0.24453125 0.08125 0.14375 0.1
1 0.22109375 0.0640625 0.1359375 0.06875
0 0.20703125 0.0515625 0.1359375 0.0375
1 0.9609375 0.565625 0.078125 0.16875
0 0.90703125 0.47578125 0.1859375 0.1765625
0 0.8375 0.39609375 0.23125 0.1640625
0 0.73515625 0.2953125 0.175 0.1375
0 0.6625 0.24453125 0.1578125 0.125
1 0.6109375 0.1828125 0.1484375 0.1125
1 0.55703125 0.15078125 0.1328125 0.1
1 0.509375 0.128125 0.1265625 0.0953125
0 0.46328125 0.1 0.1078125 0.078125
0 0.42109375 0.071875 0.115625 0.071875
0 0.3921875 0.04609375 0.134375 0.0734375
0 0.3578125 0.03359375 0.1171875 0.0515625
0 0.9078125 0.08046875 0.075 0.090625
0 0.878125 0.05 0.1234375 0.1
1 0.82265625 0.03359375 0.1171875 0.0671875
1 0.76796875 0.01953125 0.1203125 0.0390625
0 0.90546875 0.0125 0.0484375 0.025
1 0.16171875 0.96953125 0.1671875 0.0609375
1 0.125 0.87109375 0.15625 0.1703125
1 0.0875 0.73671875 0.1265625 0.1296875
1 0.0578125 0.5875 0.115625 0.1296875
1 0.0421875 0.490625 0.084375 0.103125
1 0.02890625 0.40859375 0.0578125 0.0671875
1 0.0203125 0.34140625 0.040625 0.0484375
1 0.01484375 0.30546875 0.0296875 0.0640625
1 0.0078125 0.2546875 0.015625 0.05625