1 0.690625 0.89375 0.275 0.2
1 0.44765625 0.96640625 0.2453125 0.0671875
1 0.6125 0.79765625 0.38125 0.4046875
1 0.378125 0.82265625 0.434375 0.3546875
1 0.525 0.54140625 0.38125 0.4140625
1 0.315625 0.6515625 0.403125 0.421875
1 0.446875 0.33515625 0.365625 0.4015625
1 0.26015625 0.440625 0.3359375 0.346875
1 0.21015625 0.26484375 0.2921875 0.3171875
1 0.3953125 0.1640625 0.315625 0.328125
1 0.35625 0.07578125 0.234375 0.1515625
1 0.1734375 0.146875 0.25625 0.203125
1 0.803125 0.06484375 0.2125 0.1296875
1 0.85234375 0.15859375 0.1796875 0.1671875
1 0.915625 0.290625 0.1375 0.20625
1 0.965625 0.43359375 0.06875 0.1984375