1 0.221875 0.640625 0.4359375 0.4875
1 0.12265625 0.68203125 0.2453125 0.4078125
0 0.4265625 0.5859375 0.3703125 0.4109375
0 0.628125 0.54375 0.421875 0.4609375
1 0.80859375 0.4703125 0.3828125 0.428125
1 0.6875 0.2859375 0.284375 0.2796875
0 0.52734375 0.3375 0.2703125 0.2703125
0 0.3828125 0.37734375 0.2828125 0.3015625
1 0.22265625 0.40546875 0.2765625 0.290625
1 0.10078125 0.42578125 0.2015625 0.2609375
0 0.44609375 0.15546875 0.1765625 0.165625
0 0.340625 0.17734375 0.1765625 0.175
1 0.55078125 0.11796875 0.184375 0.184375
0 0.24140625 0.20703125 0.1765625 0.165625
1 0.1359375 0.2265625 0.1671875 0.1640625