1 0.23828125 0.5828125 0.3328125 0.396875
1 0.1078125 0.6 0.215625 0.359375
0 0.4390625 0.5765625 0.2828125 0.334375
0 0.63359375 0.5796875 0.3234375 0.3734375
1 0.8203125 0.5515625 0.3 0.346875
1 0.74375 0.3546875 0.2265625 0.2203125
0 0.58515625 0.36796875 0.2140625 0.2140625
0 0.44296875 0.37421875 0.2203125 0.2421875
1 0.28828125 0.365625 0.215625 0.2328125
1 0.1546875 0.35546875 0.1859375 0.2109375
0 0.5484375 0.1828125 0.1421875 0.128125
0 0.44609375 0.18046875 0.140625 0.1375
1 0.653125 0.1703125 0.1453125 0.1453125
0 0.3484375 0.18671875 0.1421875 0.128125
1 0.246875 0.18203125 0.1328125 0.1296875