1 0.25078125 0.63203125 0.303125 0.3734375
1 0.11484375 0.69609375 0.228125 0.3328125
0 0.43828125 0.56171875 0.25625 0.3140625
0 0.6203125 0.503125 0.2953125 0.35
1 0.78515625 0.415625 0.2734375 0.3265625
1 0.65 0.25625 0.2109375 0.2046875
0 0.50625 0.3203125 0.1984375 0.2
0 0.3765625 0.3703125 0.2 0.225
1 0.228125 0.41328125 0.1984375 0.2171875
1 0.10078125 0.44765625 0.1703125 0.196875
0 0.41328125 0.159375 0.1328125 0.11875
0 0.31484375 0.1890625 0.1296875 0.1265625
1 0.50546875 0.11328125 0.1359375 0.1359375
0 0.22734375 0.228125 0.1328125 0.11875
1 0.1296875 0.2546875 0.125 0.1203125