1 0.21015625 0.55078125 0.2390625 0.328125
1 0.075 0.56015625 0.15 0.3015625
0 0.40078125 0.5515625 0.203125 0.275
0 0.584375 0.5609375 0.2359375 0.30625
1 0.7625 0.53984375 0.21875 0.284375
1 0.69609375 0.35078125 0.178125 0.1703125
0 0.54453125 0.3578125 0.165625 0.1671875
0 0.4109375 0.359375 0.1625 0.1953125
1 0.26484375 0.346875 0.1625 0.1859375
1 0.13828125 0.33359375 0.1375 0.1703125
0 0.5171875 0.18203125 0.115625 0.096875
0 0.41953125 0.17578125 0.109375 0.1046875
1 0.615625 0.1734375 0.1140625 0.1140625
0 0.32734375 0.1796875 0.115625 0.096875
1 0.23125 0.17109375 0.10625 0.1