1 0.215625 0.57578125 0.2125 0.3109375
1 0.07265625 0.5984375 0.1453125 0.290625
0 0.40625 0.56015625 0.18125 0.2609375
0 0.58984375 0.55390625 0.2109375 0.2890625
1 0.76484375 0.5171875 0.1953125 0.26875
1 0.6828125 0.334375 0.165625 0.15625
0 0.5328125 0.35546875 0.153125 0.1546875
0 0.4 0.36796875 0.146875 0.1828125
1 0.25234375 0.36796875 0.1484375 0.1734375
1 0.12578125 0.36640625 0.1234375 0.1609375
0 0.48984375 0.1828125 0.1078125 0.0875
0 0.39140625 0.184375 0.1015625 0.096875
1 0.58671875 0.16484375 0.1046875 0.1046875
0 0.30078125 0.196875 0.1078125 0.0875
1 0.20390625 0.19609375 0.0984375 0.0921875