1 0.19296875 0.55546875 0.240625 0.3359375
1 0.0640625 0.56953125 0.128125 0.3078125
0 0.390625 0.55234375 0.2046875 0.28125
0 0.5796875 0.559375 0.2375 0.3125
1 0.76328125 0.53515625 0.2203125 0.290625
1 0.69140625 0.340625 0.18125 0.171875
0 0.53515625 0.3515625 0.16875 0.1703125
0 0.3984375 0.35390625 0.1640625 0.1984375
1 0.2453125 0.34375 0.165625 0.1890625
1 0.115625 0.3328125 0.1390625 0.175
0 0.503125 0.1703125 0.1171875 0.0984375
0 0.40234375 0.16484375 0.1109375 0.1078125
1 0.6046875 0.15859375 0.115625 0.115625
0 0.3078125 0.17109375 0.1171875 0.0984375
1 0.2078125 0.16328125 0.1078125 0.1015625