1 0.8640625 0.81640625 0.271875 0.2984375
1 0.78046875 0.6890625 0.3203125 0.30625
1 0.66953125 0.58515625 0.24375 0.2625
1 0.59140625 0.46875 0.228125 0.2359375
1 0.5109375 0.371875 0.2296875 0.196875
1 0.45234375 0.296875 0.203125 0.190625
1 0.39921875 0.259375 0.1796875 0.1578125
1 0.35625 0.2140625 0.16875 0.134375
1 0.33203125 0.178125 0.171875 0.1140625
1 0.30859375 0.1421875 0.1703125 0.1171875
1 0.28046875 0.10625 0.1640625 0.1109375
1 0.246875 0.07890625 0.1421875 0.096875
1 0.2234375 0.06171875 0.134375 0.065625
0 0.209375 0.04921875 0.134375 0.0359375
1 0.95546875 0.57109375 0.0890625 0.1671875
0 0.903125 0.48046875 0.19375 0.1734375
0 0.8296875 0.4015625 0.2265625 0.1578125
0 0.72890625 0.3 0.171875 0.134375
0 0.65859375 0.24921875 0.1546875 0.1203125
1 0.60859375 0.18671875 0.1453125 0.109375
1 0.55546875 0.15390625 0.13125 0.096875
1 0.5078125 0.13046875 0.125 0.0921875
0 0.46328125 0.10234375 0.10625 0.0765625
0 0.421875 0.07421875 0.1140625 0.06875
0 0.39453125 0.046875 0.13125 0.0703125
0 0.36015625 0.03359375 0.115625 0.0515625
0 0.90546875 0.08984375 0.075 0.0890625
0 0.875 0.06015625 0.121875 0.096875
1 0.8203125 0.0375 0.115625 0.075
1 0.7671875 0.02265625 0.11875 0.0453125
0 0.7109375 0.009375 0.103125 0.01875
0 0.903125 0.0171875 0.046875 0.034375
1 0.1484375 0.9640625 0.165625 0.071875
1 0.115625 0.859375 0.1515625 0.165625
1 0.08046875 0.72578125 0.1203125 0.128125
1 0.0546875 0.57734375 0.109375 0.1265625
1 0.040625 0.48125 0.08125 0.1
1 0.028125 0.4 0.05625 0.065625
1 0.0203125 0.3328125 0.040625 0.046875
1 0.01484375 0.296875 0.0296875 0.0625
1 0.00859375 0.24609375 0.0171875 0.0546875