1 0.8 0.37734375 0.1296875 0.109375
1 0.68359375 0.36484375 0.1625 0.1140625
1 0.54453125 0.34921875 0.1578125 0.1046875
1 0.3984375 0.3234375 0.1515625 0.11875
1 0.27109375 0.29140625 0.134375 0.1078125
1 0.165625 0.26875 0.109375 0.075
1 0.08046875 0.25 0.0890625 0.090625
1 0.92578125 0.61796875 0.09375 0.1890625
0 0.88359375 0.6140625 0.1125 0.1765625
0 0.83203125 0.60859375 0.1234375 0.190625
1 0.78515625 0.6171875 0.1390625 0.21875
1 0.71953125 0.609375 0.140625 0.2234375
0 0.66640625 0.61640625 0.125 0.1890625
1 0.59765625 0.61171875 0.1265625 0.209375
0 0.52890625 0.59609375 0.1265625 0.2171875
1 0.45234375 0.578125 0.1359375 0.2234375
1 0.3859375 0.57109375 0.13125 0.21875
1 0.3140625 0.55078125 0.146875 0.209375
0 0.253125 0.5265625 0.1328125 0.1921875
0 0.1984375 0.5015625 0.1265625 0.18125
0 0.146875 0.484375 0.128125 0.178125
1 0.10078125 0.475 0.134375 0.175
0 0.059375 0.44765625 0.1 0.1578125
0 0.04140625 0.44609375 0.0828125 0.1671875
1 0.01875 0.42734375 0.0375 0.1484375