1 0.76015625 0.34921875 0.1078125 0.0828125
1 0.65078125 0.3609375 0.1390625 0.08125
1 0.51953125 0.3734375 0.1359375 0.071875
1 0.3796875 0.378125 0.128125 0.0875
1 0.25625 0.37421875 0.1125 0.0796875
1 0.1546875 0.3734375 0.09375 0.053125
1 0.06640625 0.3734375 0.0828125 0.071875
1 0.01640625 0.36875 0.0328125 0.046875
1 0.92265625 0.54609375 0.0546875 0.1703125
0 0.88359375 0.5515625 0.0765625 0.153125
0 0.83515625 0.55625 0.0828125 0.165625
1 0.79375 0.5734375 0.09375 0.190625
1 0.73125 0.57890625 0.09375 0.1953125
0 0.68359375 0.59609375 0.0859375 0.1640625
1 0.61953125 0.6046875 0.0828125 0.184375
0 0.553125 0.60390625 0.08125 0.1921875
1 0.47890625 0.603125 0.0890625 0.196875
1 0.41640625 0.60859375 0.0859375 0.1921875
1 0.346875 0.60390625 0.103125 0.1796875
0 0.28515625 0.59375 0.0921875 0.165625
0 0.23046875 0.58125 0.0890625 0.15625
0 0.1796875 0.57578125 0.090625 0.1515625
1 0.13515625 0.5765625 0.0984375 0.146875
0 0.09140625 0.559375 0.0671875 0.1375
0 0.05625 0.5625 0.0875 0.146875
1 0.02734375 0.54921875 0.0546875 0.1390625
0 0.01171875 0.54296875 0.0234375 0.1359375