0 0.0609375 0.190625 0.0390625 0.13125
0 0.1265625 0.17734375 0.1328125 0.1296875
0 0.21953125 0.16796875 0.1125 0.1109375
0 0.3125 0.17578125 0.121875 0.1234375
1 0.40546875 0.17890625 0.1421875 0.16875
0 0.48828125 0.16953125 0.1265625 0.140625
1 0.58515625 0.16640625 0.1296875 0.15625
0 0.66015625 0.17109375 0.128125 0.1609375
1 0.7515625 0.1578125 0.134375 0.1671875
1 0.83515625 0.1703125 0.128125 0.16875
1 0.91015625 0.1625 0.13125 0.165625
0 0.96171875 0.1703125 0.0765625 0.13125
1 0.03125 0.52265625 0.0625 0.2296875
0 0.09296875 0.503125 0.1671875 0.2171875
1 0.21328125 0.5046875 0.1703125 0.2609375
0 0.334375 0.50859375 0.178125 0.228125
0 0.44375 0.50703125 0.16875 0.2203125
1 0.553125 0.490625 0.1796875 0.2375
0 0.6484375 0.503125 0.1765625 0.2234375
0 0.7609375 0.49453125 0.18125 0.2375
0 0.85703125 0.48671875 0.1796875 0.2421875
1 0.934375 0.48984375 0.13125 0.2515625
1 0.9890625 0.46171875 0.021875 0.2078125
1 0.33125 0.96796875 0.1328125 0.040625
0 0.48125 0.96171875 0.153125 0.0765625
0 0.61171875 0.96171875 0.1640625 0.0765625
1 0.7484375 0.9515625 0.165625 0.096875
1 0.85859375 0.9421875 0.1328125 0.115625