0 0.98203125 0.2625 0.0359375 0.153125
0 0.9484375 0.2109375 0.103125 0.140625
0 0.8765625 0.171875 0.1546875 0.15625
1 0.78671875 0.1328125 0.184375 0.196875
0 0.7125 0.09140625 0.1546875 0.140625
1 0.6171875 0.05859375 0.1546875 0.1140625
0 0.540625 0.040625 0.15 0.08125
1 0.453125 0.01328125 0.14375 0.0265625
1 0.95 0.646875 0.1 0.25
0 0.89921875 0.59140625 0.2015625 0.2640625
1 0.796875 0.5328125 0.2359375 0.3125
0 0.6828125 0.4734375 0.2375 0.28125
0 0.58046875 0.41484375 0.2265625 0.271875
1 0.4875 0.34296875 0.2390625 0.2921875
0 0.3890625 0.30234375 0.23125 0.275
0 0.2890625 0.2375 0.24375 0.2921875
0 0.20234375 0.17890625 0.2421875 0.2953125
1 0.13046875 0.14453125 0.1890625 0.2890625
1 0.08828125 0.09921875 0.0765625 0.1984375
1 0.73359375 0.9859375 0.2109375 0.028125
0 0.58046875 0.97109375 0.1890625 0.0578125
1 0.4328125 0.93359375 0.190625 0.1328125
0 0.2921875 0.87265625 0.225 0.221875
0 0.16015625 0.82421875 0.24375 0.26875
1 0.0765625 0.75859375 0.153125 0.3109375
1 0.01796875 0.70078125 0.0359375 0.3265625