1 0.95625 0.70859375 0.08125 0.2234375
1 0.92265625 0.7359375 0.1453125 0.2109375
1 0.87890625 0.76484375 0.1859375 0.2296875
0 0.80546875 0.78046875 0.18125 0.215625
1 0.73984375 0.81015625 0.184375 0.2328125
0 0.66953125 0.83828125 0.165625 0.2140625
0 0.6046875 0.86953125 0.178125 0.2328125
1 0.53359375 0.890625 0.1765625 0.21875
0 0.46640625 0.91015625 0.1421875 0.1796875
1 0.3890625 0.915625 0.1796875 0.1671875
1 0.28984375 0.915625 0.171875 0.1609375
1 0.21171875 0.8953125 0.2140625 0.196875
1 0.16015625 0.85234375 0.203125 0.2140625
0 0.12265625 0.78359375 0.1671875 0.1734375
1 0.0953125 0.72109375 0.190625 0.165625
0 0.0703125 0.6671875 0.140625 0.153125
1 0.05 0.60703125 0.1 0.1453125
0 0.7265625 0.5140625 0.1234375 0.1421875
0 0.6625 0.49765625 0.1328125 0.171875
0 0.60390625 0.48203125 0.115625 0.1640625
0 0.54921875 0.47578125 0.121875 0.159375
0 0.48984375 0.4609375 0.1109375 0.1484375
0 0.4296875 0.4453125 0.1140625 0.1546875
0 0.37734375 0.44140625 0.109375 0.1296875
0 0.53046875 0.59921875 0.1125 0.153125
1 0.46171875 0.5890625 0.1265625 0.1671875
0 0.40703125 0.56953125 0.1296875 0.1578125
1 0.334375 0.56328125 0.13125 0.146875
0 0.29296875 0.5421875 0.134375 0.153125
1 0.2359375 0.53125 0.128125 0.146875
1 0.325 0.4171875 0.1203125 0.1421875
1 0.27265625 0.40703125 0.121875 0.1328125
1 0.10234375 0.375 0.1328125 0.1359375
1 0.15390625 0.38515625 0.115625 0.1375
1 0.20546875 0.4015625 0.1328125 0.15
1 0.03828125 0.1609375 0.05625 0.1125
1 0.0546875 0.1609375 0.090625 0.11875
1 0.096875 0.18125 0.103125 0.121875
1 0.14296875 0.18359375 0.109375 0.1203125
1 0.17890625 0.1953125 0.09375 0.1109375
1 0.22421875 0.2109375 0.1015625 0.11875
1 0.27890625 0.21796875 0.1015625 0.121875
1 0.33203125 0.228125 0.1109375 0.103125
0 0.38828125 0.23203125 0.1125 0.109375
1 0.4375 0.24296875 0.1046875 0.10625
0 0.4921875 0.253125 0.1125 0.10625
1 0.53984375 0.26328125 0.1125 0.103125
1 0.59296875 0.26875 0.103125 0.1109375
1 0.6546875 0.2703125 0.109375 0.10625
1 0.71171875 0.284375 0.115625 0.1078125
1 0.7703125 0.290625 0.103125 0.103125
1 0.82734375 0.29296875 0.0921875 0.096875
1 0.89375 0.3109375 0.103125 0.10625
1 0.9515625 0.31953125 0.096875 0.1109375
1 0.98515625 0.32265625 0.0296875 0.1203125