1 0.821875 0.73203125 0.35625 0.5359375
1 0.71484375 0.65078125 0.48125 0.559375
1 0.56953125 0.58828125 0.45 0.528125
1 0.44765625 0.4828125 0.428125 0.4796875
1 0.31953125 0.40390625 0.403125 0.45
1 0.2171875 0.33671875 0.396875 0.428125
1 0.153125 0.30390625 0.303125 0.3703125
1 0.10078125 0.253125 0.175 0.315625
1 0.29609375 0.75546875 0.5734375 0.4890625
1 0.20625 0.70390625 0.4125 0.5265625
0 0.4640625 0.8015625 0.49375 0.396875
0 0.153125 0.65859375 0.30625 0.5453125
0 0.1 0.528125 0.2 0.415625
1 0.590625 0.1140625 0.24375 0.228125
0 0.496875 0.09296875 0.240625 0.1859375
1 0.4125 0.075 0.21875 0.15
1 0.3359375 0.05859375 0.20625 0.1171875
0 0.2453125 0.0421875 0.1625 0.084375