1 0.06328125 0.10859375 0.0984375 0.2171875
1 0.178125 0.1234375 0.165625 0.246875
1 0.33203125 0.1390625 0.1765625 0.278125
1 0.4921875 0.15546875 0.1625 0.3078125
1 0.63828125 0.19765625 0.16875 0.2859375
1 0.7875 0.225 0.1625 0.3078125
1 0.9328125 0.23046875 0.134375 0.2984375
1 0.8828125 0.821875 0.2125 0.35625
1 0.72265625 0.803125 0.2234375 0.3203125
1 0.53203125 0.76328125 0.2046875 0.3296875
1 0.3828125 0.75390625 0.2 0.346875
1 0.21328125 0.70390625 0.20625 0.3265625
1 0.07734375 0.7 0.1546875 0.325