1 0.18984375 0.70625 0.321875 0.3828125
1 0.41953125 0.66640625 0.3078125 0.346875
1 0.61171875 0.67265625 0.34375 0.3703125
1 0.80703125 0.653125 0.359375 0.3546875
1 0.928125 0.62734375 0.14375 0.2515625
0 0.3265625 0.4546875 0.3453125 0.25
1 0.52265625 0.43515625 0.3390625 0.2546875
1 0.7109375 0.4203125 0.325 0.246875
1 0.871875 0.42890625 0.25625 0.2109375
1 0.953125 0.39609375 0.09375 0.1734375
1 0.46875 0.24453125 0.1875 0.1734375
1 0.58359375 0.26171875 0.1875 0.153125
1 0.71171875 0.25859375 0.1921875 0.1453125
0 0.83203125 0.25546875 0.1734375 0.1359375
1 0.93203125 0.25 0.1359375 0.15625
1 0.0265625 0.2734375 0.0359375 0.0703125
1 0.04296875 0.23515625 0.05 0.0609375
1 0.0578125 0.209375 0.0703125 0.0703125
1 0.071875 0.17578125 0.0828125 0.0625
1 0.08203125 0.14921875 0.0921875 0.0578125
1 0.09375 0.134375 0.1125 0.0671875
1 0.1046875 0.10859375 0.1234375 0.065625