0 0.67421875 0.7796875 0.128125 0.3078125
1 0.59375 0.7671875 0.125 0.3
1 0.50625 0.74921875 0.1328125 0.3171875
1 0.415625 0.7296875 0.1109375 0.3
0 0.3265625 0.71796875 0.1359375 0.303125
1 0.23671875 0.71640625 0.1453125 0.3015625
0 0.16328125 0.71015625 0.175 0.3125
0 0.0875 0.6859375 0.1625 0.3109375
1 0.78515625 0.33828125 0.10625 0.221875
1 0.7203125 0.3234375 0.09375 0.23125
0 0.65625 0.3125 0.0890625 0.19375
1 0.59140625 0.28984375 0.09375 0.19375
1 0.5265625 0.28046875 0.10625 0.190625
1 0.4515625 0.27421875 0.1171875 0.2046875
1 0.38125 0.25625 0.125 0.23125
0 0.31875 0.24453125 0.11875 0.2046875
0 0.25703125 0.22734375 0.1171875 0.2265625