1 0.17109375 0.6078125 0.3421875 0.43125
1 0.34375 0.7046875 0.3734375 0.3984375
1 0.4875 0.80078125 0.4125 0.3984375
1 0.6484375 0.84921875 0.421875 0.3015625
1 0.75234375 0.91796875 0.1984375 0.1640625
0 0.39140625 0.49140625 0.3765625 0.321875
1 0.55078125 0.584375 0.3734375 0.3234375
1 0.70390625 0.6796875 0.359375 0.3125
1 0.8109375 0.7734375 0.265625 0.24375
1 0.890625 0.79296875 0.1078125 0.1609375
1 0.61640625 0.409375 0.2171875 0.209375
1 0.69453125 0.48515625 0.209375 0.1890625
1 0.7953125 0.5546875 0.2109375 0.184375
0 0.8890625 0.61875 0.19375 0.1734375
1 0.93984375 0.66015625 0.103125 0.14375
1 0.1765625 0.1625 0.13125 0.115625
1 0.21953125 0.140625 0.1671875 0.1296875
1 0.25078125 0.1171875 0.1796875 0.125
1 0.28671875 0.11640625 0.18125 0.1296875
1 0.32421875 0.10546875 0.1640625 0.115625
1 0.34765625 0.09375 0.171875 0.1140625
1 0.36171875 0.08359375 0.2015625 0.1328125
1 0.39921875 0.08515625 0.171875 0.1140625