0 0.36875 0.81015625 0.271875 0.3796875
1 0.4546875 0.7796875 0.2671875 0.4015625
1 0.54453125 0.72421875 0.2828125 0.421875
1 0.63828125 0.665625 0.2484375 0.39375
0 0.73203125 0.615625 0.28125 0.4078125
1 0.83203125 0.57734375 0.290625 0.409375
0 0.871875 0.54140625 0.25625 0.4296875
0 0.91328125 0.49296875 0.1734375 0.4046875
1 0.0859375 0.37734375 0.171875 0.3015625
1 0.13203125 0.334375 0.2015625 0.30625
0 0.2 0.296875 0.18125 0.2609375
1 0.26171875 0.2453125 0.1875 0.2640625
1 0.33203125 0.2078125 0.1984375 0.2625
1 0.41171875 0.1703125 0.2203125 0.2875
1 0.48515625 0.140625 0.2359375 0.28125
0 0.5515625 0.11328125 0.215625 0.2265625
0 0.6171875 0.09765625 0.2125 0.1953125