0 0.84375 0.24140625 0.23125 0.2828125
0 0.72109375 0.321875 0.2046875 0.28125
1 0.88515625 0.5390625 0.2296875 0.39375
1 0.76953125 0.59765625 0.2890625 0.3796875
1 0.63828125 0.625 0.2796875 0.38125
1 0.60859375 0.35234375 0.1921875 0.2546875
1 0.50390625 0.375 0.1859375 0.246875
0 0.51796875 0.66171875 0.2546875 0.3578125
1 0.4140625 0.6921875 0.2375 0.3375
0 0.32421875 0.70546875 0.2421875 0.3421875
0 0.2421875 0.72421875 0.259375 0.3453125
1 0.13671875 0.734375 0.2515625 0.3375
0 0.42109375 0.428125 0.1921875 0.2625
1 0.3421875 0.44140625 0.178125 0.2265625
1 0.25390625 0.4671875 0.1734375 0.246875
1 0.18125 0.49140625 0.146875 0.1921875
0 0.12890625 0.51015625 0.1609375 0.2015625
1 0.07734375 0.53125 0.1546875 0.20625
1 0.07890625 0.753125 0.1234375 0.26875
1 0.7828125 0.01953125 0.153125 0.0390625
1 0.6765625 0.04375 0.153125 0.0875
1 0.58671875 0.06484375 0.1515625 0.1296875
1 0.50703125 0.08515625 0.1453125 0.1703125
0 0.43984375 0.11484375 0.1296875 0.1515625
1 0.37109375 0.14765625 0.1421875 0.1671875
1 0.3046875 0.17890625 0.13125 0.1640625
0 0.253125 0.21953125 0.134375 0.1765625
1 0.20390625 0.23515625 0.1453125 0.1703125
0 0.15078125 0.25703125 0.1140625 0.1609375
1 0.09921875 0.28359375 0.1234375 0.1640625
0 0.0609375 0.3203125 0.121875 0.16875
0 0.040625 0.35078125 0.08125 0.1671875
1 0.0328125 0.5625 0.065625 0.203125