0 0.36015625 0.8046875 0.2546875 0.390625
1 0.44609375 0.7671875 0.25 0.3890625
1 0.5359375 0.715625 0.2640625 0.409375
1 0.63046875 0.66171875 0.23125 0.38125
0 0.72265625 0.615625 0.2640625 0.39375
1 0.821875 0.58203125 0.271875 0.396875
0 0.871875 0.5484375 0.25625 0.41875
0 0.9125 0.503125 0.175 0.396875
1 0.08984375 0.3609375 0.1796875 0.290625
1 0.14609375 0.32109375 0.1890625 0.296875
0 0.21328125 0.2859375 0.16875 0.253125
1 0.27578125 0.23828125 0.1765625 0.25625
1 0.34609375 0.20390625 0.1875 0.253125
1 0.425 0.16875 0.2078125 0.2765625
1 0.496875 0.13984375 0.225 0.2796875
0 0.5625 0.1140625 0.20625 0.228125
0 0.6296875 0.09921875 0.203125 0.1984375