0 0.7421875 0.74140625 0.209375 0.3390625
1 0.6578125 0.75078125 0.203125 0.33125
1 0.5671875 0.75546875 0.215625 0.35
1 0.471875 0.76015625 0.1890625 0.3265625
0 0.38046875 0.77265625 0.215625 0.3375
1 0.290625 0.79453125 0.225 0.3375
0 0.21640625 0.80859375 0.25625 0.35625
0 0.1421875 0.803125 0.228125 0.3484375
1 0.73515625 0.27421875 0.1640625 0.2484375
1 0.66484375 0.2765625 0.1546875 0.2546875
0 0.59921875 0.2828125 0.140625 0.215625
1 0.5296875 0.278125 0.14375 0.2171875
1 0.46171875 0.2859375 0.15625 0.2171875
1 0.3859375 0.2984375 0.1703125 0.234375
1 0.3109375 0.3 0.1859375 0.2625
0 0.2453125 0.3046875 0.171875 0.234375
0 0.1796875 0.3046875 0.1765625 0.25625