0 0.89609375 0.31875 0.2078125 0.359375
0 0.8046875 0.3625 0.296875 0.35
1 0.8625 0.628125 0.275 0.459375
1 0.76796875 0.659375 0.4140625 0.4765625
1 0.62578125 0.64609375 0.4046875 0.4765625
1 0.68125 0.359375 0.275 0.3203125
1 0.5671875 0.35 0.2671875 0.309375
0 0.4921875 0.64609375 0.371875 0.4453125
1 0.3765625 0.6453125 0.346875 0.41875
0 0.28046875 0.63046875 0.3546875 0.425
0 0.190625 0.62421875 0.371875 0.4328125
1 0.13046875 0.603125 0.2609375 0.421875
0 0.46640625 0.378125 0.278125 0.3265625
1 0.38125 0.3671875 0.2515625 0.2859375
1 0.2828125 0.365625 0.2546875 0.30625
1 0.2015625 0.36796875 0.209375 0.2421875
0 0.14296875 0.3703125 0.2265625 0.25625
1 0.096875 0.3765625 0.19375 0.253125
1 0.059375 0.6015625 0.11875 0.3125
1 0.83671875 0.0953125 0.1640625 0.0765625
1 0.7390625 0.08984375 0.1765625 0.11875
1 0.6515625 0.08515625 0.1828125 0.1578125
0 0.57890625 0.08046875 0.1734375 0.1609375
1 0.5015625 0.09140625 0.196875 0.1828125
1 0.425 0.0953125 0.184375 0.190625
0 0.359375 0.11328125 0.1921875 0.221875
1 0.3046875 0.11328125 0.2015625 0.21875
0 0.24296875 0.11953125 0.1671875 0.2
1 0.1828125 0.13046875 0.178125 0.20625
0 0.140625 0.1578125 0.159375 0.2046875
0 0.11015625 0.1828125 0.1171875 0.190625
1 0.046875 0.396875 0.09375 0.221875