0 0.75 0.18125 0.34375 0.3625
0 0.646875 0.29921875 0.315625 0.3703125
1 0.853125 0.475 0.29375 0.49375
1 0.7875 0.57578125 0.425 0.5046875
1 0.6640625 0.65078125 0.4296875 0.503125
1 0.5375 0.37109375 0.2921875 0.3375
1 0.434375 0.43125 0.2828125 0.3265625
0 0.54921875 0.73125 0.3953125 0.46875
1 0.4484375 0.78984375 0.36875 0.4203125
0 0.35703125 0.81015625 0.3765625 0.3796875
0 0.27578125 0.83203125 0.3953125 0.3359375
1 0.21015625 0.8578125 0.2953125 0.284375
0 0.36484375 0.51640625 0.2953125 0.3453125
1 0.28515625 0.55703125 0.2671875 0.3015625
1 0.2 0.615625 0.2703125 0.3234375
1 0.13125 0.66640625 0.221875 0.2546875
0 0.10625 0.696875 0.19375 0.2546875
1 0.084375 0.72890625 0.1359375 0.240625
1 0.15390625 0.9078125 0.1421875 0.184375
1 0.50390625 0.0453125 0.1921875 0.090625
1 0.41640625 0.084375 0.2046875 0.16875
1 0.33828125 0.12421875 0.2125 0.2265625
0 0.2765625 0.1765625 0.190625 0.20625
1 0.2140625 0.23515625 0.209375 0.2265625
1 0.1546875 0.2921875 0.196875 0.2203125
0 0.1140625 0.353125 0.203125 0.234375
1 0.08671875 0.3859375 0.1734375 0.23125
0 0.053125 0.42734375 0.10625 0.2109375
1 0.0328125 0.46328125 0.065625 0.1984375
0 0.01875 0.51015625 0.0375 0.1890625