0 0.675 0.78046875 0.128125 0.3078125
1 0.59375 0.7671875 0.125 0.3
1 0.50703125 0.74921875 0.1328125 0.3171875
1 0.41640625 0.7296875 0.1109375 0.3
0 0.32734375 0.71875 0.1359375 0.303125
1 0.23671875 0.71640625 0.1453125 0.3015625
0 0.1640625 0.7109375 0.175 0.3125
0 0.0875 0.68671875 0.1625 0.3109375
1 0.7859375 0.3390625 0.10625 0.221875
1 0.7203125 0.3234375 0.09375 0.23125
0 0.65703125 0.3125 0.0890625 0.19375
1 0.5921875 0.290625 0.09375 0.19375
1 0.5265625 0.28125 0.10625 0.190625
1 0.45234375 0.27421875 0.1171875 0.2046875
1 0.38125 0.25625 0.125 0.23125
0 0.31875 0.24453125 0.11875 0.2046875
0 0.25703125 0.22734375 0.1171875 0.2265625