1 0.2125 0.71640625 0.303125 0.3640625
1 0.4359375 0.66953125 0.290625 0.3296875
1 0.625 0.66953125 0.325 0.3515625
1 0.815625 0.64296875 0.340625 0.3359375
1 0.93359375 0.61484375 0.1328125 0.2421875
0 0.33828125 0.465625 0.3296875 0.234375
1 0.52890625 0.43984375 0.3234375 0.2390625
1 0.71328125 0.41875 0.3109375 0.23125
1 0.875 0.42109375 0.25 0.1984375
1 0.953125 0.38671875 0.09375 0.1671875
1 0.4703125 0.25546875 0.178125 0.1640625
1 0.5828125 0.2671875 0.178125 0.14375
1 0.70859375 0.26015625 0.1828125 0.1359375
0 0.8265625 0.253125 0.165625 0.128125
1 0.93046875 0.24453125 0.1390625 0.1484375
1 0.03828125 0.29765625 0.0328125 0.0671875
1 0.053125 0.26015625 0.046875 0.0578125
1 0.06640625 0.234375 0.0671875 0.065625
1 0.07890625 0.20078125 0.0796875 0.0578125
1 0.08828125 0.175 0.0890625 0.053125
1 0.09921875 0.159375 0.1078125 0.0625
1 0.109375 0.134375 0.11875 0.059375