1 0.7453125 0.66015625 0.128125 0.2984375
1 0.73671875 0.375 0.1203125 0.25
1 0.64609375 0.665625 0.10625 0.31875
1 0.64921875 0.378125 0.1203125 0.2578125
1 0.5640625 0.37734375 0.1078125 0.2578125
1 0.5484375 0.6640625 0.09375 0.290625
1 0.9765625 0.66484375 0.0453125 0.3
1 0.9625 0.3671875 0.075 0.265625
1 0.471875 0.3765625 0.1 0.234375
1 0.46171875 0.659375 0.096875 0.3140625
1 0.3671875 0.6703125 0.1125 0.3203125
1 0.3890625 0.3796875 0.1 0.2734375
1 0.3 0.37421875 0.1015625 0.2640625
1 0.26796875 0.6703125 0.1125 0.3234375
1 0.1734375 0.671875 0.1046875 0.315625
1 0.2125 0.375 0.0953125 0.271875
1 0.1125 0.3765625 0.1046875 0.2890625
1 0.0703125 0.67734375 0.1140625 0.3046875