1 0.8265625 0.83984375 0.3125 0.3203125
1 0.9296875 0.9171875 0.0625 0.165625
0 0.7 0.790625 0.478125 0.41875
1 0.50703125 0.753125 0.5140625 0.49375
1 0.32265625 0.68515625 0.5078125 0.578125
1 0.19453125 0.6125 0.3890625 0.571875
1 0.09453125 0.49765625 0.1890625 0.4953125
1 0.9265625 0.53671875 0.146875 0.4078125
1 0.82421875 0.41484375 0.3515625 0.5234375
1 0.70703125 0.38515625 0.4953125 0.5484375
1 0.5140625 0.27734375 0.4828125 0.5
1 0.32109375 0.225 0.4984375 0.45
1 0.16953125 0.1671875 0.3109375 0.334375