1 0.8015625 0.59609375 0.2265625 0.3421875
1 0.69921875 0.31015625 0.203125 0.2921875
1 0.703125 0.63359375 0.2109375 0.35625
1 0.61171875 0.3421875 0.20625 0.3
1 0.52578125 0.36953125 0.19375 0.2953125
1 0.60390625 0.6640625 0.1890625 0.3234375
1 0.98203125 0.528125 0.0359375 0.309375
1 0.9109375 0.2328125 0.1375 0.2859375
1 0.4328125 0.3984375 0.178125 0.26875
1 0.51484375 0.68828125 0.2015625 0.3484375
1 0.42265625 0.7296875 0.21875 0.359375
1 0.35 0.4296875 0.190625 0.3078125
1 0.2578125 0.453125 0.1890625 0.3
1 0.3234375 0.76171875 0.2203125 0.3625
1 0.228125 0.7953125 0.209375 0.353125
1 0.16953125 0.4828125 0.184375 0.3046875
1 0.084375 0.51640625 0.16875 0.3265625
1 0.13515625 0.83046875 0.1953125 0.3390625