1 0.91328125 0.34296875 0.0953125 0.1609375
1 0.84765625 0.35078125 0.0875 0.1625
1 0.78359375 0.365625 0.084375 0.1609375
1 0.71640625 0.3671875 0.084375 0.1671875
1 0.653125 0.37421875 0.0921875 0.1625
1 0.5859375 0.384375 0.09375 0.159375
1 0.525 0.39765625 0.0984375 0.1671875
0 0.46171875 0.4109375 0.09375 0.159375
0 0.39609375 0.4203125 0.0984375 0.15625
1 0.3359375 0.43359375 0.0921875 0.1515625
1 0.2703125 0.44375 0.096875 0.1671875
0 0.21640625 0.45390625 0.0953125 0.1671875
0 0.15546875 0.4640625 0.0984375 0.15625
1 0.09453125 0.48125 0.096875 0.1671875
0 0.04375 0.48359375 0.0875 0.1734375
0 0.0125 0.48515625 0.025 0.1484375
1 0.97578125 0.73515625 0.0484375 0.2015625
1 0.93125 0.75546875 0.1125 0.178125
0 0.8515625 0.7625 0.1046875 0.1796875
1 0.77890625 0.778125 0.10625 0.1703125
1 0.7078125 0.7921875 0.0984375 0.18125
1 0.63125 0.809375 0.0984375 0.19375
1 0.5625 0.8078125 0.1078125 0.1953125
1 0.48828125 0.82265625 0.09375 0.1921875
1 0.42109375 0.8390625 0.1 0.2015625
0 0.34453125 0.84765625 0.1 0.190625
1 0.275 0.85546875 0.09375 0.175
1 0.20703125 0.8625 0.096875 0.190625
1 0.1421875 0.87890625 0.0984375 0.18125
1 0.0796875 0.8859375 0.075 0.175