1 0.68203125 0.83515625 0.1109375 0.0859375
1 0.68203125 0.76875 0.115625 0.0765625
1 0.6765625 0.7125 0.1 0.053125
1 0.66484375 0.6671875 0.09375 0.0578125
1 0.65859375 0.621875 0.0890625 0.0578125
1 0.3265625 0.7609375 0.103125 0.134375
1 0.29140625 0.70546875 0.09375 0.121875
1 0.25859375 0.659375 0.0953125 0.1125
1 0.22421875 0.62109375 0.0890625 0.1015625
1 0.309375 0.38359375 0.0640625 0.065625
1 0.3421875 0.36875 0.071875 0.0609375
1 0.378125 0.3515625 0.0546875 0.0578125
1 0.4140625 0.33359375 0.05625 0.0625
1 0.59140625 0.203125 0.0421875 0.025
0 0.58828125 0.21875 0.05625 0.03125
1 0.58828125 0.23671875 0.0515625 0.0375
1 0.59296875 0.24921875 0.06875 0.0328125
1 0.59609375 0.26171875 0.0703125 0.0359375
1 0.60078125 0.2796875 0.065625 0.03125
1 0.59921875 0.29140625 0.059375 0.0359375
1 0.6015625 0.30078125 0.05625 0.0390625
1 0.609375 0.32578125 0.0625 0.0484375