0 0.725 0.925 0.303125 0.15
1 0.6921875 0.85703125 0.3125 0.2859375
0 0.6859375 0.7625 0.2953125 0.2828125
0 0.446875 0.91953125 0.2625 0.1609375
0 0.42265625 0.85078125 0.315625 0.2953125
0 0.4234375 0.74375 0.2953125 0.29375
1 0.4125 0.61953125 0.2796875 0.2625
1 0.6609375 0.64296875 0.3 0.2875
1 0.63046875 0.53828125 0.2859375 0.265625
1 0.628125 0.4453125 0.2453125 0.2296875
0 0.63125 0.35078125 0.25625 0.2328125
0 0.41171875 0.5046875 0.2515625 0.2203125
1 0.40859375 0.3984375 0.24375 0.2171875
0 0.40859375 0.31640625 0.2234375 0.1828125
0 0.40859375 0.234375 0.234375 0.2140625
0 0.3890625 0.1640625 0.24375 0.2265625
0 0.3984375 0.10234375 0.24375 0.2046875
0 0.390625 0.059375 0.21875 0.11875
1 0.384375 0.01796875 0.18125 0.0359375
1 0.62109375 0.25859375 0.240625 0.2234375
1 0.61640625 0.1828125 0.21875 0.203125
1 0.603125 0.10859375 0.2234375 0.2046875
0 0.58984375 0.06640625 0.1890625 0.1328125
0 0.04296875 0.71328125 0.0859375 0.1984375
0 0.0453125 0.59609375 0.090625 0.1671875
0 0.0453125 0.48984375 0.090625 0.1546875
0 0.05625 0.38984375 0.1125 0.1640625
1 0.07421875 0.2796875 0.0875 0.1296875
1 0.01796875 0.83046875 0.0359375 0.0703125
0 0.09453125 0.17890625 0.0515625 0.090625
0 0.03203125 0.803125 0.0640625 0.13125
0 0.9640625 0.43984375 0.071875 0.1203125
0 0.953125 0.36015625 0.09375 0.1546875
0 0.94140625 0.28984375 0.1171875 0.1859375
0 0.93671875 0.22421875 0.1265625 0.1796875
1 0.91796875 0.159375 0.1640625 0.13125