1 0.03828125 0.89453125 0.0765625 0.1078125
1 0.071875 0.85625 0.14375 0.140625
0 0.09609375 0.81171875 0.178125 0.1390625
1 0.1296875 0.7609375 0.1640625 0.11875
1 0.18125 0.721875 0.1671875 0.1359375
0 0.22421875 0.6828125 0.1609375 0.1375
1 0.26015625 0.64375 0.1765625 0.121875
0 0.29140625 0.6046875 0.1578125 0.1078125
1 0.32421875 0.56328125 0.153125 0.1109375
1 0.3796875 0.5171875 0.1296875 0.109375
1 0.2328125 0.93125 0.1796875 0.0921875
1 0.28203125 0.8765625 0.190625 0.1296875
1 0.328125 0.815625 0.1796875 0.1140625
1 0.3609375 0.7890625 0.1625 0.128125
1 0.38125 0.7453125 0.1484375 0.103125
1 0.41953125 0.696875 0.16875 0.1203125
1 0.4515625 0.65859375 0.1734375 0.1328125
0 0.47734375 0.62890625 0.175 0.1140625
1 0.51875 0.57890625 0.159375 0.13125
1 0.72890625 0.97265625 0.1890625 0.0546875
1 0.7546875 0.9453125 0.190625 0.109375
1 0.77890625 0.90234375 0.16875 0.1125
0 0.80703125 0.8578125 0.1671875 0.1140625
1 0.83046875 0.81015625 0.16875 0.1046875
1 0.85390625 0.76953125 0.1875 0.109375
0 0.87421875 0.728125 0.1796875 0.10625
1 0.065625 0.4 0.125 0.1078125
1 0.0359375 0.45 0.071875 0.090625
1 0.2015625 0.2578125 0.1390625 0.1015625
0 0.0765625 0.21171875 0.096875 0.0828125
1 0.4984375 0.37890625 0.1484375 0.10625
1 0.6796875 0.39296875 0.121875 0.090625
1 0.6515625 0.42109375 0.1359375 0.1078125
0 0.69765625 0.36484375 0.1484375 0.1109375
1 0.7296875 0.33125 0.1203125 0.103125
1 0.7390625 0.3 0.1421875 0.1046875
1 0.7625 0.2765625 0.1390625 0.1015625
1 0.7890625 0.25390625 0.140625 0.09375
1 0.80546875 0.22890625 0.134375 0.1015625
1 0.82265625 0.2015625 0.1375 0.0890625
1 0.84609375 0.18125 0.1296875 0.0875
0 0.8546875 0.1671875 0.1390625 0.078125
0 0.8703125 0.14375 0.1359375 0.078125
0 0.5234375 0.33515625 0.159375 0.103125
0 0.55 0.30078125 0.165625 0.1046875
1 0.57578125 0.2796875 0.1453125 0.09375
0 0.59453125 0.2546875 0.14375 0.08125
0 0.61953125 0.2359375 0.1359375 0.078125
0 0.64296875 0.2140625 0.1375 0.0875
0 0.665625 0.190625 0.146875 0.08125
0 0.68125 0.1671875 0.14375 0.0796875
0 0.703125 0.14375 0.1453125 0.0796875
0 0.728125 0.12578125 0.140625 0.0859375
1 0.23125 0.20859375 0.1328125 0.1046875
1 0.2578125 0.18359375 0.1390625 0.06875
1 0.09453125 0.1625 0.115625 0.0921875
0 0.11328125 0.14921875 0.11875 0.0921875
0 0.15390625 0.13046875 0.140625 0.0875
0 0.19296875 0.11015625 0.134375 0.0859375
0 0.2171875 0.08984375 0.121875 0.084375
0 0.24609375 0.07265625 0.115625 0.0828125
0 0.30390625 0.18515625 0.13125 0.06875
0 0.3265625 0.16328125 0.1515625 0.05625
0 0.33046875 0.140625 0.134375 0.05625
0 0.3578125 0.11015625 0.1265625 0.046875
1 0.39921875 0.0828125 0.1359375 0.08125
0 0.42265625 0.0609375 0.1546875 0.0828125
1 0.95390625 0.528125 0.0921875 0.065625
1 0.95859375 0.48828125 0.0828125 0.0734375