1 0.70859375 0.81484375 0.1 0.0734375
1 0.70234375 0.7515625 0.10625 0.0625
1 0.690625 0.69765625 0.0921875 0.0421875
1 0.675 0.65546875 0.0859375 0.046875
1 0.6640625 0.6125 0.08125 0.0484375
1 0.35859375 0.7796875 0.0875 0.121875
1 0.31875 0.7296875 0.0796875 0.109375
1 0.2828125 0.6890625 0.0828125 0.1015625
1 0.2453125 0.65546875 0.078125 0.090625
1 0.30390625 0.41796875 0.05625 0.0578125
1 0.334375 0.40078125 0.0640625 0.053125
1 0.36640625 0.3796875 0.0484375 0.0515625
1 0.39921875 0.359375 0.0484375 0.05625
1 0.5578125 0.215625 0.0390625 0.0203125
0 0.55625 0.23125 0.0515625 0.025
1 0.5578125 0.2484375 0.046875 0.03125
1 0.56328125 0.259375 0.0640625 0.025
1 0.5671875 0.271875 0.065625 0.028125
1 0.57421875 0.28828125 0.0609375 0.0234375
1 0.5734375 0.3 0.0546875 0.0296875
1 0.57734375 0.30859375 0.0515625 0.0328125
1 0.58671875 0.33203125 0.05625 0.040625