1 0.2015625 0.340625 0.1609375 0.359375
0 0.25234375 0.75859375 0.1515625 0.3546875
1 0.3265625 0.32734375 0.1578125 0.35
1 0.4484375 0.31796875 0.1453125 0.3625
1 0.55859375 0.31484375 0.1515625 0.35
0 0.67734375 0.3046875 0.1609375 0.359375
0 0.7984375 0.2875 0.153125 0.3609375
1 0.91171875 0.26953125 0.15 0.35625
0 0.36875 0.7453125 0.1515625 0.3703125
1 0.484375 0.721875 0.1640625 0.3546875
1 0.60625 0.7140625 0.15 0.353125
1 0.721875 0.709375 0.1546875 0.371875
0 0.83515625 0.69375 0.1578125 0.3609375
0 0.9375 0.6828125 0.125 0.359375