1 0.228125 0.30859375 0.121875 0.3390625
0 0.234375 0.71875 0.1125 0.334375
1 0.35078125 0.30859375 0.1203125 0.3296875
1 0.4703125 0.3109375 0.10625 0.34375
1 0.57578125 0.31953125 0.1140625 0.3296875
0 0.6921875 0.32265625 0.121875 0.3390625
0 0.81171875 0.3171875 0.1140625 0.340625
1 0.92265625 0.3125 0.1109375 0.3375
0 0.34921875 0.71796875 0.1109375 0.3515625
1 0.4625 0.70625 0.125 0.334375
1 0.58203125 0.7109375 0.1109375 0.334375
1 0.69453125 0.71796875 0.1140625 0.3515625
0 0.80625 0.715625 0.11875 0.340625
0 0.92109375 0.71640625 0.1171875 0.3390625