0 0.8640625 0.9125 0.2546875 0.175
1 0.796875 0.82578125 0.24375 0.24375
0 0.75546875 0.725 0.2359375 0.215625
0 0.5890625 0.9515625 0.23125 0.096875
0 0.53671875 0.89140625 0.2546875 0.2171875
0 0.50234375 0.79296875 0.2328125 0.2296875
1 0.4515625 0.6796875 0.225 0.2
1 0.69296875 0.62109375 0.240625 0.221875
1 0.63046875 0.5328125 0.2328125 0.2
1 0.5984375 0.44609375 0.2 0.1734375
0 0.57109375 0.35546875 0.2109375 0.171875
0 0.4140625 0.571875 0.2109375 0.159375
1 0.3765625 0.47265625 0.2 0.159375
0 0.35078125 0.3953125 0.1921875 0.1265625
0 0.3234375 0.31875 0.1921875 0.159375
0 0.2828125 0.25859375 0.196875 0.1703125
0 0.26953125 0.1890625 0.2 0.165625
0 0.24140625 0.12890625 0.184375 0.1296875
1 0.21640625 0.06015625 0.1625 0.11875
1 0.53125 0.27265625 0.1953125 0.1671875
1 0.50234375 0.20234375 0.178125 0.1515625
1 0.46640625 0.13671875 0.184375 0.1515625
0 0.4375 0.07578125 0.1625 0.1375
0 0.08125 0.90625 0.1625 0.153125
0 0.06484375 0.7890625 0.1296875 0.13125
0 0.04609375 0.68359375 0.0921875 0.1296875
0 0.0390625 0.58203125 0.078125 0.1453125
1 0.02421875 0.46875 0.0484375 0.11875
1 0.4046875 0.02578125 0.153125 0.0515625
0 0.0109375 0.36796875 0.021875 0.0875
0 0.096875 0.978125 0.1671875 0.04375
0 0.94453125 0.3234375 0.1109375 0.090625
0 0.91875 0.24609375 0.15625 0.1109375
0 0.8921875 0.18125 0.1890625 0.1296875
0 0.87109375 0.11875 0.2109375 0.115625
1 0.809375 0.05234375 0.21875 0.1046875
1 0.77421875 0.0078125 0.178125 0.015625