0 0.71484375 0.9671875 0.2859375 0.065625
1 0.66796875 0.89765625 0.3140625 0.2046875
0 0.65859375 0.84375 0.3 0.2859375
0 0.4328125 0.9640625 0.2375 0.071875
0 0.4 0.89375 0.3 0.2125
0 0.38984375 0.82890625 0.3015625 0.2984375
1 0.37578125 0.703125 0.284375 0.2671875
1 0.63046875 0.72265625 0.3046875 0.2921875
1 0.596875 0.615625 0.290625 0.26875
1 0.59375 0.5203125 0.25 0.2328125
0 0.5953125 0.4234375 0.2609375 0.2359375
0 0.3734375 0.584375 0.25625 0.221875
1 0.36796875 0.47578125 0.246875 0.2203125
0 0.3671875 0.3921875 0.228125 0.1859375
0 0.36484375 0.30859375 0.2390625 0.215625
0 0.34375 0.23671875 0.246875 0.2296875
0 0.35390625 0.1640625 0.246875 0.225
0 0.34453125 0.09609375 0.221875 0.1859375
1 0.34296875 0.05234375 0.2015625 0.1046875
1 0.5828125 0.32890625 0.2453125 0.225
1 0.57734375 0.2515625 0.2234375 0.20625
1 0.5625 0.175 0.228125 0.20625
0 0.55390625 0.10703125 0.2046875 0.1875
0 0.021875 0.78828125 0.04375 0.1546875
0 0.02265625 0.68984375 0.0453125 0.1640625
0 0.021875 0.5796875 0.04375 0.15
0 0.03203125 0.47890625 0.0640625 0.1609375
1 0.034375 0.3640625 0.065625 0.1265625
1 0.54296875 0.0484375 0.1765625 0.096875
0 0.95078125 0.509375 0.0984375 0.121875
0 0.93828125 0.425 0.1234375 0.15625
0 0.92578125 0.3546875 0.1484375 0.1875
0 0.92109375 0.2859375 0.1578125 0.18125
1 0.90078125 0.18671875 0.1984375 0.2015625
1 0.90703125 0.13203125 0.1859375 0.1015625