0 0.9265625 0.740625 0.146875 0.240625
1 0.8796875 0.6671875 0.240625 0.303125
0 0.84296875 0.584375 0.2875 0.2734375
0 0.75703125 0.87109375 0.2609375 0.2015625
0 0.6828125 0.809375 0.30625 0.2859375
0 0.621875 0.721875 0.2875 0.2859375
1 0.540625 0.62890625 0.2734375 0.2546875
1 0.753125 0.5046875 0.2921875 0.2796875
1 0.66796875 0.4375 0.2796875 0.25625
1 0.6109375 0.3640625 0.2390625 0.2234375
0 0.55859375 0.2875 0.25 0.225
0 0.4734375 0.53828125 0.246875 0.2125
1 0.4078125 0.4546875 0.2375 0.2109375
0 0.3609375 0.38828125 0.2203125 0.1765625
0 0.31328125 0.3234375 0.2296875 0.20625
0 0.25546875 0.278125 0.2375 0.21875
0 0.22421875 0.21484375 0.2375 0.2140625
0 0.17890625 0.16640625 0.2140625 0.1765625
1 0.14140625 0.12734375 0.178125 0.121875
1 0.49609375 0.21875 0.234375 0.215625
1 0.45 0.16015625 0.2140625 0.196875
1 0.39453125 0.1078125 0.21875 0.196875
0 0.35625 0.075 0.1859375 0.146875
0 0.25 0.928125 0.203125 0.14375
0 0.19296875 0.85078125 0.1828125 0.1703125
0 0.13671875 0.75703125 0.1640625 0.1625
0 0.09453125 0.6640625 0.1640625 0.175
1 0.05625 0.56171875 0.1125 0.1421875
0 0.0265625 0.46796875 0.053125 0.1046875
0 0.29609375 0.98515625 0.1859375 0.0296875
0 0.8828125 0.15390625 0.0890625 0.10625
0 0.83828125 0.0875 0.140625 0.1390625
0 0.796875 0.0578125 0.1875 0.115625
0 0.76328125 0.03046875 0.2140625 0.0609375