1 0.94765625 0.528125 0.09375 0.159375
1 0.88359375 0.515625 0.0875 0.1609375
1 0.81875 0.5109375 0.0828125 0.159375
1 0.75546875 0.49140625 0.084375 0.165625
1 0.69375 0.47890625 0.0921875 0.1609375
1 0.628125 0.4671875 0.0921875 0.1578125
1 0.565625 0.46171875 0.096875 0.165625
0 0.50078125 0.45390625 0.0921875 0.1578125
0 0.4375 0.44375 0.096875 0.1546875
1 0.3765625 0.43671875 0.0921875 0.15
1 0.3125 0.4265625 0.0953125 0.165625
0 0.2578125 0.41953125 0.09375 0.165625
0 0.196875 0.4109375 0.096875 0.1546875
1 0.13515625 0.4078125 0.0953125 0.165625
0 0.07890625 0.39375 0.103125 0.171875
0 0.0359375 0.3828125 0.06875 0.15
1 0.9078125 0.91328125 0.090625 0.1734375
1 0.8375 0.9171875 0.1125 0.165625
0 0.7609375 0.90546875 0.1046875 0.178125
1 0.68828125 0.896875 0.10625 0.16875
1 0.6171875 0.8890625 0.0984375 0.1796875
1 0.53984375 0.88125 0.0984375 0.1921875
1 0.47578125 0.86015625 0.10625 0.1921875
1 0.40078125 0.85078125 0.09375 0.190625
1 0.33203125 0.8453125 0.1 0.2
0 0.25859375 0.8296875 0.0984375 0.1890625
1 0.18984375 0.815625 0.0921875 0.171875
1 0.125 0.80234375 0.0953125 0.1875
1 0.05859375 0.796875 0.0984375 0.1796875
1 0.01640625 0.78359375 0.0328125 0.1765625