0 0.921875 0.7671875 0.15625 0.246875
1 0.8734375 0.7078125 0.253125 0.303125
0 0.8296875 0.62734375 0.2859375 0.275
0 0.74921875 0.8921875 0.2453125 0.165625
0 0.68125 0.85234375 0.3046875 0.284375
0 0.61796875 0.7703125 0.2875 0.2859375
1 0.534375 0.68203125 0.271875 0.25625
1 0.7390625 0.5515625 0.290625 0.2796875
1 0.65390625 0.48984375 0.278125 0.2578125
1 0.59609375 0.41953125 0.2390625 0.2234375
0 0.54140625 0.3453125 0.25 0.2265625
0 0.465625 0.59453125 0.2453125 0.2140625
1 0.39921875 0.515625 0.2359375 0.2109375
0 0.3515625 0.45234375 0.2171875 0.178125
0 0.3015625 0.38984375 0.228125 0.2078125
0 0.24453125 0.34765625 0.2359375 0.2203125
0 0.2109375 0.28671875 0.2359375 0.215625
0 0.165625 0.240625 0.2125 0.178125
1 0.11953125 0.18125 0.1921875 0.16875
1 0.478125 0.28125 0.234375 0.2171875
1 0.43046875 0.225 0.2140625 0.196875
1 0.375 0.17578125 0.21875 0.1984375
0 0.3296875 0.12890625 0.1953125 0.1796875
0 0.2609375 0.95625 0.203125 0.0875
0 0.20234375 0.91015625 0.1828125 0.16875
0 0.146875 0.8203125 0.1578125 0.159375
0 0.10703125 0.72890625 0.1484375 0.16875
1 0.0578125 0.6296875 0.1140625 0.1375
1 0.28046875 0.08359375 0.1640625 0.115625
0 0.02578125 0.53984375 0.0515625 0.0984375
0 0.871875 0.1984375 0.1234375 0.1171875
0 0.825 0.13359375 0.175 0.1515625
0 0.7828125 0.0859375 0.215625 0.171875
0 0.74296875 0.059375 0.2328125 0.11875
1 0.66171875 0.0359375 0.2421875 0.071875