1 0.16875 0.63984375 0.14375 0.3953125
1 0.20078125 0.24140625 0.1671875 0.3703125
0 0.33359375 0.2546875 0.1484375 0.30625
0 0.30859375 0.678125 0.1515625 0.365625
0 0.43671875 0.69140625 0.1515625 0.3546875
1 0.4671875 0.26875 0.15625 0.3375
1 0.6109375 0.3140625 0.15 0.365625
1 0.56953125 0.6984375 0.1171875 0.38125
1 0.70078125 0.7171875 0.1359375 0.359375
1 0.834375 0.73828125 0.15625 0.3515625
1 0.953125 0.753125 0.090625 0.359375
0 0.728125 0.32109375 0.159375 0.3453125
1 0.865625 0.328125 0.159375 0.34375
1 0.95859375 0.34921875 0.0796875 0.3578125