1 0.5609375 0.0703125 0.375 0.140625
1 0.8828125 0.14453125 0.234375 0.1453125
1 0.85 0.265625 0.3 0.190625
1 0.48125 0.315625 0.284375 0.16875
1 0.4078125 0.4234375 0.3234375 0.1859375
1 0.77109375 0.5359375 0.2859375 0.1734375
1 0.6921875 0.653125 0.2203125 0.1578125
1 0.41328125 0.5640625 0.2421875 0.146875
1 0.36015625 0.6828125 0.29375 0.1703125
1 0.31484375 0.83125 0.303125 0.1859375
1 0.6421875 0.9359375 0.271875 0.128125
0 0.709259515625 0.169200390625 0.37971445937500004 0.050703648437500005 0.3261655328125 0.167692403125 0.6664039828125 0.2987883984375 0.709259515625 0.169200390625
0 0.9986954546875 0.41108648593749997 0.6681538046875 0.2939808015625 0.6353973609375 0.4254296609375 0.9519078125 0.5388152625 0.9986954546875 0.41108648593749997
0 0.8511246531250001 0.797949825 0.54719979375 0.685515375 0.48558910624999996 0.7955731890625 0.7999197390624999 0.920869275 0.8511246531250001 0.797949825