1 0.30390625 0.040625 0.3453125 0.08125
1 0.6921875 0.0734375 0.346875 0.146875
1 0.75390625 0.2265625 0.3234375 0.121875
1 0.76328125 0.37734375 0.325 0.11875
1 0.734375 0.5296875 0.2796875 0.128125
1 0.86640625 0.6484375 0.2671875 0.14375
1 0.83515625 0.8375 0.3296875 0.125
1 0.36171875 0.30625 0.384375 0.1359375
1 0.36015625 0.4484375 0.375 0.1390625
1 0.43203125 0.58828125 0.2859375 0.125
1 0.440625 0.72109375 0.303125 0.115625
1 0.48671875 0.89921875 0.2734375 0.109375
0 0.4991009796875 0.0578848015625 0.11351050468749999 0.112821534375 0.150387734375 0.24937500468749998 0.5319397968749999 0.195751359375 0.4991009796875 0.0578848015625