1 0.3609375 0.0578125 0.3125 0.09609375
1 0.71171875 0.053125 0.26640625 0.05625
1 0.7046875 0.1625 0.30390625 0.0984375
1 0.73984375 0.3109375 0.28671875 0.07109375
1 0.7296875 0.44765625 0.28984375 0.06875
1 0.684375 0.58046875 0.2453125 0.08359375
1 0.82421875 0.7078125 0.2984375 0.09375
1 0.73828125 0.8703125 0.2953125 0.0734375
1 0.37578125 0.3328125 0.3421875 0.0765625
1 0.35703125 0.4609375 0.33359375 0.08125
1 0.403125 0.59453125 0.2515625 0.07890625
1 0.39453125 0.715625 0.26875 0.06875
1 0.4140625 0.88125 0.24296875 0.06640625
0 0.531530353125 0.127091925 0.1768952390625 0.1277615953125 0.1928419921875 0.2550764453125 0.5436694125 0.2550764453125 0.531530353125 0.127091925