1 0.475 0.05390625 0.33125 0.1078125
1 0.82734375 0.10546875 0.278125 0.121875
1 0.79296875 0.2125 0.3265625 0.1734375
1 0.790625 0.36875 0.3015625 0.140625
1 0.746875 0.50078125 0.303125 0.1390625
1 0.66953125 0.621875 0.2640625 0.14375
1 0.7765625 0.7828125 0.31875 0.165625
1 0.65078125 0.9234375 0.3109375 0.146875
1 0.42421875 0.30078125 0.3578125 0.1609375
1 0.37421875 0.42265625 0.35 0.1625
1 0.3875 0.5671875 0.26875 0.140625
1 0.3484375 0.684375 0.284375 0.134375
1 0.3265625 0.85390625 0.25625 0.1265625
0 0.62981869375 0.13468476406250002 0.27815206406250004 0.0477102125 0.262460796875 0.17797896562499999 0.6101877109375 0.2646770234375 0.62981869375 0.13468476406250002