0 0.37734375 0.74375 0.484375 0.1734375
0 0.790625 0.70703125 0.41875 0.1609375
0 0.22734375 0.596875 0.1546875 0.115625
0 0.36015625 0.584375 0.15625 0.1078125
0 0.4984375 0.58203125 0.1453125 0.103125
0 0.63203125 0.57421875 0.1453125 0.1109375
0 0.76328125 0.56484375 0.140625 0.1
1 0.446875 0.40390625 0.0875 0.109375
1 0.365625 0.40859375 0.0953125 0.103125
1 0.28671875 0.4171875 0.0953125 0.0984375
1 0.115625 0.40859375 0.103125 0.1203125
0 0.20078125 0.4328125 0.0953125 0.075
0 0.08359375 0.6078125 0.1625 0.1125
1 0.80625 0.38671875 0.0921875 0.1140625
0 0.9171875 0.55625 0.1234375 0.103125