0 0.34609375 0.77109375 0.4390625 0.4578125
0 0.59609375 0.6953125 0.3671875 0.475
1 0.79375 0.54609375 0.4125 0.5078125
0 0.41328125 0.3453125 0.3234375 0.165625
0 0.04609375 0.35859375 0.0921875 0.1109375
0 0.1234375 0.33203125 0.140625 0.0953125
0 0.2328125 0.3 0.1328125 0.0921875
0 0.334375 0.271875 0.1203125 0.084375
0 0.4359375 0.24296875 0.115625 0.0828125
0 0.53359375 0.2125 0.1203125 0.0859375
0 0.62421875 0.1828125 0.1078125 0.0828125
1 0.05625 0.2109375 0.109375 0.109375
0 0.13203125 0.209375 0.096875 0.0734375
1 0.1984375 0.17421875 0.09375 0.0984375
1 0.334375 0.1375 0.0875 0.1015625
1 0.26796875 0.1546875 0.09375 0.1
0 0.01640625 0.25 0.0328125 0.084375