0 0.159375 0.5359375 0.31875 0.503125
0 0.38515625 0.6171875 0.4046875 0.4921875
0 0.6421875 0.6953125 0.425 0.5015625
1 0.82890625 0.69140625 0.3421875 0.5609375
0 0.68828125 0.27734375 0.3375 0.1828125
0 0.38671875 0.1859375 0.3328125 0.1828125
1 0.1609375 0.02421875 0.075 0.0484375
1 0.24140625 0.04609375 0.1703125 0.0921875
0 0.34921875 0.071875 0.1328125 0.096875
0 0.45390625 0.1078125 0.1296875 0.096875
0 0.52734375 0.02109375 0.0890625 0.0421875
1 0.459375 0.01171875 0.09375 0.0234375
1 0.59453125 0.03125 0.0859375 0.0625
1 0.66328125 0.0484375 0.0828125 0.0609375
1 0.7296875 0.0703125 0.0859375 0.0625
0 0.66484375 0.171875 0.1375 0.103125
0 0.76953125 0.2015625 0.128125 0.1
0 0.8703125 0.228125 0.121875 0.0953125
0 0.55859375 0.14140625 0.13125 0.1015625