0 0.353125 0.46796875 0.1546875 0.1609375
0 0.33984375 0.72890625 0.2953125 0.4125
0 0.353125 0.365625 0.1109375 0.0890625
0 0.35625 0.31015625 0.075 0.0578125
1 0.53671875 0.26484375 0.15 0.1203125
0 0.55625 0.32578125 0.1578125 0.0578125
0 0.56953125 0.36015625 0.165625 0.065625
0 0.60546875 0.4 0.215625 0.0890625
0 0.6484375 0.4546875 0.271875 0.1171875
0 0.703125 0.5421875 0.3140625 0.1703125
0 0.7953125 0.6953125 0.3765625 0.2859375
0 0.04296875 0.40390625 0.0859375 0.0578125
1 0.06171875 0.33515625 0.1234375 0.1359375