0 0.2890625 0.80703125 0.45 0.14765625
0 0.6765625 0.76171875 0.34765625 0.13828125
0 0.2859375 0.65390625 0.140625 0.10078125
0 0.41640625 0.64140625 0.13203125 0.096875
0 0.5390625 0.62890625 0.13125 0.090625
0 0.6625 0.62265625 0.13203125 0.096875
0 0.7921875 0.61015625 0.10390625 0.0875
1 0.365625 0.4875 0.0765625 0.0984375
1 0.29609375 0.48203125 0.08515625 0.0921875
1 0.21875 0.48515625 0.084375 0.0890625
1 0.04921875 0.484375 0.09140625 0.10703125
0 0.13515625 0.5046875 0.0984375 0.065625
0 0.134375 0.66875 0.1703125 0.11875
1 0.6984375 0.4609375 0.07109375 0.0921875