1 0.86484375 0.51328125 0.2703125 0.4703125
1 0.071875 0.28203125 0.14375 0.1546875
1 0.21875 0.128125 0.0921875 0.10625
1 0.346875 0.09921875 0.0859375 0.0875
1 0.4078125 0.0765625 0.0875 0.09375
1 0.46875 0.05390625 0.0828125 0.1015625
1 0.53125 0.04296875 0.0875 0.0859375
0 0.2859375 0.13125 0.0828125 0.065625
0 0.15703125 0.16640625 0.0875 0.06875
0 0.1796875 0.275 0.128125 0.09375
0 0.2796875 0.24765625 0.11875 0.0921875
0 0.37578125 0.2203125 0.1203125 0.0875
0 0.47578125 0.18984375 0.128125 0.0890625
0 0.56796875 0.15703125 0.1234375 0.0890625
0 0.66953125 0.1265625 0.1265625 0.090625
0 0.22734375 0.75703125 0.4265625 0.471875
0 0.49453125 0.6828125 0.38125 0.453125
0 0.72578125 0.6046875 0.390625 0.4578125
0 0.54453125 0.2578125 0.303125 0.1515625
0 0.26328125 0.34375 0.3171875 0.1546875