1 0.18359375 0.40234375 0.14453125 0.15234375
0 0.31640625 0.3640625 0.1328125 0.1234375
1 0.57109375 0.25859375 0.1375 0.15390625
0 0.44375 0.31796875 0.1296875 0.11875
0 0.6921875 0.2375 0.09921875 0.1140625
0 0.05625 0.46640625 0.11171875 0.12109375
0 0.80703125 0.19921875 0.0984375 0.0921875
0 0.89609375 0.15703125 0.12109375 0.07734375
0 0.3765625 0.1828125 0.07421875 0.06875
1 0.51796875 0.12109375 0.0796875 0.084375
1 0.6 0.08984375 0.08515625 0.09609375
0 0.44609375 0.1625 0.0671875 0.06328125
0 0.29921875 0.20703125 0.08046875 0.06953125
0 0.21875 0.23828125 0.08828125 0.0640625
0 0.1390625 0.259375 0.08515625 0.06171875