1 0.3625 0.23984375 0.0953125 0.1109375
0 0.23515625 0.578125 0.4703125 0.215625
1 0.278125 0.23671875 0.1 0.1
1 0.1890625 0.23671875 0.1 0.096875
0 0.63984375 0.590625 0.384375 0.1828125
1 0.80703125 0.2984375 0.0953125 0.103125
1 0.71015625 0.2875 0.09375 0.1
0 0.090625 0.2375 0.1078125 0.0859375
0 0.0921875 0.4078125 0.165625 0.1296875
0 0.2421875 0.421875 0.1625 0.1234375
0 0.384375 0.43203125 0.153125 0.1171875
0 0.5171875 0.4359375 0.140625 0.1171875
0 0.7703125 0.45390625 0.128125 0.1046875
0 0.87890625 0.4625 0.1109375 0.0953125
0 0.65 0.44453125 0.140625 0.1078125
0 0.96484375 0.465625 0.0703125 0.08125