1 0.19921875 0.334375 0.1828125 0.190625
0 0.35078125 0.31328125 0.165625 0.15625
1 0.64765625 0.2359375 0.175 0.190625
0 0.4984375 0.28203125 0.1609375 0.15
0 0.78359375 0.23203125 0.1265625 0.1421875
0 0.0609375 0.3859375 0.115625 0.146875
0 0.91640625 0.20859375 0.1234375 0.1171875
0 0.97421875 0.17109375 0.0515625 0.0984375
0 0.44453125 0.12265625 0.0921875 0.0875
1 0.61015625 0.0765625 0.1015625 0.1046875
1 0.703125 0.06640625 0.1046875 0.096875
0 0.525 0.11171875 0.084375 0.0796875
0 0.35625 0.1375 0.0984375 0.0890625
0 0.2625 0.15859375 0.10625 0.084375
0 0.17265625 0.17109375 0.103125 0.08125