1 0.059375 0.225 0.11875 0.165625
0 0.159375 0.20546875 0.1375 0.1140625
0 0.26953125 0.1765625 0.128125 0.109375
0 0.37265625 0.15234375 0.13125 0.103125
0 0.4796875 0.11640625 0.1296875 0.1015625
0 0.5859375 0.07734375 0.1390625 0.109375
0 0.68984375 0.04296875 0.1265625 0.0859375
0 0.25546875 0.2875 0.33125 0.1671875
0 0.55625 0.19296875 0.3328125 0.1828125
0 0.20390625 0.72734375 0.3859375 0.4984375
0 0.478125 0.65546875 0.403125 0.496875
0 0.73984375 0.55859375 0.3609375 0.4765625
1 0.875 0.434375 0.25 0.56875