1 0.82109375 0.7421875 0.3578125 0.4875
1 0.134375 0.06328125 0.078125 0.1265625
1 0.21953125 0.08515625 0.1671875 0.1625
1 0.4375 0.0453125 0.096875 0.090625
1 0.565625 0.0796875 0.090625 0.090625
1 0.63046875 0.09375 0.0921875 0.0984375
1 0.69609375 0.10625 0.0875 0.1046875
1 0.7609375 0.12734375 0.0921875 0.1
0 0.4953125 0.07421875 0.0859375 0.06875
0 0.3625 0.03515625 0.090625 0.0703125
0 0.32421875 0.14140625 0.1328125 0.0984375
0 0.4265625 0.17265625 0.121875 0.096875
0 0.525 0.20078125 0.125 0.0921875
0 0.62890625 0.22890625 0.1328125 0.0953125
0 0.72734375 0.2515625 0.1265625 0.09375
0 0.83203125 0.27890625 0.1296875 0.096875
0 0.1640625 0.590625 0.328125 0.484375
0 0.37734375 0.66875 0.4015625 0.471875
0 0.62109375 0.72578125 0.4109375 0.4765625
0 0.6515625 0.32578125 0.3109375 0.165625
0 0.36015625 0.246875 0.325 0.16875