1 0.19921875 0.07421875 0.1546875 0.1375
0 0.309375 0.11484375 0.1296875 0.0890625
0 0.3375 0.021875 0.0875 0.04375
0 0.46953125 0.03046875 0.0828125 0.0609375
1 0.40546875 0.0234375 0.0828125 0.046875
1 0.5390625 0.03359375 0.078125 0.0671875
0 0.6203125 0.1609375 0.121875 0.078125
0 0.4171875 0.1328125 0.1109375 0.084375
0 0.51328125 0.1484375 0.1171875 0.0859375
0 0.71875 0.1734375 0.121875 0.08125
0 0.82421875 0.184375 0.11875 0.084375
0 0.65234375 0.253125 0.30625 0.1359375
0 0.3578125 0.21171875 0.31875 0.134375
0 0.41875 0.62734375 0.3203125 0.41875
0 0.16171875 0.590625 0.3234375 0.434375
0 0.67109375 0.6515625 0.3140625 0.4234375
1 0.8828125 0.6328125 0.234375 0.49375