1 0.5359375 0.371875 0.0828125 0.1015625
0 0.45 0.7265625 0.4703125 0.14375
1 0.45703125 0.37421875 0.0890625 0.09375
1 0.3703125 0.36796875 0.0890625 0.09375
0 0.8328125 0.73046875 0.328125 0.1453125
0 0.14140625 0.54765625 0.1625 0.1046875
0 0.303125 0.5515625 0.15625 0.10625
0 0.440625 0.55390625 0.15 0.1078125
0 0.71875 0.56484375 0.13125 0.1140625
0 0.8515625 0.56875 0.1375 0.1140625
0 0.5796875 0.55625 0.140625 0.1015625
0 0.95859375 0.5765625 0.08125 0.10625
1 0.921875 0.4015625 0.1 0.1078125
0 0.2828125 0.38125 0.0953125 0.0828125