0 0.1765625 0.66171875 0.29375 0.4421875
0 0.43828125 0.665625 0.3171875 0.4390625
0 0.6859375 0.65703125 0.2796875 0.453125
1 0.88828125 0.6390625 0.2234375 0.478125
0 0.35625 0.2703125 0.325 0.11875
0 0.3 0.16953125 0.1328125 0.090625
0 0.4109375 0.17890625 0.115625 0.0828125
0 0.51484375 0.1859375 0.1171875 0.0828125
0 0.61875 0.184375 0.115625 0.084375
0 0.72421875 0.18828125 0.1109375 0.08125
1 0.3921875 0.05703125 0.0796875 0.075
1 0.184375 0.13515625 0.1421875 0.15625
0 0.6546875 0.28203125 0.303125 0.1296875
0 0.82890625 0.1859375 0.109375 0.0765625
0 0.32109375 0.0609375 0.0765625 0.0546875
0 0.46015625 0.06953125 0.08125 0.0578125
1 0.5984375 0.0625 0.078125 0.075
1 0.66484375 0.065625 0.071875 0.0703125
1 0.73046875 0.06875 0.071875 0.06875
1 0.52890625 0.06484375 0.0765625 0.06875