0 0.42890625 0.41484375 0.1484375 0.1375
0 0.80390625 0.68515625 0.36875 0.234375
0 0.77890625 0.54609375 0.3328125 0.15625
1 0.13359375 0.2640625 0.209375 0.103125
0 0.71484375 0.4046875 0.2671875 0.0875
0 0.72734375 0.4578125 0.265625 0.103125
1 0.94765625 0.2484375 0.1046875 0.075
0 0.35 0.61953125 0.2828125 0.346875
0 0.4578125 0.33046875 0.1078125 0.0765625
1 0.67421875 0.2859375 0.171875 0.096875
0 0.06875 0.34296875 0.10625 0.059375
0 0.83203125 0.871875 0.2671875 0.25625
0 0.4703125 0.284375 0.0875 0.0546875
0 0.68984375 0.36796875 0.2125 0.0640625
0 0.6890625 0.3359375 0.196875 0.0546875
0 0.08671875 0.3109375 0.13125 0.0515625