1 0.8828125 0.5671875 0.234375 0.4875
1 0.06953125 0.26875 0.1390625 0.159375
1 0.23125 0.1140625 0.09375 0.1109375
1 0.3703125 0.090625 0.0890625 0.090625
1 0.43671875 0.0703125 0.090625 0.096875
1 0.5015625 0.05078125 0.084375 0.1015625
1 0.57109375 0.0421875 0.0890625 0.084375
0 0.30390625 0.12109375 0.0875 0.0671875
0 0.1640625 0.1515625 0.0921875 0.0703125
0 0.18125 0.26796875 0.1359375 0.09375
0 0.290625 0.2453125 0.1234375 0.0921875
0 0.39453125 0.22109375 0.1265625 0.0875
0 0.503125 0.19453125 0.1359375 0.090625
0 0.60390625 0.16484375 0.1296875 0.0890625
0 0.71328125 0.13671875 0.1328125 0.0921875
0 0.21875 0.7703125 0.4125 0.459375
0 0.49609375 0.7203125 0.3890625 0.4734375
0 0.746875 0.65 0.3984375 0.478125
0 0.57265625 0.2703125 0.3234375 0.146875
0 0.2671875 0.34609375 0.3375 0.15