1 0.2890625 0.36484375 0.07265625 0.08984375
0 0.215625 0.69140625 0.43125 0.16015625
1 0.21015625 0.365625 0.08359375 0.08359375
1 0.12265625 0.36875 0.08828125 0.08125
0 0.59765625 0.65 0.35 0.12578125
0 0.19453125 0.54765625 0.15 0.09375
0 0.3359375 0.53515625 0.1390625 0.09375
0 0.46328125 0.52421875 0.121875 0.09453125
0 0.70859375 0.5078125 0.1 0.08203125
0 0.79453125 0.5015625 0.10625 0.0765625
0 0.58359375 0.515625 0.1203125 0.08671875
0 0.88359375 0.490625 0.08515625 0.06484375
0 0.884375 0.6078125 0.23046875 0.1125
1 0.62109375 0.3671875 0.06953125 0.08203125
1 0.71171875 0.35859375 0.0765625 0.0890625