0 0.6609375 0.46015625 0.28125 0.1375
0 0.76796875 0.71640625 0.4265625 0.3109375
0 0.36484375 0.39921875 0.1671875 0.1671875
0 0.69609375 0.55546875 0.3265625 0.1875
1 0.5984375 0.26015625 0.1578125 0.1046875
1 0.1015625 0.21328125 0.1890625 0.1125
1 0.88359375 0.22109375 0.121875 0.075
0 0.42265625 0.24765625 0.078125 0.0609375
0 0.403125 0.303125 0.1046875 0.0890625
0 0.64609375 0.39453125 0.2546875 0.1140625
0 0.25546875 0.63125 0.3546875 0.403125
0 0.61640625 0.34765625 0.2 0.0875
0 0.040625 0.3046875 0.08125 0.0625
0 0.6078125 0.3140625 0.16875 0.065625