1 0.09609375 0.5015625 0.1921875 0.178125
1 0.371875 0.25 0.171875 0.090625
0 0.33359375 0.30234375 0.1640625 0.040625
0 0.28359375 0.33828125 0.1703125 0.0484375
0 0.2453125 0.38125 0.1484375 0.059375
0 0.56015625 0.63359375 0.278125 0.35625
0 0.64375 0.3953125 0.121875 0.1421875
0 0.6640625 0.29453125 0.0953125 0.075
0 0.67421875 0.2375 0.0734375 0.05
1 0.884375 0.2265625 0.1921875 0.0890625
0 0.9078125 0.5328125 0.184375 0.1375
0 0.9015625 0.43203125 0.196875 0.0921875
0 0.89765625 0.36171875 0.2046875 0.0671875
0 0.89453125 0.3125 0.1765625 0.05
0 0.875 0.278125 0.1578125 0.046875