1 0.08203125 0.59609375 0.1640625 0.1515625
0 0.2046875 0.61640625 0.13203125 0.10859375
0 0.3234375 0.61328125 0.115625 0.10703125
0 0.4390625 0.60390625 0.13671875 0.109375
0 0.56875 0.59765625 0.13828125 0.11875
0 0.7015625 0.584375 0.13984375 0.128125
0 0.84921875 0.578125 0.15546875 0.125
0 0.59921875 0.75 0.42265625 0.11484375
0 0.225 0.75390625 0.35546875 0.1078125
1 0.58046875 0.4359375 0.07421875 0.08046875
1 0.65234375 0.4375 0.07265625 0.07578125
1 0.50625 0.44765625 0.07734375 0.0703125