0 0.7453125 0.78671875 0.4375 0.159375
0 0.32734375 0.78359375 0.434375 0.16875
0 0.0609375 0.625 0.121875 0.121875
0 0.19921875 0.62734375 0.1453125 0.1140625
0 0.33515625 0.62578125 0.1390625 0.121875
0 0.465625 0.6296875 0.1375 0.1
0 0.5953125 0.6328125 0.1375 0.1046875
0 0.7171875 0.63203125 0.1453125 0.1078125
0 0.84609375 0.63984375 0.1421875 0.09375
0 0.2015625 0.4703125 0.084375 0.0671875
1 0.1171875 0.45390625 0.109375 0.0953125
1 0.28125 0.46796875 0.0875 0.078125
1 0.3625 0.45859375 0.0828125 0.0921875
1 0.43671875 0.46328125 0.0796875 0.0953125