0 0.5265625 0.6734375 0.3984375 0.4859375
0 0.2546875 0.75703125 0.409375 0.4859375
0 0.096875 0.80546875 0.165625 0.3890625
0 0.7875 0.590625 0.3828125 0.509375
0 0.0734375 0.3859375 0.146875 0.14375
0 0.28203125 0.309375 0.315625 0.1703125
0 0.57578125 0.203125 0.3421875 0.1828125
0 0.71796875 0.05234375 0.1359375 0.1046875
1 0.06796875 0.2609375 0.1359375 0.140625
0 0.17578125 0.24375 0.1296875 0.103125
0 0.28125 0.209375 0.1359375 0.10625
0 0.38515625 0.16953125 0.1265625 0.096875
0 0.48984375 0.13046875 0.1296875 0.10625
0 0.60234375 0.08984375 0.1453125 0.10625
0 0.1484375 0.12734375 0.090625 0.0765625
1 0.21640625 0.0984375 0.0859375 0.075
0 0.28515625 0.07265625 0.0859375 0.075
1 0.3515625 0.05 0.084375 0.071875
1 0.41953125 0.02890625 0.0859375 0.0578125
1 0.48828125 0.0171875 0.0796875 0.034375