0 0.509375 0.69375 0.1421875 0.115625
0 0.521875 0.84921875 0.4296875 0.1828125
0 0.159375 0.81796875 0.31875 0.1640625
1 0.04453125 0.646875 0.0890625 0.1875
0 0.1171875 0.68359375 0.1140625 0.1234375
0 0.24921875 0.68671875 0.125 0.1078125
0 0.3890625 0.69140625 0.140625 0.11875
0 0.640625 0.69609375 0.146875 0.1171875
0 0.78203125 0.7015625 0.1546875 0.1171875
0 0.38984375 0.53671875 0.0765625 0.0703125
1 0.4640625 0.528125 0.08125 0.084375
1 0.5375 0.52734375 0.0859375 0.0875
1 0.315625 0.51875 0.0953125 0.103125
1 0.61171875 0.53203125 0.0796875 0.0859375