0 0.39765625 0.3859375 0.2015625 0.1953125
0 0.77890625 0.70703125 0.4421875 0.3734375
0 0.44375 0.22421875 0.1 0.0765625
0 0.675 0.3703125 0.2703125 0.1484375
1 0.1078125 0.20078125 0.215625 0.1578125
0 0.43515625 0.28046875 0.1296875 0.1140625
0 0.7015625 0.43671875 0.3046875 0.1828125
1 0.640625 0.23671875 0.1859375 0.1296875
0 0.734375 0.53828125 0.3484375 0.234375
1 0.91015625 0.1828125 0.1171875 0.09375
0 0.28203125 0.621875 0.4359375 0.478125
0 0.07421875 0.25625 0.1484375 0.090625
0 0.65390625 0.321875 0.21875 0.1171875
0 0.65078125 0.28359375 0.2046875 0.103125