1 0.1015625 0.1359375 0.1546875 0.140625
0 0.2328125 0.15078125 0.128125 0.090625
0 0.35546875 0.15 0.11875 0.090625
0 0.4703125 0.146875 0.121875 0.08125
0 0.58046875 0.140625 0.121875 0.0796875
0 0.6984375 0.1265625 0.1296875 0.0875
0 0.81484375 0.11328125 0.1203125 0.071875
0 0.3125 0.2515625 0.3375 0.096875
0 0.6390625 0.2328125 0.334375 0.1125
0 0.1546875 0.7 0.303125 0.46875
0 0.4546875 0.68046875 0.321875 0.4625
0 0.72890625 0.6578125 0.2796875 0.45
1 0.92265625 0.5671875 0.1546875 0.578125