1 0.240625 0.4328125 0.1 0.1125
0 0.28046875 0.775 0.4484375 0.28125
1 0.16328125 0.4578125 0.1078125 0.1078125
1 0.078125 0.4875 0.1125 0.1078125
0 0.63359375 0.62265625 0.3859375 0.23125
0 0.20390625 0.64375 0.1765625 0.1390625
0 0.33984375 0.58828125 0.1671875 0.1359375
0 0.4640625 0.5390625 0.1484375 0.13125
0 0.7015625 0.4484375 0.125 0.1125
0 0.78515625 0.41640625 0.1296875 0.109375
0 0.5796875 0.49375 0.1453125 0.1234375
0 0.86953125 0.378125 0.1046875 0.090625
0 0.88671875 0.49453125 0.2265625 0.1796875
1 0.571875 0.33515625 0.09375 0.103125
1 0.66015625 0.29921875 0.103125 0.1109375