0 0.16875 0.69140625 0.2375 0.4015625
0 0.4171875 0.6609375 0.26015625 0.39609375
0 0.65859375 0.621875 0.228125 0.409375
1 0.8890625 0.57578125 0.22109375 0.4
0 0.28046875 0.296875 0.31171875 0.078125
0 0.21015625 0.2046875 0.1203125 0.0734375
0 0.32109375 0.19453125 0.1109375 0.06953125
0 0.4234375 0.19140625 0.10703125 0.06796875
0 0.525 0.175 0.1046875 0.06953125
0 0.6265625 0.16796875 0.10078125 0.06796875
1 0.28984375 0.07734375 0.06953125 0.0640625
1 0.0890625 0.18125 0.12265625 0.13671875
0 0.57421875 0.2765625 0.28515625 0.09140625
0 0.7234375 0.153125 0.09921875 0.0625
0 0.2203125 0.09609375 0.06796875 0.040625
0 0.35703125 0.08203125 0.07421875 0.04765625
1 0.42265625 0.0703125 0.0640625 0.06484375
1 0.48828125 0.065625 0.065625 0.0578125
1 0.55234375 0.06015625 0.06171875 0.059375