0 0.36875 0.56640625 0.26328125 0.3859375
0 0.88125 0.04765625 0.09765625 0.065625
0 0.61875 0.52109375 0.25078125 0.38359375
0 0.11796875 0.60859375 0.22578125 0.3703125
0 0.2734375 0.1328125 0.11796875 0.06015625
1 0.85859375 0.4390625 0.28203125 0.39140625
0 0.2375 0.2265625 0.3140625 0.0921875
0 0.5375 0.19375 0.29921875 0.0875
0 0.38046875 0.11640625 0.11484375 0.0671875
0 0.4828125 0.10234375 0.1046875 0.0703125
0 0.58203125 0.090625 0.1125 0.06484375
0 0.68203125 0.07421875 0.10546875 0.0640625
0 0.78359375 0.059375 0.09921875 0.0671875
0 0.165625 0.140625 0.12265625 0.0734375
1 0.0546875 0.121875 0.109375 0.128125