0 0.57578125 0.5765625 0.2484375 0.403125
0 0.109375 0.128125 0.12734375 0.075
0 0.22734375 0.1265625 0.1140625 0.084375
0 0.33359375 0.11875 0.1109375 0.07578125
0 0.44140625 0.115625 0.10859375 0.06875
0 0.54296875 0.11015625 0.10390625 0.06640625
0 0.4890625 0.203125 0.29140625 0.0765625
0 0.18671875 0.2203125 0.31953125 0.08984375
0 0.09921875 0.6578125 0.1984375 0.41875
0 0.32421875 0.62578125 0.2625 0.41484375
1 0.815625 0.48203125 0.31640625 0.45
0 0.64140625 0.10078125 0.1015625 0.0765625