1 0.03359375 0.221875 0.0671875 0.153125
0 0.11015625 0.21875 0.14375 0.103125
0 0.09453125 0.10625 0.0953125 0.0671875
0 0.23828125 0.06953125 0.0890625 0.0609375
1 0.16640625 0.0859375 0.0859375 0.059375
1 0.309375 0.05 0.08125 0.053125
0 0.44453125 0.13203125 0.134375 0.090625
0 0.22734375 0.18984375 0.1234375 0.0984375
0 0.33125 0.16484375 0.13125 0.1
0 0.55 0.10234375 0.1359375 0.0953125
0 0.66171875 0.0671875 0.1328125 0.0984375
0 0.5171875 0.2109375 0.3375 0.165625
0 0.20078125 0.29453125 0.35 0.1640625
0 0.44140625 0.68984375 0.3703125 0.4703125
0 0.17890625 0.759375 0.3484375 0.48125
0 0.7078125 0.60703125 0.3640625 0.475
1 0.88515625 0.49375 0.2296875 0.54375