1 0.1640625 0.41640625 0.146875 0.15234375
0 0.2984375 0.3625 0.1328125 0.1234375
1 0.5515625 0.24375 0.13046875 0.15
0 0.4265625 0.31953125 0.1296875 0.1265625
0 0.6625 0.21875 0.09921875 0.1140625
0 0.7875 0.165625 0.0984375 0.0921875
0 0.88515625 0.11875 0.12109375 0.0796875
0 0.3546875 0.1796875 0.07421875 0.06875
1 0.5 0.11015625 0.07890625 0.075
0 0.42890625 0.15 0.07421875 0.06328125
0 0.27890625 0.20859375 0.08046875 0.06953125
0 0.2 0.23203125 0.08359375 0.0703125
0 0.12265625 0.25625 0.08515625 0.06171875