0 0.19375 0.68671875 0.2375 0.4015625
0 0.44609375 0.659375 0.26015625 0.39609375
0 0.68359375 0.62109375 0.22265625 0.41484375
1 0.8984375 0.58203125 0.203125 0.44453125
0 0.321875 0.2890625 0.30703125 0.078125
0 0.25546875 0.1984375 0.1203125 0.0734375
0 0.36328125 0.19453125 0.1046875 0.06796875
0 0.4640625 0.1890625 0.10703125 0.06796875
0 0.5640625 0.175 0.1046875 0.06953125
0 0.66484375 0.16640625 0.10078125 0.0671875
1 0.33046875 0.07890625 0.06953125 0.0640625
1 0.13984375 0.1796875 0.12265625 0.13671875
0 0.61015625 0.26484375 0.28515625 0.09140625
0 0.765625 0.1515625 0.09921875 0.0625
0 0.26171875 0.09140625 0.06953125 0.0453125
0 0.396875 0.08359375 0.07421875 0.04765625
1 0.5296875 0.06015625 0.06796875 0.06484375
1 0.59453125 0.05546875 0.06171875 0.06171875
1 0.6578125 0.05078125 0.06328125 0.059375
1 0.46328125 0.07109375 0.0671875 0.059375