1 0.13046875 0.13515625 0.13515625 0.11484375
0 0.2453125 0.15703125 0.11796875 0.06875
0 0.2546875 0.05 0.078125 0.05390625
0 0.38828125 0.04453125 0.07421875 0.05234375
1 0.32265625 0.03515625 0.07109375 0.0703125
1 0.45625 0.03359375 0.06796875 0.065625
0 0.5578125 0.1484375 0.11171875 0.05859375
0 0.3546875 0.15625 0.09921875 0.06796875
0 0.4515625 0.1546875 0.10625 0.06796875
0 0.65625 0.14375 0.1125 0.0625
0 0.7625 0.1359375 0.1078125 0.0671875
0 0.60546875 0.2328125 0.29375 0.08515625
0 0.31015625 0.24296875 0.30703125 0.08203125
0 0.44140625 0.63984375 0.25625 0.378125
0 0.17734375 0.64921875 0.271875 0.3921875
0 0.69296875 0.6203125 0.24921875 0.38359375
1 0.909375 0.56328125 0.18125 0.4671875