1 0.76796875 0.3546875 0.234375 0.2328125
1 0.60546875 0.39453125 0.1953125 0.19375
1 0.23984375 0.4421875 0.1 0.115625
1 0.1578125 0.446875 0.1234375 0.1265625
0 0.103125 0.49140625 0.05625 0.0546875
0 0.0296875 0.48359375 0.059375 0.0515625
0 0.06640625 0.48125 0.0625 0.05
1 0.91328125 0.32890625 0.15 0.1796875
0 0.2054432265625 1 0.3513748859375 0.7645201359375 0.17713911875 0.754048490625 0.0896076453125 0.8549761953124999 0.13672873593749998 1 0.2054432265625 1
0 0.517722328125 1 0.5824758437499999 0.779951659375 0.345199103125 0.7602113671875 0.20536551093750002 1 0.517722328125 1
0 0.57919221875 1 0.935330590625 0.8842836281249999 0.9269804859375 0.809059303125 0.5933982765625 0.7953491046875001 0.5194313234375 1 0.57919221875 1