1 0.0640625 0.5953125 0.1109375 0.1546875
1 0.19609375 0.61328125 0.184375 0.1703125
0 0.31640625 0.66953125 0.1140625 0.1
0 0.44453125 0.6921875 0.1234375 0.1046875
0 0.57734375 0.709375 0.14375 0.125
0 0.7171875 0.72890625 0.1625 0.13125
0 0.87421875 0.75390625 0.1734375 0.1203125
1 0.8296875 0.571875 0.0953125 0.1
1 0.740625 0.56171875 0.103125 0.109375
0 0.57890625 0.565625 0.0953125 0.0703125
1 0.65859375 0.55546875 0.0890625 0.1015625
0 0.31953125 0.8234375 0.4 0.1625
0 0.7296875 0.87578125 0.4765625 0.1984375