1 0.83203125 0.37109375 0.225 0.225
1 0.65546875 0.3859375 0.1875 0.1859375
1 0.26484375 0.37578125 0.0921875 0.115625
1 0.178125 0.36640625 0.1171875 0.121875
0 0.1140625 0.4046875 0.0546875 0.053125
0 0.034375 0.38125 0.06875 0.04375
0 0.07734375 0.38828125 0.0625 0.04375
1 0.959375 0.3734375 0.078125 0.1703125
0 0.096999109375 1 0.328830303125 0.7311210499999999 0.1484243875 0.691283059375 0.03869030625 0.7836318328125 0.0729596578125 1 0.096999109375 1
0 0.4661365375 1 0.5678599796875 0.7855741203125 0.3230873234375 0.7255903015625 0.0990477390625 1 0.4661365375 1
0 0.53935085625 1 0.9200835140624999 0.9396978703125001 0.923174146875 0.8731323046874999 0.5767302015625 0.8034904109375001 0.46846250312500004 1 0.53935085625 1