0 0.16484375 0.67578125 0.2578125 0.4203125
0 0.4203125 0.65390625 0.28125 0.415625
0 0.66953125 0.62265625 0.2484375 0.428125
1 0.89375 0.58359375 0.2125 0.4171875
0 0.29296875 0.27578125 0.321875 0.0921875
0 0.2234375 0.178125 0.1265625 0.0796875
0 0.3390625 0.17265625 0.1171875 0.0765625
0 0.44375 0.17265625 0.1125 0.0734375
0 0.54765625 0.159375 0.109375 0.075
0 0.65234375 0.15625 0.10625 0.0734375
1 0.31015625 0.05078125 0.0734375 0.06875
1 0.10078125 0.15078125 0.13125 0.1453125
0 0.5953125 0.265625 0.2953125 0.103125
0 0.753125 0.14375 0.103125 0.06875
0 0.23828125 0.0671875 0.0703125 0.04375
0 0.3796875 0.0578125 0.078125 0.0515625
1 0.446875 0.04765625 0.0671875 0.06875
1 0.5140625 0.04609375 0.06875 0.0609375
1 0.58046875 0.0421875 0.065625 0.0625