0 0.6625 0.43984375 0.259375 0.08046875
0 0.80625 0.66640625 0.371875 0.2265625
0 0.36875 0.43125 0.1359375 0.13515625
0 0.71171875 0.52421875 0.29375 0.1234375
1 0.56875 0.26015625 0.13984375 0.07265625
1 0.0859375 0.2984375 0.16953125 0.075
1 0.83359375 0.17421875 0.11015625 0.05078125
0 0.39921875 0.27578125 0.06796875 0.0453125
0 0.38984375 0.33359375 0.0890625 0.06796875
0 0.6359375 0.37890625 0.23828125 0.0625
0 0.303125 0.671875 0.278125 0.3375
0 0.6 0.340625 0.18671875 0.046875
0 0.0390625 0.39609375 0.078125 0.0453125
0 0.58671875 0.30859375 0.16015625 0.03125