1 0.0515625 0.12734375 0.103125 0.1453125
0 0.15234375 0.1328125 0.1296875 0.096875
0 0.27109375 0.12421875 0.1203125 0.0953125
0 0.38203125 0.11328125 0.1234375 0.0859375
0 0.48828125 0.1 0.1234375 0.084375
0 0.60234375 0.07734375 0.13125 0.0921875
0 0.71328125 0.05703125 0.1203125 0.0765625
0 0.2359375 0.22578125 0.33125 0.115625
0 0.5515625 0.18515625 0.3296875 0.13125
0 0.1375 0.66796875 0.275 0.4671875
0 0.403125 0.63125 0.3421875 0.4671875
0 0.6671875 0.590625 0.3 0.453125
1 0.87734375 0.48515625 0.2453125 0.5765625