1 0.12578125 0.19140625 0.13125 0.1234375
0 0.42890625 0.68984375 0.26171875 0.40234375
1 0.5171875 0.0984375 0.06796875 0.078125
0 0.23515625 0.21796875 0.1125 0.065625
0 0.34296875 0.21484375 0.10078125 0.06328125
0 0.43984375 0.21015625 0.103125 0.06328125
0 0.540625 0.203125 0.103125 0.06640625
0 0.64140625 0.1984375 0.10390625 0.06484375
0 0.74296875 0.19375 0.10234375 0.0640625
0 0.59453125 0.28359375 0.296875 0.0859375
0 0.309375 0.30859375 0.3078125 0.078125
0 0.153125 0.7 0.28359375 0.384375
0 0.68125 0.6859375 0.2609375 0.3953125
0 0.38671875 0.109375 0.071875 0.05078125
1 0.4515625 0.0984375 0.06875 0.08046875
0 0.24765625 0.1140625 0.07734375 0.04921875
1 0.903125 0.60078125 0.19375 0.5078125
1 0.31796875 0.09140625 0.071875 0.0875
1 0.5796875 0.090625 0.059375 0.090625