0 0.578125 0.58359375 0.24921875 0.4078125
1 0.29140625 0.075 0.12265625 0.11875
0 0.7609375 0.1875 0.31953125 0.078125
0 0.403125 0.10078125 0.10859375 0.07265625
1 0.19140625 0.07890625 0.08984375 0.115625
0 0.49921875 0.0984375 0.096875 0.07265625
0 0.60078125 0.0953125 0.10390625 0.0671875
0 0.7078125 0.09140625 0.109375 0.06875
0 0.82109375 0.08359375 0.12109375 0.0671875
0 0.46171875 0.1875 0.29140625 0.07734375
0 0.19453125 0.18984375 0.25 0.07578125
0 0.1125 0.55546875 0.1984375 0.365625
0 0.33046875 0.5734375 0.25703125 0.38828125
0 0.840625 0.5953125 0.3046875 0.41953125
0 0.9390625 0.07890625 0.121875 0.0765625