1 0.4984375 0.3375 0.084375 0.0984375
0 0.3875 0.65234375 0.4390625 0.175
1 0.4265625 0.3328125 0.0890625 0.09375
1 0.35 0.31953125 0.0890625 0.0921875
0 0.7671875 0.69765625 0.375 0.1703125
0 0.12421875 0.46015625 0.1546875 0.1078125
0 0.2703125 0.4796875 0.1515625 0.1125
0 0.39453125 0.49375 0.1453125 0.1125
0 0.6453125 0.53046875 0.1296875 0.115625
0 0.765625 0.546875 0.1359375 0.115625
0 0.52109375 0.509375 0.1359375 0.1046875
0 0.89453125 0.56875 0.146875 0.1109375
1 0.84609375 0.40234375 0.1015625 0.10625
0 0.26796875 0.32265625 0.09375 0.084375