0 0.63671875 0.603125 0.2890625 0.4453125
0 0.17109375 0.11796875 0.140625 0.0875
0 0.28984375 0.1171875 0.1171875 0.0890625
0 0.40078125 0.10859375 0.1234375 0.0875
0 0.509375 0.11015625 0.1203125 0.0796875
0 0.61875 0.0984375 0.1140625 0.078125
0 0.5609375 0.20625 0.315625 0.1015625
0 0.23671875 0.22109375 0.3484375 0.1171875
0 0.115625 0.6484375 0.23125 0.459375
0 0.3609375 0.6484375 0.3046875 0.459375
1 0.8625 0.52265625 0.275 0.4953125
0 0.7234375 0.08671875 0.1125 0.0890625
1 0.0640625 0.09921875 0.0953125 0.14375