1 0.68359375 0.2890625 0.178125 0.06796875
0 0.46796875 0.45625 0.1203125 0.134375
0 0.434375 0.69140625 0.203125 0.353125
0 0.0765625 0.45859375 0.15234375 0.059375
0 0.10234375 0.415625 0.178125 0.04609375
0 0.14609375 0.37890625 0.1484375 0.034375
1 0.18828125 0.32578125 0.17421875 0.08203125
0 0.48515625 0.3625 0.08671875 0.06875
0 0.4921875 0.3109375 0.07109375 0.04453125
0 0.71953125 0.36953125 0.23359375 0.0484375
0 0.73046875 0.415625 0.225 0.046875
0 0.7484375 0.475 0.23203125 0.084375
0 0.79765625 0.5625 0.3046875 0.1234375
0 0.84921875 0.7203125 0.3015625 0.20625