0 0.57734375 0.665625 0.1515625 0.1328125
0 0.65234375 0.79765625 0.425 0.2484375
0 0.296875 0.909375 0.36875 0.18125
1 0.13359375 0.8234375 0.1515625 0.1953125
0 0.22734375 0.81796875 0.128125 0.1359375
0 0.3453125 0.76640625 0.134375 0.121875
0 0.4703125 0.7125 0.15 0.134375
0 0.69375 0.61328125 0.1546875 0.1328125
0 0.82109375 0.56015625 0.1625 0.1359375
0 0.4078125 0.57578125 0.0828125 0.078125
1 0.46953125 0.5375 0.0890625 0.0921875
1 0.53359375 0.50703125 0.09375 0.0953125
1 0.33515625 0.590625 0.10625 0.1125
1 0.6015625 0.48046875 0.0890625 0.09375