0 0.33984375 0.71796875 0.446875 0.1390625
0 0.7359375 0.696875 0.39765625 0.1296875
0 0.20703125 0.57265625 0.140625 0.10078125
0 0.3359375 0.5703125 0.1421875 0.09375
0 0.465625 0.565625 0.13125 0.090625
0 0.59296875 0.56640625 0.13203125 0.096875
0 0.72265625 0.55703125 0.1265625 0.0875
1 0.425 0.39609375 0.0765625 0.0984375
1 0.35 0.3984375 0.08515625 0.0921875
1 0.2734375 0.40234375 0.084375 0.0890625
1 0.11171875 0.38984375 0.09140625 0.10703125
0 0.1953125 0.41015625 0.08671875 0.065625
0 0.075 0.57890625 0.14921875 0.1
1 0.76171875 0.39609375 0.08046875 0.10234375
0 0.853125 0.5578125 0.1109375 0.09140625