0 0.51796875 0.74375 0.1375 0.1078125
0 0.5359375 0.90234375 0.4265625 0.1515625
0 0.16796875 0.89296875 0.3359375 0.1171875
1 0.04453125 0.73515625 0.0890625 0.1578125
0 0.12890625 0.76171875 0.1078125 0.1
0 0.25703125 0.76015625 0.1203125 0.1015625
0 0.3953125 0.75 0.128125 0.109375
0 0.65234375 0.73984375 0.1453125 0.109375
0 0.7984375 0.73125 0.1546875 0.109375
0 0.16328125 0.6171875 0.0671875 0.0546875
0 0.38828125 0.59375 0.0859375 0.0671875
1 0.53515625 0.56953125 0.0859375 0.08125
1 0.61328125 0.5703125 0.084375 0.0828125
1 0.3109375 0.58828125 0.0921875 0.0921875