0 0.34609375 0.8828125 0.4921875 0.234375
0 0.7453125 0.75859375 0.3796875 0.184375
0 0.321875 0.72578125 0.1640625 0.13125
0 0.453125 0.6890625 0.153125 0.1125
0 0.58125 0.65390625 0.153125 0.11875
0 0.71640625 0.61796875 0.1609375 0.128125
0 0.81640625 0.59296875 0.1359375 0.1140625
1 0.375 0.52265625 0.0984375 0.1171875
1 0.296875 0.54609375 0.10625 0.1125
1 0.215625 0.565625 0.109375 0.109375
1 0.05234375 0.59609375 0.1046875 0.1265625
0 0.134375 0.6015625 0.109375 0.0875
0 0.16953125 0.765625 0.1984375 0.15625
1 0.7109375 0.4515625 0.0921875 0.109375