1 0.18359375 0.1046875 0.146875 0.140625
0 0.45703125 0.65703125 0.3109375 0.446875
1 0.60625 0.03671875 0.0796875 0.0640625
0 0.3078125 0.13515625 0.1265625 0.0828125
0 0.415625 0.14296875 0.109375 0.078125
0 0.52109375 0.15390625 0.115625 0.0796875
0 0.6265625 0.15625 0.115625 0.0828125
0 0.7359375 0.1640625 0.1171875 0.0796875
0 0.846875 0.1640625 0.115625 0.0796875
0 0.67890625 0.265625 0.3390625 0.1265625
0 0.35703125 0.2375 0.3359375 0.1171875
0 0.18203125 0.63515625 0.328125 0.4375
0 0.71640625 0.671875 0.3203125 0.4484375
0 0.465625 0.0296875 0.084375 0.059375
1 0.53515625 0.03203125 0.0796875 0.0640625
0 0.3234375 0.02578125 0.0875 0.0515625