1 0.1078125 0.4046875 0.215625 0.209375
1 0.425 0.21875 0.1828125 0.121875
0 0.3765625 0.2625 0.165625 0.071875
0 0.321875 0.2875 0.1734375 0.08125
0 0.27578125 0.3203125 0.153125 0.0859375
0 0.528125 0.6296875 0.3390625 0.396875
0 0.6578125 0.41640625 0.1453125 0.159375
0 0.69921875 0.32265625 0.1046875 0.090625
0 0.7203125 0.26875 0.0796875 0.0625
1 0.9125 0.3015625 0.175 0.125
0 0.890625 0.60625 0.215625 0.1734375
0 0.89921875 0.50703125 0.2015625 0.1328125
0 0.90390625 0.4375 0.1921875 0.109375
0 0.9140625 0.3875 0.171875 0.084375
0 0.90625 0.34921875 0.1609375 0.0765625