0 0.86015625 0.5296875 0.2796875 0.35
0 0.81328125 0.40078125 0.3734375 0.2859375
0 0.528125 0.69375 0.3578125 0.4171875
0 0.4484375 0.45859375 0.1765625 0.1828125
0 0.0875 0.6015625 0.175 0.134375
1 0.115625 0.45546875 0.2203125 0.2
0 0.10546875 0.5484375 0.165625 0.1140625
0 0.08125 0.6640625 0.1625 0.140625
0 0.41328125 0.3640625 0.1140625 0.109375
1 0.54375 0.19921875 0.2 0.178125
0 0.58828125 0.24453125 0.1875 0.1265625
0 0.6171875 0.27109375 0.2109375 0.1421875
0 0.66328125 0.30078125 0.2515625 0.178125
0 0.71796875 0.33828125 0.2796875 0.209375