0 0.815625 0.665625 0.36875 0.20078125
0 0.653125 0.38671875 0.22421875 0.0515625
1 0.10390625 0.31015625 0.18984375 0.0703125
0 0.3953125 0.43125 0.121875 0.1140625
0 0.41328125 0.33984375 0.08828125 0.0625
0 0.84765625 0.8703125 0.3046875 0.2328125
1 0.596875 0.278125 0.14296875 0.06875
1 0.85234375 0.1953125 0.1234375 0.05
0 0.67890625 0.44453125 0.2421875 0.0765625
0 0.353125 0.65234375 0.2390625 0.31875
0 0.73203125 0.5296875 0.29921875 0.1078125
0 0.41796875 0.290625 0.084375 0.0359375
0 0.0515625 0.4 0.1 0.03984375
0 0.63359375 0.35 0.20546875 0.03828125
0 0.9515625 0.22265625 0.08828125 0.0328125
0 0.42734375 0.25546875 0.0640625 0.0296875