0 0.60546875 0.68671875 0.1609375 0.1421875
0 0.68671875 0.83046875 0.44375 0.26875
0 0.32734375 0.9375 0.3609375 0.125
1 0.15546875 0.8734375 0.1453125 0.18125
0 0.24609375 0.859375 0.1375 0.14375
0 0.36875 0.80390625 0.1421875 0.1296875
0 0.48828125 0.73984375 0.1515625 0.1390625
0 0.7296875 0.628125 0.1703125 0.146875
0 0.86640625 0.5640625 0.1765625 0.1484375
0 0.4234375 0.60625 0.096875 0.0875
1 0.48828125 0.565625 0.0953125 0.0984375
1 0.55390625 0.52734375 0.103125 0.103125
1 0.3484375 0.62890625 0.1140625 0.109375
1 0.62265625 0.4921875 0.1015625 0.1015625