1 0.1171875 0.053125 0.153125 0.10625
0 0.246875 0.059375 0.125 0.090625
0 0.3609375 0.06875 0.1171875 0.0890625
0 0.465625 0.07421875 0.1203125 0.0796875
0 0.57734375 0.07578125 0.11875 0.0796875
0 0.69296875 0.07734375 0.128125 0.0875
0 0.809375 0.0765625 0.11875 0.071875
0 0.3078125 0.16953125 0.328125 0.1
0 0.6234375 0.1765625 0.3265625 0.115625
0 0.134375 0.57109375 0.26875 0.4578125
0 0.403125 0.59453125 0.3203125 0.453125
0 0.684375 0.5890625 0.278125 0.440625
1 0.8921875 0.52578125 0.215625 0.5546875