1 0.175 0.14375 0.13515625 0.115625
0 0.28828125 0.1671875 0.1125 0.07109375
0 0.290625 0.06484375 0.07890625 0.0546875
0 0.4265625 0.05625 0.07421875 0.05234375
1 0.3609375 0.0421875 0.07109375 0.08359375
1 0.49375 0.0390625 0.07109375 0.07734375
0 0.5921875 0.165625 0.11171875 0.06171875
0 0.39140625 0.1671875 0.1 0.07265625
0 0.4890625 0.165625 0.10625 0.06796875
0 0.69765625 0.159375 0.1125 0.0640625
0 0.80703125 0.15546875 0.1078125 0.0640625
0 0.64140625 0.2546875 0.29375 0.08515625
0 0.35 0.2578125 0.30625 0.08203125
0 0.47578125 0.628125 0.25625 0.40078125
0 0.215625 0.64375 0.271875 0.3921875
0 0.715625 0.6375 0.24921875 0.38359375
1 0.90703125 0.5921875 0.1859375 0.46796875