0 0.565625 0.5921875 0.3 0.4671875
1 0.21875 0.06171875 0.1421875 0.103125
0 0.7453125 0.14140625 0.359375 0.1046875
0 0.34375 0.06640625 0.125 0.0859375
1 0.10703125 0.06953125 0.1046875 0.103125
0 0.45 0.05859375 0.1125 0.0859375
0 0.5625 0.0484375 0.11875 0.08125
0 0.6796875 0.03984375 0.125 0.0796875
0 0.80625 0.03203125 0.1375 0.0640625
0 0.41328125 0.15859375 0.328125 0.103125
0 0.12890625 0.17578125 0.2578125 0.0984375
0 0.08359375 0.58515625 0.1671875 0.4140625
0 0.290625 0.59453125 0.3078125 0.446875
0 0.83828125 0.58984375 0.3234375 0.4828125
0 0.921875 0.02734375 0.109375 0.0546875