1 0.3140625 0.31953125 0.07734375 0.09453125
0 0.22734375 0.66015625 0.4453125 0.14375
1 0.234375 0.32578125 0.08359375 0.08359375
1 0.15 0.328125 0.0875 0.08125
0 0.625 0.62734375 0.35 0.12578125
0 0.0578125 0.3375 0.09609375 0.07265625
0 0.07578125 0.5046875 0.14375 0.10390625
0 0.22109375 0.49921875 0.14609375 0.0984375
0 0.3609375 0.49296875 0.1390625 0.09375
0 0.490625 0.48203125 0.121875 0.09453125
0 0.72421875 0.4765625 0.11015625 0.08203125
0 0.82890625 0.46953125 0.103125 0.078125
0 0.60703125 0.4828125 0.125 0.08515625
0 0.91484375 0.46640625 0.090625 0.06796875