0 0.61953125 0.78984375 0.3515625 0.12578125
0 0.23125 0.83671875 0.425 0.15078125
0 0.08203125 0.6875 0.14375 0.10859375
0 0.228125 0.68359375 0.13828125 0.1
0 0.3609375 0.6609375 0.12734375 0.10703125
0 0.48828125 0.6578125 0.1265625 0.08984375
0 0.60625 0.646875 0.11328125 0.08515625
0 0.715625 0.64296875 0.11875 0.0875
0 0.82109375 0.6375 0.1015625 0.07734375
0 0.0703125 0.51953125 0.0921875 0.071875
1 0.159375 0.5171875 0.08359375 0.075
1 0.240625 0.51015625 0.08203125 0.08359375
1 0.3171875 0.50546875 0.06953125 0.084375
0 0.915625 0.62578125 0.09296875 0.06796875