0 0.53984375 0.834375 0.45 0.184375
0 0.1734375 0.8 0.346875 0.1875
1 0.06171875 0.61171875 0.1234375 0.1703125
0 0.15078125 0.6546875 0.1125 0.1171875
0 0.2796875 0.6609375 0.1296875 0.1140625
0 0.4140625 0.6671875 0.140625 0.10625
0 0.53671875 0.67890625 0.14375 0.1125
0 0.67109375 0.68671875 0.1515625 0.1171875
0 0.8203125 0.6984375 0.175 0.1265625
0 0.41640625 0.51640625 0.0890625 0.0734375
1 0.34453125 0.49765625 0.0921875 0.0953125
1 0.49375 0.51328125 0.0875 0.084375
1 0.56875 0.5109375 0.0890625 0.096875
1 0.64609375 0.5109375 0.090625 0.1015625