0 0.19296875 0.6875 0.2484375 0.396875
0 0.4515625 0.68359375 0.3015625 0.3953125
0 0.7125 0.66875 0.2484375 0.409375
1 0.90390625 0.59609375 0.1921875 0.5265625
0 0.3421875 0.29375 0.3078125 0.075
0 0.640625 0.28125 0.3015625 0.075
1 0.16015625 0.18203125 0.1296875 0.1140625
0 0.2859375 0.20234375 0.1265625 0.0640625
0 0.38515625 0.19921875 0.1125 0.065625
0 0.48515625 0.19453125 0.109375 0.0578125
0 0.58984375 0.19140625 0.109375 0.059375
0 0.696875 0.18515625 0.1046875 0.059375
0 0.80625 0.17421875 0.1140625 0.0609375
1 0.05078125 0.18125 0.1015625 0.1234375
0 0.2875 0.0921875 0.0796875 0.0515625
1 0.35703125 0.07421875 0.0671875 0.078125
0 0.4234375 0.08125 0.0703125 0.0609375