1 0.06328125 0.2796875 0.1265625 0.1625
0 0.49609375 0.725 0.365625 0.484375
1 0.4390625 0.06640625 0.09375 0.1015625
0 0.178125 0.27734375 0.1359375 0.0984375
0 0.29375 0.24765625 0.1234375 0.0921875
0 0.3984375 0.221875 0.125 0.09375
0 0.503125 0.19375 0.1265625 0.096875
0 0.6109375 0.16484375 0.1265625 0.0953125
0 0.71875 0.13203125 0.125 0.09375
0 0.5828125 0.27109375 0.3390625 0.165625
0 0.27265625 0.3625 0.3484375 0.159375
0 0.21796875 0.78671875 0.3828125 0.4265625
0 0.7625 0.65 0.3765625 0.4890625
0 0.30234375 0.121875 0.0890625 0.071875
1 0.36875 0.08828125 0.09375 0.103125
0 0.15546875 0.16015625 0.09375 0.071875
1 0.9109375 0.53671875 0.178125 0.5765625
1 0.22734375 0.1203125 0.0984375 0.1109375