1 0.8015625 0.4421875 0.17890625 0.178125
1 0.63984375 0.4296875 0.15 0.146875
1 0.290625 0.365625 0.0703125 0.0953125
1 0.21328125 0.34453125 0.0921875 0.0984375
0 0.15078125 0.36953125 0.04375 0.04140625
0 0.07734375 0.3375 0.0671875 0.0296875
0 0.11953125 0.35 0.05234375 0.0328125
1 0.9453125 0.4625 0.10859375 0.14765625
0 0.009517887499999999 0.9363213781249999 0.2970206328125 0.6933997671875 0.14047194999999998 0.6319618265625 0 0.7165351578125 0.009517887499999999 0.9363213781249999
0 0.018160515625000002 0.9324655734375 0.009481240625 0.9556009640625 0.352314615625 0.9980158015624999 0.5042027765625 0.7763016109375 0.2926441921875 0.6876159187499999 0.018160515625000002 0.9324655734375
0 0.7917055234375 1 0.8112340078125 0.9054742359375 0.509627303125 0.7936532953125 0.3490598671875 1 0.7917055234375 1