0 0.8546875 0.57421875 0.290625 0.3140625
0 0.81328125 0.4234375 0.3734375 0.228125
0 0.47265625 0.66796875 0.31875 0.4265625
0 0.4328125 0.41015625 0.1671875 0.178125
0 0.06328125 0.48359375 0.1265625 0.0921875
1 0.0984375 0.3453125 0.196875 0.184375
0 0.07421875 0.44140625 0.1484375 0.0890625
0 0.04921875 0.540625 0.0984375 0.096875
0 0.41328125 0.30546875 0.1125 0.103125
1 0.5796875 0.15625 0.2015625 0.1625
0 0.6171875 0.21328125 0.2046875 0.0953125
0 0.64140625 0.24609375 0.2296875 0.109375
0 0.68515625 0.28359375 0.271875 0.140625
0 0.734375 0.334375 0.2984375 0.171875