0 0.1828125 0.90234375 0.365625 0.1703125
0 0.559375 0.91953125 0.440625 0.1609375
0 0.7609375 0.7296875 0.1609375 0.1171875
0 0.6203125 0.7328125 0.1671875 0.109375
0 0.48515625 0.7359375 0.146875 0.1203125
0 0.36171875 0.7359375 0.146875 0.1234375
0 0.2203125 0.74296875 0.128125 0.115625
0 0.07734375 0.746875 0.1328125 0.1140625
1 0.434375 0.56875 0.0828125 0.0921875
1 0.51015625 0.5671875 0.084375 0.0828125
0 0.35859375 0.5828125 0.0765625 0.0671875
0 0.89609375 0.7234375 0.1765625 0.1234375
1 0.58671875 0.56796875 0.08125 0.090625