0 0.75859375 0.7546875 0.409375 0.29375
0 0.67578125 0.4390625 0.234375 0.1109375
1 0.15625 0.21796875 0.2015625 0.11875
0 0.41015625 0.41328125 0.15 0.1453125
0 0.45234375 0.32890625 0.103125 0.084375
0 0.73671875 0.90546875 0.3515625 0.1890625
1 0.64921875 0.31640625 0.159375 0.10625
1 0.9234375 0.30234375 0.134375 0.08125
0 0.6859375 0.50234375 0.259375 0.1390625
0 0.31015625 0.621875 0.3203125 0.378125
0 0.71640625 0.6 0.3234375 0.1859375
0 0.46953125 0.28125 0.0921875 0.0578125
0 0.084375 0.29296875 0.0984375 0.0625
0 0.66640625 0.39765625 0.2125 0.0921875
0 0.98203125 0.353125 0.0359375 0.05625
0 0.4890625 0.24921875 0.071875 0.046875