1 0.07890625 0.76484375 0.1578125 0.16328125
0 0.21015625 0.92890625 0.396875 0.12578125
0 0.60078125 0.909375 0.41328125 0.1234375
0 0.85234375 0.73984375 0.1453125 0.09765625
0 0.709375 0.75 0.15234375 0.08984375
0 0.57265625 0.76640625 0.13125 0.103125
0 0.45078125 0.77109375 0.1265625 0.09765625
0 0.3234375 0.7859375 0.11015625 0.09296875
0 0.19140625 0.79375 0.11015625 0.09609375
1 0.50859375 0.61484375 0.07265625 0.08125
1 0.578125 0.60703125 0.07421875 0.071875
0 0.43515625 0.63046875 0.06796875 0.0578125