0 0.35234375 0.46640625 0.1796875 0.1859375
0 0.37734375 0.7421875 0.3609375 0.4609375
0 0.3375 0.35859375 0.125 0.1078125
0 0.33125 0.29921875 0.084375 0.06875
1 0.515625 0.22578125 0.16875 0.14375
0 0.5453125 0.28671875 0.1671875 0.0828125
0 0.56328125 0.3203125 0.1765625 0.0921875
0 0.6078125 0.3578125 0.23125 0.121875
0 0.66171875 0.4078125 0.2921875 0.1609375
0 0.73125 0.49296875 0.3421875 0.2203125
0 0.81953125 0.640625 0.3609375 0.346875
0 0.03203125 0.44453125 0.0640625 0.0703125
1 0.0484375 0.36953125 0.096875 0.1578125