0 0.55 0.696875 0.12578125 0.096875
0 0.57578125 0.85 0.4 0.12421875
0 0.196875 0.86875 0.3515625 0.0953125
1 0.06875 0.7171875 0.13671875 0.1484375
0 0.17578125 0.73359375 0.09765625 0.10859375
0 0.30234375 0.72421875 0.11015625 0.090625
0 0.42890625 0.70546875 0.1171875 0.09765625
0 0.678125 0.68515625 0.13515625 0.09765625
0 0.8203125 0.67265625 0.1421875 0.096875
0 0.41484375 0.56640625 0.07578125 0.0609375
1 0.48515625 0.5515625 0.06953125 0.07265625
1 0.55546875 0.53984375 0.0765625 0.07578125
1 0.340625 0.5625 0.0875 0.07734375
1 0.628125 0.5296875 0.0734375 0.07578125