0 0.18359375 0.64609375 0.28203125 0.4078125
0 0.4546875 0.63984375 0.2703125 0.39765625
0 0.70546875 0.634375 0.2875 0.4015625
1 0.890625 0.571875 0.21875 0.48515625
0 0.62578125 0.2484375 0.30703125 0.0796875
0 0.33046875 0.25390625 0.3015625 0.0828125
1 0.04296875 0.13359375 0.0859375 0.13046875
1 0.1484375 0.134375 0.12578125 0.13125
0 0.2671875 0.05078125 0.0828125 0.05546875
0 0.2640625 0.1640625 0.1109375 0.059375
0 0.36796875 0.165625 0.10859375 0.0609375
0 0.4046875 0.05234375 0.07421875 0.04921875
1 0.3390625 0.03984375 0.07734375 0.0796875
1 0.47109375 0.03828125 0.0703125 0.0765625
1 0.5375 0.0359375 0.06796875 0.07109375
1 0.603125 0.03515625 0.07421875 0.0703125
0 0.57421875 0.1609375 0.11484375 0.0640625
0 0.6765625 0.15625 0.10703125 0.0640625
0 0.77421875 0.1515625 0.1 0.0609375
0 0.46953125 0.1640625 0.1078125 0.06484375