0 0.5296875 0.67265625 0.2546875 0.378125
0 0.2765625 0.6640625 0.24609375 0.35703125
0 0.078125 0.65625 0.14921875 0.35546875
0 0.77578125 0.67109375 0.2296875 0.4078125
0 0.1453125 0.2921875 0.27890625 0.075
0 0.4203125 0.290625 0.27109375 0.071875
0 0.70390625 0.28828125 0.30234375 0.0671875
0 0.86953125 0.19453125 0.1078125 0.06484375
1 0.2421875 0.18515625 0.12265625 0.0921875
0 0.35078125 0.20546875 0.10078125 0.065625
0 0.44921875 0.20625 0.10703125 0.06640625
1 0.1375 0.178125 0.0953125 0.11171875
0 0.55 0.20546875 0.1 0.05859375
0 0.65078125 0.2046875 0.10078125 0.06796875
0 0.7578125 0.1984375 0.1171875 0.06171875
0 0.3578125 0.1046875 0.0703125 0.04921875
1 0.425 0.0953125 0.06484375 0.05
0 0.4875 0.0953125 0.06484375 0.05078125
1 0.55234375 0.08984375 0.06484375 0.05703125
1 0.61875 0.0875 0.0671875 0.05859375
1 0.68359375 0.084375 0.0625 0.0625
1 0.75234375 0.07890625 0.07265625 0.06328125