0 0.14375 0.64140625 0.2875 0.4796875
0 0.37890625 0.675 0.3734375 0.4796875
0 0.63984375 0.69765625 0.34375 0.4859375
1 0.8625 0.703125 0.275 0.4625
0 0.33125 0.2609375 0.34375 0.1625
0 0.28125 0.146875 0.14375 0.1078125
0 0.39921875 0.16484375 0.134375 0.1015625
0 0.50703125 0.18828125 0.1296875 0.0984375
0 0.61640625 0.196875 0.1265625 0.1
0 0.72421875 0.21640625 0.121875 0.096875
1 0.39765625 0.03828125 0.0890625 0.0765625
1 0.16171875 0.09140625 0.1625 0.175
0 0.64140625 0.31640625 0.3203125 0.16875
0 0.82890625 0.2265625 0.11875 0.090625
0 0.3203125 0.0359375 0.08125 0.059375
0 0.46640625 0.05703125 0.0890625 0.06875
1 0.5375 0.0609375 0.0828125 0.084375
1 0.60703125 0.07421875 0.0828125 0.0765625
1 0.675 0.084375 0.0796875 0.078125