0 0.703125 0.46328125 0.2953125 0.14375
0 0.78984375 0.7359375 0.4171875 0.3265625
0 0.39296875 0.38828125 0.175 0.175
0 0.73671875 0.5640625 0.3421875 0.196875
1 0.64453125 0.25078125 0.165625 0.109375
1 0.12421875 0.18359375 0.1984375 0.11875
1 0.93984375 0.2203125 0.1203125 0.078125
0 0.4609375 0.23046875 0.0828125 0.0640625
0 0.4375 0.2890625 0.1109375 0.09375
0 0.6890625 0.39296875 0.26875 0.1203125
0 0.2703125 0.628125 0.3734375 0.4234375
0 0.66015625 0.34375 0.209375 0.0921875
0 0.05234375 0.2765625 0.09375 0.065625
0 0.65234375 0.30625 0.178125 0.06875