0 0.1765625 0.68125 0.296875 0.440625
0 0.46875 0.6796875 0.290625 0.4296875
0 0.7421875 0.6671875 0.309375 0.434375
1 0.90703125 0.60625 0.184375 0.5390625
0 0.65234375 0.253125 0.33125 0.0859375
0 0.33203125 0.26171875 0.325 0.0890625
1 0.03984375 0.146875 0.0796875 0.140625
1 0.14140625 0.13984375 0.1359375 0.1421875
0 0.26875 0.05234375 0.0890625 0.059375
0 0.2625 0.17578125 0.1203125 0.0640625
0 0.3734375 0.17265625 0.1171875 0.065625
0 0.4140625 0.053125 0.08125 0.053125
1 0.34296875 0.03984375 0.0828125 0.0796875
1 0.484375 0.0375 0.075 0.075
1 0.553125 0.03515625 0.071875 0.0703125
1 0.63125 0.03203125 0.0828125 0.0640625
0 0.59296875 0.165625 0.1234375 0.0703125
0 0.70390625 0.159375 0.1125 0.0703125
0 0.81484375 0.15 0.1078125 0.065625
0 0.48359375 0.1671875 0.115625 0.0703125