1 0.11484375 0.478125 0.178125 0.1828125
0 0.24921875 0.403125 0.1578125 0.15
1 0.4984375 0.2390625 0.159375 0.178125
0 0.378125 0.3375 0.15625 0.153125
0 0.6125 0.1953125 0.121875 0.1359375
0 0.7359375 0.12109375 0.11875 0.1125
0 0.8328125 0.05703125 0.1390625 0.1015625
0 0.28203125 0.2 0.0890625 0.084375
1 0.425 0.1046875 0.0953125 0.090625
0 0.35546875 0.1578125 0.0875 0.078125
0 0.20546875 0.2421875 0.0953125 0.0859375
0 0.12578125 0.278125 0.0984375 0.0859375
0 0.0484375 0.315625 0.096875 0.078125