0 0.56171875 0.6484375 0.35625 0.459375
0 0.2890625 0.703125 0.3671875 0.459375
0 0.0984375 0.7421875 0.190625 0.4015625
0 0.8234375 0.59375 0.3359375 0.4859375
0 0.1109375 0.325 0.221875 0.1375
0 0.36171875 0.26875 0.3078125 0.1390625
0 0.65703125 0.19609375 0.334375 0.1484375
0 0.8109375 0.06328125 0.1296875 0.09375
1 0.1453125 0.1984375 0.1515625 0.1265625
0 0.26484375 0.19375 0.121875 0.0921875
0 0.37109375 0.17109375 0.128125 0.09375
1 0.0484375 0.2125 0.096875 0.140625
0 0.475 0.14375 0.1203125 0.0859375
0 0.58125 0.11640625 0.121875 0.09375
0 0.69453125 0.08828125 0.1390625 0.0921875
0 0.25 0.078125 0.0859375 0.06875
1 0.31953125 0.05703125 0.0796875 0.06875
0 0.38671875 0.0390625 0.0796875 0.065625
1 0.45390625 0.02734375 0.0796875 0.0546875
1 0.5234375 0.01796875 0.08125 0.0359375
1 0.5921875 0.009375 0.075 0.01875