0 0.83515625 0.60703125 0.3296875 0.3890625
0 0.81171875 0.4765625 0.3765625 0.35
0 0.49375 0.68125 0.425 0.4671875
0 0.47421875 0.44453125 0.2046875 0.209375
0 0.1015625 0.4921875 0.203125 0.16875
1 0.16640625 0.365625 0.25 0.234375
0 0.13515625 0.44921875 0.178125 0.14375
0 0.08828125 0.54765625 0.1765625 0.1703125
0 0.46328125 0.34921875 0.13125 0.128125
1 0.62265625 0.2265625 0.2265625 0.2109375
0 0.653125 0.278125 0.203125 0.159375
0 0.675 0.31015625 0.2265625 0.1796875
0 0.7109375 0.34765625 0.271875 0.221875
0 0.75234375 0.3953125 0.30625 0.25625