0 0.84921875 0.6875 0.30078125 0.209375
0 0.82734375 0.53203125 0.3453125 0.12109375
0 0.434375 0.65 0.19296875 0.34296875
0 0.475 0.41640625 0.115625 0.13203125
0 0.11328125 0.3703125 0.18203125 0.04296875
1 0.20078125 0.28203125 0.17265625 0.08046875
0 0.15 0.32890625 0.16015625 0.0328125
0 0.0796875 0.4109375 0.159375 0.0625
0 0.4921875 0.3203125 0.08359375 0.07109375
1 0.6875 0.25859375 0.159375 0.0640625
0 0.69765625 0.3015625 0.1859375 0.03046875
0 0.71328125 0.33359375 0.20625 0.0390625
0 0.734375 0.38203125 0.23671875 0.05625
0 0.7625 0.4375 0.25703125 0.08046875
0 0.5015625 0.26484375 0.0671875 0.04609375
0 0.5078125 0.2296875 0.05703125 0.03125