0 0.16953125 0.6078125 0.3390625 0.4875
0 0.41484375 0.6765625 0.4015625 0.4875
0 0.66796875 0.7515625 0.3671875 0.478125
1 0.8640625 0.7203125 0.271875 0.559375
0 0.425 0.2609375 0.325 0.1671875
0 0.721875 0.34609375 0.325 0.184375
1 0.2796875 0.0984375 0.1703125 0.1671875
0 0.38984375 0.1546875 0.1265625 0.0953125
0 0.49609375 0.1828125 0.1296875 0.096875
0 0.6015625 0.21015625 0.125 0.090625
0 0.70625 0.2359375 0.125 0.0921875
0 0.81171875 0.2640625 0.121875 0.090625
0 0.925 0.28828125 0.1296875 0.09375
1 0.16796875 0.0703125 0.1359375 0.140625
0 0.43359375 0.05 0.09375 0.075
1 0.509375 0.06015625 0.090625 0.096875
0 0.5734375 0.0875 0.0875 0.08125