0 0.225 0.23515625 0.12734375 0.0671875
0 0.5765625 0.31171875 0.29921875 0.071875
1 0.8640625 0.6109375 0.271875 0.5140625
0 0.1546875 0.7296875 0.28125 0.40234375
0 0.40703125 0.71484375 0.27109375 0.41875
0 0.64609375 0.69921875 0.2453125 0.40078125
0 0.328125 0.23515625 0.11171875 0.0671875
0 0.428125 0.23515625 0.1125 0.06328125
0 0.53203125 0.234375 0.1140625 0.059375
0 0.62734375 0.2296875 0.09609375 0.0609375
0 0.72734375 0.22421875 0.103125 0.06328125
1 0.565625 0.1078125 0.07265625 0.07578125
1 0.50234375 0.11015625 0.06796875 0.078125
0 0.36484375 0.1265625 0.07265625 0.04765625
1 0.43046875 0.1109375 0.06640625 0.0734375
1 0.2984375 0.1125 0.07265625 0.07890625