0 0.58125 0.68203125 0.146875 0.1203125
0 0.6328125 0.8359375 0.434375 0.19375
0 0.24453125 0.9171875 0.3765625 0.1546875
1 0.09765625 0.77890625 0.140625 0.171875
0 0.2 0.78125 0.11875 0.128125
0 0.32890625 0.75 0.1296875 0.1125
0 0.45703125 0.71015625 0.1375 0.1203125
0 0.7125 0.6484375 0.15625 0.1234375
0 0.8578125 0.61171875 0.1625 0.1234375
0 0.41953125 0.56796875 0.0890625 0.075
1 0.48984375 0.5421875 0.084375 0.0875
1 0.5609375 0.5171875 0.0921875 0.090625
1 0.3421875 0.5765625 0.103125 0.0953125
1 0.634375 0.4953125 0.0890625 0.090625