0 0.53984375 0.7078125 0.12578125 0.096875
0 0.56484375 0.8578125 0.4 0.12421875
0 0.196875 0.86875 0.3515625 0.0953125
1 0.0640625 0.72578125 0.12734375 0.14609375
0 0.1703125 0.74375 0.0984375 0.090625
0 0.2921875 0.73671875 0.11015625 0.090625
0 0.4234375 0.72109375 0.1171875 0.09765625
0 0.66796875 0.69765625 0.13359375 0.09765625
0 0.80625 0.68203125 0.1421875 0.096875
0 0.19609375 0.6046875 0.06171875 0.04921875
0 0.40859375 0.57109375 0.07890625 0.0609375
1 0.54765625 0.54140625 0.078125 0.07265625
1 0.621875 0.53828125 0.0765625 0.07578125
1 0.334375 0.5703125 0.08359375 0.08359375