0 0.3515625 0.53203125 0.3796875 0.4671875
0 0.98125 0.16015625 0.0375 0.0859375
0 0.61875 0.559375 0.365625 0.4625
0 0.1265625 0.503125 0.253125 0.4375
0 0.38125 0.065625 0.1375 0.0953125
1 0.84296875 0.53984375 0.3140625 0.4703125
0 0.3171875 0.15 0.3453125 0.184375
0 0.63125 0.20390625 0.328125 0.175
0 0.49453125 0.0796875 0.1359375 0.1015625
0 0.603125 0.0953125 0.1265625 0.1015625
0 0.70625 0.1125 0.1328125 0.0984375
0 0.81328125 0.125 0.125 0.0953125
0 0.9203125 0.13828125 0.11875 0.096875
0 0.26796875 0.04765625 0.1453125 0.0953125
1 0.17265625 0.03515625 0.1265625 0.0703125