1 0.15703125 0.07890625 0.1640625 0.146875
0 0.2765625 0.1203125 0.1375 0.09375
0 0.3046875 0.02109375 0.09375 0.0421875
0 0.44765625 0.02890625 0.0890625 0.0578125
1 0.37890625 0.02265625 0.0859375 0.0453125
1 0.52109375 0.03203125 0.0828125 0.0640625
0 0.6125 0.1640625 0.1296875 0.0828125
0 0.39375 0.13828125 0.11875 0.090625
0 0.49765625 0.153125 0.125 0.090625
0 0.71875 0.1765625 0.13125 0.0859375
0 0.83359375 0.1859375 0.1265625 0.090625
0 0.65 0.26328125 0.3296875 0.1421875
0 0.33125 0.22421875 0.3421875 0.140625
0 0.40390625 0.671875 0.3390625 0.45
0 0.1484375 0.6359375 0.296875 0.465625
0 0.67734375 0.69453125 0.3328125 0.4546875
1 0.890625 0.6671875 0.21875 0.525