0 0.2265625 0.47578125 0.13125 0.1390625
0 0.1828125 0.734375 0.234375 0.371875
0 0.240625 0.37421875 0.09765625 0.0734375
0 0.246875 0.31953125 0.08359375 0.05078125
1 0.43984375 0.31796875 0.13359375 0.071875
0 0.45 0.36484375 0.15078125 0.03359375
0 0.459375 0.39765625 0.15703125 0.040625
0 0.48828125 0.4421875 0.20546875 0.0546875
0 0.52578125 0.50078125 0.2578125 0.07578125
0 0.56796875 0.58828125 0.2921875 0.12265625
0 0.6265625 0.7375 0.33671875 0.23046875
1 0.93125 0.3484375 0.1078125 0.09609375
0 0.8375 0.328125 0.08203125 0.025
0 0.79609375 0.3109375 0.09765625 0.02109375