0 0.13828125 0.603125 0.2765625 0.50625
0 0.3546875 0.671875 0.4078125 0.5046875
0 0.621875 0.7421875 0.428125 0.515625
1 0.8234375 0.71953125 0.353125 0.5609375
0 0.65625 0.309375 0.3515625 0.178125
0 0.340625 0.22421875 0.3453125 0.1796875
1 0.18359375 0.065625 0.1734375 0.13125
0 0.33515625 0.015625 0.1046875 0.03125
0 0.29765625 0.1078125 0.1359375 0.096875
0 0.4078125 0.1421875 0.134375 0.0984375
0 0.48125 0.034375 0.09375 0.06875
1 0.4140625 0.0265625 0.10625 0.053125
1 0.5546875 0.04453125 0.096875 0.0890625
1 0.62734375 0.05625 0.09375 0.09375
1 0.69609375 0.07578125 0.1 0.0953125
0 0.628125 0.2 0.140625 0.103125
0 0.7375 0.22578125 0.1328125 0.1
0 0.84296875 0.25078125 0.125 0.0953125
0 0.51640625 0.17109375 0.134375 0.1015625