1 0.37578125 0.23828125 0.1015625 0.1171875
0 0.23046875 0.56953125 0.4609375 0.2484375
1 0.2890625 0.23203125 0.10625 0.10625
1 0.19921875 0.215625 0.1046875 0.103125
0 0.628125 0.6125 0.39375 0.209375
0 0.10234375 0.2078125 0.1140625 0.096875
0 0.090625 0.37890625 0.16875 0.1390625
0 0.240625 0.40390625 0.1703125 0.134375
0 0.3875 0.4171875 0.159375 0.128125
0 0.51953125 0.44140625 0.1484375 0.125
0 0.7640625 0.48203125 0.1328125 0.1109375
0 0.87109375 0.49609375 0.125 0.1046875
0 0.646875 0.46328125 0.146875 0.1171875
0 0.95703125 0.5046875 0.0859375 0.090625