0 0.8796875 0.67109375 0.23984375 0.21875
0 0.521875 0.39609375 0.134375 0.12890625
0 0.8265625 0.4125 0.2859375 0.08515625
1 0.25234375 0.2734375 0.16484375 0.06484375
0 0.17578125 0.359375 0.190625 0.04453125
0 0.84765625 0.5015625 0.28046875 0.125
0 0.54375 0.29921875 0.08515625 0.06640625
0 0.80390625 0.34765625 0.259375 0.059375
0 0.55078125 0.24453125 0.06484375 0.04453125
1 0.73671875 0.22421875 0.15234375 0.06875
0 0.7734375 0.30625 0.21875 0.046875
0 0.45078125 0.63125 0.271875 0.34296875
0 0.1125 0.4078125 0.13515625 0.05
0 0.75390625 0.26953125 0.18203125 0.03203125
0 0.221875 0.31953125 0.1796875 0.03515625
0 0.553125 0.20703125 0.05859375 0.034375