1 0.48046875 0.33828125 0.07265625 0.08984375
0 0.40859375 0.659375 0.421875 0.12265625
1 0.409375 0.3421875 0.078125 0.08359375
1 0.33203125 0.33828125 0.078125 0.0828125
0 0.78671875 0.6578125 0.3578125 0.12578125
0 0.128125 0.503125 0.14375 0.09140625
0 0.27421875 0.50390625 0.1390625 0.09375
0 0.39765625 0.50390625 0.1328125 0.09453125
0 0.64765625 0.509375 0.11640625 0.10078125
0 0.76796875 0.5109375 0.12265625 0.10078125
0 0.5234375 0.50390625 0.125 0.0890625
0 0.896875 0.5171875 0.13515625 0.09453125
1 0.82890625 0.359375 0.0890625 0.09453125
0 0.25234375 0.35078125 0.084375 0.07265625