0 0.24140625 0.9203125 0.4328125 0.159375
0 0.65 0.8578125 0.453125 0.178125
0 0.746875 0.6734375 0.1546875 0.1140625
0 0.60859375 0.69609375 0.1453125 0.1140625
0 0.4828125 0.721875 0.1453125 0.1265625
0 0.33984375 0.74296875 0.128125 0.1234375
0 0.20859375 0.76875 0.1296875 0.1125
1 0.0921875 0.75234375 0.1609375 0.1671875
1 0.5265625 0.5375 0.084375 0.09375
1 0.6 0.515625 0.0859375 0.0828125
0 0.453125 0.5671875 0.0828125 0.06875
0 0.90078125 0.6546875 0.1734375 0.1203125
1 0.6796875 0.50625 0.0828125 0.0921875
1 0.3734375 0.5609375 0.09375 0.1015625