1 0.0734375 0.20078125 0.146875 0.1515625
0 0.1875 0.18984375 0.128125 0.103125
0 0.2921875 0.1671875 0.1203125 0.1
0 0.38828125 0.1453125 0.121875 0.0921875
0 0.4890625 0.11953125 0.1203125 0.0921875
0 0.59296875 0.08984375 0.1296875 0.0984375
0 0.6984375 0.059375 0.11875 0.084375
0 0.2703125 0.27265625 0.3140625 0.14375
0 0.55703125 0.19765625 0.3140625 0.1578125
0 0.20390625 0.684375 0.346875 0.4640625
0 0.465625 0.63046875 0.3640625 0.4625
0 0.71796875 0.55234375 0.325 0.4453125
1 0.87421875 0.44140625 0.2515625 0.5421875