0 0.5171875 0.69296875 0.140625 0.115625
0 0.65390625 0.859375 0.428125 0.1875
0 0.278125 0.80859375 0.3578125 0.165625
1 0.04375 0.628125 0.0875 0.140625
1 0.15703125 0.6421875 0.1765625 0.1484375
0 0.27109375 0.66484375 0.1109375 0.11875
0 0.39140625 0.68359375 0.1203125 0.1140625
0 0.63984375 0.7046875 0.1453125 0.1171875
0 0.78046875 0.71484375 0.153125 0.1171875
0 0.521875 0.54453125 0.0765625 0.0703125
1 0.59453125 0.534375 0.084375 0.0890625
1 0.6703125 0.534375 0.0890625 0.09375
1 0.4515625 0.521875 0.0875 0.0953125
1 0.75 0.5390625 0.090625 0.096875