0 0.2296875 0.525 0.15625 0.1625
0 0.23203125 0.790625 0.3 0.4140625
0 0.2265625 0.4203125 0.1109375 0.090625
0 0.2234375 0.36484375 0.0921875 0.065625
1 0.415625 0.328125 0.146875 0.0953125
0 0.434375 0.37421875 0.15625 0.0609375
0 0.45 0.4046875 0.1640625 0.06875
0 0.4859375 0.44453125 0.215625 0.0921875
0 0.534375 0.49609375 0.271875 0.121875
0 0.59140625 0.57734375 0.3140625 0.1734375
0 0.6765625 0.715625 0.378125 0.290625
1 0.91171875 0.271875 0.125 0.1140625
0 0.815625 0.26875 0.0875 0.040625
0 0.77109375 0.25859375 0.1015625 0.0390625