0 0.18984375 0.8203125 0.37734375 0.11484375
0 0.56640625 0.775 0.3890625 0.12734375
0 0.66796875 0.61796875 0.1359375 0.09609375
0 0.53828125 0.63359375 0.128125 0.096875
0 0.41484375 0.646875 0.1265625 0.10859375
0 0.28828125 0.66484375 0.1109375 0.10546875
0 0.15703125 0.68359375 0.10390625 0.09375
1 0.06171875 0.67109375 0.1234375 0.1484375
1 0.47421875 0.48828125 0.07265625 0.08125
1 0.54375 0.47421875 0.07421875 0.071875
0 0.40546875 0.50859375 0.071875 0.06015625
0 0.81328125 0.5953125 0.153125 0.1
1 0.61640625 0.46015625 0.0703125 0.0796875
1 0.3296875 0.49765625 0.08046875 0.0890625