0 0.84921875 0.671875 0.3015625 0.20703125
0 0.4671875 0.41015625 0.13359375 0.1328125
0 0.72265625 0.36328125 0.22265625 0.05390625
1 0.18984375 0.28203125 0.171875 0.08671875
0 0.48671875 0.315625 0.0859375 0.07109375
0 0.49453125 0.26171875 0.07109375 0.0484375
0 0.10546875 0.37578125 0.1796875 0.04375
1 0.671875 0.2453125 0.15078125 0.06484375
0 0.82109375 0.51484375 0.34453125 0.128125
0 0.7578125 0.42421875 0.26484375 0.0765625
0 0.7109375 0.3203125 0.21171875 0.0453125
1 0.940625 0.1515625 0.1109375 0.04296875
0 0.4015625 0.64375 0.2671875 0.334375
0 0.14921875 0.340625 0.17421875 0.0359375
0 0.05859375 0.42421875 0.11640625 0.059375