0 0.8625 0.51484375 0.275 0.3296875
0 0.81328125 0.39296875 0.3578125 0.2671875
0 0.540625 0.6765625 0.334375 0.39375
0 0.4609375 0.453125 0.165625 0.171875
0 0.11171875 0.59609375 0.1796875 0.1265625
1 0.14296875 0.45625 0.2078125 0.1875
0 0.134375 0.5453125 0.15625 0.10625
0 0.10546875 0.65625 0.1703125 0.13125
0 0.42578125 0.3640625 0.1078125 0.103125
1 0.54765625 0.20390625 0.1890625 0.1671875
0 0.590625 0.24609375 0.178125 0.1171875
0 0.61953125 0.27109375 0.1984375 0.1328125
0 0.6640625 0.2984375 0.2375 0.165625
0 0.71640625 0.33359375 0.2640625 0.1953125