0 0.31484375 0.75859375 0.4265625 0.4828125
0 0.56875 0.67578125 0.35625 0.46875
1 0.78515625 0.53359375 0.4296875 0.5015625
0 0.39765625 0.31953125 0.3234375 0.1546875
0 0.0390625 0.3171875 0.078125 0.103125
0 0.109375 0.29609375 0.140625 0.090625
0 0.2203125 0.26875 0.13125 0.0890625
0 0.32265625 0.24296875 0.11875 0.08125
0 0.425 0.21875 0.1140625 0.0796875
0 0.52265625 0.19140625 0.1203125 0.0828125
0 0.615625 0.16640625 0.1078125 0.08125
1 0.04921875 0.17265625 0.0984375 0.1078125
0 0.12265625 0.175 0.0953125 0.071875
1 0.18984375 0.140625 0.0921875 0.096875
1 0.3265625 0.109375 0.084375 0.1
1 0.259375 0.12421875 0.0921875 0.096875
0 0.01015625 0.2109375 0.0203125 0.08125