0 0.81875 0.63828125 0.3578125 0.2359375
0 0.43046875 0.375 0.134375 0.1390625
1 0.13671875 0.23515625 0.1921875 0.0953125
0 0.76484375 0.48828125 0.309375 0.1421875
0 0.72109375 0.40234375 0.253125 0.096875
0 0.3421875 0.6015625 0.290625 0.3578125
1 0.65234375 0.22734375 0.1609375 0.0875
0 0.70390625 0.346875 0.234375 0.06875
0 0.45390625 0.28671875 0.0890625 0.075
0 0.071875 0.32265625 0.11875 0.05
1 0.93203125 0.16015625 0.1359375 0.0609375
0 0.6734375 0.3015625 0.190625 0.059375
0 0.4625 0.234375 0.0796875 0.0515625