0 0.496875 0.690625 0.3640625 0.453125
0 0.24609375 0.609375 0.35 0.4296875
0 0.0875 0.54375 0.175 0.4
0 0.74453125 0.76015625 0.3484375 0.4765625
0 0.2203125 0.19921875 0.3015625 0.1546875
0 0.49765625 0.27578125 0.2921875 0.15
0 0.7828125 0.35546875 0.3234375 0.1546875
0 0.95625 0.3078125 0.0875 0.096875
1 0.34921875 0.11875 0.15 0.128125
0 0.45234375 0.1703125 0.1203125 0.0953125
0 0.5515625 0.19921875 0.1265625 0.096875
1 0.24609375 0.08203125 0.128125 0.140625
0 0.65234375 0.22734375 0.1171875 0.0875
0 0.75390625 0.25546875 0.1203125 0.096875
0 0.8625 0.28046875 0.134375 0.0953125
0 0.4890625 0.07109375 0.084375 0.0703125
1 0.559375 0.08125 0.0796875 0.06875
0 0.62109375 0.09921875 0.0796875 0.0703125
1 0.6875 0.11171875 0.08125 0.0765625
1 0.7546875 0.1296875 0.084375 0.078125
1 0.82109375 0.14453125 0.0796875 0.0796875
1 0.8921875 0.15859375 0.090625 0.084375