0 0.85 0.6171875 0.3 0.271875
0 0.42265625 0.38671875 0.1671875 0.1671875
0 0.69609375 0.296875 0.253125 0.09375
1 0.1 0.2890625 0.2 0.121875
0 0.4296875 0.2796875 0.1046875 0.090625
0 0.4296875 0.21953125 0.0859375 0.0640625
0 0.06015625 0.39921875 0.1203125 0.0671875
1 0.62265625 0.1734375 0.1765625 0.0953125
0 0.81328125 0.44765625 0.3734375 0.1921875
0 0.7453125 0.3578125 0.303125 0.125
0 0.67734375 0.25078125 0.240625 0.0828125
1 0.88984375 0.03125 0.103125 0.0609375
0 0.38671875 0.65390625 0.3453125 0.409375
0 0.0796875 0.35859375 0.159375 0.0640625
0 0.021875 0.459375 0.04375 0.071875