0 0.38515625 0.45234375 0.171875 0.1640625
0 0.828125 0.64375 0.34375 0.284375
1 0.08515625 0.36328125 0.1703125 0.1234375
0 0.6578125 0.3578125 0.2609375 0.103125
0 0.76171875 0.49921875 0.33125 0.1765625
0 0.040625 0.47109375 0.08125 0.0671875
0 0.69609375 0.415625 0.2859375 0.1296875
1 0.83046875 0.10625 0.14375 0.075
0 0.38984375 0.34453125 0.1125 0.09375
1 0.571875 0.23359375 0.1671875 0.1125
0 0.3828125 0.70078125 0.3078125 0.403125
0 0.61640625 0.31875 0.215625 0.078125
0 0.38828125 0.2875 0.0890625 0.0625
0 0.6046875 0.28515625 0.2015625 0.0703125
0 0.06640625 0.428125 0.1328125 0.065625