0 0.69765625 0.85234375 0.4015625 0.1734375
0 0.27265625 0.91796875 0.4828125 0.1640625
0 0.09765625 0.790625 0.1578125 0.1328125
0 0.25390625 0.77265625 0.1625 0.1234375
0 0.39921875 0.734375 0.1515625 0.13125
0 0.53984375 0.71953125 0.1484375 0.1125
0 0.66953125 0.6953125 0.1328125 0.1046875
0 0.790625 0.6796875 0.140625 0.109375
0 0.90625 0.6640625 0.1203125 0.0953125
0 0.0640625 0.60625 0.109375 0.0890625
1 0.16171875 0.5953125 0.1 0.090625
1 0.2515625 0.57890625 0.0984375 0.1
1 0.33515625 0.5671875 0.0859375 0.1
0 0.9765625 0.64453125 0.046875 0.0796875