0 0.52578125 0.44609375 0.1703125 0.1765625
0 0.40078125 0.6703125 0.328125 0.440625
0 0.128125 0.275 0.1703125 0.1125
0 0.16640625 0.23828125 0.184375 0.096875
1 0.3015625 0.1890625 0.2015625 0.1453125
0 0.23359375 0.22578125 0.171875 0.0875
0 0.57265625 0.353125 0.1125 0.1015625
1 0.79375 0.36328125 0.1671875 0.1234375
0 0.8015625 0.42265625 0.196875 0.0953125
0 0.803125 0.4625 0.228125 0.1125
0 0.80078125 0.5125 0.25 0.1375
0 0.8 0.58203125 0.2765625 0.1578125
0 0.8078125 0.69921875 0.3265625 0.228125
0 0.77578125 0.86015625 0.3140625 0.2796875