0 0.7984375 0.7140625 0.403125 0.34375
0 0.68359375 0.41171875 0.25 0.1359375
1 0.1203125 0.28203125 0.2234375 0.14375
0 0.41171875 0.434375 0.1671875 0.1640625
0 0.43828125 0.34140625 0.1140625 0.0984375
0 0.81796875 0.865625 0.3640625 0.23125
1 0.634375 0.29375 0.1734375 0.1234375
1 0.90234375 0.23125 0.1375 0.096875
0 0.7046875 0.4734375 0.2796875 0.1703125
0 0.3484375 0.66015625 0.365625 0.41875
0 0.75234375 0.56640625 0.35 0.2234375
0 0.44765625 0.290625 0.1015625 0.0703125
0 0.059375 0.37109375 0.1171875 0.078125
0 0.665625 0.37109375 0.2265625 0.115625
0 0.9640625 0.271875 0.025 0.0546875
0 0.4609375 0.2546875 0.0765625 0.0546875