0 0.22578125 0.934375 0.4015625 0.13125
0 0.61484375 0.90625 0.41875 0.1375
0 0.78125 0.69140625 0.1484375 0.103125
0 0.64609375 0.71328125 0.1546875 0.09375
0 0.51953125 0.73515625 0.134375 0.1078125
0 0.4 0.7515625 0.1328125 0.109375
0 0.26640625 0.77734375 0.1171875 0.1046875
0 0.13046875 0.8 0.121875 0.103125
1 0.44765625 0.58125 0.0765625 0.084375
1 0.51875 0.56953125 0.0765625 0.075
0 0.3765625 0.60546875 0.06875 0.059375
0 0.91328125 0.66796875 0.1703125 0.1078125
1 0.5921875 0.56171875 0.0734375 0.0828125