0 0.77734375 0.784375 0.34375 0.296875
0 0.5015625 0.40390625 0.175 0.175
0 0.7671875 0.44453125 0.2359375 0.1265625
1 0.27421875 0.18671875 0.196875 0.1421875
0 0.553125 0.31875 0.1078125 0.0984375
0 0.57890625 0.26875 0.0859375 0.071875
0 0.1609375 0.24921875 0.1890625 0.103125
1 0.75703125 0.31171875 0.1703125 0.1140625
0 0.80546875 0.62265625 0.3671875 0.2375
0 0.78125 0.515625 0.284375 0.1640625
0 0.7703125 0.39921875 0.221875 0.115625
0 0.359375 0.61015625 0.3734375 0.415625
0 0.21484375 0.2296875 0.1828125 0.09375
0 0.10390625 0.2828125 0.1234375 0.09375