0 0.625 0.5859375 0.2703125 0.4171875
0 0.14609375 0.17109375 0.13125 0.0828125
0 0.25234375 0.15859375 0.11875 0.0859375
0 0.35703125 0.14765625 0.115625 0.08125
0 0.459375 0.12734375 0.1125 0.075
0 0.56484375 0.10859375 0.1078125 0.071875
0 0.51875 0.2125 0.296875 0.0921875
0 0.2171875 0.2703125 0.325 0.1078125
0 0.12578125 0.70078125 0.2515625 0.43125
0 0.3703125 0.64609375 0.2859375 0.4296875
1 0.84453125 0.48515625 0.3109375 0.4671875
0 0.659375 0.09296875 0.10625 0.0828125
1 0.04296875 0.1625 0.0859375 0.134375