1 0.36875 0.440625 0.09375 0.10625
0 0.371875 0.76640625 0.4578125 0.265625
1 0.29453125 0.46328125 0.103125 0.103125
1 0.21796875 0.48671875 0.1 0.1015625
0 0.740625 0.64453125 0.3703125 0.2125
0 0.18984375 0.6625 0.16875 0.1296875
0 0.32734375 0.62421875 0.1578125 0.1265625
0 0.4515625 0.5859375 0.153125 0.125
0 0.6828125 0.5234375 0.1390625 0.128125
0 0.79375 0.4953125 0.134375 0.121875
0 0.56796875 0.55703125 0.1390625 0.115625
0 0.8984375 0.4609375 0.1203125 0.1109375
1 0.69375 0.36953125 0.1 0.1
1 0.78671875 0.3453125 0.0984375 0.1078125
0 0.1390625 0.5140625 0.1 0.0921875