1 0.05703125 0.28046875 0.1140625 0.1546875
0 0.46171875 0.70234375 0.35625 0.4546875
1 0.4 0.0796875 0.0859375 0.09375
0 0.1625 0.27734375 0.128125 0.09375
0 0.26796875 0.2484375 0.115625 0.0875
0 0.36328125 0.21953125 0.1171875 0.0875
0 0.46171875 0.1875 0.11875 0.090625
0 0.56015625 0.1578125 0.11875 0.0890625
0 0.66015625 0.128125 0.1171875 0.0890625
0 0.53515625 0.2546875 0.315625 0.159375
0 0.24921875 0.34453125 0.325 0.153125
0 0.2 0.771875 0.3609375 0.446875
0 0.71484375 0.60703125 0.35625 0.45625
0 0.27421875 0.1265625 0.084375 0.0671875
1 0.33515625 0.096875 0.0875 0.096875
0 0.13828125 0.16875 0.0890625 0.0671875
1 0.87578125 0.46328125 0.2484375 0.5484375
1 0.20546875 0.13046875 0.0921875 0.1046875
1 0.46015625 0.05234375 0.08125 0.1046875