1 0.09140625 0.14296875 0.15625 0.1390625
0 0.21328125 0.15390625 0.128125 0.0890625
0 0.203125 0.053125 0.0875 0.05
0 0.3453125 0.03046875 0.0828125 0.0390625
1 0.278125 0.03984375 0.078125 0.040625
1 0.415625 0.01953125 0.078125 0.034375
0 0.534375 0.1125 0.125 0.0796875
0 0.32265625 0.140625 0.1140625 0.0890625
0 0.425 0.12578125 0.1203125 0.084375
0 0.64375 0.09296875 0.1265625 0.08125
0 0.7578125 0.07421875 0.121875 0.08125
0 0.596875 0.20078125 0.3203125 0.128125
0 0.29140625 0.24140625 0.3328125 0.125
0 0.47109375 0.61484375 0.321875 0.4546875
0 0.19921875 0.665625 0.3375 0.4484375
0 0.725 0.59296875 0.3109375 0.4359375
1 0.89609375 0.521875 0.2078125 0.515625