0 0.3015625 0.68203125 0.48125 0.24375
0 0.70546875 0.753125 0.43125 0.2234375
0 0.20234375 0.5046875 0.1640625 0.134375
0 0.3328125 0.53359375 0.165625 0.128125
0 0.4640625 0.55859375 0.153125 0.1203125
0 0.5921875 0.5890625 0.1546875 0.128125
0 0.72421875 0.609375 0.146875 0.1171875
1 0.4625 0.378125 0.1 0.1171875
1 0.38671875 0.36328125 0.10625 0.1125
1 0.30859375 0.34921875 0.1046875 0.1078125
1 0.1484375 0.29921875 0.1171875 0.1296875
0 0.22734375 0.3390625 0.1015625 0.0859375
0 0.0765625 0.4796875 0.153125 0.134375
1 0.80078125 0.45625 0.1046875 0.121875
0 0.85546875 0.63984375 0.1328125 0.1171875