1 0.33203125 0.33359375 0.0875 0.09375
0 0.24296875 0.68984375 0.4859375 0.1359375
1 0.24296875 0.3375 0.09375 0.0796875
1 0.14921875 0.3421875 0.09375 0.075
0 0.66875 0.653125 0.3921875 0.121875
1 0.80859375 0.33046875 0.0875 0.096875
1 0.70234375 0.334375 0.0875 0.09375
0 0.05234375 0.35078125 0.1046875 0.078125
0 0.075 0.53125 0.15 0.115625
0 0.23046875 0.52734375 0.159375 0.109375
0 0.38359375 0.51953125 0.15 0.10625
0 0.52734375 0.5140625 0.1359375 0.10625
0 0.80078125 0.49375 0.1109375 0.096875
0 0.9046875 0.4859375 0.10625 0.0859375
0 0.6640625 0.5 0.1375 0.096875