1 0.390625 0.3078125 0.109375 0.121875
0 0.4328125 0.6734375 0.4921875 0.284375
1 0.31796875 0.33828125 0.1125 0.1171875
1 0.234375 0.3609375 0.1125 0.115625
0 0.80859375 0.53359375 0.3828125 0.2640625
0 0.08515625 0.60703125 0.1703125 0.14375
0 0.2328125 0.55859375 0.18125 0.15
0 0.3640625 0.51328125 0.175 0.1484375
0 0.63046875 0.428125 0.159375 0.15
0 0.7578125 0.38515625 0.165625 0.1515625
0 0.49609375 0.4671875 0.1640625 0.1390625
0 0.8953125 0.34453125 0.1765625 0.1484375
1 0.7671875 0.203125 0.128125 0.1328125
0 0.1546875 0.40390625 0.115625 0.1078125