0 0.78828125 0.81953125 0.3265625 0.2890625
0 0.80703125 0.65625 0.346875 0.2015625
0 0.40625 0.678125 0.29375 0.409375
0 0.5109375 0.44609375 0.15625 0.16875
0 0.1359375 0.29765625 0.1984375 0.0953125
1 0.26328125 0.2109375 0.2125 0.1703125
0 0.18984375 0.2734375 0.175 0.0796875
0 0.09921875 0.33984375 0.15625 0.103125
0 0.55078125 0.35078125 0.10625 0.096875
1 0.76484375 0.31796875 0.19375 0.15
0 0.76484375 0.38359375 0.2015625 0.0828125
0 0.76796875 0.4234375 0.2234375 0.0953125
0 0.7828125 0.47734375 0.2640625 0.125
0 0.796875 0.54375 0.2890625 0.1546875