0 0.35 0.76953125 0.5 0.2171875
0 0.7765625 0.68046875 0.446875 0.2078125
0 0.18359375 0.63828125 0.1671875 0.13125
0 0.31953125 0.615625 0.16875 0.125
0 0.45625 0.59140625 0.15625 0.11875
0 0.590625 0.56640625 0.1578125 0.125
0 0.72265625 0.546875 0.15 0.115625
1 0.3859375 0.41328125 0.0984375 0.11875
1 0.30625 0.43125 0.10625 0.1125
1 0.2234375 0.4421875 0.1046875 0.109375
1 0.0546875 0.45625 0.109375 0.13125
0 0.13828125 0.46953125 0.103125 0.084375
0 0.0703125 0.65390625 0.11875 0.1234375
1 0.74375 0.35078125 0.1015625 0.1234375
0 0.8734375 0.525 0.128125 0.115625