0 0.1609375 0.63203125 0.2625 0.39453125
0 0.41796875 0.6203125 0.275 0.4015625
0 0.67890625 0.61640625 0.265625 0.3875
1 0.878125 0.52734375 0.24375 0.5078125
0 0.30546875 0.23359375 0.31171875 0.08984375
0 0.6015625 0.228125 0.30625 0.09453125
1 0.121875 0.1203125 0.13125 0.12890625
0 0.240625 0.1484375 0.12578125 0.06484375
0 0.34609375 0.14296875 0.1125 0.06640625
0 0.45 0.1390625 0.10703125 0.0640625
0 0.55234375 0.134375 0.109375 0.0609375
0 0.65546875 0.1265625 0.10703125 0.06328125
0 0.76484375 0.1203125 0.11171875 0.06328125