0 0.39921875 0.36484375 0.19375 0.1890625
0 0.72421875 0.76953125 0.453125 0.346875
0 0.4796875 0.21171875 0.0984375 0.075
0 0.68046875 0.41015625 0.2640625 0.140625
1 0.171875 0.1265625 0.159375 0.134375
0 0.45859375 0.26796875 0.125 0.1078125
0 0.6921875 0.48125 0.296875 0.175
1 0.6734375 0.2671875 0.18125 0.1234375
0 0.70546875 0.590625 0.3390625 0.225
1 0.95 0.27109375 0.1 0.0921875
0 0.23125 0.57734375 0.4203125 0.4625
0 0.1265625 0.175 0.0921875 0.0671875
0 0.66875 0.3546875 0.2140625 0.1125
0 0.6734375 0.3171875 0.1984375 0.096875