0 0.296875 0.63984375 0.475 0.28125
0 0.6796875 0.74609375 0.4265625 0.2578125
0 0.21328125 0.46484375 0.1671875 0.14375
0 0.3390625 0.50234375 0.1640625 0.1390625
0 0.4640625 0.5390625 0.15625 0.1296875
0 0.58359375 0.57734375 0.159375 0.1375
0 0.7078125 0.61484375 0.15 0.1265625
1 0.48046875 0.359375 0.10625 0.1203125
1 0.40703125 0.33984375 0.1125 0.1171875
1 0.33359375 0.3140625 0.109375 0.1140625
1 0.1828125 0.25546875 0.1234375 0.134375
0 0.25390625 0.309375 0.1046875 0.0921875
0 0.08671875 0.41640625 0.1734375 0.1453125
1 0.80390625 0.471875 0.1109375 0.125
0 0.83828125 0.65546875 0.1359375 0.125