1 0.88203125 0.61875 0.2359375 0.421875
1 0.0359375 0.18125 0.07109375 0.12578125
1 0.13671875 0.1796875 0.13125 0.12421875
1 0.325 0.071875 0.06953125 0.090625
1 0.45625 0.078125 0.06953125 0.07109375
1 0.5203125 0.071875 0.06953125 0.078125
1 0.584375 0.065625 0.06171875 0.0875
1 0.65 0.065625 0.06796875 0.08046875
0 0.38984375 0.0921875 0.0734375 0.04765625
0 0.25703125 0.09375 0.0765625 0.05078125
0 0.25 0.203125 0.11484375 0.065625
0 0.3546875 0.203125 0.10390625 0.06640625
0 0.453125 0.2015625 0.1078125 0.06015625
0 0.55703125 0.1984375 0.115625 0.06171875
0 0.6546875 0.190625 0.11015625 0.0609375
0 0.76015625 0.1859375 0.1125 0.06328125
0 0.17265625 0.6796875 0.3328125 0.39609375
0 0.4484375 0.6765625 0.28828125 0.38984375
0 0.690625 0.66015625 0.29609375 0.3921875
0 0.60625 0.28046875 0.29140625 0.078125
0 0.3140625 0.290625 0.30546875 0.07734375