0 0.41796875 0.4390625 0.12265625 0.109375
0 0.81640625 0.6359375 0.3671875 0.171875
0 0.75234375 0.5125 0.2921875 0.10390625
1 0.13046875 0.3390625 0.184375 0.06953125
0 0.67578125 0.39296875 0.24140625 0.04609375
0 0.69453125 0.4390625 0.2375 0.06171875
1 0.88125 0.21953125 0.11875 0.05234375
0 0.37265625 0.63359375 0.2203125 0.2890625
0 0.4328125 0.35859375 0.090625 0.05859375
1 0.62421875 0.290625 0.14921875 0.06875
0 0.0640625 0.41875 0.128125 0.04140625
0 0.871875 0.84140625 0.25625 0.290625
0 0.4390625 0.31484375 0.075 0.03984375
0 0.6484375 0.3625 0.19140625 0.03203125
0 0.64296875 0.33359375 0.178125 0.02578125
0 0.08125 0.3890625 0.14375 0.03046875