0 0.74296875 0.82890625 0.4546875 0.171875
0 0.3078125 0.81796875 0.453125 0.1828125
0 0.04921875 0.64765625 0.0984375 0.1265625
0 0.178125 0.653125 0.153125 0.121875
0 0.31875 0.65390625 0.146875 0.128125
0 0.4546875 0.66015625 0.14375 0.10625
0 0.58828125 0.665625 0.14375 0.1109375
0 0.71640625 0.66640625 0.1515625 0.115625
0 0.85 0.678125 0.15 0.1
0 0.1828125 0.48984375 0.0875 0.071875
1 0.09609375 0.471875 0.1140625 0.1015625
1 0.26640625 0.48984375 0.0921875 0.0828125
1 0.35 0.48125 0.0875 0.096875
1 0.42734375 0.48671875 0.0828125 0.1